   0   0       24.6911506653        0.0000000000
   1   1        0.0326919816       -0.2370408624
   1   0       -0.0670037791        0.0000000000
   1  -1       -0.0326919816       -0.2370408624
   2   2       -0.0130031463        1.6518630981
   2   1        0.4487680793       -1.4639954567
   2   0        2.3153400421        0.0000000000
   2  -1       -0.4487680793       -1.4639954567
   2  -2       -0.0130031463       -1.6518630981
   3   3        0.5263327956        0.8843421936
   3   2        0.1149026230        0.2146648914
   3   1       -0.6179947257        1.3343983889
   3   0        0.5759700537        0.0000000000
   3  -1        0.6179947257        1.3343983889
   3  -2        0.1149026230       -0.2146648914
   3  -3       -0.5263327956        0.8843421936
   4   4        0.1007796675       -0.1379585117
   4   3        0.6253560185        0.2020073682
   4   2       -0.0965583622        0.3823418021
   4   1        0.4562352896        0.4388678670
   4   0        0.6616703272        0.0000000000
   4  -1       -0.4562352896        0.4388678670
   4  -2       -0.0965583622       -0.3823418021
   4  -3       -0.6253560185        0.2020073682
   4  -4        0.1007796675        0.1379585117
   5   5        0.0424332768        0.1018326283
   5   4        0.2490870357       -0.1134771332
   5   3       -0.2312906981       -0.0338440351
   5   2        0.1724277884        0.2556459308
   5   1       -0.1633059233        0.3585171998
   5   0        0.5388749838        0.0000000000
   5  -1        0.1633059233        0.3585171998
   5  -2        0.1724277884       -0.2556459308
   5  -3        0.2312906981       -0.0338440351
   5  -4        0.2490870357        0.1134771332
   5  -5       -0.0424332768        0.1018326283
   6   6        0.1190670133        0.1010547951
   6   5       -0.0204637423        0.1843760461
   6   4       -0.1148902476       -0.0763593689
   6   3        0.0995199382        0.0047100787
   6   2       -0.0027881474        0.0999465436
   6   1        0.0400653444        0.0179176033
   6   0       -0.0265378635        0.0000000000
   6  -1       -0.0400653444        0.0179176033
   6  -2       -0.0027881474       -0.0999465436
   6  -3       -0.0995199382        0.0047100787
   6  -4       -0.1148902476        0.0763593689
   6  -5        0.0204637423        0.1843760461
   6  -6        0.1190670133       -0.1010547951
   7   7        0.0375309624        0.0827935487
   7   6        0.1443876475        0.1295504868
   7   5       -0.0327467695       -0.0018515505
   7   4       -0.2570617795        0.0724970400
   7   3       -0.1289850175       -0.0772053525
   7   2       -0.2092518210        0.1846795082
   7   1       -0.0668150857        0.1689006537
   7   0       -0.1543625891        0.0000000000
   7  -1        0.0668150857        0.1689006537
   7  -2       -0.2092518210       -0.1846795082
   7  -3        0.1289850175       -0.0772053525
   7  -4       -0.2570617795       -0.0724970400
   7  -5        0.0327467695       -0.0018515505
   7  -6        0.1443876475       -0.1295504868
   7  -7       -0.0375309624        0.0827935487
   8   8        0.0217683185        0.0319461748
   8   7       -0.0452194549       -0.0779489130
   8   6        0.0540664084        0.0196950026
   8   5        0.0223528501        0.1399971843
   8   4        0.0010402022        0.0148750916
   8   3       -0.0341638066       -0.0973895863
   8   2       -0.0823382288        0.0481373742
   8   1       -0.0653480217       -0.0329214334
   8   0       -0.1460562348        0.0000000000
   8  -1        0.0653480217       -0.0329214334
   8  -2       -0.0823382288       -0.0481373742
   8  -3        0.0341638066       -0.0973895863
   8  -4        0.0010402022       -0.0148750916
   8  -5       -0.0223528501        0.1399971843
   8  -6        0.0540664084       -0.0196950026
   8  -7        0.0452194549       -0.0779489130
   8  -8        0.0217683185       -0.0319461748
   9   9       -0.0020658013        0.0447421782
   9   8       -0.0481929369        0.0840947479
   9   7        0.0406147875       -0.0722612590
   9   6       -0.0175117906       -0.0572355911
   9   5        0.1798549891        0.0675372183
   9   4       -0.0652149990        0.0117379064
   9   3        0.0175256431        0.0036530278
   9   2        0.0607486740        0.0904613659
   9   1       -0.0528271273       -0.0384049229
   9   0        0.1054535955        0.0000000000
   9  -1        0.0528271273       -0.0384049229
   9  -2        0.0607486740       -0.0904613659
   9  -3       -0.0175256431        0.0036530278
   9  -4       -0.0652149990       -0.0117379064
   9  -5       -0.1798549891        0.0675372183
   9  -6       -0.0175117906        0.0572355911
   9  -7       -0.0406147875       -0.0722612590
   9  -8       -0.0481929369       -0.0840947479
   9  -9        0.0020658013        0.0447421782
  10  10       -0.0387967676       -0.0326894596
  10   9        0.0173793677        0.0343252830
  10   8       -0.0798200965        0.0188885406
  10   7       -0.0769657046       -0.0560378246
  10   6       -0.0104611628       -0.0349804051
  10   5        0.0478439406       -0.0512185432
  10   4        0.0592309758       -0.0203805882
  10   3       -0.0380434431       -0.1601808667
  10   2        0.0155036487       -0.0227319989
  10   1       -0.1315414160        0.0088640740
  10   0       -0.0080483081        0.0000000000
  10  -1        0.1315414160        0.0088640740
  10  -2        0.0155036487        0.0227319989
  10  -3        0.0380434431       -0.1601808667
  10  -4        0.0592309758        0.0203805882
  10  -5       -0.0478439406       -0.0512185432
  10  -6       -0.0104611628        0.0349804051
  10  -7        0.0769657046       -0.0560378246
  10  -8       -0.0798200965       -0.0188885406
  10  -9       -0.0173793677        0.0343252830
  10 -10       -0.0387967676        0.0326894596
  11  11        0.0248817001       -0.0056534046
  11  10       -0.0560176112       -0.0717141330
  11   9        0.0701578930        0.0346661173
  11   8        0.0759649649        0.0236062557
  11   7       -0.0186351184        0.0435169153
  11   6       -0.0437361784       -0.0095562702
  11   5       -0.0043852478       -0.0325061008
  11   4       -0.0515350252        0.0586207770
  11   3       -0.0190189444       -0.0898621976
  11   2        0.0593457408        0.0074823056
  11   1       -0.0597411916       -0.0689061731
  11   0        0.0481638275        0.0000000000
  11  -1        0.0597411916       -0.0689061731
  11  -2        0.0593457408       -0.0074823056
  11  -3        0.0190189444       -0.0898621976
  11  -4       -0.0515350252       -0.0586207770
  11  -5        0.0043852478       -0.0325061008
  11  -6       -0.0437361784        0.0095562702
  11  -7        0.0186351184        0.0435169153
  11  -8        0.0759649649       -0.0236062557
  11  -9       -0.0701578930        0.0346661173
  11 -10       -0.0560176112        0.0717141330
  11 -11       -0.0248817001       -0.0056534046
  12  12        0.0308084544        0.0500878468
  12  11       -0.0055305557        0.0073174229
  12  10        0.0367397852        0.0207285397
  12   9       -0.0395230949       -0.0928744599
  12   8        0.0266200490        0.0409177281
  12   7        0.0336050391       -0.0142228045
  12   6       -0.0179192275        0.0039706873
  12   5        0.0131281326       -0.0740892440
  12   4        0.0020252075       -0.0155960489
  12   3       -0.0043628239       -0.0239212811
  12   2        0.0441629365       -0.0104387766
  12   1       -0.0578845628        0.0084099956
  12   0        0.0301986225        0.0000000000
  12  -1        0.0578845628        0.0084099956
  12  -2        0.0441629365        0.0104387766
  12  -3        0.0043628239       -0.0239212811
  12  -4        0.0020252075        0.0155960489
  12  -5       -0.0131281326       -0.0740892440
  12  -6       -0.0179192275       -0.0039706873
  12  -7       -0.0336050391       -0.0142228045
  12  -8        0.0266200490       -0.0409177281
  12  -9        0.0395230949       -0.0928744599
  12 -10        0.0367397852       -0.0207285397
  12 -11        0.0055305557        0.0073174229
  12 -12        0.0308084544       -0.0500878468
  13  13        0.0014878821        0.0064787003
  13  12        0.0131979613        0.0027373750
  13  11       -0.0499229245        0.0496161990
  13  10       -0.0587989055       -0.0354720242
  13   9       -0.0288985148       -0.0089698443
  13   8        0.1052869782       -0.0388507582
  13   7       -0.0404229052        0.0428995527
  13   6        0.0563255958        0.0176499132
  13   5        0.0210196674        0.0143719455
  13   4        0.0592120774        0.0136232227
  13   3        0.0481775738       -0.0340840295
  13   2        0.0673294216       -0.0470212288
  13   1        0.0012373920        0.0366654806
  13   0        0.0017697965        0.0000000000
  13  -1       -0.0012373920        0.0366654806
  13  -2        0.0673294216        0.0470212288
  13  -3       -0.0481775738       -0.0340840295
  13  -4        0.0592120774       -0.0136232227
  13  -5       -0.0210196674        0.0143719455
  13  -6        0.0563255958       -0.0176499132
  13  -7        0.0404229052        0.0428995527
  13  -8        0.1052869782        0.0388507582
  13  -9        0.0288985148       -0.0089698443
  13 -10       -0.0587989055        0.0354720242
  13 -11        0.0499229245        0.0496161990
  13 -12        0.0131979613       -0.0027373750
  13 -13       -0.0014878821        0.0064787003
  14  14       -0.0428469479        0.0168981086
  14  13       -0.0328857116        0.0020648530
  14  12        0.0076096677        0.0249762721
  14  11        0.0197942760        0.0164901596
  14  10       -0.0974785984       -0.0582512803
  14   9       -0.0145525597        0.0398142487
  14   8        0.0066376328       -0.0449873619
  14   7        0.0149964141        0.0275221728
  14   6        0.0099093420       -0.0179546215
  14   5        0.0743438229       -0.0055111684
  14   4        0.0126279397       -0.0180420242
  14   3       -0.0341632217       -0.0878566802
  14   2        0.0510268956        0.0084101381
  14   1       -0.0146075888        0.0337032489
  14   0        0.0471526682        0.0000000000
  14  -1        0.0146075888        0.0337032489
  14  -2        0.0510268956       -0.0084101381
  14  -3        0.0341632217       -0.0878566802
  14  -4        0.0126279397        0.0180420242
  14  -5       -0.0743438229       -0.0055111684
  14  -6        0.0099093420        0.0179546215
  14  -7       -0.0149964141        0.0275221728
  14  -8        0.0066376328        0.0449873619
  14  -9        0.0145525597        0.0398142487
  14 -10       -0.0974785984        0.0582512803
  14 -11       -0.0197942760        0.0164901596
  14 -12        0.0076096677       -0.0249762721
  14 -13        0.0328857116        0.0020648530
  14 -14       -0.0428469479       -0.0168981086
  15  15        0.0452881902       -0.0195904076
  15  14        0.0091841565       -0.0133602601
  15  13       -0.0417044610       -0.0382838398
  15  12       -0.0041863900       -0.0182600562
  15  11        0.0194695462       -0.0029376161
  15  10        0.0065128887        0.0322209038
  15   9       -0.0288613047        0.0290280506
  15   8        0.0088191610        0.0180418566
  15   7       -0.0176052861        0.0160108693
  15   6       -0.0237933788        0.0132554835
  15   5        0.0344380476        0.0041291150
  15   4        0.0017065185        0.0487761572
  15   3        0.0122304633        0.0279479548
  15   2        0.0043019759       -0.0690466017
  15   1       -0.0237154290        0.0367914811
  15   0        0.0371824354        0.0000000000
  15  -1        0.0237154290        0.0367914811
  15  -2        0.0043019759        0.0690466017
  15  -3       -0.0122304633        0.0279479548
  15  -4        0.0017065185       -0.0487761572
  15  -5       -0.0344380476        0.0041291150
  15  -6       -0.0237933788       -0.0132554835
  15  -7        0.0176052861        0.0160108693
  15  -8        0.0088191610       -0.0180418566
  15  -9        0.0288613047        0.0290280506
  15 -10        0.0065128887       -0.0322209038
  15 -11       -0.0194695462       -0.0029376161
  15 -12       -0.0041863900        0.0182600562
  15 -13        0.0417044610       -0.0382838398
  15 -14        0.0091841565        0.0133602601
  15 -15       -0.0452881902       -0.0195904076
  16  16       -0.0013713801       -0.0009774846
  16  15       -0.0219306760        0.0083946791
  16  14       -0.0448457524        0.0135506317
  16  13       -0.0031811572        0.0024343231
  16  12        0.0194988661       -0.0477293171
  16  11       -0.0166475549       -0.0504886024
  16  10        0.0091916807       -0.0287632197
  16   9       -0.0021990712        0.0036464892
  16   8       -0.0223789476       -0.0268975608
  16   7       -0.0045550652       -0.0099338097
  16   6       -0.0336708799       -0.0063644568
  16   5        0.0744152814        0.0226494595
  16   4       -0.0064755636        0.0381414369
  16   3        0.0229563247        0.0137036974
  16   2       -0.0095375888       -0.0417508148
  16   1        0.0035328774        0.0371587202
  16   0       -0.0279642679        0.0000000000
  16  -1       -0.0035328774        0.0371587202
  16  -2       -0.0095375888        0.0417508148
  16  -3       -0.0229563247        0.0137036974
  16  -4       -0.0064755636       -0.0381414369
  16  -5       -0.0744152814        0.0226494595
  16  -6       -0.0336708799        0.0063644568
  16  -7        0.0045550652       -0.0099338097
  16  -8       -0.0223789476        0.0268975608
  16  -9        0.0021990712        0.0036464892
  16 -10        0.0091916807        0.0287632197
  16 -11        0.0166475549       -0.0504886024
  16 -12        0.0194988661        0.0477293171
  16 -13        0.0031811572        0.0024343231
  16 -14       -0.0448457524       -0.0135506317
  16 -15        0.0219306760        0.0083946791
  16 -16       -0.0013713801        0.0009774846
  17  17       -0.0073870402        0.0253101327
  17  16       -0.0330461375       -0.0073837335
  17  15        0.0293844454       -0.0354265645
  17  14        0.0024742489       -0.0022616512
  17  13        0.0183101725       -0.0097497655
  17  12       -0.0098070949        0.0393397100
  17  11        0.0100283902        0.0199865941
  17  10        0.0237937737        0.0175008625
  17   9        0.0202151649       -0.0181072317
  17   8        0.0170891602       -0.0157810040
  17   7        0.0110327518        0.0285113715
  17   6       -0.0204190817        0.0187193211
  17   5       -0.0196252689        0.0070368345
  17   4        0.0351556465        0.0501184054
  17   3        0.0408785604        0.0013651726
  17   2       -0.0077661481        0.0274842698
  17   1       -0.0043553598        0.0279763434
  17   0        0.0301706027        0.0000000000
  17  -1        0.0043553598        0.0279763434
  17  -2       -0.0077661481       -0.0274842698
  17  -3       -0.0408785604        0.0013651726
  17  -4        0.0351556465       -0.0501184054
  17  -5        0.0196252689        0.0070368345
  17  -6       -0.0204190817       -0.0187193211
  17  -7       -0.0110327518        0.0285113715
  17  -8        0.0170891602        0.0157810040
  17  -9       -0.0202151649       -0.0181072317
  17 -10        0.0237937737       -0.0175008625
  17 -11       -0.0100283902        0.0199865941
  17 -12       -0.0098070949       -0.0393397100
  17 -13       -0.0183101725       -0.0097497655
  17 -14        0.0024742489        0.0022616512
  17 -15       -0.0293844454       -0.0354265645
  17 -16       -0.0330461375        0.0073837335
  17 -17        0.0073870402        0.0253101327
  18  18        0.0000000000        0.0000000000
  18  17        0.0276803765        0.0016748823
  18  16       -0.0234085787        0.0002146484
  18  15        0.0124911740       -0.0159324165
  18  14        0.0558046550        0.0192739256
  18  13       -0.0009346638       -0.0095430231
  18  12       -0.0153926350       -0.0120089538
  18  11       -0.0058078407        0.0156555101
  18  10       -0.0165743381       -0.0129924789
  18   9        0.0403896421       -0.0312675759
  18   8        0.0066707325        0.0082826270
  18   7       -0.0229468662        0.0395419188
  18   6        0.0051433272        0.0331008583
  18   5       -0.0217379909       -0.0611700825
  18   4        0.0263492633        0.0391678996
  18   3        0.0286784116        0.0111387027
  18   2       -0.0212763175       -0.0059484723
  18   1       -0.0246734079       -0.0067619160
  18   0        0.0003903998        0.0000000000
  18  -1        0.0246734079       -0.0067619160
  18  -2       -0.0212763175        0.0059484723
  18  -3       -0.0286784116        0.0111387027
  18  -4        0.0263492633       -0.0391678996
  18  -5        0.0217379909       -0.0611700825
  18  -6        0.0051433272       -0.0331008583
  18  -7        0.0229468662        0.0395419188
  18  -8        0.0066707325       -0.0082826270
  18  -9       -0.0403896421       -0.0312675759
  18 -10       -0.0165743381        0.0129924789
  18 -11        0.0058078407        0.0156555101
  18 -12       -0.0153926350        0.0120089538
  18 -13        0.0009346638       -0.0095430231
  18 -14        0.0558046550       -0.0192739256
  18 -15       -0.0124911740       -0.0159324165
  18 -16       -0.0234085787       -0.0002146484
  18 -17       -0.0276803765        0.0016748823
  18 -18        0.0000000000        0.0000000000
  19  19        0.0000000000        0.0000000000
  19  18       -0.0311127622        0.0201740004
  19  17       -0.0315301567        0.0213611405
  19  16        0.0188993588        0.0334707126
  19  15       -0.0024045389       -0.0293309037
  19  14       -0.0021054987       -0.0014867269
  19  13        0.0424541831       -0.0001983653
  19  12        0.0148966704       -0.0075190361
  19  11        0.0041123605       -0.0042627086
  19  10        0.0369733162        0.0408964679
  19   9        0.0163118988        0.0247733127
  19   8       -0.0421522744       -0.0056214407
  19   7       -0.0438667275        0.0021367227
  19   6       -0.0269828029       -0.0036592325
  19   5        0.0010838679       -0.0073049837
  19   4        0.0570308864        0.0409284383
  19   3       -0.0394555144       -0.0040972466
  19   2       -0.0321239121        0.0199813396
  19   1       -0.0096639926        0.0162265524
  19   0       -0.0284563173        0.0000000000
  19  -1        0.0096639926        0.0162265524
  19  -2       -0.0321239121       -0.0199813396
  19  -3        0.0394555144       -0.0040972466
  19  -4        0.0570308864       -0.0409284383
  19  -5       -0.0010838679       -0.0073049837
  19  -6       -0.0269828029        0.0036592325
  19  -7        0.0438667275        0.0021367227
  19  -8       -0.0421522744        0.0056214407
  19  -9       -0.0163118988        0.0247733127
  19 -10        0.0369733162       -0.0408964679
  19 -11       -0.0041123605       -0.0042627086
  19 -12        0.0148966704        0.0075190361
  19 -13       -0.0424541831       -0.0001983653
  19 -14       -0.0021054987        0.0014867269
  19 -15        0.0024045389       -0.0293309037
  19 -16        0.0188993588       -0.0334707126
  19 -17        0.0315301567        0.0213611405
  19 -18       -0.0311127622       -0.0201740004
  19 -19        0.0000000000        0.0000000000
  20  20        0.0000000000        0.0000000000
  20  19       -0.0383586697        0.1067295969
  20  18       -0.0149159422       -0.0131843891
  20  17       -0.0235079359        0.0130318338
  20  16        0.0032425248        0.0127367573
  20  15        0.0109868841        0.0068117953
  20  14        0.0029140930        0.0020236641
  20  13       -0.0376789682        0.0224417485
  20  12       -0.0125018768       -0.0144730462
  20  11       -0.0169407185       -0.0025370265
  20  10        0.0270082615        0.0035904127
  20   9        0.0034997633       -0.0318667293
  20   8        0.0098459134       -0.0191265754
  20   7        0.0242675096       -0.0226505604
  20   6       -0.0058688824        0.0116070285
  20   5        0.0034429030        0.0000417200
  20   4       -0.0135063706       -0.0298128817
  20   3       -0.0181328710       -0.0174604952
  20   2        0.0243298318        0.0315997191
  20   1       -0.0093416134       -0.0043912465
  20   0       -0.0484487675        0.0000000000
  20  -1        0.0093416134       -0.0043912465
  20  -2        0.0243298318       -0.0315997191
  20  -3        0.0181328710       -0.0174604952
  20  -4       -0.0135063706        0.0298128817
  20  -5       -0.0034429030        0.0000417200
  20  -6       -0.0058688824       -0.0116070285
  20  -7       -0.0242675096       -0.0226505604
  20  -8        0.0098459134        0.0191265754
  20  -9       -0.0034997633       -0.0318667293
  20 -10        0.0270082615       -0.0035904127
  20 -11        0.0169407185       -0.0025370265
  20 -12       -0.0125018768        0.0144730462
  20 -13        0.0376789682        0.0224417485
  20 -14        0.0029140930       -0.0020236641
  20 -15       -0.0109868841        0.0068117953
  20 -16        0.0032425248       -0.0127367573
  20 -17        0.0235079359        0.0130318338
  20 -18       -0.0149159422        0.0131843891
  20 -19        0.0383586697        0.1067295969
  20 -20        0.0000000000        0.0000000000
  21  21        0.0000000000        0.0000000000
  21  20        0.0341816097       -0.0023232631
  21  19       -0.0010556778        0.0430847630
  21  18        0.0836693868        0.0242186915
  21  17       -0.0035591894       -0.0096809100
  21  16       -0.0165673792        0.0226131715
  21  15        0.0220040437        0.0324157402
  21  14        0.0087828571        0.0254558381
  21  13       -0.0327293687        0.0129737351
  21  12       -0.0207230002       -0.0044679786
  21  11        0.0024565628        0.0193142481
  21  10        0.0012448864        0.0416510627
  21   9       -0.0085899401        0.0086646080
  21   8       -0.0572262108       -0.0392249599
  21   7       -0.0227060765       -0.0408679247
  21   6       -0.0184284914        0.0097914049
  21   5        0.0138020674        0.0300032757
  21   4        0.0234018192       -0.0073390538
  21   3       -0.0113294786        0.0186613277
  21   2        0.0101100393        0.0071896249
  21   1        0.0268702768       -0.0288053472
  21   0        0.0010192873        0.0000000000
  21  -1       -0.0268702768       -0.0288053472
  21  -2        0.0101100393       -0.0071896249
  21  -3        0.0113294786        0.0186613277
  21  -4        0.0234018192        0.0073390538
  21  -5       -0.0138020674        0.0300032757
  21  -6       -0.0184284914       -0.0097914049
  21  -7        0.0227060765       -0.0408679247
  21  -8       -0.0572262108        0.0392249599
  21  -9        0.0085899401        0.0086646080
  21 -10        0.0012448864       -0.0416510627
  21 -11       -0.0024565628        0.0193142481
  21 -12       -0.0207230002        0.0044679786
  21 -13        0.0327293687        0.0129737351
  21 -14        0.0087828571       -0.0254558381
  21 -15       -0.0220040437        0.0324157402
  21 -16       -0.0165673792       -0.0226131715
  21 -17        0.0035591894       -0.0096809100
  21 -18        0.0836693868       -0.0242186915
  21 -19        0.0010556778        0.0430847630
  21 -20        0.0341816097        0.0023232631
  21 -21        0.0000000000        0.0000000000
  22  22        0.0000000000        0.0000000000
  22  21       -0.0380936228       -0.0830712989
  22  20        0.0392632596       -0.0532900356
  22  19       -0.0096436255       -0.0862819701
  22  18        0.0553065613       -0.0097462274
  22  17        0.0089432141        0.0128090195
  22  16        0.0092900442        0.0404524542
  22  15        0.0311000273        0.0165579040
  22  14        0.0164204687       -0.0456533320
  22  13       -0.0111228479       -0.0134804919
  22  12        0.0205238517       -0.0174668226
  22  11        0.0125068519        0.0187183600
  22  10        0.0248690899        0.0046521015
  22   9       -0.0057410863       -0.0073789600
  22   8       -0.0253299307        0.0100130420
  22   7       -0.0156055810       -0.0117189586
  22   6       -0.0174430683       -0.0147900525
  22   5       -0.0318976603       -0.0106944386
  22   4        0.0361175872       -0.0147306323
  22   3       -0.0142692737       -0.0072575752
  22   2        0.0098341955        0.0015553248
  22   1        0.0213420112       -0.0328218527
  22   0        0.0280162506        0.0000000000
  22  -1       -0.0213420112       -0.0328218527
  22  -2        0.0098341955       -0.0015553248
  22  -3        0.0142692737       -0.0072575752
  22  -4        0.0361175872        0.0147306323
  22  -5        0.0318976603       -0.0106944386
  22  -6       -0.0174430683        0.0147900525
  22  -7        0.0156055810       -0.0117189586
  22  -8       -0.0253299307       -0.0100130420
  22  -9        0.0057410863       -0.0073789600
  22 -10        0.0248690899       -0.0046521015
  22 -11       -0.0125068519        0.0187183600
  22 -12        0.0205238517        0.0174668226
  22 -13        0.0111228479       -0.0134804919
  22 -14        0.0164204687        0.0456533320
  22 -15       -0.0311000273        0.0165579040
  22 -16        0.0092900442       -0.0404524542
  22 -17       -0.0089432141        0.0128090195
  22 -18        0.0553065613        0.0097462274
  22 -19        0.0096436255       -0.0862819701
  22 -20        0.0392632596        0.0532900356
  22 -21        0.0380936228       -0.0830712989
  22 -22        0.0000000000        0.0000000000
  23  23        0.0000000000        0.0000000000
  23  22       -0.0629563183       -0.0346525088
  23  21        0.0117160194        0.0158488676
  23  20       -0.0326720066        0.0066947918
  23  19        0.0011957065       -0.0047463016
  23  18       -0.0140293268       -0.0051017394
  23  17       -0.0561022349        0.0094460454
  23  16        0.0147299739        0.0037883623
  23  15        0.0257945023       -0.0096449517
  23  14       -0.0036346973       -0.0010084643
  23  13       -0.0127449781       -0.0140248444
  23  12       -0.0112551870        0.0267005712
  23  11        0.0048674708       -0.0345423371
  23  10        0.0211530980        0.0020370341
  23   9        0.0155089917       -0.0292992387
  23   8        0.0234384146       -0.0111953430
  23   7        0.0213569235       -0.0320992395
  23   6        0.0113057876       -0.0016264379
  23   5        0.0121296998        0.0041352212
  23   4       -0.0122877546       -0.0022745559
  23   3       -0.0603158027       -0.0213043094
  23   2        0.0050567682       -0.0136931380
  23   1        0.0478956588       -0.0032591287
  23   0        0.0384095088        0.0000000000
  23  -1       -0.0478956588       -0.0032591287
  23  -2        0.0050567682        0.0136931380
  23  -3        0.0603158027       -0.0213043094
  23  -4       -0.0122877546        0.0022745559
  23  -5       -0.0121296998        0.0041352212
  23  -6        0.0113057876        0.0016264379
  23  -7       -0.0213569235       -0.0320992395
  23  -8        0.0234384146        0.0111953430
  23  -9       -0.0155089917       -0.0292992387
  23 -10        0.0211530980       -0.0020370341
  23 -11       -0.0048674708       -0.0345423371
  23 -12       -0.0112551870       -0.0267005712
  23 -13        0.0127449781       -0.0140248444
  23 -14       -0.0036346973        0.0010084643
  23 -15       -0.0257945023       -0.0096449517
  23 -16        0.0147299739       -0.0037883623
  23 -17        0.0561022349        0.0094460454
  23 -18       -0.0140293268        0.0051017394
  23 -19       -0.0011957065       -0.0047463016
  23 -20       -0.0326720066       -0.0066947918
  23 -21       -0.0117160194        0.0158488676
  23 -22       -0.0629563183        0.0346525088
  23 -23        0.0000000000        0.0000000000
  24  24        0.0000000000        0.0000000000
  24  23        0.0515626892       -0.0691433698
  24  22       -0.0892851055       -0.0243561678
  24  21        0.0476139337        0.0336243361
  24  20       -0.0060654315        0.1114655882
  24  19       -0.0272211693        0.0550672226
  24  18       -0.0613147728        0.0294993501
  24  17        0.0130204819       -0.0041708173
  24  16        0.0054289745        0.0111060413
  24  15        0.0344400145       -0.0069788392
  24  14        0.0049504554       -0.0094182501
  24  13        0.0076646581       -0.0202926379
  24  12        0.0330515206        0.0109936176
  24  11        0.0237869341        0.0148403319
  24  10        0.0071735526       -0.0170347840
  24   9        0.0234357845        0.0345992260
  24   8        0.0076731187       -0.0010533974
  24   7       -0.0123537928        0.0307370741
  24   6       -0.0053558648        0.0023527755
  24   5        0.0175972953        0.0495569892
  24   4        0.0115667684        0.0419727601
  24   3       -0.0087070018       -0.0027487327
  24   2        0.0046879253       -0.0247556046
  24   1        0.0153340790        0.0125418995
  24   0        0.0277991369        0.0000000000
  24  -1       -0.0153340790        0.0125418995
  24  -2        0.0046879253        0.0247556046
  24  -3        0.0087070018       -0.0027487327
  24  -4        0.0115667684       -0.0419727601
  24  -5       -0.0175972953        0.0495569892
  24  -6       -0.0053558648       -0.0023527755
  24  -7        0.0123537928        0.0307370741
  24  -8        0.0076731187        0.0010533974
  24  -9       -0.0234357845        0.0345992260
  24 -10        0.0071735526        0.0170347840
  24 -11       -0.0237869341        0.0148403319
  24 -12        0.0330515206       -0.0109936176
  24 -13       -0.0076646581       -0.0202926379
  24 -14        0.0049504554        0.0094182501
  24 -15       -0.0344400145       -0.0069788392
  24 -16        0.0054289745       -0.0111060413
  24 -17       -0.0130204819       -0.0041708173
  24 -18       -0.0613147728       -0.0294993501
  24 -19        0.0272211693        0.0550672226
  24 -20       -0.0060654315       -0.1114655882
  24 -21       -0.0476139337        0.0336243361
  24 -22       -0.0892851055        0.0243561678
  24 -23       -0.0515626892       -0.0691433698
  24 -24        0.0000000000        0.0000000000
  25  25        0.0000000000        0.0000000000
  25  24        0.0347635336       -0.0816936195
  25  23       -0.0114473086       -0.1140600890
  25  22       -0.0220490210        0.0252722334
  25  21       -0.0054803966        0.0144897848
  25  20        0.0209091846       -0.0065101110
  25  19       -0.0143877855        0.0281166285
  25  18        0.0087060006       -0.0212236289
  25  17        0.0483047180       -0.0242676269
  25  16        0.0130317779       -0.0247536059
  25  15       -0.0010675726       -0.0096102152
  25  14       -0.0060973433       -0.0108997636
  25  13        0.0293227639        0.0083963694
  25  12       -0.0323401503       -0.0226057768
  25  11       -0.0229505803        0.0022627150
  25  10       -0.0111345425        0.0261159278
  25   9        0.0004024569        0.0224676058
  25   8       -0.0445266329        0.0011044877
  25   7       -0.0184676703        0.0064495769
  25   6        0.0239142738       -0.0351839215
  25   5        0.0188600998       -0.0109855058
  25   4       -0.0183064900       -0.0024661606
  25   3        0.0123036252        0.0085600400
  25   2        0.0057139881        0.0077694179
  25   1        0.0067983684        0.0051579131
  25   0        0.0265756249        0.0000000000
  25  -1       -0.0067983684        0.0051579131
  25  -2        0.0057139881       -0.0077694179
  25  -3       -0.0123036252        0.0085600400
  25  -4       -0.0183064900        0.0024661606
  25  -5       -0.0188600998       -0.0109855058
  25  -6        0.0239142738        0.0351839215
  25  -7        0.0184676703        0.0064495769
  25  -8       -0.0445266329       -0.0011044877
  25  -9       -0.0004024569        0.0224676058
  25 -10       -0.0111345425       -0.0261159278
  25 -11        0.0229505803        0.0022627150
  25 -12       -0.0323401503        0.0226057768
  25 -13       -0.0293227639        0.0083963694
  25 -14       -0.0060973433        0.0108997636
  25 -15        0.0010675726       -0.0096102152
  25 -16        0.0130317779        0.0247536059
  25 -17       -0.0483047180       -0.0242676269
  25 -18        0.0087060006        0.0212236289
  25 -19        0.0143877855        0.0281166285
  25 -20        0.0209091846        0.0065101110
  25 -21        0.0054803966        0.0144897848
  25 -22       -0.0220490210       -0.0252722334
  25 -23        0.0114473086       -0.1140600890
  25 -24        0.0347635336        0.0816936195
  25 -25        0.0000000000        0.0000000000
  26  26        0.0000000000        0.0000000000
  26  25        0.0385586694        0.0115276007
  26  24       -0.0858485773        0.0160739720
  26  23       -0.0244740341        0.0744080395
  26  22        0.0918318331       -0.0009951517
  26  21        0.0003783047       -0.0529724434
  26  20        0.0219383910       -0.1136581600
  26  19        0.0292435475        0.0081063705
  26  18        0.0726050660       -0.0198606178
  26  17        0.0238052644        0.0002152693
  26  16       -0.0089713363        0.0181844980
  26  15       -0.0025221528        0.0238189436
  26  14        0.0208841879        0.0117770610
  26  13       -0.0018718984       -0.0188508797
  26  12       -0.0360272788       -0.0046336362
  26  11        0.0098648127       -0.0070869303
  26  10        0.0104090199       -0.0025150687
  26   9       -0.0203247182        0.0091810524
  26   8       -0.0436365977       -0.0400373526
  26   7        0.0218305681       -0.0035302807
  26   6        0.0368842445       -0.0068025738
  26   5        0.0268686470       -0.0091605904
  26   4        0.0212738533        0.0199582130
  26   3       -0.0034219313        0.0136789111
  26   2       -0.0264944676       -0.0123493429
  26   1        0.0064912168        0.0100763254
  26   0       -0.0069740168        0.0000000000
  26  -1       -0.0064912168        0.0100763254
  26  -2       -0.0264944676        0.0123493429
  26  -3        0.0034219313        0.0136789111
  26  -4        0.0212738533       -0.0199582130
  26  -5       -0.0268686470       -0.0091605904
  26  -6        0.0368842445        0.0068025738
  26  -7       -0.0218305681       -0.0035302807
  26  -8       -0.0436365977        0.0400373526
  26  -9        0.0203247182        0.0091810524
  26 -10        0.0104090199        0.0025150687
  26 -11       -0.0098648127       -0.0070869303
  26 -12       -0.0360272788        0.0046336362
  26 -13        0.0018718984       -0.0188508797
  26 -14        0.0208841879       -0.0117770610
  26 -15        0.0025221528        0.0238189436
  26 -16       -0.0089713363       -0.0181844980
  26 -17       -0.0238052644        0.0002152693
  26 -18        0.0726050660        0.0198606178
  26 -19       -0.0292435475        0.0081063705
  26 -20        0.0219383910        0.1136581600
  26 -21       -0.0003783047       -0.0529724434
  26 -22        0.0918318331        0.0009951517
  26 -23        0.0244740341        0.0744080395
  26 -24       -0.0858485773       -0.0160739720
  26 -25       -0.0385586694        0.0115276007
  26 -26        0.0000000000        0.0000000000
  27  27        0.0000000000        0.0000000000
  27  26        0.0726667047        0.0283955000
  27  25       -0.0373966508       -0.0412821248
  27  24        0.0145764453        0.0372473039
  27  23        0.0719600767        0.1193630770
  27  22       -0.0018555713       -0.0175164286
  27  21        0.0212479401        0.0049794330
  27  20       -0.0111622419       -0.0116004795
  27  19       -0.0211672746       -0.0557751842
  27  18        0.0018671144       -0.0222074073
  27  17       -0.0525133274       -0.0048755012
  27  16        0.0087211896       -0.0104974927
  27  15       -0.0039538061       -0.0076339534
  27  14        0.0126384059       -0.0292094834
  27  13       -0.0016870564       -0.0017511774
  27  12        0.0039836364        0.0217618700
  27  11       -0.0111051789        0.0220447369
  27  10        0.0079933889       -0.0404970162
  27   9        0.0198466070        0.0075611756
  27   8        0.0000848781        0.0138343265
  27   7        0.0265690442        0.0174490530
  27   6        0.0222353097       -0.0090607954
  27   5       -0.0010291948       -0.0049455883
  27   4       -0.0272613131       -0.0027729077
  27   3        0.0162510276       -0.0029865711
  27   2       -0.0136662703        0.0139859794
  27   1       -0.0106729604        0.0075462996
  27   0        0.0259064659        0.0000000000
  27  -1        0.0106729604        0.0075462996
  27  -2       -0.0136662703       -0.0139859794
  27  -3       -0.0162510276       -0.0029865711
  27  -4       -0.0272613131        0.0027729077
  27  -5        0.0010291948       -0.0049455883
  27  -6        0.0222353097        0.0090607954
  27  -7       -0.0265690442        0.0174490530
  27  -8        0.0000848781       -0.0138343265
  27  -9       -0.0198466070        0.0075611756
  27 -10        0.0079933889        0.0404970162
  27 -11        0.0111051789        0.0220447369
  27 -12        0.0039836364       -0.0217618700
  27 -13        0.0016870564       -0.0017511774
  27 -14        0.0126384059        0.0292094834
  27 -15        0.0039538061       -0.0076339534
  27 -16        0.0087211896        0.0104974927
  27 -17        0.0525133274       -0.0048755012
  27 -18        0.0018671144        0.0222074073
  27 -19        0.0211672746       -0.0557751842
  27 -20       -0.0111622419        0.0116004795
  27 -21       -0.0212479401        0.0049794330
  27 -22       -0.0018555713        0.0175164286
  27 -23       -0.0719600767        0.1193630770
  27 -24        0.0145764453       -0.0372473039
  27 -25        0.0373966508       -0.0412821248
  27 -26        0.0726667047       -0.0283955000
  27 -27        0.0000000000        0.0000000000
  28  28        0.0000000000        0.0000000000
  28  27        0.0308737569       -0.0261921659
  28  26        0.0144748688        0.0295613073
  28  25        0.0170469433       -0.0033337725
  28  24        0.0975802690       -0.0430458076
  28  23        0.0253462419       -0.0161594935
  28  22       -0.1036815196       -0.0294758957
  28  21        0.0101812342        0.0299909692
  28  20       -0.0651108697        0.1056870520
  28  19        0.0006941342        0.0084872572
  28  18       -0.0482915565        0.0255561247
  28  17        0.0133134499        0.0071858228
  28  16       -0.0015730701        0.0029572630
  28  15       -0.0188638885       -0.0038479264
  28  14        0.0044795088        0.0087260455
  28  13        0.0055085616        0.0105430167
  28  12       -0.0413194485        0.0123550631
  28  11       -0.0366194546        0.0329924300
  28  10        0.0026394667       -0.0203106962
  28   9       -0.0036419230        0.0181698557
  28   8       -0.0492048897        0.0051715509
  28   7       -0.0004673915        0.0198313687
  28   6        0.0041808723       -0.0001021503
  28   5        0.0028888674       -0.0185151137
  28   4       -0.0357382782        0.0195831507
  28   3       -0.0015161063       -0.0049255942
  28   2       -0.0267211813        0.0213145837
  28   1       -0.0086251255       -0.0103810942
  28   0        0.0118935565        0.0000000000
  28  -1        0.0086251255       -0.0103810942
  28  -2       -0.0267211813       -0.0213145837
  28  -3        0.0015161063       -0.0049255942
  28  -4       -0.0357382782       -0.0195831507
  28  -5       -0.0028888674       -0.0185151137
  28  -6        0.0041808723        0.0001021503
  28  -7        0.0004673915        0.0198313687
  28  -8       -0.0492048897       -0.0051715509
  28  -9        0.0036419230        0.0181698557
  28 -10        0.0026394667        0.0203106962
  28 -11        0.0366194546        0.0329924300
  28 -12       -0.0413194485       -0.0123550631
  28 -13       -0.0055085616        0.0105430167
  28 -14        0.0044795088       -0.0087260455
  28 -15        0.0188638885       -0.0038479264
  28 -16       -0.0015730701       -0.0029572630
  28 -17       -0.0133134499        0.0071858228
  28 -18       -0.0482915565       -0.0255561247
  28 -19       -0.0006941342        0.0084872572
  28 -20       -0.0651108697       -0.1056870520
  28 -21       -0.0101812342        0.0299909692
  28 -22       -0.1036815196        0.0294758957
  28 -23       -0.0253462419       -0.0161594935
  28 -24        0.0975802690        0.0430458076
  28 -25       -0.0170469433       -0.0033337725
  28 -26        0.0144748688       -0.0295613073
  28 -27       -0.0308737569       -0.0261921659
  28 -28        0.0000000000        0.0000000000
  29  29                 NaN                 NaN
  29  28                 NaN                 NaN
  29  27       -0.0507899635        0.0074444143
  29  26       -0.0357353762       -0.0264723971
  29  25        0.0285317134       -0.0280276854
  29  24        0.0243459083       -0.0299352668
  29  23       -0.0619575754       -0.1721136123
  29  22        0.0332581401        0.0055785147
  29  21       -0.0082048075       -0.0153420595
  29  20        0.0049117841       -0.0155272819
  29  19        0.0294474587        0.0056776446
  29  18        0.0242125150        0.0334656276
  29  17        0.0490924604       -0.0137719447
  29  16        0.0156931896        0.0169700161
  29  15       -0.0176806580       -0.0230630618
  29  14        0.0293763485        0.0040342254
  29  13       -0.0078049977        0.0016289183
  29  12        0.0132186059        0.0331688374
  29  11        0.0059269746       -0.0336303376
  29  10        0.0043155462       -0.0404943302
  29   9        0.0418450572        0.0101009514
  29   8        0.0057084453        0.0079776403
  29   7        0.0185152497        0.0103444979
  29   6        0.0054314770        0.0219872370
  29   5        0.0048843450       -0.0114021357
  29   4       -0.0000658882        0.0318506099
  29   3        0.0045448327        0.0222162772
  29   2       -0.0114406785       -0.0067672548
  29   1        0.0175731089        0.0245435145
  29   0        0.0478748493        0.0000000000
  29  -1       -0.0175731089        0.0245435145
  29  -2       -0.0114406785        0.0067672548
  29  -3       -0.0045448327        0.0222162772
  29  -4       -0.0000658882       -0.0318506099
  29  -5       -0.0048843450       -0.0114021357
  29  -6        0.0054314770       -0.0219872370
  29  -7       -0.0185152497        0.0103444979
  29  -8        0.0057084453       -0.0079776403
  29  -9       -0.0418450572        0.0101009514
  29 -10        0.0043155462        0.0404943302
  29 -11       -0.0059269746       -0.0336303376
  29 -12        0.0132186059       -0.0331688374
  29 -13        0.0078049977        0.0016289183
  29 -14        0.0293763485       -0.0040342254
  29 -15        0.0176806580       -0.0230630618
  29 -16        0.0156931896       -0.0169700161
  29 -17       -0.0490924604       -0.0137719447
  29 -18        0.0242125150       -0.0334656276
  29 -19       -0.0294474587        0.0056776446
  29 -20        0.0049117841        0.0155272819
  29 -21        0.0082048075       -0.0153420595
  29 -22        0.0332581401       -0.0055785147
  29 -23        0.0619575754       -0.1721136123
  29 -24        0.0243459083        0.0299352668
  29 -25       -0.0285317134       -0.0280276854
  29 -26       -0.0357353762        0.0264723971
  29 -27        0.0507899635        0.0074444143
  29 -28                 NaN                 NaN
  29 -29                 NaN                 NaN
  30  30                 NaN                 NaN
  30  29                 NaN                 NaN
  30  28                 NaN                 NaN
  30  27       -0.0187220611       -0.0185598079
  30  26        0.0379364192       -0.0080815982
  30  25        0.0197256170        0.0152975861
  30  24       -0.1667084396        0.0368608534
  30  23       -0.0155350799       -0.0159467012
  30  22        0.1440974176       -0.0075345249
  30  21        0.0054308078       -0.0168601945
  30  20        0.0166545194       -0.1366755962
  30  19        0.0000943080        0.0146925393
  30  18        0.0203454718       -0.0159603953
  30  17        0.0130005069       -0.0127147976
  30  16       -0.0030939572       -0.0216416381
  30  15       -0.0110043893       -0.0059197904
  30  14        0.0083184447        0.0307177659
  30  13        0.0206167512       -0.0058769365
  30  12        0.0235392433       -0.0013029638
  30  11        0.0032888229       -0.0125958156
  30  10       -0.0170688927       -0.0165795609
  30   9        0.0153898839       -0.0262212977
  30   8       -0.0034470235       -0.0245421268
  30   7        0.0051627811        0.0257164426
  30   6        0.0365871191       -0.0293655898
  30   5        0.0211716909        0.0045691896
  30   4       -0.0141426679        0.0054244082
  30   3       -0.0567740537       -0.0122994566
  30   2        0.0185322501        0.0014642604
  30   1       -0.0440340005       -0.0225864798
  30   0       -0.0177333374        0.0000000000
  30  -1        0.0440340005       -0.0225864798
  30  -2        0.0185322501       -0.0014642604
  30  -3        0.0567740537       -0.0122994566
  30  -4       -0.0141426679       -0.0054244082
  30  -5       -0.0211716909        0.0045691896
  30  -6        0.0365871191        0.0293655898
  30  -7       -0.0051627811        0.0257164426
  30  -8       -0.0034470235        0.0245421268
  30  -9       -0.0153898839       -0.0262212977
  30 -10       -0.0170688927        0.0165795609
  30 -11       -0.0032888229       -0.0125958156
  30 -12        0.0235392433        0.0013029638
  30 -13       -0.0206167512       -0.0058769365
  30 -14        0.0083184447       -0.0307177659
  30 -15        0.0110043893       -0.0059197904
  30 -16       -0.0030939572        0.0216416381
  30 -17       -0.0130005069       -0.0127147976
  30 -18        0.0203454718        0.0159603953
  30 -19       -0.0000943080        0.0146925393
  30 -20        0.0166545194        0.1366755962
  30 -21       -0.0054308078       -0.0168601945
  30 -22        0.1440974176        0.0075345249
  30 -23        0.0155350799       -0.0159467012
  30 -24       -0.1667084396       -0.0368608534
  30 -25       -0.0197256170        0.0152975861
  30 -26        0.0379364192        0.0080815982
  30 -27        0.0187220611       -0.0185598079
  30 -28                 NaN                 NaN
  30 -29                 NaN                 NaN
  30 -30                 NaN                 NaN
