   0   0       26.6634039367        0.0000000000
   1   1       -0.0136410089       -0.0864891256
   1   0        0.1788636053        0.0000000000
   1  -1        0.0136410089       -0.0864891256
   2   2        1.0121115255       -3.6915000208
   2   1       -0.4582383434        1.0803177557
   2   0        1.5335049921        0.0000000000
   2  -1        0.4582383434        1.0803177557
   2  -2        1.0121115255        3.6915000208
   3   3       -0.1096407823       -0.0383435014
   3   2        0.1917502861       -0.2643147032
   3   1        1.2537814161        0.0124955437
   3   0       -0.5799283620        0.0000000000
   3  -1       -1.2537814161        0.0124955437
   3  -2        0.1917502861        0.2643147032
   3  -3        0.1096407823       -0.0383435014
   4   4       -0.7008231357       -0.5658665579
   4   3        0.1109046376        0.5322783475
   4   2       -0.1711514598       -0.5580522085
   4   1       -0.2050532345        0.2809061363
   4   0        0.1957842745        0.0000000000
   4  -1        0.2050532345        0.2809061363
   4  -2       -0.1711514598        0.5580522085
   4  -3       -0.1109046376        0.5322783475
   4  -4       -0.7008231357        0.5658665579
   5   5       -0.1045442565        0.0406108306
   5   4       -0.2411965147       -0.0371235848
   5   3        0.1259991475       -0.3660866341
   5   2       -0.0141235295        0.4216790689
   5   1        0.1085749739        0.0411021215
   5   0        0.2640597580        0.0000000000
   5  -1       -0.1085749739        0.0411021215
   5  -2       -0.0141235295       -0.4216790689
   5  -3       -0.1259991475       -0.3660866341
   5  -4       -0.2411965147        0.0371235848
   5  -5        0.1045442565        0.0406108306
   6   6       -0.1754501733        0.0260477588
   6   5        0.1463662073        0.1553301082
   6   4       -0.2846282295       -0.0517849066
   6   3        0.1683009392        0.1032533322
   6   2       -0.0314363287       -0.0739231437
   6   1       -0.0516107492        0.0073557770
   6   0       -0.0272454888        0.0000000000
   6  -1        0.0516107492        0.0073557770
   6  -2       -0.0314363287        0.0739231437
   6  -3       -0.1683009392        0.1032533322
   6  -4       -0.2846282295        0.0517849066
   6  -5       -0.1463662073        0.1553301082
   6  -6       -0.1754501733       -0.0260477588
   7   7       -0.0296832736       -0.0512771965
   7   6       -0.1412543971        0.0855527962
   7   5       -0.0317121723       -0.0455493577
   7   4        0.1201061459        0.0906747759
   7   3        0.0079072210       -0.0570946225
   7   2        0.0653906517       -0.0672527426
   7   1        0.0769109429       -0.0259830015
   7   0       -0.1161622050        0.0000000000
   7  -1       -0.0769109429       -0.0259830015
   7  -2        0.0653906517        0.0672527426
   7  -3       -0.0079072210       -0.0570946225
   7  -4        0.1201061459       -0.0906747759
   7  -5        0.0317121723       -0.0455493577
   7  -6       -0.1412543971       -0.0855527962
   7  -7        0.0296832736       -0.0512771965
   8   8       -0.0134060318       -0.0160983059
   8   7        0.1617329326        0.0032027287
   8   6        0.0031134092        0.0786697878
   8   5        0.0146493963       -0.0274623381
   8   4       -0.0498871188       -0.0243060818
   8   3        0.0412956734        0.0441388903
   8   2        0.0059897137        0.0189642773
   8   1       -0.0597323350       -0.0640961201
   8   0       -0.0065432856        0.0000000000
   8  -1        0.0597323350       -0.0640961201
   8  -2        0.0059897137       -0.0189642773
   8  -3       -0.0412956734        0.0441388903
   8  -4       -0.0498871188        0.0243060818
   8  -5       -0.0146493963       -0.0274623381
   8  -6        0.0031134092       -0.0786697878
   8  -7       -0.1617329326        0.0032027287
   8  -8       -0.0134060318        0.0160983059
   9   9       -0.0020184230       -0.0203454778
   9   8        0.0233114659        0.0635113451
   9   7        0.0605070336        0.0223182974
   9   6        0.0699271020       -0.0047975982
   9   5       -0.0431529925       -0.0539733367
   9   4       -0.0745906569       -0.0417168417
   9   3        0.0300076208        0.0363772527
   9   2       -0.0635568380       -0.0406531981
   9   1        0.0438566046       -0.0040500323
   9   0        0.0755353758        0.0000000000
   9  -1       -0.0438566046       -0.0040500323
   9  -2       -0.0635568380        0.0406531981
   9  -3       -0.0300076208        0.0363772527
   9  -4       -0.0745906569        0.0417168417
   9  -5        0.0431529925       -0.0539733367
   9  -6        0.0699271020        0.0047975982
   9  -7       -0.0605070336        0.0223182974
   9  -8        0.0233114659       -0.0635113451
   9  -9        0.0020184230       -0.0203454778
  10  10       -0.0804339755        0.0520886968
  10   9        0.0329526339       -0.0296400024
  10   8       -0.0058362120       -0.0209085213
  10   7       -0.0410170061        0.0342561867
  10   6       -0.0561641777       -0.0248015985
  10   5       -0.0088470428        0.0588685399
  10   4        0.0718748967       -0.0149346098
  10   3       -0.0698831130       -0.0081341416
  10   2        0.0342724499        0.0299251921
  10   1       -0.0811149734       -0.0278858377
  10   0       -0.0153769965        0.0000000000
  10  -1        0.0811149734       -0.0278858377
  10  -2        0.0342724499       -0.0299251921
  10  -3        0.0698831130       -0.0081341416
  10  -4        0.0718748967        0.0149346098
  10  -5        0.0088470428        0.0588685399
  10  -6       -0.0561641777        0.0248015985
  10  -7        0.0410170061        0.0342561867
  10  -8       -0.0058362120        0.0209085213
  10  -9       -0.0329526339       -0.0296400024
  10 -10       -0.0804339755       -0.0520886968
  11  11       -0.0482698410       -0.0075440995
  11  10        0.0021376630        0.0285768008
  11   9       -0.0353706538       -0.0070239425
  11   8        0.0032891694        0.0069998647
  11   7        0.0013749704       -0.0309724263
  11   6       -0.0987241066        0.0217564133
  11   5        0.0225510507        0.0691784843
  11   4       -0.0096736223        0.0256679458
  11   3        0.0772366079       -0.0121888633
  11   2       -0.0191283157       -0.0148156839
  11   1       -0.0319774086       -0.0126121801
  11   0       -0.0022203431        0.0000000000
  11  -1        0.0319774086       -0.0126121801
  11  -2       -0.0191283157        0.0148156839
  11  -3       -0.0772366079       -0.0121888633
  11  -4       -0.0096736223       -0.0256679458
  11  -5       -0.0225510507        0.0691784843
  11  -6       -0.0987241066       -0.0217564133
  11  -7       -0.0013749704       -0.0309724263
  11  -8        0.0032891694       -0.0069998647
  11  -9        0.0353706538       -0.0070239425
  11 -10        0.0021376630       -0.0285768008
  11 -11        0.0482698410       -0.0075440995
  12  12        0.0065594389        0.0405349260
  12  11       -0.0244086283       -0.0573719978
  12  10       -0.0574832852       -0.0181114881
  12   9        0.0411898872        0.0246453917
  12   8       -0.0185118139       -0.0340739696
  12   7        0.0249431184       -0.0325665566
  12   6       -0.0094388197       -0.0371521522
  12   5       -0.0326880514       -0.0026897119
  12   4       -0.0051609648        0.0021113711
  12   3       -0.0405364386        0.0337776919
  12   2        0.0060197450       -0.0388778549
  12   1        0.0351929092       -0.0390723803
  12   0       -0.0130445031        0.0000000000
  12  -1       -0.0351929092       -0.0390723803
  12  -2        0.0060197450        0.0388778549
  12  -3        0.0405364386        0.0337776919
  12  -4       -0.0051609648       -0.0021113711
  12  -5        0.0326880514       -0.0026897119
  12  -6       -0.0094388197        0.0371521522
  12  -7       -0.0249431184       -0.0325665566
  12  -8       -0.0185118139        0.0340739696
  12  -9       -0.0411898872        0.0246453917
  12 -10       -0.0574832852        0.0181114881
  12 -11        0.0244086283       -0.0573719978
  12 -12        0.0065594389       -0.0405349260
  13  13       -0.0221912280        0.0439374051
  13  12        0.0023865705        0.0403961511
  13  11       -0.0068625851        0.0267590665
  13  10        0.0256799826       -0.0158394539
  13   9        0.0237244148       -0.0161106065
  13   8        0.0080156204        0.0227701565
  13   7        0.0514358841       -0.0514885058
  13   6        0.0739527280        0.0292820542
  13   5       -0.0056804923       -0.0849593765
  13   4       -0.0081290063        0.0076005838
  13   3        0.0000624054        0.0176816450
  13   2        0.0163590590       -0.0053053106
  13   1       -0.0234180162       -0.0368732240
  13   0       -0.0032682996        0.0000000000
  13  -1        0.0234180162       -0.0368732240
  13  -2        0.0163590590        0.0053053106
  13  -3       -0.0000624054        0.0176816450
  13  -4       -0.0081290063       -0.0076005838
  13  -5        0.0056804923       -0.0849593765
  13  -6        0.0739527280       -0.0292820542
  13  -7       -0.0514358841       -0.0514885058
  13  -8        0.0080156204       -0.0227701565
  13  -9       -0.0237244148       -0.0161106065
  13 -10        0.0256799826        0.0158394539
  13 -11        0.0068625851        0.0267590665
  13 -12        0.0023865705       -0.0403961511
  13 -13        0.0221912280        0.0439374051
  14  14        0.0347722027        0.0480507910
  14  13       -0.0299874562        0.0488808863
  14  12        0.0055451156        0.0556385108
  14  11       -0.0011996373       -0.0271756051
  14  10       -0.0134075837       -0.0689563551
  14   9       -0.0120135588       -0.0119159471
  14   8        0.0000286850       -0.0116888030
  14   7       -0.0054492145       -0.0079729481
  14   6        0.0032962836        0.0102723400
  14   5        0.0343043719       -0.0210428407
  14   4        0.0212023068        0.0020428443
  14   3        0.0069513617       -0.0197240897
  14   2       -0.0011369591        0.0272998155
  14   1       -0.0159973308       -0.0271927179
  14   0        0.0015792466        0.0000000000
  14  -1        0.0159973308       -0.0271927179
  14  -2       -0.0011369591       -0.0272998155
  14  -3       -0.0069513617       -0.0197240897
  14  -4        0.0212023068       -0.0020428443
  14  -5       -0.0343043719       -0.0210428407
  14  -6        0.0032962836       -0.0102723400
  14  -7        0.0054492145       -0.0079729481
  14  -8        0.0000286850        0.0116888030
  14  -9        0.0120135588       -0.0119159471
  14 -10       -0.0134075837        0.0689563551
  14 -11        0.0011996373       -0.0271756051
  14 -12        0.0055451156       -0.0556385108
  14 -13        0.0299874562        0.0488808863
  14 -14        0.0347722027       -0.0480507910
  15  15        0.0483765996       -0.0160320843
  15  14        0.0027573030       -0.0569078897
  15  13        0.0343927810        0.0202405227
  15  12       -0.0231544928       -0.0159508222
  15  11       -0.0308237617       -0.0070841993
  15  10        0.0200966025        0.0317461366
  15   9       -0.0071249953       -0.0043829079
  15   8        0.0052100119       -0.0189186761
  15   7       -0.0092496874       -0.0347098304
  15   6        0.0059990096       -0.0139651487
  15   5        0.0051008845       -0.0041786836
  15   4       -0.0015474617       -0.0240105003
  15   3       -0.0440160738        0.0459519096
  15   2       -0.0201450936        0.0107252138
  15   1        0.0205296854        0.0101337600
  15   0       -0.0001773943        0.0000000000
  15  -1       -0.0205296854        0.0101337600
  15  -2       -0.0201450936       -0.0107252138
  15  -3        0.0440160738        0.0459519096
  15  -4       -0.0015474617        0.0240105003
  15  -5       -0.0051008845       -0.0041786836
  15  -6        0.0059990096        0.0139651487
  15  -7        0.0092496874       -0.0347098304
  15  -8        0.0052100119        0.0189186761
  15  -9        0.0071249953       -0.0043829079
  15 -10        0.0200966025       -0.0317461366
  15 -11        0.0308237617       -0.0070841993
  15 -12       -0.0231544928        0.0159508222
  15 -13       -0.0343927810        0.0202405227
  15 -14        0.0027573030        0.0569078897
  15 -15       -0.0483765996       -0.0160320843
  16  16        0.0429184454        0.0019925661
  16  15       -0.0193772312        0.0115017972
  16  14       -0.0253409195       -0.0079845036
  16  13        0.0362610048        0.0137255420
  16  12       -0.0343676215       -0.0036063458
  16  11       -0.0131600184       -0.0084757028
  16  10       -0.0038346389        0.0209016394
  16   9        0.0140357733        0.0088889850
  16   8       -0.0081379454       -0.0063777830
  16   7        0.0180497527       -0.0093803188
  16   6       -0.0490601347       -0.0162878046
  16   5        0.0048213805        0.0097619348
  16   4        0.0191223690        0.0086077716
  16   3       -0.0194501286        0.0094057226
  16   2       -0.0188236191       -0.0435481647
  16   1       -0.0294702482       -0.0110686775
  16   0        0.0039066308        0.0000000000
  16  -1        0.0294702482       -0.0110686775
  16  -2       -0.0188236191        0.0435481647
  16  -3        0.0194501286        0.0094057226
  16  -4        0.0191223690       -0.0086077716
  16  -5       -0.0048213805        0.0097619348
  16  -6       -0.0490601347        0.0162878046
  16  -7       -0.0180497527       -0.0093803188
  16  -8       -0.0081379454        0.0063777830
  16  -9       -0.0140357733        0.0088889850
  16 -10       -0.0038346389       -0.0209016394
  16 -11        0.0131600184       -0.0084757028
  16 -12       -0.0343676215        0.0036063458
  16 -13       -0.0362610048        0.0137255420
  16 -14       -0.0253409195        0.0079845036
  16 -15        0.0193772312        0.0115017972
  16 -16        0.0429184454       -0.0019925661
  17  17       -0.0549803827        0.0366154044
  17  16        0.0020990300        0.0399282854
  17  15       -0.0149772617       -0.0075308400
  17  14       -0.0510422657        0.0464610828
  17  13        0.0297046167       -0.0026440783
  17  12        0.0125161283        0.0050659190
  17  11       -0.0361914779       -0.0372621364
  17  10       -0.0123959287        0.0136925915
  17   9        0.0265950943        0.0165246608
  17   8        0.0160227446       -0.0371336926
  17   7        0.0005129610        0.0101427909
  17   6       -0.0148221026        0.0075493507
  17   5       -0.0155588570        0.0099186876
  17   4       -0.0070605230       -0.0175802455
  17   3       -0.0133296737        0.0040810603
  17   2        0.0003543338       -0.0001713671
  17   1       -0.0181476510        0.0326673553
  17   0        0.0145445098        0.0000000000
  17  -1        0.0181476510        0.0326673553
  17  -2        0.0003543338        0.0001713671
  17  -3        0.0133296737        0.0040810603
  17  -4       -0.0070605230        0.0175802455
  17  -5        0.0155588570        0.0099186876
  17  -6       -0.0148221026       -0.0075493507
  17  -7       -0.0005129610        0.0101427909
  17  -8        0.0160227446        0.0371336926
  17  -9       -0.0265950943        0.0165246608
  17 -10       -0.0123959287       -0.0136925915
  17 -11        0.0361914779       -0.0372621364
  17 -12        0.0125161283       -0.0050659190
  17 -13       -0.0297046167       -0.0026440783
  17 -14       -0.0510422657       -0.0464610828
  17 -15        0.0149772617       -0.0075308400
  17 -16        0.0020990300       -0.0399282854
  17 -17        0.0549803827        0.0366154044
  18  18        0.0047559167        0.0614115073
  18  17       -0.0013757206        0.0205924285
  18  16        0.0123618971       -0.0003836244
  18  15       -0.0166742205        0.0014271921
  18  14       -0.0132188091        0.0027763797
  18  13       -0.0163250397       -0.0042917716
  18  12       -0.0252843446       -0.0014704742
  18  11        0.0407886441        0.0095131513
  18  10       -0.0015996090        0.0164848784
  18   9       -0.0267677756       -0.0418967127
  18   8       -0.0170016851        0.0182999694
  18   7        0.0211316978        0.0079320437
  18   6        0.0284377804       -0.0142203136
  18   5       -0.0017740206        0.0233454002
  18   4        0.0081388503       -0.0073902423
  18   3       -0.0248649422       -0.0130093628
  18   2        0.0246085632       -0.0075059813
  18   1       -0.0132375166        0.0216029127
  18   0       -0.0093255766        0.0000000000
  18  -1        0.0132375166        0.0216029127
  18  -2        0.0246085632        0.0075059813
  18  -3        0.0248649422       -0.0130093628
  18  -4        0.0081388503        0.0073902423
  18  -5        0.0017740206        0.0233454002
  18  -6        0.0284377804        0.0142203136
  18  -7       -0.0211316978        0.0079320437
  18  -8       -0.0170016851       -0.0182999694
  18  -9        0.0267677756       -0.0418967127
  18 -10       -0.0015996090       -0.0164848784
  18 -11       -0.0407886441        0.0095131513
  18 -12       -0.0252843446        0.0014704742
  18 -13        0.0163250397       -0.0042917716
  18 -14       -0.0132188091       -0.0027763797
  18 -15        0.0166742205        0.0014271921
  18 -16        0.0123618971        0.0003836244
  18 -17        0.0013757206        0.0205924285
  18 -18        0.0047559167       -0.0614115073
  19  19        0.0224980031       -0.0279964851
  19  18       -0.0327137301        0.0063213119
  19  17       -0.0187702878        0.0102911764
  19  16       -0.0084720230       -0.0265095510
  19  15       -0.0114387700       -0.0043464443
  19  14       -0.0057721989        0.0207684369
  19  13        0.0092009166       -0.0047340702
  19  12       -0.0330084524        0.0526295952
  19  11       -0.0054415930        0.0033115889
  19  10        0.0141000600       -0.0092286591
  19   9       -0.0262293825        0.0119581275
  19   8        0.0276457119       -0.0120501877
  19   7        0.0014119747       -0.0278102137
  19   6       -0.0088944425        0.0005410399
  19   5        0.0170160851        0.0043751491
  19   4       -0.0078608660        0.0022634274
  19   3       -0.0179222172        0.0053134727
  19   2       -0.0123941576       -0.0024008837
  19   1       -0.0183051198       -0.0244342922
  19   0        0.0152975707        0.0000000000
  19  -1        0.0183051198       -0.0244342922
  19  -2       -0.0123941576        0.0024008837
  19  -3        0.0179222172        0.0053134727
  19  -4       -0.0078608660       -0.0022634274
  19  -5       -0.0170160851        0.0043751491
  19  -6       -0.0088944425       -0.0005410399
  19  -7       -0.0014119747       -0.0278102137
  19  -8        0.0276457119        0.0120501877
  19  -9        0.0262293825        0.0119581275
  19 -10        0.0141000600        0.0092286591
  19 -11        0.0054415930        0.0033115889
  19 -12       -0.0330084524       -0.0526295952
  19 -13       -0.0092009166       -0.0047340702
  19 -14       -0.0057721989       -0.0207684369
  19 -15        0.0114387700       -0.0043464443
  19 -16       -0.0084720230        0.0265095510
  19 -17        0.0187702878        0.0102911764
  19 -18       -0.0327137301       -0.0063213119
  19 -19       -0.0224980031       -0.0279964851
  20  20        0.0097315852       -0.0490847124
  20  19       -0.0398467252        0.0499379911
  20  18        0.0052657165       -0.0336274136
  20  17        0.0530018145        0.0183758903
  20  16        0.0034131586       -0.0005840514
  20  15        0.0079256905       -0.0335424847
  20  14        0.0252898890       -0.0193266593
  20  13       -0.0050115753       -0.0157582735
  20  12        0.0238508324       -0.0596370886
  20  11       -0.0104494446        0.0085449569
  20  10       -0.0144193192        0.0254849882
  20   9       -0.0422681117       -0.0327903233
  20   8       -0.0290879839       -0.0105123047
  20   7       -0.0081382262       -0.0199040590
  20   6       -0.0161393380       -0.0152851416
  20   5       -0.0202689311       -0.0113781588
  20   4       -0.0055723068        0.0154882838
  20   3       -0.0024330509        0.0025004267
  20   2       -0.0000352257       -0.0012179122
  20   1        0.0095243757        0.0072128963
  20   0        0.0194468574        0.0000000000
  20  -1       -0.0095243757        0.0072128963
  20  -2       -0.0000352257        0.0012179122
  20  -3        0.0024330509        0.0025004267
  20  -4       -0.0055723068       -0.0154882838
  20  -5        0.0202689311       -0.0113781588
  20  -6       -0.0161393380        0.0152851416
  20  -7        0.0081382262       -0.0199040590
  20  -8       -0.0290879839        0.0105123047
  20  -9        0.0422681117       -0.0327903233
  20 -10       -0.0144193192       -0.0254849882
  20 -11        0.0104494446        0.0085449569
  20 -12        0.0238508324        0.0596370886
  20 -13        0.0050115753       -0.0157582735
  20 -14        0.0252898890        0.0193266593
  20 -15       -0.0079256905       -0.0335424847
  20 -16        0.0034131586        0.0005840514
  20 -17       -0.0530018145        0.0183758903
  20 -18        0.0052657165        0.0336274136
  20 -19        0.0398467252        0.0499379911
  20 -20        0.0097315852        0.0490847124
  21  21        0.0289818318        0.0330438724
  21  20       -0.0142441845        0.0089618792
  21  19       -0.0070347133        0.0117296182
  21  18       -0.0055721205        0.0137544009
  21  17        0.0019609008        0.0233493922
  21  16        0.0050869171       -0.0298823967
  21  15       -0.0269310301       -0.0123171547
  21  14        0.0001158133        0.0006089690
  21  13        0.0252284488        0.0048373605
  21  12       -0.0148365754       -0.0042691554
  21  11        0.0056687460       -0.0116499629
  21  10       -0.0252535214        0.0093227251
  21   9       -0.0072495535        0.0139673434
  21   8        0.0089121481        0.0448908601
  21   7        0.0003594509       -0.0099470865
  21   6       -0.0300524594       -0.0143993317
  21   5        0.0123768139        0.0072778794
  21   4        0.0052596923       -0.0208609277
  21   3        0.0007540893        0.0137369984
  21   2        0.0008406435       -0.0098070435
  21   1        0.0056352724       -0.0183358060
  21   0       -0.0288586715        0.0000000000
  21  -1       -0.0056352724       -0.0183358060
  21  -2        0.0008406435        0.0098070435
  21  -3       -0.0007540893        0.0137369984
  21  -4        0.0052596923        0.0208609277
  21  -5       -0.0123768139        0.0072778794
  21  -6       -0.0300524594        0.0143993317
  21  -7       -0.0003594509       -0.0099470865
  21  -8        0.0089121481       -0.0448908601
  21  -9        0.0072495535        0.0139673434
  21 -10       -0.0252535214       -0.0093227251
  21 -11       -0.0056687460       -0.0116499629
  21 -12       -0.0148365754        0.0042691554
  21 -13       -0.0252284488        0.0048373605
  21 -14        0.0001158133       -0.0006089690
  21 -15        0.0269310301       -0.0123171547
  21 -16        0.0050869171        0.0298823967
  21 -17       -0.0019609008        0.0233493922
  21 -18       -0.0055721205       -0.0137544009
  21 -19        0.0070347133        0.0117296182
  21 -20       -0.0142441845       -0.0089618792
  21 -21       -0.0289818318        0.0330438724
  22  22        0.0396826077        0.0256782872
  22  21       -0.0203424214       -0.0533323890
  22  20        0.0345313860       -0.0081894414
  22  19       -0.0480810249        0.0247712077
  22  18        0.0246774260       -0.0038592753
  22  17       -0.0069076666       -0.0154398381
  22  16       -0.0248267577       -0.0273520599
  22  15        0.0107241892        0.0098616972
  22  14        0.0070341418        0.0067985239
  22  13       -0.0238099489        0.0039916259
  22  12        0.0175804343       -0.0074274053
  22  11       -0.0006799015       -0.0087276131
  22  10        0.0018721815        0.0073456523
  22   9       -0.0255622707        0.0151067094
  22   8        0.0209589918       -0.0065856247
  22   7       -0.0241479563        0.0038594852
  22   6       -0.0390200417       -0.0139122682
  22   5       -0.0053466729       -0.0126829731
  22   4       -0.0152937765        0.0094859507
  22   3        0.0431934683       -0.0008431106
  22   2       -0.0027859127       -0.0027222806
  22   1        0.0236855428       -0.0293634271
  22   0       -0.0029283594        0.0000000000
  22  -1       -0.0236855428       -0.0293634271
  22  -2       -0.0027859127        0.0027222806
  22  -3       -0.0431934683       -0.0008431106
  22  -4       -0.0152937765       -0.0094859507
  22  -5        0.0053466729       -0.0126829731
  22  -6       -0.0390200417        0.0139122682
  22  -7        0.0241479563        0.0038594852
  22  -8        0.0209589918        0.0065856247
  22  -9        0.0255622707        0.0151067094
  22 -10        0.0018721815       -0.0073456523
  22 -11        0.0006799015       -0.0087276131
  22 -12        0.0175804343        0.0074274053
  22 -13        0.0238099489        0.0039916259
  22 -14        0.0070341418       -0.0067985239
  22 -15       -0.0107241892        0.0098616972
  22 -16       -0.0248267577        0.0273520599
  22 -17        0.0069076666       -0.0154398381
  22 -18        0.0246774260        0.0038592753
  22 -19        0.0480810249        0.0247712077
  22 -20        0.0345313860        0.0081894414
  22 -21        0.0203424214       -0.0533323890
  22 -22        0.0396826077       -0.0256782872
  23  23       -0.0390276081       -0.0034531068
  23  22        0.0209697796       -0.0265564097
  23  21        0.0261452710        0.0121339647
  23  20       -0.0206419143        0.0001348437
  23  19       -0.0167931092       -0.0077676256
  23  18        0.0014388296        0.0675973728
  23  17       -0.0039065988        0.0068644348
  23  16        0.0178258852       -0.0045987930
  23  15        0.0021703194        0.0180148543
  23  14        0.0135390179        0.0085517078
  23  13        0.0041979420       -0.0247053299
  23  12        0.0006748571       -0.0304514515
  23  11       -0.0115374625        0.0085149285
  23  10       -0.0032080462       -0.0476332385
  23   9       -0.0156114591       -0.0165504056
  23   8       -0.0264750529        0.0103281320
  23   7        0.0070862053       -0.0009689967
  23   6       -0.0202447892       -0.0137462973
  23   5        0.0178941663        0.0137911991
  23   4        0.0016268308       -0.0031622806
  23   3        0.0038842073       -0.0215080153
  23   2        0.0217771368        0.0380398561
  23   1       -0.0135930572        0.0036142453
  23   0        0.0180421447        0.0000000000
  23  -1        0.0135930572        0.0036142453
  23  -2        0.0217771368       -0.0380398561
  23  -3       -0.0038842073       -0.0215080153
  23  -4        0.0016268308        0.0031622806
  23  -5       -0.0178941663        0.0137911991
  23  -6       -0.0202447892        0.0137462973
  23  -7       -0.0070862053       -0.0009689967
  23  -8       -0.0264750529       -0.0103281320
  23  -9        0.0156114591       -0.0165504056
  23 -10       -0.0032080462        0.0476332385
  23 -11        0.0115374625        0.0085149285
  23 -12        0.0006748571        0.0304514515
  23 -13       -0.0041979420       -0.0247053299
  23 -14        0.0135390179       -0.0085517078
  23 -15       -0.0021703194        0.0180148543
  23 -16        0.0178258852        0.0045987930
  23 -17        0.0039065988        0.0068644348
  23 -18        0.0014388296       -0.0675973728
  23 -19        0.0167931092       -0.0077676256
  23 -20       -0.0206419143       -0.0001348437
  23 -21       -0.0261452710        0.0121339647
  23 -22        0.0209697796        0.0265564097
  23 -23        0.0390276081       -0.0034531068
  24  24        0.0384551564       -0.0288583585
  24  23        0.0453066541       -0.0298227947
  24  22        0.0080848678        0.0115791040
  24  21        0.0041820430       -0.0424787469
  24  20       -0.0061434369        0.0051482793
  24  19       -0.0186635593       -0.0197454450
  24  18        0.0032604776        0.0200278791
  24  17       -0.0073684203        0.0005959576
  24  16        0.0275436382       -0.0089580684
  24  15       -0.0083768236        0.0188456549
  24  14        0.0133599995       -0.0017870523
  24  13       -0.0291502293       -0.0027077381
  24  12       -0.0010360810        0.0007502201
  24  11        0.0067658183        0.0025720950
  24  10       -0.0067909092        0.0009672313
  24   9       -0.0071434654        0.0292953192
  24   8        0.0200256519       -0.0172903993
  24   7        0.0230690998        0.0026785047
  24   6        0.0323252004        0.0422175443
  24   5        0.0005139756       -0.0340099297
  24   4       -0.0294325104        0.0049500511
  24   3       -0.0166260656       -0.0161829484
  24   2       -0.0105427505       -0.0283005517
  24   1        0.0095034124        0.0202654277
  24   0       -0.0250486038        0.0000000000
  24  -1       -0.0095034124        0.0202654277
  24  -2       -0.0105427505        0.0283005517
  24  -3        0.0166260656       -0.0161829484
  24  -4       -0.0294325104       -0.0049500511
  24  -5       -0.0005139756       -0.0340099297
  24  -6        0.0323252004       -0.0422175443
  24  -7       -0.0230690998        0.0026785047
  24  -8        0.0200256519        0.0172903993
  24  -9        0.0071434654        0.0292953192
  24 -10       -0.0067909092       -0.0009672313
  24 -11       -0.0067658183        0.0025720950
  24 -12       -0.0010360810       -0.0007502201
  24 -13        0.0291502293       -0.0027077381
  24 -14        0.0133599995        0.0017870523
  24 -15        0.0083768236        0.0188456549
  24 -16        0.0275436382        0.0089580684
  24 -17        0.0073684203        0.0005959576
  24 -18        0.0032604776       -0.0200278791
  24 -19        0.0186635593       -0.0197454450
  24 -20       -0.0061434369       -0.0051482793
  24 -21       -0.0041820430       -0.0424787469
  24 -22        0.0080848678       -0.0115791040
  24 -23       -0.0453066541       -0.0298227947
  24 -24        0.0384551564        0.0288583585
  25  25        0.0001941333       -0.0110112754
  25  24        0.0232387314       -0.0119624403
  25  23       -0.0122116452       -0.0162048109
  25  22        0.0038985395        0.0148840772
  25  21        0.0058489644        0.0053777131
  25  20       -0.0338799290       -0.0299976237
  25  19        0.0279438850       -0.0359772919
  25  18       -0.0336258007        0.0250055784
  25  17        0.0190139655        0.0052185165
  25  16        0.0215642486        0.0174972438
  25  15        0.0005694170       -0.0141510649
  25  14       -0.0098111146       -0.0006131368
  25  13        0.0047182152       -0.0041207237
  25  12        0.0044303117       -0.0267774967
  25  11       -0.0316796923        0.0014103886
  25  10       -0.0098576294       -0.0090645249
  25   9        0.0162251505       -0.0070558856
  25   8       -0.0311182285        0.0231995549
  25   7       -0.0197397948        0.0057551814
  25   6        0.0139192739       -0.0145733500
  25   5        0.0203075448        0.0058359499
  25   4        0.0090872705        0.0033539207
  25   3       -0.0256438770       -0.0198472748
  25   2        0.0014296870        0.0033586025
  25   1        0.0050744007       -0.0108250802
  25   0       -0.0037704760        0.0000000000
  25  -1       -0.0050744007       -0.0108250802
  25  -2        0.0014296870       -0.0033586025
  25  -3        0.0256438770       -0.0198472748
  25  -4        0.0090872705       -0.0033539207
  25  -5       -0.0203075448        0.0058359499
  25  -6        0.0139192739        0.0145733500
  25  -7        0.0197397948        0.0057551814
  25  -8       -0.0311182285       -0.0231995549
  25  -9       -0.0162251505       -0.0070558856
  25 -10       -0.0098576294        0.0090645249
  25 -11        0.0316796923        0.0014103886
  25 -12        0.0044303117        0.0267774967
  25 -13       -0.0047182152       -0.0041207237
  25 -14       -0.0098111146        0.0006131368
  25 -15       -0.0005694170       -0.0141510649
  25 -16        0.0215642486       -0.0174972438
  25 -17       -0.0190139655        0.0052185165
  25 -18       -0.0336258007       -0.0250055784
  25 -19       -0.0279438850       -0.0359772919
  25 -20       -0.0338799290        0.0299976237
  25 -21       -0.0058489644        0.0053777131
  25 -22        0.0038985395       -0.0148840772
  25 -23        0.0122116452       -0.0162048109
  25 -24        0.0232387314        0.0119624403
  25 -25       -0.0001941333       -0.0110112754
  26  26        0.0203180680        0.0384259689
  26  25        0.0546892016        0.0133032558
  26  24       -0.0364657969        0.0298171338
  26  23        0.0001183255       -0.0327646933
  26  22        0.0144993821        0.0083213047
  26  21        0.0144812672       -0.0403448222
  26  20        0.0258386276       -0.0264766396
  26  19        0.0062563428       -0.0118383511
  26  18       -0.0145438571        0.0038803486
  26  17        0.0153996735        0.0119233795
  26  16       -0.0020675452       -0.0001464824
  26  15        0.0196136316        0.0115357030
  26  14        0.0216779955        0.0035470561
  26  13        0.0126828264       -0.0217520090
  26  12       -0.0017217310        0.0062660307
  26  11       -0.0099508051       -0.0208017826
  26  10       -0.0336276783        0.0096867621
  26   9        0.0045152710       -0.0044614846
  26   8        0.0203836444       -0.0152563480
  26   7       -0.0014783381        0.0370098802
  26   6       -0.0179622355        0.0335684129
  26   5       -0.0076691301       -0.0027081698
  26   4        0.0181705784        0.0027586478
  26   3       -0.0146606720        0.0463070556
  26   2       -0.0013202780        0.0317931851
  26   1       -0.0257742473        0.0041642678
  26   0        0.0139044195        0.0000000000
  26  -1        0.0257742473        0.0041642678
  26  -2       -0.0013202780       -0.0317931851
  26  -3        0.0146606720        0.0463070556
  26  -4        0.0181705784       -0.0027586478
  26  -5        0.0076691301       -0.0027081698
  26  -6       -0.0179622355       -0.0335684129
  26  -7        0.0014783381        0.0370098802
  26  -8        0.0203836444        0.0152563480
  26  -9       -0.0045152710       -0.0044614846
  26 -10       -0.0336276783       -0.0096867621
  26 -11        0.0099508051       -0.0208017826
  26 -12       -0.0017217310       -0.0062660307
  26 -13       -0.0126828264       -0.0217520090
  26 -14        0.0216779955       -0.0035470561
  26 -15       -0.0196136316        0.0115357030
  26 -16       -0.0020675452        0.0001464824
  26 -17       -0.0153996735        0.0119233795
  26 -18       -0.0145438571       -0.0038803486
  26 -19       -0.0062563428       -0.0118383511
  26 -20        0.0258386276        0.0264766396
  26 -21       -0.0144812672       -0.0403448222
  26 -22        0.0144993821       -0.0083213047
  26 -23       -0.0001183255       -0.0327646933
  26 -24       -0.0364657969       -0.0298171338
  26 -25       -0.0546892016        0.0133032558
  26 -26        0.0203180680       -0.0384259689
  27  27        0.0009442652       -0.0250574131
  27  26        0.0310385522       -0.0126254700
  27  25        0.0111330845        0.0016669807
  27  24        0.0243819407       -0.0114694379
  27  23       -0.0074829912        0.0101168987
  27  22       -0.0215788619       -0.0195270929
  27  21        0.0123655716       -0.0064619610
  27  20       -0.0307746728       -0.0118224513
  27  19       -0.0190736172       -0.0268665961
  27  18       -0.0323438837        0.0087360520
  27  17       -0.0139785290        0.0036231949
  27  16       -0.0095381164        0.0056277707
  27  15        0.0288890519       -0.0004646480
  27  14       -0.0203110200        0.0138103916
  27  13       -0.0065284163        0.0138868755
  27  12        0.0014639721        0.0001276240
  27  11       -0.0106382005        0.0210860718
  27  10        0.0197237427        0.0140001086
  27   9       -0.0029496565        0.0144206454
  27   8        0.0041688219       -0.0004612748
  27   7       -0.0246543093        0.0050343254
  27   6        0.0211237943        0.0092798309
  27   5       -0.0123030906        0.0366324282
  27   4       -0.0005784178       -0.0102903630
  27   3        0.0237258090       -0.0017675097
  27   2       -0.0003960159        0.0011045567
  27   1        0.0028640606        0.0139115989
  27   0       -0.0164623299        0.0000000000
  27  -1       -0.0028640606        0.0139115989
  27  -2       -0.0003960159       -0.0011045567
  27  -3       -0.0237258090       -0.0017675097
  27  -4       -0.0005784178        0.0102903630
  27  -5        0.0123030906        0.0366324282
  27  -6        0.0211237943       -0.0092798309
  27  -7        0.0246543093        0.0050343254
  27  -8        0.0041688219        0.0004612748
  27  -9        0.0029496565        0.0144206454
  27 -10        0.0197237427       -0.0140001086
  27 -11        0.0106382005        0.0210860718
  27 -12        0.0014639721       -0.0001276240
  27 -13        0.0065284163        0.0138868755
  27 -14       -0.0203110200       -0.0138103916
  27 -15       -0.0288890519       -0.0004646480
  27 -16       -0.0095381164       -0.0056277707
  27 -17        0.0139785290        0.0036231949
  27 -18       -0.0323438837       -0.0087360520
  27 -19        0.0190736172       -0.0268665961
  27 -20       -0.0307746728        0.0118224513
  27 -21       -0.0123655716       -0.0064619610
  27 -22       -0.0215788619        0.0195270929
  27 -23        0.0074829912        0.0101168987
  27 -24        0.0243819407        0.0114694379
  27 -25       -0.0111330845        0.0016669807
  27 -26        0.0310385522        0.0126254700
  27 -27       -0.0009442652       -0.0250574131
  28  28       -0.0377627414        0.0054188747
  28  27       -0.0117898529        0.0138095039
  28  26       -0.0003206595        0.0364121708
  28  25        0.0317668108        0.0372943304
  28  24        0.0169597853       -0.0060030199
  28  23        0.0042850924       -0.0379663294
  28  22        0.0177386242        0.0006262896
  28  21        0.0021802559       -0.0077791663
  28  20       -0.0100016230       -0.0231480514
  28  19       -0.0117196554        0.0005970323
  28  18       -0.0121377769        0.0238188045
  28  17        0.0197580827       -0.0059592879
  28  16        0.0138029122        0.0134280368
  28  15        0.0081648365       -0.0123446165
  28  14       -0.0067406724        0.0025806318
  28  13        0.0001375546        0.0166071857
  28  12       -0.0032594307        0.0180160806
  28  11        0.0227414637       -0.0026908517
  28  10       -0.0211176640        0.0200428264
  28   9        0.0051668976       -0.0171420530
  28   8        0.0151987842        0.0172494626
  28   7       -0.0070986959        0.0051212198
  28   6       -0.0034210345       -0.0186256451
  28   5        0.0135754343        0.0261797953
  28   4        0.0015992414        0.0059497872
  28   3        0.0011399313        0.0193202354
  28   2        0.0041338455       -0.0191848203
  28   1       -0.0118265764       -0.0057084599
  28   0        0.0184299213        0.0000000000
  28  -1        0.0118265764       -0.0057084599
  28  -2        0.0041338455        0.0191848203
  28  -3       -0.0011399313        0.0193202354
  28  -4        0.0015992414       -0.0059497872
  28  -5       -0.0135754343        0.0261797953
  28  -6       -0.0034210345        0.0186256451
  28  -7        0.0070986959        0.0051212198
  28  -8        0.0151987842       -0.0172494626
  28  -9       -0.0051668976       -0.0171420530
  28 -10       -0.0211176640       -0.0200428264
  28 -11       -0.0227414637       -0.0026908517
  28 -12       -0.0032594307       -0.0180160806
  28 -13       -0.0001375546        0.0166071857
  28 -14       -0.0067406724       -0.0025806318
  28 -15       -0.0081648365       -0.0123446165
  28 -16        0.0138029122       -0.0134280368
  28 -17       -0.0197580827       -0.0059592879
  28 -18       -0.0121377769       -0.0238188045
  28 -19        0.0117196554        0.0005970323
  28 -20       -0.0100016230        0.0231480514
  28 -21       -0.0021802559       -0.0077791663
  28 -22        0.0177386242       -0.0006262896
  28 -23       -0.0042850924       -0.0379663294
  28 -24        0.0169597853        0.0060030199
  28 -25       -0.0317668108        0.0372943304
  28 -26       -0.0003206595       -0.0364121708
  28 -27        0.0117898529        0.0138095039
  28 -28       -0.0377627414       -0.0054188747
  29  29       -0.0054775142       -0.0089573845
  29  28        0.0020109219        0.0033928744
  29  27       -0.0008214728        0.0087216145
  29  26       -0.0055196899       -0.0066191314
  29  25        0.0305298644        0.0326245010
  29  24        0.0020684927        0.0024298253
  29  23        0.0200775166       -0.0141570916
  29  22        0.0083214979       -0.0353584745
  29  21        0.0139164206        0.0047593104
  29  20       -0.0074309668        0.0186302945
  29  19       -0.0106351906        0.0013329974
  29  18       -0.0406461326       -0.0043486777
  29  17       -0.0001241851        0.0080824373
  29  16       -0.0137303052        0.0021941026
  29  15        0.0313282505       -0.0062323265
  29  14        0.0049762057       -0.0110396378
  29  13       -0.0024142932       -0.0148049599
  29  12       -0.0038601575       -0.0086589396
  29  11       -0.0040430091        0.0114403244
  29  10        0.0196705148        0.0021306989
  29   9        0.0138776067        0.0034609505
  29   8        0.0099791095        0.0088963153
  29   7        0.0063268320       -0.0054175527
  29   6        0.0001286892        0.0015951375
  29   5       -0.0249686280       -0.0214716263
  29   4        0.0147306341       -0.0031516211
  29   3        0.0147115615        0.0017388221
  29   2       -0.0151562370        0.0134767910
  29   1        0.0038764668        0.0095038099
  29   0       -0.0373396666        0.0000000000
  29  -1       -0.0038764668        0.0095038099
  29  -2       -0.0151562370       -0.0134767910
  29  -3       -0.0147115615        0.0017388221
  29  -4        0.0147306341        0.0031516211
  29  -5        0.0249686280       -0.0214716263
  29  -6        0.0001286892       -0.0015951375
  29  -7       -0.0063268320       -0.0054175527
  29  -8        0.0099791095       -0.0088963153
  29  -9       -0.0138776067        0.0034609505
  29 -10        0.0196705148       -0.0021306989
  29 -11        0.0040430091        0.0114403244
  29 -12       -0.0038601575        0.0086589396
  29 -13        0.0024142932       -0.0148049599
  29 -14        0.0049762057        0.0110396378
  29 -15       -0.0313282505       -0.0062323265
  29 -16       -0.0137303052       -0.0021941026
  29 -17        0.0001241851        0.0080824373
  29 -18       -0.0406461326        0.0043486777
  29 -19        0.0106351906        0.0013329974
  29 -20       -0.0074309668       -0.0186302945
  29 -21       -0.0139164206        0.0047593104
  29 -22        0.0083214979        0.0353584745
  29 -23       -0.0200775166       -0.0141570916
  29 -24        0.0020684927       -0.0024298253
  29 -25       -0.0305298644        0.0326245010
  29 -26       -0.0055196899        0.0066191314
  29 -27        0.0008214728        0.0087216145
  29 -28        0.0020109219       -0.0033928744
  29 -29        0.0054775142       -0.0089573845
  30  30       -0.0397024921       -0.0701924248
  30  29       -0.0161914772        0.0338813014
  30  28       -0.0387775954        0.0265806900
  30  27       -0.0098275931        0.0270598657
  30  26        0.0006324948       -0.0135946943
  30  25        0.0308156121        0.0124264132
  30  24        0.0110249608       -0.0115487683
  30  23       -0.0048949212       -0.0066269605
  30  22       -0.0086840895        0.0051466271
  30  21        0.0006023460        0.0070636195
  30  20        0.0049188981       -0.0050982586
  30  19       -0.0258370647        0.0049500632
  30  18        0.0077997969        0.0355343789
  30  17       -0.0040528546        0.0020699814
  30  16        0.0090149896       -0.0096666892
  30  15       -0.0230288412       -0.0006065882
  30  14        0.0086613041        0.0273433667
  30  13        0.0111982335        0.0064082015
  30  12        0.0239729842        0.0137553775
  30  11        0.0072810091       -0.0148554723
  30  10        0.0212554427        0.0099420533
  30   9        0.0203859037       -0.0012097871
  30   8       -0.0012206339        0.0189812399
  30   7        0.0031331252       -0.0258703578
  30   6        0.0141909199       -0.0048030966
  30   5        0.0197087153        0.0163262847
  30   4       -0.0060004089       -0.0230769995
  30   3       -0.0145643891        0.0015551259
  30   2       -0.0006693371        0.0148221169
  30   1       -0.0017526511       -0.0122831752
  30   0        0.0269116898        0.0000000000
  30  -1        0.0017526511       -0.0122831752
  30  -2       -0.0006693371       -0.0148221169
  30  -3        0.0145643891        0.0015551259
  30  -4       -0.0060004089        0.0230769995
  30  -5       -0.0197087153        0.0163262847
  30  -6        0.0141909199        0.0048030966
  30  -7       -0.0031331252       -0.0258703578
  30  -8       -0.0012206339       -0.0189812399
  30  -9       -0.0203859037       -0.0012097871
  30 -10        0.0212554427       -0.0099420533
  30 -11       -0.0072810091       -0.0148554723
  30 -12        0.0239729842       -0.0137553775
  30 -13       -0.0111982335        0.0064082015
  30 -14        0.0086613041       -0.0273433667
  30 -15        0.0230288412       -0.0006065882
  30 -16        0.0090149896        0.0096666892
  30 -17        0.0040528546        0.0020699814
  30 -18        0.0077997969       -0.0355343789
  30 -19        0.0258370647        0.0049500632
  30 -20        0.0049188981        0.0050982586
  30 -21       -0.0006023460        0.0070636195
  30 -22       -0.0086840895       -0.0051466271
  30 -23        0.0048949212       -0.0066269605
  30 -24        0.0110249608        0.0115487683
  30 -25       -0.0308156121        0.0124264132
  30 -26        0.0006324948        0.0135946943
  30 -27        0.0098275931        0.0270598657
  30 -28       -0.0387775954       -0.0265806900
  30 -29        0.0161914772        0.0338813014
  30 -30       -0.0397024921        0.0701924248
