   0   0       22.5783038472        0.0000000000
   1   1        0.1169594579        0.0530357850
   1   0        0.1799402989        0.0000000000
   1  -1       -0.1169594579        0.0530357850
   2   2        1.0056128216        1.2840433825
   2   1        1.0448886664        1.2903475106
   2   0       -0.5014991218        0.0000000000
   2  -1       -1.0448886664        1.2903475106
   2  -2        1.0056128216       -1.2840433825
   3   3       -0.0002238156       -0.9281633781
   3   2       -0.0573932732        0.0188706827
   3   1       -0.4700354459       -0.3408049202
   3   0       -0.4789317736        0.0000000000
   3  -1        0.4700354459       -0.3408049202
   3  -2       -0.0573932732       -0.0188706827
   3  -3        0.0002238156       -0.9281633781
   4   4        0.1759062060        0.3232996853
   4   3       -0.0966578757       -0.0989881499
   4   2       -0.1317388379       -0.0640986072
   4   1       -0.6351965758        0.2827883124
   4   0        0.3300518782        0.0000000000
   4  -1        0.6351965758        0.2827883124
   4  -2       -0.1317388379        0.0640986072
   4  -3        0.0966578757       -0.0989881499
   4  -4        0.1759062060       -0.3232996853
   5   5        0.2502609923       -0.0387347128
   5   4        0.1696763528       -0.1524254450
   5   3       -0.0330820844        0.0083301131
   5   2        0.1950647137        0.0613375751
   5   1        0.0213832577       -0.0760093030
   5   0        0.0195705157        0.0000000000
   5  -1       -0.0213832577       -0.0760093030
   5  -2        0.1950647137       -0.0613375751
   5  -3        0.0330820844        0.0083301131
   5  -4        0.1696763528        0.1524254450
   5  -5       -0.2502609923       -0.0387347128
   6   6       -0.1537443844        0.0047258594
   6   5       -0.1022252586        0.0357884188
   6   4        0.0293886541        0.0638849133
   6   3       -0.0273998177       -0.0325343439
   6   2       -0.0852892168        0.0946086145
   6   1        0.1862297423        0.1301496811
   6   0       -0.0652271202        0.0000000000
   6  -1       -0.1862297423        0.1301496811
   6  -2       -0.0852892168       -0.0946086145
   6  -3        0.0273998177       -0.0325343439
   6  -4        0.0293886541       -0.0638849133
   6  -5        0.1022252586        0.0357884188
   6  -6       -0.1537443844       -0.0047258594
   7   7        0.0854684040       -0.1947997827
   7   6        0.0364358637       -0.0099476579
   7   5       -0.0937086370       -0.0030372480
   7   4        0.0482149579        0.0730951628
   7   3        0.0748899151        0.0310525770
   7   2       -0.0930740701        0.0133930924
   7   1       -0.1091426934       -0.0623049386
   7   0       -0.0471946133        0.0000000000
   7  -1        0.1091426934       -0.0623049386
   7  -2       -0.0930740701       -0.0133930924
   7  -3       -0.0748899151        0.0310525770
   7  -4        0.0482149579       -0.0730951628
   7  -5        0.0937086370       -0.0030372480
   7  -6        0.0364358637        0.0099476579
   7  -7       -0.0854684040       -0.1947997827
   8   8       -0.0210762363        0.0126003241
   8   7       -0.0024729926        0.0082503489
   8   6        0.0067838960       -0.0182744186
   8   5       -0.0100542879       -0.0274371029
   8   4       -0.0032210804       -0.0410715168
   8   3       -0.0444169091        0.0408656296
   8   2        0.0612439823       -0.0420723059
   8   1        0.0220568022       -0.0056993665
   8   0       -0.0636055703        0.0000000000
   8  -1       -0.0220568022       -0.0056993665
   8  -2        0.0612439823        0.0420723059
   8  -3        0.0444169091        0.0408656296
   8  -4       -0.0032210804        0.0410715168
   8  -5        0.0100542879       -0.0274371029
   8  -6        0.0067838960        0.0182744186
   8  -7        0.0024729926        0.0082503489
   8  -8       -0.0210762363       -0.0126003241
   9   9        0.0469822800        0.0560154681
   9   8       -0.0447946106       -0.0958548244
   9   7        0.0096668719       -0.0538295600
   9   6        0.0220761822        0.0467055527
   9   5        0.0065679492        0.0343697299
   9   4       -0.0277977708       -0.0119661887
   9   3       -0.0481510367       -0.0566687362
   9   2       -0.0689451215        0.0113602287
   9   1        0.0919707344        0.0743871331
   9   0        0.0297973966        0.0000000000
   9  -1       -0.0919707344        0.0743871331
   9  -2       -0.0689451215       -0.0113602287
   9  -3        0.0481510367       -0.0566687362
   9  -4       -0.0277977708        0.0119661887
   9  -5       -0.0065679492        0.0343697299
   9  -6        0.0220761822       -0.0467055527
   9  -7       -0.0096668719       -0.0538295600
   9  -8       -0.0447946106        0.0958548244
   9  -9       -0.0469822800        0.0560154681
  10  10       -0.0545967093       -0.0160567964
  10   9       -0.1095458883        0.0606371302
  10   8       -0.0128088215        0.0806375232
  10   7       -0.0143400723       -0.0839371112
  10   6       -0.0084841016       -0.0546432151
  10   5       -0.0273849335        0.0062307165
  10   4       -0.0182723264       -0.0022225420
  10   3        0.0931940422        0.0113451032
  10   2       -0.0547187889       -0.0007235049
  10   1       -0.0182852047       -0.0056867790
  10   0        0.0308496666        0.0000000000
  10  -1        0.0182852047       -0.0056867790
  10  -2       -0.0547187889        0.0007235049
  10  -3       -0.0931940422        0.0113451032
  10  -4       -0.0182723264        0.0022225420
  10  -5        0.0273849335        0.0062307165
  10  -6       -0.0084841016        0.0546432151
  10  -7        0.0143400723       -0.0839371112
  10  -8       -0.0128088215       -0.0806375232
  10  -9        0.1095458883        0.0606371302
  10 -10       -0.0545967093        0.0160567964
  11  11        0.0415506204        0.0140454940
  11  10        0.0534184425        0.0195608432
  11   9       -0.0337723531        0.0106901849
  11   8       -0.1066539518        0.0022357988
  11   7        0.0140465877        0.0147181387
  11   6       -0.0441724088       -0.0048626794
  11   5        0.0012374963       -0.0034421545
  11   4        0.0142658903       -0.0010011256
  11   3        0.0388441249       -0.0017658177
  11   2        0.0305166966        0.0114958199
  11   1        0.0106410536       -0.0279941820
  11   0        0.0281027478        0.0000000000
  11  -1       -0.0106410536       -0.0279941820
  11  -2        0.0305166966       -0.0114958199
  11  -3       -0.0388441249       -0.0017658177
  11  -4        0.0142658903        0.0010011256
  11  -5       -0.0012374963       -0.0034421545
  11  -6       -0.0441724088        0.0048626794
  11  -7       -0.0140465877        0.0147181387
  11  -8       -0.1066539518       -0.0022357988
  11  -9        0.0337723531        0.0106901849
  11 -10        0.0534184425       -0.0195608432
  11 -11       -0.0415506204        0.0140454940
  12  12        0.0159797360       -0.0248382562
  12  11       -0.0723229407       -0.0041227675
  12  10       -0.0434861760       -0.0035189648
  12   9       -0.0552294261        0.0217508350
  12   8       -0.0064801249       -0.0074489558
  12   7        0.0095755038        0.0454769774
  12   6       -0.0382583761       -0.0173913716
  12   5       -0.0350992588        0.0339255845
  12   4       -0.0005405224        0.0018981661
  12   3       -0.0616316052       -0.0488529208
  12   2       -0.0457074053       -0.0290789515
  12   1       -0.0113766081        0.0003330485
  12   0       -0.1172687815        0.0000000000
  12  -1        0.0113766081        0.0003330485
  12  -2       -0.0457074053        0.0290789515
  12  -3        0.0616316052       -0.0488529208
  12  -4       -0.0005405224       -0.0018981661
  12  -5        0.0350992588        0.0339255845
  12  -6       -0.0382583761        0.0173913716
  12  -7       -0.0095755038        0.0454769774
  12  -8       -0.0064801249        0.0074489558
  12  -9        0.0552294261        0.0217508350
  12 -10       -0.0434861760        0.0035189648
  12 -11        0.0723229407       -0.0041227675
  12 -12        0.0159797360        0.0248382562
  13  13        0.0137472050        0.0220837697
  13  12        0.0313694170        0.0513748172
  13  11        0.0437054465        0.0007168176
  13  10        0.0016291516        0.0027560145
  13   9        0.0221563435        0.0430345446
  13   8       -0.0399011457        0.0206151346
  13   7       -0.0101174622        0.0372281050
  13   6       -0.0097237277       -0.0276071108
  13   5        0.0174927699       -0.0177364616
  13   4        0.0754327732        0.0579541082
  13   3        0.0528080679       -0.0337844283
  13   2       -0.0305863118       -0.0366514928
  13   1        0.0384799147        0.0318499995
  13   0        0.0185179448        0.0000000000
  13  -1       -0.0384799147        0.0318499995
  13  -2       -0.0305863118        0.0366514928
  13  -3       -0.0528080679       -0.0337844283
  13  -4        0.0754327732       -0.0579541082
  13  -5       -0.0174927699       -0.0177364616
  13  -6       -0.0097237277        0.0276071108
  13  -7        0.0101174622        0.0372281050
  13  -8       -0.0399011457       -0.0206151346
  13  -9       -0.0221563435        0.0430345446
  13 -10        0.0016291516       -0.0027560145
  13 -11       -0.0437054465        0.0007168176
  13 -12        0.0313694170       -0.0513748172
  13 -13       -0.0137472050        0.0220837697
  14  14       -0.0158872546       -0.0408956583
  14  13        0.0016057021       -0.0337815043
  14  12       -0.0020611453       -0.0107903455
  14  11        0.0095431968       -0.0547350726
  14  10        0.0389805274       -0.0059179897
  14   9       -0.0244113563       -0.0130954006
  14   8       -0.0079958909        0.0020974153
  14   7       -0.0315919301       -0.0144058051
  14   6       -0.0103555620        0.0703786559
  14   5       -0.0314326718        0.0054057156
  14   4       -0.0390619104        0.0003141782
  14   3        0.0333953395       -0.0198805040
  14   2       -0.0242904383       -0.0072533329
  14   1       -0.0242709614        0.0222516968
  14   0       -0.0343946312        0.0000000000
  14  -1        0.0242709614        0.0222516968
  14  -2       -0.0242904383        0.0072533329
  14  -3       -0.0333953395       -0.0198805040
  14  -4       -0.0390619104       -0.0003141782
  14  -5        0.0314326718        0.0054057156
  14  -6       -0.0103555620       -0.0703786559
  14  -7        0.0315919301       -0.0144058051
  14  -8       -0.0079958909       -0.0020974153
  14  -9        0.0244113563       -0.0130954006
  14 -10        0.0389805274        0.0059179897
  14 -11       -0.0095431968       -0.0547350726
  14 -12       -0.0020611453        0.0107903455
  14 -13       -0.0016057021       -0.0337815043
  14 -14       -0.0158872546        0.0408956583
  15  15       -0.0104865096       -0.0074895395
  15  14       -0.0461240709       -0.0008992096
  15  13        0.0525389685        0.0083275371
  15  12        0.0404379031        0.0545509990
  15  11       -0.0062298413       -0.0176730234
  15  10       -0.0113959087        0.0186843576
  15   9       -0.0024063858       -0.0185219077
  15   8        0.0002377476       -0.0182467810
  15   7       -0.0113379562        0.0018691521
  15   6        0.0064827759        0.0218535842
  15   5        0.0295084568        0.0031465614
  15   4       -0.0025518906       -0.0200996268
  15   3        0.0422967002       -0.0606424018
  15   2        0.0116648439        0.0075395592
  15   1        0.0154125853       -0.0490470747
  15   0        0.0297023397        0.0000000000
  15  -1       -0.0154125853       -0.0490470747
  15  -2        0.0116648439       -0.0075395592
  15  -3       -0.0422967002       -0.0606424018
  15  -4       -0.0025518906        0.0200996268
  15  -5       -0.0295084568        0.0031465614
  15  -6        0.0064827759       -0.0218535842
  15  -7        0.0113379562        0.0018691521
  15  -8        0.0002377476        0.0182467810
  15  -9        0.0024063858       -0.0185219077
  15 -10       -0.0113959087       -0.0186843576
  15 -11        0.0062298413       -0.0176730234
  15 -12        0.0404379031       -0.0545509990
  15 -13       -0.0525389685        0.0083275371
  15 -14       -0.0461240709        0.0008992096
  15 -15        0.0104865096       -0.0074895395
  16  16        0.0504789004       -0.0433353874
  16  15       -0.0226882585       -0.0466828653
  16  14        0.0003809803        0.0099639391
  16  13        0.0141944261       -0.0434583323
  16  12        0.0347854632        0.0048530938
  16  11        0.0286106318        0.0300592493
  16  10        0.0680141520        0.0251441068
  16   9       -0.0014880326       -0.0089807913
  16   8        0.0176503916        0.0388769136
  16   7       -0.0300636201        0.0384238466
  16   6        0.0151288528        0.0083714289
  16   5        0.0059122425        0.0091773774
  16   4       -0.0573313261        0.0030782178
  16   3       -0.0370773430       -0.0318391913
  16   2        0.0297964468        0.0451645776
  16   1        0.0041537854       -0.0228967977
  16   0        0.0196504719        0.0000000000
  16  -1       -0.0041537854       -0.0228967977
  16  -2        0.0297964468       -0.0451645776
  16  -3        0.0370773430       -0.0318391913
  16  -4       -0.0573313261       -0.0030782178
  16  -5       -0.0059122425        0.0091773774
  16  -6        0.0151288528       -0.0083714289
  16  -7        0.0300636201        0.0384238466
  16  -8        0.0176503916       -0.0388769136
  16  -9        0.0014880326       -0.0089807913
  16 -10        0.0680141520       -0.0251441068
  16 -11       -0.0286106318        0.0300592493
  16 -12        0.0347854632       -0.0048530938
  16 -13       -0.0141944261       -0.0434583323
  16 -14        0.0003809803       -0.0099639391
  16 -15        0.0226882585       -0.0466828653
  16 -16        0.0504789004        0.0433353874
  17  17       -0.0049491689       -0.0038809241
  17  16        0.0239621048       -0.0209368929
  17  15       -0.0145599967       -0.0413344915
  17  14       -0.0320594988        0.0239830455
  17  13       -0.0281155578        0.0191516857
  17  12       -0.0509520776       -0.0073241260
  17  11       -0.0018782259        0.0041157459
  17  10        0.0031915433       -0.0196740128
  17   9       -0.0420826339        0.0241019432
  17   8        0.0035089459       -0.0138842656
  17   7        0.0065355630        0.0335792145
  17   6       -0.0228928756        0.0145849425
  17   5       -0.0237120986        0.0056761731
  17   4        0.0366036386        0.0224318327
  17   3        0.0477696069       -0.0460979686
  17   2       -0.0162155543       -0.0308965740
  17   1       -0.0031334436       -0.0564947501
  17   0       -0.0515260565        0.0000000000
  17  -1        0.0031334436       -0.0564947501
  17  -2       -0.0162155543        0.0308965740
  17  -3       -0.0477696069       -0.0460979686
  17  -4        0.0366036386       -0.0224318327
  17  -5        0.0237120986        0.0056761731
  17  -6       -0.0228928756       -0.0145849425
  17  -7       -0.0065355630        0.0335792145
  17  -8        0.0035089459        0.0138842656
  17  -9        0.0420826339        0.0241019432
  17 -10        0.0031915433        0.0196740128
  17 -11        0.0018782259        0.0041157459
  17 -12       -0.0509520776        0.0073241260
  17 -13        0.0281155578        0.0191516857
  17 -14       -0.0320594988       -0.0239830455
  17 -15        0.0145599967       -0.0413344915
  17 -16        0.0239621048        0.0209368929
  17 -17        0.0049491689       -0.0038809241
  18  18        0.0221831545       -0.0678714928
  18  17        0.0525437813        0.0440213258
  18  16        0.0047760148       -0.0261735906
  18  15        0.0159623504        0.0200658152
  18  14       -0.0169097117       -0.0202564745
  18  13        0.0293736979       -0.0156175993
  18  12        0.0204714611       -0.0249634749
  18  11        0.0125975309       -0.0440997192
  18  10       -0.0095207809        0.0036907983
  18   9       -0.0265631032       -0.0211956694
  18   8        0.0135011024        0.0375809508
  18   7        0.0180444853        0.0303838130
  18   6        0.0164539624       -0.0008441506
  18   5        0.0741157312        0.0140753194
  18   4       -0.0430850625       -0.0149711877
  18   3       -0.0008254445        0.0511012541
  18   2        0.0142016988       -0.0176631882
  18   1        0.0193185453       -0.0149369111
  18   0        0.0129777331        0.0000000000
  18  -1       -0.0193185453       -0.0149369111
  18  -2        0.0142016988        0.0176631882
  18  -3        0.0008254445        0.0511012541
  18  -4       -0.0430850625        0.0149711877
  18  -5       -0.0741157312        0.0140753194
  18  -6        0.0164539624        0.0008441506
  18  -7       -0.0180444853        0.0303838130
  18  -8        0.0135011024       -0.0375809508
  18  -9        0.0265631032       -0.0211956694
  18 -10       -0.0095207809       -0.0036907983
  18 -11       -0.0125975309       -0.0440997192
  18 -12        0.0204714611        0.0249634749
  18 -13       -0.0293736979       -0.0156175993
  18 -14       -0.0169097117        0.0202564745
  18 -15       -0.0159623504        0.0200658152
  18 -16        0.0047760148        0.0261735906
  18 -17       -0.0525437813        0.0440213258
  18 -18        0.0221831545        0.0678714928
  19  19        0.0339293465       -0.0121106303
  19  18       -0.0219113871        0.0503796550
  19  17       -0.0034049023        0.0108215985
  19  16        0.0587843533        0.0400727572
  19  15       -0.0088091139       -0.0301002904
  19  14       -0.0094451345        0.0061069892
  19  13        0.0176878171        0.0028817760
  19  12       -0.0027870239        0.0089117187
  19  11       -0.0226569544       -0.0055880437
  19  10       -0.0000064529        0.0058682716
  19   9        0.0057393484        0.0055923150
  19   8        0.0631949932        0.0044531092
  19   7        0.0220042402        0.0093549264
  19   6        0.0048076622       -0.0071865071
  19   5       -0.0195796365        0.0073655972
  19   4        0.0151136012       -0.0312416567
  19   3       -0.0039151795        0.0123597357
  19   2        0.0066270872       -0.0211392779
  19   1        0.0144273864       -0.0270335545
  19   0       -0.0383868250        0.0000000000
  19  -1       -0.0144273864       -0.0270335545
  19  -2        0.0066270872        0.0211392779
  19  -3        0.0039151795        0.0123597357
  19  -4        0.0151136012        0.0312416567
  19  -5        0.0195796365        0.0073655972
  19  -6        0.0048076622        0.0071865071
  19  -7       -0.0220042402        0.0093549264
  19  -8        0.0631949932       -0.0044531092
  19  -9       -0.0057393484        0.0055923150
  19 -10       -0.0000064529       -0.0058682716
  19 -11        0.0226569544       -0.0055880437
  19 -12       -0.0027870239       -0.0089117187
  19 -13       -0.0176878171        0.0028817760
  19 -14       -0.0094451345       -0.0061069892
  19 -15        0.0088091139       -0.0301002904
  19 -16        0.0587843533       -0.0400727572
  19 -17        0.0034049023        0.0108215985
  19 -18       -0.0219113871       -0.0503796550
  19 -19       -0.0339293465       -0.0121106303
  20  20        0.0455664167        0.0176343605
  20  19        0.0376577943       -0.0035046476
  20  18       -0.0277706749       -0.0019636454
  20  17        0.0003860605       -0.0240481253
  20  16        0.0025106554        0.0240755902
  20  15        0.0045217992       -0.0194480334
  20  14       -0.0281038041        0.0012884192
  20  13        0.0014771320       -0.0016275669
  20  12       -0.0005511617        0.0000337327
  20  11        0.0134647061        0.0225556602
  20  10       -0.0376465435       -0.0268721039
  20   9        0.0168336842        0.0055422767
  20   8       -0.0135785368        0.0265901819
  20   7        0.0522559785        0.0326598537
  20   6        0.0280488905        0.0252362910
  20   5        0.0105799449        0.0344386853
  20   4        0.0308568531       -0.0169380563
  20   3        0.0047281368       -0.0339716927
  20   2        0.0215575921       -0.0415913042
  20   1       -0.0580148293        0.0092326936
  20   0       -0.0044971348        0.0000000000
  20  -1        0.0580148293        0.0092326936
  20  -2        0.0215575921        0.0415913042
  20  -3       -0.0047281368       -0.0339716927
  20  -4        0.0308568531        0.0169380563
  20  -5       -0.0105799449        0.0344386853
  20  -6        0.0280488905       -0.0252362910
  20  -7       -0.0522559785        0.0326598537
  20  -8       -0.0135785368       -0.0265901819
  20  -9       -0.0168336842        0.0055422767
  20 -10       -0.0376465435        0.0268721039
  20 -11       -0.0134647061        0.0225556602
  20 -12       -0.0005511617       -0.0000337327
  20 -13       -0.0014771320       -0.0016275669
  20 -14       -0.0281038041       -0.0012884192
  20 -15       -0.0045217992       -0.0194480334
  20 -16        0.0025106554       -0.0240755902
  20 -17       -0.0003860605       -0.0240481253
  20 -18       -0.0277706749        0.0019636454
  20 -19       -0.0376577943       -0.0035046476
  20 -20        0.0455664167       -0.0176343605
  21  21       -0.0305637809        0.0098545659
  21  20        0.0226338643        0.0138017387
  21  19        0.0000186290        0.0317612839
  21  18        0.0138726824       -0.0210628271
  21  17       -0.0027649137        0.0195086551
  21  16        0.0118514223       -0.0111945571
  21  15        0.0164465856       -0.0178970724
  21  14        0.0309842806        0.0030686265
  21  13        0.0018446135       -0.0057047592
  21  12       -0.0357024404        0.0097772859
  21  11       -0.0037291613        0.0062518814
  21  10        0.0054324448       -0.0157341895
  21   9        0.0404568083        0.0044613241
  21   8       -0.0516886813       -0.0172927911
  21   7       -0.0091171325        0.0083846224
  21   6        0.0462297305       -0.0117010562
  21   5       -0.0360933660        0.0044460307
  21   4        0.0223211595        0.0137193000
  21   3        0.0389577891       -0.0215629621
  21   2       -0.0099593098       -0.0038234434
  21   1        0.0080644062        0.0412892523
  21   0        0.0044351679        0.0000000000
  21  -1       -0.0080644062        0.0412892523
  21  -2       -0.0099593098        0.0038234434
  21  -3       -0.0389577891       -0.0215629621
  21  -4        0.0223211595       -0.0137193000
  21  -5        0.0360933660        0.0044460307
  21  -6        0.0462297305        0.0117010562
  21  -7        0.0091171325        0.0083846224
  21  -8       -0.0516886813        0.0172927911
  21  -9       -0.0404568083        0.0044613241
  21 -10        0.0054324448        0.0157341895
  21 -11        0.0037291613        0.0062518814
  21 -12       -0.0357024404       -0.0097772859
  21 -13       -0.0018446135       -0.0057047592
  21 -14        0.0309842806       -0.0030686265
  21 -15       -0.0164465856       -0.0178970724
  21 -16        0.0118514223        0.0111945571
  21 -17        0.0027649137        0.0195086551
  21 -18        0.0138726824        0.0210628271
  21 -19       -0.0000186290        0.0317612839
  21 -20        0.0226338643       -0.0138017387
  21 -21        0.0305637809        0.0098545659
  22  22        0.0027514611        0.0088627964
  22  21       -0.0348410107       -0.0063946098
  22  20       -0.0086621241        0.0224871858
  22  19        0.0370023506       -0.0153359406
  22  18       -0.0094685427       -0.0189447853
  22  17       -0.0326327741        0.0173127264
  22  16       -0.0315266802       -0.0053852976
  22  15        0.0310354147       -0.0335598578
  22  14       -0.0127433025        0.0183808433
  22  13        0.0178102851       -0.0012126290
  22  12       -0.0173272076        0.0322514097
  22  11       -0.0018274790       -0.0101248449
  22  10        0.0075130860       -0.0066023504
  22   9       -0.0087029700        0.0173368328
  22   8       -0.0072511240        0.0076569444
  22   7       -0.0130602809       -0.0038368233
  22   6        0.0030594209       -0.0108316473
  22   5       -0.0153646296       -0.0018750273
  22   4       -0.0040452215        0.0117930010
  22   3       -0.0025983660       -0.0334234004
  22   2       -0.0038903585        0.0006174635
  22   1        0.0289982336       -0.0058554872
  22   0       -0.0040008711        0.0000000000
  22  -1       -0.0289982336       -0.0058554872
  22  -2       -0.0038903585       -0.0006174635
  22  -3        0.0025983660       -0.0334234004
  22  -4       -0.0040452215       -0.0117930010
  22  -5        0.0153646296       -0.0018750273
  22  -6        0.0030594209        0.0108316473
  22  -7        0.0130602809       -0.0038368233
  22  -8       -0.0072511240       -0.0076569444
  22  -9        0.0087029700        0.0173368328
  22 -10        0.0075130860        0.0066023504
  22 -11        0.0018274790       -0.0101248449
  22 -12       -0.0173272076       -0.0322514097
  22 -13       -0.0178102851       -0.0012126290
  22 -14       -0.0127433025       -0.0183808433
  22 -15       -0.0310354147       -0.0335598578
  22 -16       -0.0315266802        0.0053852976
  22 -17        0.0326327741        0.0173127264
  22 -18       -0.0094685427        0.0189447853
  22 -19       -0.0370023506       -0.0153359406
  22 -20       -0.0086621241       -0.0224871858
  22 -21        0.0348410107       -0.0063946098
  22 -22        0.0027514611       -0.0088627964
  23  23       -0.0187331665       -0.0152087523
  23  22       -0.0004097661       -0.0817703289
  23  21       -0.0026620357       -0.0052098871
  23  20       -0.0053553992       -0.0045776070
  23  19        0.0047427709        0.0119753850
  23  18        0.0106301045       -0.0195459994
  23  17       -0.0291289798        0.0147527755
  23  16        0.0102920137       -0.0009430051
  23  15        0.0009779889       -0.0159297855
  23  14       -0.0099456529        0.0054697813
  23  13       -0.0183794296       -0.0043362025
  23  12        0.0188847789        0.0150193076
  23  11       -0.0038347608        0.0230511017
  23  10       -0.0037274561       -0.0060586019
  23   9        0.0011428319        0.0102500179
  23   8       -0.0234657319       -0.0124414151
  23   7       -0.0326273717       -0.0141891896
  23   6       -0.0301536946       -0.0127123036
  23   5        0.0054152097        0.0104847848
  23   4       -0.0015505184       -0.0521292267
  23   3        0.0008150119        0.0172432222
  23   2        0.0092482649        0.0161796973
  23   1        0.0049594833        0.0203720658
  23   0        0.0259040948        0.0000000000
  23  -1       -0.0049594833        0.0203720658
  23  -2        0.0092482649       -0.0161796973
  23  -3       -0.0008150119        0.0172432222
  23  -4       -0.0015505184        0.0521292267
  23  -5       -0.0054152097        0.0104847848
  23  -6       -0.0301536946        0.0127123036
  23  -7        0.0326273717       -0.0141891896
  23  -8       -0.0234657319        0.0124414151
  23  -9       -0.0011428319        0.0102500179
  23 -10       -0.0037274561        0.0060586019
  23 -11        0.0038347608        0.0230511017
  23 -12        0.0188847789       -0.0150193076
  23 -13        0.0183794296       -0.0043362025
  23 -14       -0.0099456529       -0.0054697813
  23 -15       -0.0009779889       -0.0159297855
  23 -16        0.0102920137        0.0009430051
  23 -17        0.0291289798        0.0147527755
  23 -18        0.0106301045        0.0195459994
  23 -19       -0.0047427709        0.0119753850
  23 -20       -0.0053553992        0.0045776070
  23 -21        0.0026620357       -0.0052098871
  23 -22       -0.0004097661        0.0817703289
  23 -23        0.0187331665       -0.0152087523
  24  24       -0.0181848438       -0.0298911752
  24  23       -0.0081473234        0.0195741912
  24  22        0.0402789551        0.0050017514
  24  21        0.0082698689        0.0135046917
  24  20        0.0220651736       -0.0642549784
  24  19        0.0103442246        0.0030066718
  24  18        0.0294336669        0.0100755852
  24  17       -0.0153990741       -0.0129433428
  24  16       -0.0271876046        0.0040016792
  24  15        0.0021073159        0.0136803349
  24  14        0.0204853793       -0.0052525522
  24  13       -0.0089266134        0.0015856482
  24  12        0.0234954161       -0.0186205670
  24  11       -0.0156743633        0.0144151916
  24  10        0.0353073707        0.0170458627
  24   9        0.0068309119       -0.0414246429
  24   8        0.0060681894        0.0018976039
  24   7        0.0124137755        0.0232837131
  24   6        0.0075669219        0.0121044447
  24   5       -0.0367461280       -0.0105632645
  24   4       -0.0119406883        0.0322192904
  24   3        0.0094766486        0.0233867786
  24   2       -0.0370667286        0.0110915284
  24   1        0.0238214186       -0.0030044009
  24   0        0.0103484535        0.0000000000
  24  -1       -0.0238214186       -0.0030044009
  24  -2       -0.0370667286       -0.0110915284
  24  -3       -0.0094766486        0.0233867786
  24  -4       -0.0119406883       -0.0322192904
  24  -5        0.0367461280       -0.0105632645
  24  -6        0.0075669219       -0.0121044447
  24  -7       -0.0124137755        0.0232837131
  24  -8        0.0060681894       -0.0018976039
  24  -9       -0.0068309119       -0.0414246429
  24 -10        0.0353073707       -0.0170458627
  24 -11        0.0156743633        0.0144151916
  24 -12        0.0234954161        0.0186205670
  24 -13        0.0089266134        0.0015856482
  24 -14        0.0204853793        0.0052525522
  24 -15       -0.0021073159        0.0136803349
  24 -16       -0.0271876046       -0.0040016792
  24 -17        0.0153990741       -0.0129433428
  24 -18        0.0294336669       -0.0100755852
  24 -19       -0.0103442246        0.0030066718
  24 -20        0.0220651736        0.0642549784
  24 -21       -0.0082698689        0.0135046917
  24 -22        0.0402789551       -0.0050017514
  24 -23        0.0081473234        0.0195741912
  24 -24       -0.0181848438        0.0298911752
  25  25        0.0085110466       -0.0071541619
  25  24       -0.0221201001       -0.0533910923
  25  23        0.0063318685        0.0000735436
  25  22       -0.0090804118        0.0089857770
  25  21       -0.0046492627       -0.0240438598
  25  20       -0.0172750759        0.0216008652
  25  19       -0.0140384484        0.0138474444
  25  18        0.0075414613       -0.0088120640
  25  17        0.0010935743        0.0192416494
  25  16       -0.0021866580        0.0001634356
  25  15       -0.0003655191        0.0086931837
  25  14        0.0075159336       -0.0242575566
  25  13       -0.0085870808        0.0025653801
  25  12        0.0359126541       -0.0065688535
  25  11       -0.0120312914       -0.0106700309
  25  10       -0.0098316526        0.0163747517
  25   9       -0.0134287573        0.0140876961
  25   8        0.0042072549        0.0004939111
  25   7       -0.0155032807        0.0169064048
  25   6        0.0224243491        0.0110364009
  25   5       -0.0185741151        0.0151234886
  25   4       -0.0175970030        0.0049016122
  25   3       -0.0429125291        0.0135892925
  25   2       -0.0389461189        0.0233976254
  25   1       -0.0070890445       -0.0407818039
  25   0       -0.0664836146        0.0000000000
  25  -1        0.0070890445       -0.0407818039
  25  -2       -0.0389461189       -0.0233976254
  25  -3        0.0429125291        0.0135892925
  25  -4       -0.0175970030       -0.0049016122
  25  -5        0.0185741151        0.0151234886
  25  -6        0.0224243491       -0.0110364009
  25  -7        0.0155032807        0.0169064048
  25  -8        0.0042072549       -0.0004939111
  25  -9        0.0134287573        0.0140876961
  25 -10       -0.0098316526       -0.0163747517
  25 -11        0.0120312914       -0.0106700309
  25 -12        0.0359126541        0.0065688535
  25 -13        0.0085870808        0.0025653801
  25 -14        0.0075159336        0.0242575566
  25 -15        0.0003655191        0.0086931837
  25 -16       -0.0021866580       -0.0001634356
  25 -17       -0.0010935743        0.0192416494
  25 -18        0.0075414613        0.0088120640
  25 -19        0.0140384484        0.0138474444
  25 -20       -0.0172750759       -0.0216008652
  25 -21        0.0046492627       -0.0240438598
  25 -22       -0.0090804118       -0.0089857770
  25 -23       -0.0063318685        0.0000735436
  25 -24       -0.0221201001        0.0533910923
  25 -25       -0.0085110466       -0.0071541619
  26  26       -0.0099584368        0.0134783705
  26  25        0.0191836003        0.0155984519
  26  24        0.0045551733       -0.0097735061
  26  23        0.0068245716       -0.0026551703
  26  22       -0.0134253914        0.0050529459
  26  21        0.0012772589        0.0005501009
  26  20       -0.0144516357       -0.0193103784
  26  19       -0.0203451134        0.0065816568
  26  18        0.0313133038        0.0002223818
  26  17       -0.0164903252        0.0083319811
  26  16        0.0067817510        0.0091117353
  26  15        0.0132596132       -0.0047336161
  26  14        0.0371068209        0.0087939109
  26  13        0.0191294671       -0.0306016373
  26  12       -0.0183207597        0.0113113047
  26  11       -0.0008065027       -0.0105566268
  26  10       -0.0064030440       -0.0081072654
  26   9        0.0230516590       -0.0089417359
  26   8       -0.0253657044        0.0123433060
  26   7       -0.0312458524       -0.0275533438
  26   6        0.0153471415        0.0101411192
  26   5        0.0152354038       -0.0271407724
  26   4       -0.0091429590       -0.0039102813
  26   3        0.0009738771       -0.0075592461
  26   2        0.0227440784        0.0020529050
  26   1       -0.0248031003       -0.0324332938
  26   0       -0.0336973574        0.0000000000
  26  -1        0.0248031003       -0.0324332938
  26  -2        0.0227440784       -0.0020529050
  26  -3       -0.0009738771       -0.0075592461
  26  -4       -0.0091429590        0.0039102813
  26  -5       -0.0152354038       -0.0271407724
  26  -6        0.0153471415       -0.0101411192
  26  -7        0.0312458524       -0.0275533438
  26  -8       -0.0253657044       -0.0123433060
  26  -9       -0.0230516590       -0.0089417359
  26 -10       -0.0064030440        0.0081072654
  26 -11        0.0008065027       -0.0105566268
  26 -12       -0.0183207597       -0.0113113047
  26 -13       -0.0191294671       -0.0306016373
  26 -14        0.0371068209       -0.0087939109
  26 -15       -0.0132596132       -0.0047336161
  26 -16        0.0067817510       -0.0091117353
  26 -17        0.0164903252        0.0083319811
  26 -18        0.0313133038       -0.0002223818
  26 -19        0.0203451134        0.0065816568
  26 -20       -0.0144516357        0.0193103784
  26 -21       -0.0012772589        0.0005501009
  26 -22       -0.0134253914       -0.0050529459
  26 -23       -0.0068245716       -0.0026551703
  26 -24        0.0045551733        0.0097735061
  26 -25       -0.0191836003        0.0155984519
  26 -26       -0.0099584368       -0.0134783705
  27  27       -0.0084853348        0.0179038447
  27  26        0.0094200112       -0.0212744700
  27  25       -0.0047644928       -0.0219456242
  27  24       -0.0254400547        0.0241203293
  27  23        0.0036439098       -0.0108249748
  27  22        0.0118527112       -0.0187763819
  27  21        0.0035824595        0.0118068257
  27  20       -0.0077055073       -0.0133221538
  27  19        0.0075902359        0.0176330894
  27  18        0.0298423095        0.0330719043
  27  17       -0.0001058406        0.0027709619
  27  16        0.0073159442        0.0072107231
  27  15       -0.0012918941        0.0025087558
  27  14        0.0136681919       -0.0107735526
  27  13       -0.0193261155       -0.0038720481
  27  12        0.0064161524        0.0331038813
  27  11        0.0016941283        0.0003711488
  27  10        0.0067653223        0.0167422748
  27   9       -0.0207940123        0.0065832460
  27   8        0.0079714941        0.0136658531
  27   7        0.0062939015       -0.0222036584
  27   6       -0.0003768126        0.0099241574
  27   5       -0.0210680851       -0.0212794433
  27   4        0.0056215549        0.0256806266
  27   3        0.0099732819       -0.0139200630
  27   2       -0.0245777110        0.0054281500
  27   1       -0.0377935565       -0.0022542118
  27   0        0.0546404421        0.0000000000
  27  -1        0.0377935565       -0.0022542118
  27  -2       -0.0245777110       -0.0054281500
  27  -3       -0.0099732819       -0.0139200630
  27  -4        0.0056215549       -0.0256806266
  27  -5        0.0210680851       -0.0212794433
  27  -6       -0.0003768126       -0.0099241574
  27  -7       -0.0062939015       -0.0222036584
  27  -8        0.0079714941       -0.0136658531
  27  -9        0.0207940123        0.0065832460
  27 -10        0.0067653223       -0.0167422748
  27 -11       -0.0016941283        0.0003711488
  27 -12        0.0064161524       -0.0331038813
  27 -13        0.0193261155       -0.0038720481
  27 -14        0.0136681919        0.0107735526
  27 -15        0.0012918941        0.0025087558
  27 -16        0.0073159442       -0.0072107231
  27 -17        0.0001058406        0.0027709619
  27 -18        0.0298423095       -0.0330719043
  27 -19       -0.0075902359        0.0176330894
  27 -20       -0.0077055073        0.0133221538
  27 -21       -0.0035824595        0.0118068257
  27 -22        0.0118527112        0.0187763819
  27 -23       -0.0036439098       -0.0108249748
  27 -24       -0.0254400547       -0.0241203293
  27 -25        0.0047644928       -0.0219456242
  27 -26        0.0094200112        0.0212744700
  27 -27        0.0084853348        0.0179038447
  28  28       -0.0057100753       -0.0175424445
  28  27        0.0098268412        0.0089616095
  28  26       -0.0108112519        0.0007686028
  28  25        0.0070745004       -0.0022229241
  28  24       -0.0106056875        0.0055438370
  28  23        0.0001040393       -0.0168634618
  28  22       -0.0201814471        0.0040390359
  28  21        0.0293823825        0.0070587190
  28  20        0.0037315505       -0.0062928376
  28  19       -0.0034041061       -0.0096563004
  28  18       -0.0231477783        0.0050379019
  28  17       -0.0013306725       -0.0139462789
  28  16        0.0030425038       -0.0125886045
  28  15       -0.0133027156       -0.0054665895
  28  14       -0.0291430778       -0.0066010328
  28  13       -0.0107571595       -0.0038884341
  28  12       -0.0231138578        0.0016857842
  28  11        0.0041318596        0.0069050941
  28  10       -0.0076746939        0.0046026623
  28   9       -0.0222498160        0.0106759249
  28   8       -0.0092921117        0.0078132470
  28   7       -0.0005649727        0.0113391770
  28   6       -0.0180107157        0.0099737463
  28   5        0.0288238437        0.0045248455
  28   4       -0.0046756465       -0.0105909750
  28   3       -0.0378497363       -0.0162498665
  28   2       -0.0369181201        0.0195707843
  28   1        0.0199309536        0.0141134194
  28   0       -0.0507494418        0.0000000000
  28  -1       -0.0199309536        0.0141134194
  28  -2       -0.0369181201       -0.0195707843
  28  -3        0.0378497363       -0.0162498665
  28  -4       -0.0046756465        0.0105909750
  28  -5       -0.0288238437        0.0045248455
  28  -6       -0.0180107157       -0.0099737463
  28  -7        0.0005649727        0.0113391770
  28  -8       -0.0092921117       -0.0078132470
  28  -9        0.0222498160        0.0106759249
  28 -10       -0.0076746939       -0.0046026623
  28 -11       -0.0041318596        0.0069050941
  28 -12       -0.0231138578       -0.0016857842
  28 -13        0.0107571595       -0.0038884341
  28 -14       -0.0291430778        0.0066010328
  28 -15        0.0133027156       -0.0054665895
  28 -16        0.0030425038        0.0125886045
  28 -17        0.0013306725       -0.0139462789
  28 -18       -0.0231477783       -0.0050379019
  28 -19        0.0034041061       -0.0096563004
  28 -20        0.0037315505        0.0062928376
  28 -21       -0.0293823825        0.0070587190
  28 -22       -0.0201814471       -0.0040390359
  28 -23       -0.0001040393       -0.0168634618
  28 -24       -0.0106056875       -0.0055438370
  28 -25       -0.0070745004       -0.0022229241
  28 -26       -0.0108112519       -0.0007686028
  28 -27       -0.0098268412        0.0089616095
  28 -28       -0.0057100753        0.0175424445
  29  29        0.0233427250        0.0265677859
  29  28       -0.0105556369        0.0290873994
  29  27       -0.0124924816       -0.0122592020
  29  26       -0.0080128336        0.0182977223
  29  25        0.0149759205        0.0211954100
  29  24       -0.0070235828        0.0067619798
  29  23       -0.0085801517        0.0254720869
  29  22        0.0064394670        0.0146109674
  29  21       -0.0075199425       -0.0077862024
  29  20        0.0109420231        0.0163028361
  29  19       -0.0061545115        0.0122838427
  29  18       -0.0047063781       -0.0198654040
  29  17        0.0202213616       -0.0320343762
  29  16       -0.0216213801       -0.0135246173
  29  15        0.0002897531        0.0061158525
  29  14       -0.0009173777       -0.0062504347
  29  13        0.0060946119        0.0081467279
  29  12       -0.0055308899        0.0289755819
  29  11        0.0001426569        0.0043172155
  29  10        0.0092478954       -0.0176220261
  29   9        0.0051448287       -0.0316122153
  29   8        0.0018279375        0.0054385212
  29   7       -0.0126728303       -0.0193375207
  29   6       -0.0232231895        0.0098532772
  29   5        0.0290148516        0.0133342767
  29   4       -0.0143329025        0.0144753028
  29   3       -0.0211526962       -0.0250708413
  29   2        0.0499466853       -0.0113201373
  29   1       -0.0035263051       -0.0243610363
  29   0        0.0341563287        0.0000000000
  29  -1        0.0035263051       -0.0243610363
  29  -2        0.0499466853        0.0113201373
  29  -3        0.0211526962       -0.0250708413
  29  -4       -0.0143329025       -0.0144753028
  29  -5       -0.0290148516        0.0133342767
  29  -6       -0.0232231895       -0.0098532772
  29  -7        0.0126728303       -0.0193375207
  29  -8        0.0018279375       -0.0054385212
  29  -9       -0.0051448287       -0.0316122153
  29 -10        0.0092478954        0.0176220261
  29 -11       -0.0001426569        0.0043172155
  29 -12       -0.0055308899       -0.0289755819
  29 -13       -0.0060946119        0.0081467279
  29 -14       -0.0009173777        0.0062504347
  29 -15       -0.0002897531        0.0061158525
  29 -16       -0.0216213801        0.0135246173
  29 -17       -0.0202213616       -0.0320343762
  29 -18       -0.0047063781        0.0198654040
  29 -19        0.0061545115        0.0122838427
  29 -20        0.0109420231       -0.0163028361
  29 -21        0.0075199425       -0.0077862024
  29 -22        0.0064394670       -0.0146109674
  29 -23        0.0085801517        0.0254720869
  29 -24       -0.0070235828       -0.0067619798
  29 -25       -0.0149759205        0.0211954100
  29 -26       -0.0080128336       -0.0182977223
  29 -27        0.0124924816       -0.0122592020
  29 -28       -0.0105556369       -0.0290873994
  29 -29       -0.0233427250        0.0265677859
  30  30       -0.0295690121        0.0234619342
  30  29       -0.0176225631       -0.0031873871
  30  28       -0.0096826645        0.0057079602
  30  27        0.0117259990       -0.0276297131
  30  26       -0.0091611528        0.0280096571
  30  25        0.0066404319       -0.0132268856
  30  24        0.0024737963       -0.0129559683
  30  23        0.0279425339       -0.0166847099
  30  22       -0.0067062941       -0.0036861208
  30  21        0.0133275216       -0.0187170243
  30  20       -0.0108638318       -0.0325516210
  30  19       -0.0173550371       -0.0010075224
  30  18       -0.0169744172       -0.0009224860
  30  17        0.0174224902        0.0086526942
  30  16       -0.0225543479       -0.0044909727
  30  15       -0.0252696420        0.0159579305
  30  14       -0.0032487753        0.0071559716
  30  13        0.0176620044        0.0054965408
  30  12        0.0102873229       -0.0147191838
  30  11       -0.0046518255        0.0009747337
  30  10        0.0066959010        0.0075912491
  30   9       -0.0072372272        0.0141018399
  30   8       -0.0144090766        0.0028905336
  30   7        0.0084222979        0.0019872573
  30   6       -0.0011645192        0.0160708112
  30   5       -0.0074805259        0.0197250875
  30   4        0.0018959509       -0.0152793010
  30   3        0.0271097521        0.0426618374
  30   2       -0.0225606812        0.0022356494
  30   1        0.0111611481        0.0255796821
  30   0        0.0481567927        0.0000000000
  30  -1       -0.0111611481        0.0255796821
  30  -2       -0.0225606812       -0.0022356494
  30  -3       -0.0271097521        0.0426618374
  30  -4        0.0018959509        0.0152793010
  30  -5        0.0074805259        0.0197250875
  30  -6       -0.0011645192       -0.0160708112
  30  -7       -0.0084222979        0.0019872573
  30  -8       -0.0144090766       -0.0028905336
  30  -9        0.0072372272        0.0141018399
  30 -10        0.0066959010       -0.0075912491
  30 -11        0.0046518255        0.0009747337
  30 -12        0.0102873229        0.0147191838
  30 -13       -0.0176620044        0.0054965408
  30 -14       -0.0032487753       -0.0071559716
  30 -15        0.0252696420        0.0159579305
  30 -16       -0.0225543479        0.0044909727
  30 -17       -0.0174224902        0.0086526942
  30 -18       -0.0169744172        0.0009224860
  30 -19        0.0173550371       -0.0010075224
  30 -20       -0.0108638318        0.0325516210
  30 -21       -0.0133275216       -0.0187170243
  30 -22       -0.0067062941        0.0036861208
  30 -23       -0.0279425339       -0.0166847099
  30 -24        0.0024737963        0.0129559683
  30 -25       -0.0066404319       -0.0132268856
  30 -26       -0.0091611528       -0.0280096571
  30 -27       -0.0117259990       -0.0276297131
  30 -28       -0.0096826645       -0.0057079602
  30 -29        0.0176225631       -0.0031873871
  30 -30       -0.0295690121       -0.0234619342
