   0   0       29.3875310410        0.0000000000
   1   1       -0.3459665960       -0.3062620092
   1   0        0.0564088414        0.0000000000
   1  -1        0.3459665960       -0.3062620092
   2   2       -2.4669905113        0.6422005425
   2   1       -1.3734743753       -0.8240864756
   2   0        2.2505328045        0.0000000000
   2  -1        1.3734743753       -0.8240864756
   2  -2       -2.4669905113       -0.6422005425
   3   3       -1.1370560340       -1.1980290065
   3   2        0.1797466092        1.1064114061
   3   1        0.0954011093        0.4268374969
   3   0        0.5477634738        0.0000000000
   3  -1       -0.0954011093        0.4268374969
   3  -2        0.1797466092       -1.1064114061
   3  -3        1.1370560340       -1.1980290065
   4   4       -0.1676500295       -0.5529829427
   4   3        0.7953577322        0.2154618795
   4   2        0.1863280196        0.0832618935
   4   1       -0.1880295417        0.2030910186
   4   0       -0.1078995957        0.0000000000
   4  -1        0.1880295417        0.2030910186
   4  -2        0.1863280196       -0.0832618935
   4  -3       -0.7953577322        0.2154618795
   4  -4       -0.1676500295        0.5529829427
   5   5        0.4719424385        0.5039860329
   5   4       -0.1485024526        0.1556101765
   5   3        0.0939980341       -0.4040611447
   5   2       -0.2719289154       -0.0178273561
   5   1        0.1296600740       -0.0745779694
   5   0        0.6145441410        0.0000000000
   5  -1       -0.1296600740       -0.0745779694
   5  -2       -0.2719289154        0.0178273561
   5  -3       -0.0939980341       -0.4040611447
   5  -4       -0.1485024526       -0.1556101765
   5  -5       -0.4719424385        0.5039860329
   6   6        0.2005325501        0.3511898466
   6   5        0.1702849228       -0.0216071981
   6   4       -0.1338629275       -0.0284258230
   6   3       -0.2063563569        0.0469327282
   6   2       -0.0016210539       -0.0245782339
   6   1       -0.1777714450        0.0447094140
   6   0       -0.4224094827        0.0000000000
   6  -1        0.1777714450        0.0447094140
   6  -2       -0.0016210539        0.0245782339
   6  -3        0.2063563569        0.0469327282
   6  -4       -0.1338629275        0.0284258230
   6  -5       -0.1702849228       -0.0216071981
   6  -6        0.2005325501       -0.3511898466
   7   7       -0.3084798375        0.1731014361
   7   6       -0.1147789101       -0.3824083975
   7   5       -0.0137420090       -0.0390624464
   7   4        0.1495235867        0.1594385075
   7   3        0.0871729721        0.0411765952
   7   2        0.0279235973        0.0753164360
   7   1       -0.2066438059        0.0267015953
   7   0        0.3382526630        0.0000000000
   7  -1        0.2066438059        0.0267015953
   7  -2        0.0279235973       -0.0753164360
   7  -3       -0.0871729721        0.0411765952
   7  -4        0.1495235867       -0.1594385075
   7  -5        0.0137420090       -0.0390624464
   7  -6       -0.1147789101        0.3824083975
   7  -7        0.3084798375        0.1731014361
   8   8       -0.0061238073       -0.1638309370
   8   7       -0.0890441403        0.0011606010
   8   6       -0.1632538023        0.0077151747
   8   5        0.2094625219        0.0631515531
   8   4        0.0314750410       -0.0925051045
   8   3        0.0592252347       -0.0546732012
   8   2        0.0268350211        0.0750850309
   8   1        0.0423758192        0.0408143072
   8   0        0.0597131887        0.0000000000
   8  -1       -0.0423758192        0.0408143072
   8  -2        0.0268350211       -0.0750850309
   8  -3       -0.0592252347       -0.0546732012
   8  -4        0.0314750410        0.0925051045
   8  -5       -0.2094625219        0.0631515531
   8  -6       -0.1632538023       -0.0077151747
   8  -7        0.0890441403        0.0011606010
   8  -8       -0.0061238073        0.1638309370
   9   9        0.0199964118       -0.2495681298
   9   8        0.0852180439        0.0013067714
   9   7       -0.0540283225        0.1160381309
   9   6        0.0030875254        0.0384952439
   9   5       -0.0243524206       -0.0354661275
   9   4        0.0031778586       -0.0816079961
   9   3       -0.0183348326        0.0543033215
   9   2       -0.0851663274       -0.1044093275
   9   1       -0.0327517068        0.0329708057
   9   0       -0.0878441523        0.0000000000
   9  -1        0.0327517068        0.0329708057
   9  -2       -0.0851663274        0.1044093275
   9  -3        0.0183348326        0.0543033215
   9  -4        0.0031778586        0.0816079961
   9  -5        0.0243524206       -0.0354661275
   9  -6        0.0030875254       -0.0384952439
   9  -7        0.0540283225        0.1160381309
   9  -8        0.0852180439       -0.0013067714
   9  -9       -0.0199964118       -0.2495681298
  10  10        0.0450088735        0.1135857132
  10   9       -0.0406660361        0.0583551522
  10   8        0.0849675651        0.0175923133
  10   7       -0.0325816063        0.0327240003
  10   6       -0.0803338743       -0.0367960549
  10   5       -0.0420764164       -0.0649855079
  10   4        0.0682477725        0.0769145704
  10   3       -0.0607975261       -0.0431624360
  10   2        0.0097811287        0.0142681286
  10   1        0.0647252621        0.0878887632
  10   0        0.1371733341        0.0000000000
  10  -1       -0.0647252621        0.0878887632
  10  -2        0.0097811287       -0.0142681286
  10  -3        0.0607975261       -0.0431624360
  10  -4        0.0682477725       -0.0769145704
  10  -5        0.0420764164       -0.0649855079
  10  -6       -0.0803338743        0.0367960549
  10  -7        0.0325816063        0.0327240003
  10  -8        0.0849675651       -0.0175923133
  10  -9        0.0406660361        0.0583551522
  10 -10        0.0450088735       -0.1135857132
  11  11       -0.0130109717        0.0228310585
  11  10        0.0374281214        0.0220790506
  11   9        0.0158504828        0.0452483340
  11   8       -0.0365243223       -0.0919529515
  11   7        0.0184389297        0.0241413204
  11   6       -0.0206172776       -0.0060998210
  11   5        0.0131036117        0.0538636391
  11   4        0.0139626280        0.0001498353
  11   3        0.0203232635       -0.0396404919
  11   2        0.0617251451       -0.0006605672
  11   1       -0.0399344587       -0.0020593303
  11   0       -0.0441887818        0.0000000000
  11  -1        0.0399344587       -0.0020593303
  11  -2        0.0617251451        0.0006605672
  11  -3       -0.0203232635       -0.0396404919
  11  -4        0.0139626280       -0.0001498353
  11  -5       -0.0131036117        0.0538636391
  11  -6       -0.0206172776        0.0060998210
  11  -7       -0.0184389297        0.0241413204
  11  -8       -0.0365243223        0.0919529515
  11  -9       -0.0158504828        0.0452483340
  11 -10        0.0374281214       -0.0220790506
  11 -11        0.0130109717        0.0228310585
  12  12       -0.0547368200        0.0586375642
  12  11       -0.0087501912       -0.0439148454
  12  10        0.0633474269       -0.0260988178
  12   9       -0.0178821210       -0.0261994510
  12   8        0.0004994373        0.0432587603
  12   7        0.0101105992       -0.0336626783
  12   6       -0.0446787657        0.0357021297
  12   5        0.0333824312       -0.0345386406
  12   4        0.0053157205       -0.0107690671
  12   3       -0.0718281303       -0.0043322903
  12   2        0.0374923519       -0.0744895422
  12   1       -0.0162049423        0.0003446108
  12   0        0.0730144066        0.0000000000
  12  -1        0.0162049423        0.0003446108
  12  -2        0.0374923519        0.0744895422
  12  -3        0.0718281303       -0.0043322903
  12  -4        0.0053157205        0.0107690671
  12  -5       -0.0333824312       -0.0345386406
  12  -6       -0.0446787657       -0.0357021297
  12  -7       -0.0101105992       -0.0336626783
  12  -8        0.0004994373       -0.0432587603
  12  -9        0.0178821210       -0.0261994510
  12 -10        0.0633474269        0.0260988178
  12 -11        0.0087501912       -0.0439148454
  12 -12       -0.0547368200       -0.0586375642
  13  13       -0.0302299542       -0.0348628223
  13  12       -0.0451079742        0.0251774303
  13  11        0.0193651070       -0.0417964357
  13  10        0.0476948407        0.0046581814
  13   9       -0.0402751189       -0.0483339006
  13   8        0.0263518887        0.0015668084
  13   7        0.0219619849        0.0415682034
  13   6        0.0186549794        0.0093036497
  13   5        0.0135572319        0.0100508823
  13   4       -0.0205289247        0.0166596264
  13   3       -0.0396286069        0.0240009230
  13   2        0.0128992246        0.0532490820
  13   1       -0.0092958876        0.0330752168
  13   0       -0.0351999862        0.0000000000
  13  -1        0.0092958876        0.0330752168
  13  -2        0.0128992246       -0.0532490820
  13  -3        0.0396286069        0.0240009230
  13  -4       -0.0205289247       -0.0166596264
  13  -5       -0.0135572319        0.0100508823
  13  -6        0.0186549794       -0.0093036497
  13  -7       -0.0219619849        0.0415682034
  13  -8        0.0263518887       -0.0015668084
  13  -9        0.0402751189       -0.0483339006
  13 -10        0.0476948407       -0.0046581814
  13 -11       -0.0193651070       -0.0417964357
  13 -12       -0.0451079742       -0.0251774303
  13 -13        0.0302299542       -0.0348628223
  14  14        0.0631540586       -0.0759872596
  14  13       -0.0168322918        0.0083086326
  14  12        0.0465724838       -0.0052647232
  14  11       -0.0033810785        0.0238702596
  14  10       -0.0107626010       -0.0444656122
  14   9       -0.0160749879       -0.0361626214
  14   8        0.0196994851        0.0100582524
  14   7        0.0037118239        0.0175180178
  14   6       -0.0186288696        0.0108136821
  14   5       -0.0186636017       -0.0009064509
  14   4        0.0444523563       -0.0299646235
  14   3       -0.0236794755       -0.0067294102
  14   2       -0.0232750941        0.0117032544
  14   1       -0.0173279516       -0.0198389106
  14   0       -0.0587017324        0.0000000000
  14  -1        0.0173279516       -0.0198389106
  14  -2       -0.0232750941       -0.0117032544
  14  -3        0.0236794755       -0.0067294102
  14  -4        0.0444523563        0.0299646235
  14  -5        0.0186636017       -0.0009064509
  14  -6       -0.0186288696       -0.0108136821
  14  -7       -0.0037118239        0.0175180178
  14  -8        0.0196994851       -0.0100582524
  14  -9        0.0160749879       -0.0361626214
  14 -10       -0.0107626010        0.0444656122
  14 -11        0.0033810785        0.0238702596
  14 -12        0.0465724838        0.0052647232
  14 -13        0.0168322918        0.0083086326
  14 -14        0.0631540586        0.0759872596
  15  15        0.0030859345        0.0395329307
  15  14       -0.0512827477       -0.0072333160
  15  13        0.0042280330        0.0028581320
  15  12        0.0403253624        0.0124376593
  15  11        0.0091244095        0.0034656725
  15  10       -0.0528102855        0.0056739498
  15   9        0.0050972260       -0.0059113730
  15   8       -0.0015116717       -0.0866904456
  15   7        0.0072190078       -0.0197430871
  15   6       -0.0160052379        0.0041901699
  15   5        0.0091788997       -0.0425066018
  15   4       -0.0425118939        0.0086233435
  15   3        0.0342642700       -0.0124755601
  15   2        0.0480283820        0.0337486896
  15   1        0.0118687118        0.0049932525
  15   0        0.0545032400        0.0000000000
  15  -1       -0.0118687118        0.0049932525
  15  -2        0.0480283820       -0.0337486896
  15  -3       -0.0342642700       -0.0124755601
  15  -4       -0.0425118939       -0.0086233435
  15  -5       -0.0091788997       -0.0425066018
  15  -6       -0.0160052379       -0.0041901699
  15  -7       -0.0072190078       -0.0197430871
  15  -8       -0.0015116717        0.0866904456
  15  -9       -0.0050972260       -0.0059113730
  15 -10       -0.0528102855       -0.0056739498
  15 -11       -0.0091244095        0.0034656725
  15 -12        0.0403253624       -0.0124376593
  15 -13       -0.0042280330        0.0028581320
  15 -14       -0.0512827477        0.0072333160
  15 -15       -0.0030859345        0.0395329307
  16  16       -0.0184213454        0.0444247474
  16  15        0.0040775004        0.0392710208
  16  14       -0.0495045536       -0.0085211696
  16  13       -0.0043010736       -0.0020139444
  16  12       -0.0529930206        0.0231668847
  16  11        0.0293188087        0.0216249704
  16  10        0.0017061432        0.0333450823
  16   9       -0.0084182320        0.0397123096
  16   8        0.0003673165       -0.0083503990
  16   7        0.0305067271       -0.0247164040
  16   6        0.0042110094       -0.0360047044
  16   5        0.0370273495        0.0099022659
  16   4       -0.0027787586        0.0621795566
  16   3       -0.0185219791       -0.0262060328
  16   2       -0.0314656609       -0.0644655800
  16   1       -0.0269107510       -0.0333126851
  16   0       -0.0320462639        0.0000000000
  16  -1        0.0269107510       -0.0333126851
  16  -2       -0.0314656609        0.0644655800
  16  -3        0.0185219791       -0.0262060328
  16  -4       -0.0027787586       -0.0621795566
  16  -5       -0.0370273495        0.0099022659
  16  -6        0.0042110094        0.0360047044
  16  -7       -0.0305067271       -0.0247164040
  16  -8        0.0003673165        0.0083503990
  16  -9        0.0084182320        0.0397123096
  16 -10        0.0017061432       -0.0333450823
  16 -11       -0.0293188087        0.0216249704
  16 -12       -0.0529930206       -0.0231668847
  16 -13        0.0043010736       -0.0020139444
  16 -14       -0.0495045536        0.0085211696
  16 -15       -0.0040775004        0.0392710208
  16 -16       -0.0184213454       -0.0444247474
  17  17       -0.0609446968       -0.0006125577
  17  16        0.0043239919       -0.0174105403
  17  15        0.0309046883       -0.0222816009
  17  14        0.0189016822       -0.0086118917
  17  13        0.0370964637        0.0281006734
  17  12       -0.0156454036        0.0666989468
  17  11        0.0067305163        0.0007134967
  17  10       -0.0103000307       -0.0095876515
  17   9        0.0359669011       -0.0238517735
  17   8        0.0228999918        0.0122065956
  17   7       -0.0346235933        0.0211331714
  17   6       -0.0284118402        0.0495517103
  17   5       -0.0125146890       -0.0068880267
  17   4        0.0416355973       -0.0023301887
  17   3        0.0431577667        0.0678868798
  17   2       -0.0009677016        0.0108398365
  17   1       -0.0224724895        0.0421334237
  17   0       -0.0100933532        0.0000000000
  17  -1        0.0224724895        0.0421334237
  17  -2       -0.0009677016       -0.0108398365
  17  -3       -0.0431577667        0.0678868798
  17  -4        0.0416355973        0.0023301887
  17  -5        0.0125146890       -0.0068880267
  17  -6       -0.0284118402       -0.0495517103
  17  -7        0.0346235933        0.0211331714
  17  -8        0.0228999918       -0.0122065956
  17  -9       -0.0359669011       -0.0238517735
  17 -10       -0.0103000307        0.0095876515
  17 -11       -0.0067305163        0.0007134967
  17 -12       -0.0156454036       -0.0666989468
  17 -13       -0.0370964637        0.0281006734
  17 -14        0.0189016822        0.0086118917
  17 -15       -0.0309046883       -0.0222816009
  17 -16        0.0043239919        0.0174105403
  17 -17        0.0609446968       -0.0006125577
  18  18       -0.0010761771        0.0417359733
  18  17        0.0050400373        0.0324017238
  18  16       -0.0465829471       -0.0356309280
  18  15       -0.0198553464       -0.0172504871
  18  14       -0.0633118197        0.0355544039
  18  13        0.0550431281        0.0149775755
  18  12        0.0127736011       -0.0606640196
  18  11       -0.0015842357        0.0066432380
  18  10       -0.0009952461        0.0252622614
  18   9       -0.0247005590        0.0012997849
  18   8       -0.0131751035       -0.0030772705
  18   7       -0.0014118140        0.0294785978
  18   6        0.0148027550       -0.0215344741
  18   5        0.0291304991        0.0105339142
  18   4        0.0163899005        0.0394367330
  18   3       -0.0051044849       -0.0129057095
  18   2        0.0222269527        0.0099828074
  18   1       -0.0161402123       -0.0174789674
  18   0       -0.0416431556        0.0000000000
  18  -1        0.0161402123       -0.0174789674
  18  -2        0.0222269527       -0.0099828074
  18  -3        0.0051044849       -0.0129057095
  18  -4        0.0163899005       -0.0394367330
  18  -5       -0.0291304991        0.0105339142
  18  -6        0.0148027550        0.0215344741
  18  -7        0.0014118140        0.0294785978
  18  -8       -0.0131751035        0.0030772705
  18  -9        0.0247005590        0.0012997849
  18 -10       -0.0009952461       -0.0252622614
  18 -11        0.0015842357        0.0066432380
  18 -12        0.0127736011        0.0606640196
  18 -13       -0.0550431281        0.0149775755
  18 -14       -0.0633118197       -0.0355544039
  18 -15        0.0198553464       -0.0172504871
  18 -16       -0.0465829471        0.0356309280
  18 -17       -0.0050400373        0.0324017238
  18 -18       -0.0010761771       -0.0417359733
  19  19       -0.0250779423        0.0031982200
  19  18        0.0521745310       -0.0044830900
  19  17        0.0002262529       -0.0008334282
  19  16        0.0067948202        0.0165202173
  19  15        0.0280867029        0.0047572660
  19  14        0.0327019738       -0.0493375779
  19  13        0.0397173856       -0.0109354200
  19  12        0.0291503822       -0.0135648267
  19  11       -0.0149144625        0.0059464565
  19  10       -0.0107411106       -0.0128850059
  19   9       -0.0001958406       -0.0120777914
  19   8       -0.0055704290        0.0038191982
  19   7        0.0331190516       -0.0305648844
  19   6       -0.0308479682       -0.0015529694
  19   5       -0.0026555872        0.0259571576
  19   4        0.0056871827        0.0171478601
  19   3        0.0061604351        0.0224445213
  19   2        0.0159740713       -0.0113103012
  19   1        0.0187727958       -0.0441362819
  19   0       -0.0092303894        0.0000000000
  19  -1       -0.0187727958       -0.0441362819
  19  -2        0.0159740713        0.0113103012
  19  -3       -0.0061604351        0.0224445213
  19  -4        0.0056871827       -0.0171478601
  19  -5        0.0026555872        0.0259571576
  19  -6       -0.0308479682        0.0015529694
  19  -7       -0.0331190516       -0.0305648844
  19  -8       -0.0055704290       -0.0038191982
  19  -9        0.0001958406       -0.0120777914
  19 -10       -0.0107411106        0.0128850059
  19 -11        0.0149144625        0.0059464565
  19 -12        0.0291503822        0.0135648267
  19 -13       -0.0397173856       -0.0109354200
  19 -14        0.0327019738        0.0493375779
  19 -15       -0.0280867029        0.0047572660
  19 -16        0.0067948202       -0.0165202173
  19 -17       -0.0002262529       -0.0008334282
  19 -18        0.0521745310        0.0044830900
  19 -19        0.0250779423        0.0031982200
  20  20        0.0157324544       -0.0332974901
  20  19       -0.0027040807       -0.0003854936
  20  18        0.0203649629        0.0316400827
  20  17        0.0128185888       -0.0106408509
  20  16       -0.0250309958        0.0173290379
  20  15        0.0034659047       -0.0239979110
  20  14        0.0039242649       -0.0129856773
  20  13       -0.0233842999       -0.0172931914
  20  12        0.0050789021        0.0169190957
  20  11        0.0226239456       -0.0029759004
  20  10       -0.0243656893        0.0098046011
  20   9        0.0414546817       -0.0221143569
  20   8       -0.0331686652       -0.0536282873
  20   7       -0.0531661026        0.0242810536
  20   6        0.0028556520       -0.0155971348
  20   5       -0.0265085376        0.0230893789
  20   4       -0.0157342874        0.0040512939
  20   3        0.0011915946        0.0126659683
  20   2        0.0043232370       -0.0154674622
  20   1       -0.0018297263        0.0137645499
  20   0        0.0273349966        0.0000000000
  20  -1        0.0018297263        0.0137645499
  20  -2        0.0043232370        0.0154674622
  20  -3       -0.0011915946        0.0126659683
  20  -4       -0.0157342874       -0.0040512939
  20  -5        0.0265085376        0.0230893789
  20  -6        0.0028556520        0.0155971348
  20  -7        0.0531661026        0.0242810536
  20  -8       -0.0331686652        0.0536282873
  20  -9       -0.0414546817       -0.0221143569
  20 -10       -0.0243656893       -0.0098046011
  20 -11       -0.0226239456       -0.0029759004
  20 -12        0.0050789021       -0.0169190957
  20 -13        0.0233842999       -0.0172931914
  20 -14        0.0039242649        0.0129856773
  20 -15       -0.0034659047       -0.0239979110
  20 -16       -0.0250309958       -0.0173290379
  20 -17       -0.0128185888       -0.0106408509
  20 -18        0.0203649629       -0.0316400827
  20 -19        0.0027040807       -0.0003854936
  20 -20        0.0157324544        0.0332974901
  21  21        0.0407951507        0.0367071693
  21  20        0.0231389499        0.0144123397
  21  19       -0.0441217996        0.0181110302
  21  18       -0.0100427692        0.0288554271
  21  17        0.0393568132       -0.0647533695
  21  16       -0.0336124986       -0.0276783619
  21  15       -0.0050223963        0.0421897777
  21  14        0.0088256815        0.0014025004
  21  13       -0.0106563693        0.0054822957
  21  12        0.0042950567        0.0042747147
  21  11        0.0026235969        0.0280594463
  21  10       -0.0102225597        0.0063617730
  21   9        0.0176902403        0.0026230978
  21   8       -0.0324830493       -0.0013611603
  21   7       -0.0041339355       -0.0187722922
  21   6       -0.0082282029       -0.0294295278
  21   5        0.0235663830        0.0087322050
  21   4       -0.0425635689        0.0257538836
  21   3       -0.0289136462        0.0295826633
  21   2        0.0133432646        0.0035901988
  21   1       -0.0020946544        0.0212911320
  21   0       -0.0130481242        0.0000000000
  21  -1        0.0020946544        0.0212911320
  21  -2        0.0133432646       -0.0035901988
  21  -3        0.0289136462        0.0295826633
  21  -4       -0.0425635689       -0.0257538836
  21  -5       -0.0235663830        0.0087322050
  21  -6       -0.0082282029        0.0294295278
  21  -7        0.0041339355       -0.0187722922
  21  -8       -0.0324830493        0.0013611603
  21  -9       -0.0176902403        0.0026230978
  21 -10       -0.0102225597       -0.0063617730
  21 -11       -0.0026235969        0.0280594463
  21 -12        0.0042950567       -0.0042747147
  21 -13        0.0106563693        0.0054822957
  21 -14        0.0088256815       -0.0014025004
  21 -15        0.0050223963        0.0421897777
  21 -16       -0.0336124986        0.0276783619
  21 -17       -0.0393568132       -0.0647533695
  21 -18       -0.0100427692       -0.0288554271
  21 -19        0.0441217996        0.0181110302
  21 -20        0.0231389499       -0.0144123397
  21 -21       -0.0407951507        0.0367071693
  22  22       -0.0078010610       -0.0049991600
  22  21       -0.0057586915       -0.0128190238
  22  20        0.0344555943       -0.0141234835
  22  19        0.0266206222       -0.0147182434
  22  18        0.0256414341        0.0125133703
  22  17       -0.0702262505        0.0080562583
  22  16       -0.0174925160        0.0142014145
  22  15       -0.0242088899        0.0028078604
  22  14        0.0044844600       -0.0192464293
  22  13       -0.0134364536       -0.0081714823
  22  12        0.0226709052       -0.0330629169
  22  11        0.0166447915        0.0304200119
  22  10        0.0090627319        0.0207882760
  22   9        0.0146696796        0.0027441220
  22   8        0.0139681000        0.0244703220
  22   7       -0.0204806100       -0.0119555398
  22   6       -0.0184253130        0.0314735447
  22   5       -0.0237709878        0.0314411459
  22   4        0.0328842081       -0.0151667689
  22   3       -0.0121990531        0.0244061874
  22   2       -0.0168781339       -0.0002483385
  22   1       -0.0265556925       -0.0010217091
  22   0       -0.0255190421        0.0000000000
  22  -1        0.0265556925       -0.0010217091
  22  -2       -0.0168781339        0.0002483385
  22  -3        0.0121990531        0.0244061874
  22  -4        0.0328842081        0.0151667689
  22  -5        0.0237709878        0.0314411459
  22  -6       -0.0184253130       -0.0314735447
  22  -7        0.0204806100       -0.0119555398
  22  -8        0.0139681000       -0.0244703220
  22  -9       -0.0146696796        0.0027441220
  22 -10        0.0090627319       -0.0207882760
  22 -11       -0.0166447915        0.0304200119
  22 -12        0.0226709052        0.0330629169
  22 -13        0.0134364536       -0.0081714823
  22 -14        0.0044844600        0.0192464293
  22 -15        0.0242088899        0.0028078604
  22 -16       -0.0174925160       -0.0142014145
  22 -17        0.0702262505        0.0080562583
  22 -18        0.0256414341       -0.0125133703
  22 -19       -0.0266206222       -0.0147182434
  22 -20        0.0344555943        0.0141234835
  22 -21        0.0057586915       -0.0128190238
  22 -22       -0.0078010610        0.0049991600
  23  23        0.0148563309        0.0412160396
  23  22       -0.0211838318        0.0304576369
  23  21       -0.0007283071       -0.0166515399
  23  20       -0.0030553858       -0.0402253632
  23  19        0.0072485582       -0.0175238973
  23  18       -0.0020305479        0.0004563469
  23  17       -0.0226468286        0.0109104994
  23  16       -0.0128484718        0.0167497278
  23  15        0.0282952521       -0.0146527501
  23  14        0.0083546373       -0.0012475790
  23  13        0.0139048396       -0.0257288656
  23  12       -0.0001160007        0.0012923674
  23  11        0.0234736837       -0.0138957809
  23  10       -0.0011766396       -0.0114702056
  23   9       -0.0062236971        0.0139786987
  23   8       -0.0001250834       -0.0002864058
  23   7       -0.0162794037        0.0374431816
  23   6       -0.0044325351        0.0045029685
  23   5       -0.0116197881        0.0227656048
  23   4       -0.0361725529        0.0183634895
  23   3       -0.0217495443        0.0149313552
  23   2       -0.0022382632        0.0193495432
  23   1       -0.0283000046        0.0203728660
  23   0        0.0557320988        0.0000000000
  23  -1        0.0283000046        0.0203728660
  23  -2       -0.0022382632       -0.0193495432
  23  -3        0.0217495443        0.0149313552
  23  -4       -0.0361725529       -0.0183634895
  23  -5        0.0116197881        0.0227656048
  23  -6       -0.0044325351       -0.0045029685
  23  -7        0.0162794037        0.0374431816
  23  -8       -0.0001250834        0.0002864058
  23  -9        0.0062236971        0.0139786987
  23 -10       -0.0011766396        0.0114702056
  23 -11       -0.0234736837       -0.0138957809
  23 -12       -0.0001160007       -0.0012923674
  23 -13       -0.0139048396       -0.0257288656
  23 -14        0.0083546373        0.0012475790
  23 -15       -0.0282952521       -0.0146527501
  23 -16       -0.0128484718       -0.0167497278
  23 -17        0.0226468286        0.0109104994
  23 -18       -0.0020305479       -0.0004563469
  23 -19       -0.0072485582       -0.0175238973
  23 -20       -0.0030553858        0.0402253632
  23 -21        0.0007283071       -0.0166515399
  23 -22       -0.0211838318       -0.0304576369
  23 -23       -0.0148563309        0.0412160396
  24  24       -0.0468754899        0.0048672548
  24  23        0.0130275227       -0.0161851974
  24  22       -0.0201790580       -0.0148063004
  24  21       -0.0102615446        0.0035313419
  24  20       -0.0185489798        0.0539791771
  24  19        0.0404988471       -0.0164420751
  24  18        0.0041704937       -0.0108656366
  24  17        0.0135937406       -0.0141309589
  24  16        0.0185018504       -0.0064120939
  24  15        0.0034811463        0.0203125978
  24  14        0.0086450505        0.0019937272
  24  13       -0.0149171863       -0.0177831001
  24  12       -0.0153577262        0.0045682332
  24  11       -0.0043264693        0.0674843927
  24  10       -0.0123244554       -0.0240194372
  24   9        0.0065149232       -0.0072558728
  24   8        0.0037383424        0.0015721811
  24   7        0.0219757165        0.0159276399
  24   6        0.0289792650       -0.0149403112
  24   5       -0.0396973284        0.0243124327
  24   4        0.0218586771       -0.0331772116
  24   3        0.0094235627       -0.0076533250
  24   2        0.0091488390        0.0092983933
  24   1        0.0186503671       -0.0135432062
  24   0       -0.0195522040        0.0000000000
  24  -1       -0.0186503671       -0.0135432062
  24  -2        0.0091488390       -0.0092983933
  24  -3       -0.0094235627       -0.0076533250
  24  -4        0.0218586771        0.0331772116
  24  -5        0.0396973284        0.0243124327
  24  -6        0.0289792650        0.0149403112
  24  -7       -0.0219757165        0.0159276399
  24  -8        0.0037383424       -0.0015721811
  24  -9       -0.0065149232       -0.0072558728
  24 -10       -0.0123244554        0.0240194372
  24 -11        0.0043264693        0.0674843927
  24 -12       -0.0153577262       -0.0045682332
  24 -13        0.0149171863       -0.0177831001
  24 -14        0.0086450505       -0.0019937272
  24 -15       -0.0034811463        0.0203125978
  24 -16        0.0185018504        0.0064120939
  24 -17       -0.0135937406       -0.0141309589
  24 -18        0.0041704937        0.0108656366
  24 -19       -0.0404988471       -0.0164420751
  24 -20       -0.0185489798       -0.0539791771
  24 -21        0.0102615446        0.0035313419
  24 -22       -0.0201790580        0.0148063004
  24 -23       -0.0130275227       -0.0161851974
  24 -24       -0.0468754899       -0.0048672548
  25  25        0.0323650614       -0.0248038275
  25  24       -0.0071931465       -0.0346454640
  25  23        0.0257540909        0.0222613774
  25  22       -0.0023040557       -0.0163849933
  25  21       -0.0353847099        0.0078804687
  25  20        0.0097160643        0.0348335141
  25  19        0.0329443572       -0.0173923855
  25  18       -0.0089542330       -0.0115243640
  25  17       -0.0109613541        0.0040299536
  25  16        0.0069372208       -0.0164267268
  25  15       -0.0091616437       -0.0038099134
  25  14       -0.0086015618       -0.0089463957
  25  13        0.0082567003       -0.0441510448
  25  12       -0.0075794182        0.0038365125
  25  11       -0.0068650929       -0.0100522805
  25  10       -0.0140610407        0.0164393675
  25   9       -0.0272017552       -0.0077295187
  25   8       -0.0028827487       -0.0002942157
  25   7       -0.0266238842       -0.0127920082
  25   6       -0.0013611139       -0.0153905293
  25   5       -0.0060612375       -0.0357392694
  25   4        0.0289712298        0.0202192664
  25   3        0.0074036348        0.0076066728
  25   2       -0.0055835538       -0.0201772799
  25   1        0.0047136611        0.0084843730
  25   0        0.0059025109        0.0000000000
  25  -1       -0.0047136611        0.0084843730
  25  -2       -0.0055835538        0.0201772799
  25  -3       -0.0074036348        0.0076066728
  25  -4        0.0289712298       -0.0202192664
  25  -5        0.0060612375       -0.0357392694
  25  -6       -0.0013611139        0.0153905293
  25  -7        0.0266238842       -0.0127920082
  25  -8       -0.0028827487        0.0002942157
  25  -9        0.0272017552       -0.0077295187
  25 -10       -0.0140610407       -0.0164393675
  25 -11        0.0068650929       -0.0100522805
  25 -12       -0.0075794182       -0.0038365125
  25 -13       -0.0082567003       -0.0441510448
  25 -14       -0.0086015618        0.0089463957
  25 -15        0.0091616437       -0.0038099134
  25 -16        0.0069372208        0.0164267268
  25 -17        0.0109613541        0.0040299536
  25 -18       -0.0089542330        0.0115243640
  25 -19       -0.0329443572       -0.0173923855
  25 -20        0.0097160643       -0.0348335141
  25 -21        0.0353847099        0.0078804687
  25 -22       -0.0023040557        0.0163849933
  25 -23       -0.0257540909        0.0222613774
  25 -24       -0.0071931465        0.0346454640
  25 -25       -0.0323650614       -0.0248038275
  26  26        0.0435383735        0.0390976995
  26  25        0.0022012360        0.0082035802
  26  24       -0.0346549320        0.0105489946
  26  23       -0.0059928221       -0.0087890996
  26  22       -0.0026776888       -0.0159237436
  26  21        0.0052704830        0.0029289038
  26  20        0.0154922337       -0.0054675923
  26  19        0.0023349663       -0.0046742615
  26  18       -0.0230153621        0.0004313932
  26  17       -0.0201564408       -0.0209784999
  26  16        0.0272466531        0.0021202038
  26  15       -0.0265664881       -0.0025790208
  26  14       -0.0309532622       -0.0027205510
  26  13       -0.0038285350       -0.0058994411
  26  12       -0.0162967094       -0.0033544181
  26  11       -0.0273327964        0.0164200258
  26  10        0.0007651726        0.0232393480
  26   9       -0.0064097508       -0.0348256807
  26   8        0.0108336454        0.0227797409
  26   7       -0.0179660764       -0.0208862135
  26   6        0.0109311282        0.0208441443
  26   5       -0.0084303550        0.0206726926
  26   4       -0.0044717079       -0.0059192127
  26   3        0.0140070147       -0.0012107361
  26   2        0.0206180053       -0.0036890689
  26   1       -0.0175178044       -0.0109667792
  26   0        0.0363734944        0.0000000000
  26  -1        0.0175178044       -0.0109667792
  26  -2        0.0206180053        0.0036890689
  26  -3       -0.0140070147       -0.0012107361
  26  -4       -0.0044717079        0.0059192127
  26  -5        0.0084303550        0.0206726926
  26  -6        0.0109311282       -0.0208441443
  26  -7        0.0179660764       -0.0208862135
  26  -8        0.0108336454       -0.0227797409
  26  -9        0.0064097508       -0.0348256807
  26 -10        0.0007651726       -0.0232393480
  26 -11        0.0273327964        0.0164200258
  26 -12       -0.0162967094        0.0033544181
  26 -13        0.0038285350       -0.0058994411
  26 -14       -0.0309532622        0.0027205510
  26 -15        0.0265664881       -0.0025790208
  26 -16        0.0272466531       -0.0021202038
  26 -17        0.0201564408       -0.0209784999
  26 -18       -0.0230153621       -0.0004313932
  26 -19       -0.0023349663       -0.0046742615
  26 -20        0.0154922337        0.0054675923
  26 -21       -0.0052704830        0.0029289038
  26 -22       -0.0026776888        0.0159237436
  26 -23        0.0059928221       -0.0087890996
  26 -24       -0.0346549320       -0.0105489946
  26 -25       -0.0022012360        0.0082035802
  26 -26        0.0435383735       -0.0390976995
  27  27       -0.0111144316       -0.0047652434
  27  26       -0.0044035850       -0.0072294608
  27  25        0.0201462972        0.0058844568
  27  24       -0.0005019925        0.0113962253
  27  23        0.0233723406        0.0151903537
  27  22       -0.0337481370       -0.0204204100
  27  21       -0.0202208229        0.0141496648
  27  20       -0.0079672404        0.0092950853
  27  19        0.0233431805       -0.0036914737
  27  18       -0.0092574089       -0.0029421468
  27  17        0.0050206914        0.0134003543
  27  16       -0.0099505112        0.0242083793
  27  15       -0.0010985582       -0.0119509739
  27  14        0.0241117701        0.0112211250
  27  13       -0.0041664849       -0.0016542717
  27  12       -0.0114683121        0.0151730553
  27  11       -0.0187906550       -0.0126119288
  27  10       -0.0068375689       -0.0016600953
  27   9        0.0009016842        0.0035194946
  27   8        0.0089348657       -0.0008840164
  27   7        0.0235159757       -0.0054842178
  27   6       -0.0143528003        0.0168562075
  27   5       -0.0056904180        0.0263632176
  27   4        0.0053712827        0.0080363792
  27   3        0.0001842523        0.0014594797
  27   2       -0.0441991782        0.0015442332
  27   1        0.0204507491       -0.0290893074
  27   0       -0.0338063003        0.0000000000
  27  -1       -0.0204507491       -0.0290893074
  27  -2       -0.0441991782       -0.0015442332
  27  -3       -0.0001842523        0.0014594797
  27  -4        0.0053712827       -0.0080363792
  27  -5        0.0056904180        0.0263632176
  27  -6       -0.0143528003       -0.0168562075
  27  -7       -0.0235159757       -0.0054842178
  27  -8        0.0089348657        0.0008840164
  27  -9       -0.0009016842        0.0035194946
  27 -10       -0.0068375689        0.0016600953
  27 -11        0.0187906550       -0.0126119288
  27 -12       -0.0114683121       -0.0151730553
  27 -13        0.0041664849       -0.0016542717
  27 -14        0.0241117701       -0.0112211250
  27 -15        0.0010985582       -0.0119509739
  27 -16       -0.0099505112       -0.0242083793
  27 -17       -0.0050206914        0.0134003543
  27 -18       -0.0092574089        0.0029421468
  27 -19       -0.0233431805       -0.0036914737
  27 -20       -0.0079672404       -0.0092950853
  27 -21        0.0202208229        0.0141496648
  27 -22       -0.0337481370        0.0204204100
  27 -23       -0.0233723406        0.0151903537
  27 -24       -0.0005019925       -0.0113962253
  27 -25       -0.0201462972        0.0058844568
  27 -26       -0.0044035850        0.0072294608
  27 -27        0.0111144316       -0.0047652434
  28  28        0.0131046696        0.0166212496
  28  27        0.0231206961        0.0131845523
  28  26        0.0062545568       -0.0130065739
  28  25       -0.0075856790        0.0059279260
  28  24        0.0338855558       -0.0170261379
  28  23       -0.0127386847        0.0300387333
  28  22        0.0345122584       -0.0091647894
  28  21        0.0205112177        0.0315080346
  28  20        0.0018303527        0.0012623173
  28  19        0.0045308004        0.0189673007
  28  18        0.0000682960        0.0050203657
  28  17       -0.0032441070       -0.0066768797
  28  16        0.0348127573       -0.0048252837
  28  15        0.0077126454       -0.0081761695
  28  14       -0.0111603155       -0.0185446606
  28  13        0.0281317351        0.0190316875
  28  12       -0.0104313335        0.0048015524
  28  11        0.0016691614       -0.0093503569
  28  10        0.0093266871        0.0170081955
  28   9       -0.0039925509       -0.0156734626
  28   8       -0.0174058167       -0.0199650006
  28   7       -0.0173867292       -0.0072772280
  28   6       -0.0269999130        0.0134457030
  28   5       -0.0128970276       -0.0454422635
  28   4       -0.0211275873        0.0264881182
  28   3       -0.0047602426        0.0016006862
  28   2       -0.0163538395       -0.0229428073
  28   1       -0.0090608522        0.0024225881
  28   0        0.0171702896        0.0000000000
  28  -1        0.0090608522        0.0024225881
  28  -2       -0.0163538395        0.0229428073
  28  -3        0.0047602426        0.0016006862
  28  -4       -0.0211275873       -0.0264881182
  28  -5        0.0128970276       -0.0454422635
  28  -6       -0.0269999130       -0.0134457030
  28  -7        0.0173867292       -0.0072772280
  28  -8       -0.0174058167        0.0199650006
  28  -9        0.0039925509       -0.0156734626
  28 -10        0.0093266871       -0.0170081955
  28 -11       -0.0016691614       -0.0093503569
  28 -12       -0.0104313335       -0.0048015524
  28 -13       -0.0281317351        0.0190316875
  28 -14       -0.0111603155        0.0185446606
  28 -15       -0.0077126454       -0.0081761695
  28 -16        0.0348127573        0.0048252837
  28 -17        0.0032441070       -0.0066768797
  28 -18        0.0000682960       -0.0050203657
  28 -19       -0.0045308004        0.0189673007
  28 -20        0.0018303527       -0.0012623173
  28 -21       -0.0205112177        0.0315080346
  28 -22        0.0345122584        0.0091647894
  28 -23        0.0127386847        0.0300387333
  28 -24        0.0338855558        0.0170261379
  28 -25        0.0075856790        0.0059279260
  28 -26        0.0062545568        0.0130065739
  28 -27       -0.0231206961        0.0131845523
  28 -28        0.0131046696       -0.0166212496
  29  29        0.0025199215       -0.0074404774
  29  28       -0.0048699367        0.0098912310
  29  27        0.0017253341        0.0128833205
  29  26       -0.0139506293       -0.0032950676
  29  25       -0.0142203090        0.0072348931
  29  24        0.0240391434       -0.0052549716
  29  23       -0.0413439439       -0.0101838067
  29  22        0.0105092635       -0.0043409655
  29  21       -0.0147312280        0.0362210061
  29  20       -0.0108629761       -0.0432190021
  29  19       -0.0197939807       -0.0028861196
  29  18        0.0000867719       -0.0127824418
  29  17       -0.0087929491        0.0067696225
  29  16       -0.0229919982        0.0297972826
  29  15       -0.0001937788       -0.0205677227
  29  14       -0.0164648273        0.0062129413
  29  13        0.0078898810        0.0119582548
  29  12        0.0113697578       -0.0067298338
  29  11        0.0061343447        0.0037018990
  29  10       -0.0032311011       -0.0046728465
  29   9        0.0167912444        0.0047213695
  29   8        0.0121987218        0.0154568092
  29   7        0.0282714143       -0.0090336469
  29   6       -0.0135853751        0.0013174890
  29   5        0.0124945809        0.0089702755
  29   4       -0.0279673889        0.0132776466
  29   3       -0.0160518423        0.0102259141
  29   2        0.0222274012        0.0089932942
  29   1        0.0179450426        0.0092817470
  29   0       -0.0245274522        0.0000000000
  29  -1       -0.0179450426        0.0092817470
  29  -2        0.0222274012       -0.0089932942
  29  -3        0.0160518423        0.0102259141
  29  -4       -0.0279673889       -0.0132776466
  29  -5       -0.0124945809        0.0089702755
  29  -6       -0.0135853751       -0.0013174890
  29  -7       -0.0282714143       -0.0090336469
  29  -8        0.0121987218       -0.0154568092
  29  -9       -0.0167912444        0.0047213695
  29 -10       -0.0032311011        0.0046728465
  29 -11       -0.0061343447        0.0037018990
  29 -12        0.0113697578        0.0067298338
  29 -13       -0.0078898810        0.0119582548
  29 -14       -0.0164648273       -0.0062129413
  29 -15        0.0001937788       -0.0205677227
  29 -16       -0.0229919982       -0.0297972826
  29 -17        0.0087929491        0.0067696225
  29 -18        0.0000867719        0.0127824418
  29 -19        0.0197939807       -0.0028861196
  29 -20       -0.0108629761        0.0432190021
  29 -21        0.0147312280        0.0362210061
  29 -22        0.0105092635        0.0043409655
  29 -23        0.0413439439       -0.0101838067
  29 -24        0.0240391434        0.0052549716
  29 -25        0.0142203090        0.0072348931
  29 -26       -0.0139506293        0.0032950676
  29 -27       -0.0017253341        0.0128833205
  29 -28       -0.0048699367       -0.0098912310
  29 -29       -0.0025199215       -0.0074404774
  30  30        0.0074754067       -0.0292035731
  30  29       -0.0348560351        0.0023848509
  30  28        0.0050818313       -0.0228501634
  30  27        0.0086038959        0.0022972133
  30  26        0.0125168805       -0.0113939585
  30  25        0.0051764861        0.0019704822
  30  24       -0.0160195805        0.0036103311
  30  23       -0.0052212441       -0.0129225984
  30  22       -0.0040784156       -0.0200342397
  30  21       -0.0067864412        0.0008933768
  30  20       -0.0077900408        0.0202517971
  30  19       -0.0040170167        0.0214866208
  30  18        0.0079091949        0.0276689431
  30  17       -0.0192732869       -0.0179284466
  30  16        0.0055171754        0.0054543449
  30  15        0.0100410398       -0.0016982091
  30  14        0.0103054357        0.0232990678
  30  13        0.0129547617       -0.0008413546
  30  12        0.0094355477       -0.0040997626
  30  11        0.0035504868        0.0095426961
  30  10        0.0073787415        0.0214210049
  30   9        0.0219440233        0.0081221617
  30   8        0.0144347512       -0.0225248483
  30   7        0.0097556456       -0.0102405422
  30   6        0.0139991096        0.0179051575
  30   5        0.0373907630       -0.0257363636
  30   4       -0.0094374187       -0.0123985893
  30   3        0.0113734378       -0.0095579293
  30   2       -0.0316110794       -0.0306539276
  30   1       -0.0062749517        0.0011125772
  30   0        0.0319784989        0.0000000000
  30  -1        0.0062749517        0.0011125772
  30  -2       -0.0316110794        0.0306539276
  30  -3       -0.0113734378       -0.0095579293
  30  -4       -0.0094374187        0.0123985893
  30  -5       -0.0373907630       -0.0257363636
  30  -6        0.0139991096       -0.0179051575
  30  -7       -0.0097556456       -0.0102405422
  30  -8        0.0144347512        0.0225248483
  30  -9       -0.0219440233        0.0081221617
  30 -10        0.0073787415       -0.0214210049
  30 -11       -0.0035504868        0.0095426961
  30 -12        0.0094355477        0.0040997626
  30 -13       -0.0129547617       -0.0008413546
  30 -14        0.0103054357       -0.0232990678
  30 -15       -0.0100410398       -0.0016982091
  30 -16        0.0055171754       -0.0054543449
  30 -17        0.0192732869       -0.0179284466
  30 -18        0.0079091949       -0.0276689431
  30 -19        0.0040170167        0.0214866208
  30 -20       -0.0077900408       -0.0202517971
  30 -21        0.0067864412        0.0008933768
  30 -22       -0.0040784156        0.0200342397
  30 -23        0.0052212441       -0.0129225984
  30 -24       -0.0160195805       -0.0036103311
  30 -25       -0.0051764861        0.0019704822
  30 -26        0.0125168805        0.0113939585
  30 -27       -0.0086038959        0.0022972133
  30 -28        0.0050818313        0.0228501634
  30 -29        0.0348560351        0.0023848509
  30 -30        0.0074754067        0.0292035731
