   0   0       35.8566008284        0.0000000000
   1   1        0.5359063568        0.2718566540
   1   0       -0.1261102555        0.0000000000
   1  -1       -0.5359063568        0.2718566540
   2   2       -2.1417948013       -1.4796070619
   2   1       -2.6818201104       -0.0870019272
   2   0       -3.5354736582        0.0000000000
   2  -1        2.6818201104       -0.0870019272
   2  -2       -2.1417948013        1.4796070619
   3   3       -0.1243961323        1.1101753480
   3   2        1.2661619298       -0.2934760633
   3   1       -0.2956530672        0.1624067845
   3   0       -1.2298310465        0.0000000000
   3  -1        0.2956530672        0.1624067845
   3  -2        1.2661619298        0.2934760633
   3  -3        0.1243961323        1.1101753480
   4   4        0.2680994882        0.3097061817
   4   3        0.2661718733        0.5550697541
   4   2        0.6197589627        0.6187547849
   4   1       -0.1171906136        0.5217425554
   4   0        0.0878058730        0.0000000000
   4  -1        0.1171906136        0.5217425554
   4  -2        0.6197589627       -0.6187547849
   4  -3       -0.2661718733        0.5550697541
   4  -4        0.2680994882       -0.3097061817
   5   5        0.1928789036       -0.2230019612
   5   4       -0.3659657183       -0.2558824743
   5   3       -0.0970535044       -0.3080547066
   5   2       -0.1767517216       -0.3729250913
   5   1        0.7327020509       -0.2602695236
   5   0        0.0495996136        0.0000000000
   5  -1       -0.7327020509       -0.2602695236
   5  -2       -0.1767517216        0.3729250913
   5  -3        0.0970535044       -0.3080547066
   5  -4       -0.3659657183        0.2558824743
   5  -5       -0.1928789036       -0.2230019612
   6   6        0.1168000674        0.0931646619
   6   5        0.0688392686        0.1634931838
   6   4        0.1907924510       -0.0387784041
   6   3        0.3451252591       -0.2072646389
   6   2        0.0251236582       -0.1862251673
   6   1        0.3316186615       -0.2848938583
   6   0       -0.0718402348        0.0000000000
   6  -1       -0.3316186615       -0.2848938583
   6  -2        0.0251236582        0.1862251673
   6  -3       -0.3451252591       -0.2072646389
   6  -4        0.1907924510        0.0387784041
   6  -5       -0.0688392686        0.1634931838
   6  -6        0.1168000674       -0.0931646619
   7   7       -0.0479276210        0.1340904210
   7   6        0.0421928215        0.0582748012
   7   5       -0.0935681309        0.0975441865
   7   4       -0.0891123008        0.1844056187
   7   3       -0.0656174813        0.1112526677
   7   2       -0.1911617267        0.1434252997
   7   1        0.0262154854        0.1445208064
   7   0        0.2486268280        0.0000000000
   7  -1       -0.0262154854        0.1445208064
   7  -2       -0.1911617267       -0.1434252997
   7  -3        0.0656174813        0.1112526677
   7  -4       -0.0891123008       -0.1844056187
   7  -5        0.0935681309        0.0975441865
   7  -6        0.0421928215       -0.0582748012
   7  -7        0.0479276210        0.1340904210
   8   8        0.0939295382       -0.0786160625
   8   7       -0.0514966675       -0.0273302162
   8   6        0.0653071994        0.0306323338
   8   5       -0.1829976744       -0.1390300755
   8   4       -0.1838753839        0.0361549923
   8   3       -0.2644191075        0.1259162729
   8   2       -0.0647142270        0.1849156474
   8   1       -0.1357451263       -0.0031050343
   8   0        0.0622129864        0.0000000000
   8  -1        0.1357451263       -0.0031050343
   8  -2       -0.0647142270       -0.1849156474
   8  -3        0.2644191075        0.1259162729
   8  -4       -0.1838753839       -0.0361549923
   8  -5        0.1829976744       -0.1390300755
   8  -6        0.0653071994       -0.0306323338
   8  -7        0.0514966675       -0.0273302162
   8  -8        0.0939295382        0.0786160625
   9   9        0.0107925814       -0.0230862026
   9   8        0.0589741160       -0.0140560221
   9   7       -0.0044673573       -0.0069487470
   9   6        0.0384255623       -0.0584217046
   9   5        0.0635557421       -0.0527493507
   9   4        0.2050863550       -0.0774801534
   9   3        0.0459467175        0.0294423047
   9   2       -0.0578941439        0.0134783984
   9   1       -0.1277568085       -0.0506356825
   9   0        0.2674843158        0.0000000000
   9  -1        0.1277568085       -0.0506356825
   9  -2       -0.0578941439       -0.0134783984
   9  -3       -0.0459467175        0.0294423047
   9  -4        0.2050863550        0.0774801534
   9  -5       -0.0635557421       -0.0527493507
   9  -6        0.0384255623        0.0584217046
   9  -7        0.0044673573       -0.0069487470
   9  -8        0.0589741160        0.0140560221
   9  -9       -0.0107925814       -0.0230862026
  10  10       -0.0303367934       -0.0985085089
  10   9       -0.0092166046        0.0535749374
  10   8        0.0470601753       -0.0492310242
  10   7       -0.0070362058        0.0428851914
  10   6        0.0066307377        0.0658607744
  10   5        0.0613612103        0.0706369368
  10   4       -0.0598243761       -0.0182774203
  10   3        0.0691023445       -0.0029024060
  10   2        0.0532500548       -0.0354159262
  10   1        0.0295200221       -0.0135995472
  10   0       -0.1978665798        0.0000000000
  10  -1       -0.0295200221       -0.0135995472
  10  -2        0.0532500548        0.0354159262
  10  -3       -0.0691023445       -0.0029024060
  10  -4       -0.0598243761        0.0182774203
  10  -5       -0.0613612103        0.0706369368
  10  -6        0.0066307377       -0.0658607744
  10  -7        0.0070362058        0.0428851914
  10  -8        0.0470601753        0.0492310242
  10  -9        0.0092166046        0.0535749374
  10 -10       -0.0303367934        0.0985085089
  11  11        0.0375099039        0.0698504313
  11  10        0.0097541758       -0.1224463349
  11   9       -0.0454633514        0.0244770471
  11   8        0.0022843714        0.0171246963
  11   7       -0.0539763372       -0.0721248551
  11   6       -0.0444027402       -0.0620909995
  11   5        0.0078430745        0.0165676451
  11   4       -0.0124316195        0.0069639013
  11   3       -0.0127089102       -0.0446642643
  11   2       -0.0300109480       -0.0520223755
  11   1       -0.0508585291        0.0905381648
  11   0       -0.0763248615        0.0000000000
  11  -1        0.0508585291        0.0905381648
  11  -2       -0.0300109480        0.0520223755
  11  -3        0.0127089102       -0.0446642643
  11  -4       -0.0124316195       -0.0069639013
  11  -5       -0.0078430745        0.0165676451
  11  -6       -0.0444027402        0.0620909995
  11  -7        0.0539763372       -0.0721248551
  11  -8        0.0022843714       -0.0171246963
  11  -9        0.0454633514        0.0244770471
  11 -10        0.0097541758        0.1224463349
  11 -11       -0.0375099039        0.0698504313
  12  12        0.0191543966        0.0063332078
  12  11       -0.0290739223        0.0054150719
  12  10        0.0119093796       -0.0214205840
  12   9       -0.0399554853       -0.0372215191
  12   8       -0.0097571125       -0.0028465456
  12   7       -0.0127865487        0.0233237949
  12   6        0.0678737768        0.0132082728
  12   5        0.0234167295       -0.0531313229
  12   4        0.0049253482       -0.0744938247
  12   3        0.0011321346        0.0245704177
  12   2       -0.0292931754        0.0353316601
  12   1        0.1021315246        0.0131009821
  12   0       -0.0639218320        0.0000000000
  12  -1       -0.1021315246        0.0131009821
  12  -2       -0.0292931754       -0.0353316601
  12  -3       -0.0011321346        0.0245704177
  12  -4        0.0049253482        0.0744938247
  12  -5       -0.0234167295       -0.0531313229
  12  -6        0.0678737768       -0.0132082728
  12  -7        0.0127865487        0.0233237949
  12  -8       -0.0097571125        0.0028465456
  12  -9        0.0399554853       -0.0372215191
  12 -10        0.0119093796        0.0214205840
  12 -11        0.0290739223        0.0054150719
  12 -12        0.0191543966       -0.0063332078
  13  13       -0.0072363819       -0.0381206047
  13  12       -0.0270574090       -0.0039422191
  13  11       -0.0221668547       -0.0031545360
  13  10       -0.0026381268       -0.0092619940
  13   9       -0.0078287384       -0.0171797542
  13   8       -0.0292265105        0.0751945371
  13   7        0.0095658605        0.0349003146
  13   6       -0.0292650386        0.0343394134
  13   5       -0.0356057096        0.0516694767
  13   4       -0.0034897359        0.0175574383
  13   3        0.0145248985        0.0510892977
  13   2        0.0159609946        0.0563916015
  13   1        0.1092427587       -0.0603072730
  13   0        0.0667191655        0.0000000000
  13  -1       -0.1092427587       -0.0603072730
  13  -2        0.0159609946       -0.0563916015
  13  -3       -0.0145248985        0.0510892977
  13  -4       -0.0034897359       -0.0175574383
  13  -5        0.0356057096        0.0516694767
  13  -6       -0.0292650386       -0.0343394134
  13  -7       -0.0095658605        0.0349003146
  13  -8       -0.0292265105       -0.0751945371
  13  -9        0.0078287384       -0.0171797542
  13 -10       -0.0026381268        0.0092619940
  13 -11        0.0221668547       -0.0031545360
  13 -12       -0.0270574090        0.0039422191
  13 -13        0.0072363819       -0.0381206047
  14  14       -0.0258371825        0.0258332756
  14  13        0.0052134009        0.0425502567
  14  12        0.0138532432       -0.0035739339
  14  11       -0.0129181828        0.0325247289
  14  10       -0.0141439227       -0.0035463719
  14   9        0.1030911872       -0.0421478340
  14   8       -0.0491844486       -0.0023125395
  14   7        0.0064975653       -0.0001713806
  14   6        0.0016563407        0.0029243721
  14   5       -0.0137504067        0.0565470183
  14   4        0.0519036333        0.0234272721
  14   3       -0.0441434503        0.0621224432
  14   2       -0.0071416000        0.0184109143
  14   1        0.0914889013       -0.0056512641
  14   0        0.0474559325        0.0000000000
  14  -1       -0.0914889013       -0.0056512641
  14  -2       -0.0071416000       -0.0184109143
  14  -3        0.0441434503        0.0621224432
  14  -4        0.0519036333       -0.0234272721
  14  -5        0.0137504067        0.0565470183
  14  -6        0.0016563407       -0.0029243721
  14  -7       -0.0064975653       -0.0001713806
  14  -8       -0.0491844486        0.0023125395
  14  -9       -0.1030911872       -0.0421478340
  14 -10       -0.0141439227        0.0035463719
  14 -11        0.0129181828        0.0325247289
  14 -12        0.0138532432        0.0035739339
  14 -13       -0.0052134009        0.0425502567
  14 -14       -0.0258371825       -0.0258332756
  15  15        0.0044914155        0.0394440865
  15  14       -0.0025451315        0.0266114165
  15  13       -0.0168911770        0.0124974636
  15  12        0.0622306049       -0.0056606147
  15  11        0.0106563105       -0.0184190068
  15  10        0.0067087971       -0.0121535407
  15   9        0.0632332946        0.0125749935
  15   8        0.0704277390       -0.0072610744
  15   7        0.0489699158       -0.0374207752
  15   6       -0.0009262052       -0.0029417427
  15   5       -0.0012544854       -0.0349023691
  15   4        0.0168473786        0.0078488514
  15   3       -0.0209252203       -0.0060249211
  15   2       -0.0279090340       -0.0439411089
  15   1       -0.0499507146       -0.0396846026
  15   0       -0.0465944826        0.0000000000
  15  -1        0.0499507146       -0.0396846026
  15  -2       -0.0279090340        0.0439411089
  15  -3        0.0209252203       -0.0060249211
  15  -4        0.0168473786       -0.0078488514
  15  -5        0.0012544854       -0.0349023691
  15  -6       -0.0009262052        0.0029417427
  15  -7       -0.0489699158       -0.0374207752
  15  -8        0.0704277390        0.0072610744
  15  -9       -0.0632332946        0.0125749935
  15 -10        0.0067087971        0.0121535407
  15 -11       -0.0106563105       -0.0184190068
  15 -12        0.0622306049        0.0056606147
  15 -13        0.0168911770        0.0124974636
  15 -14       -0.0025451315       -0.0266114165
  15 -15       -0.0044914155        0.0394440865
  16  16       -0.0262879013        0.0339623548
  16  15       -0.0202390424       -0.0097226995
  16  14        0.0290954448       -0.0136203684
  16  13       -0.0324395208       -0.0154486144
  16  12       -0.0084640627        0.0080769323
  16  11       -0.0256547997        0.0069598239
  16  10       -0.0370183719        0.0091707253
  16   9       -0.0037738266       -0.0106939016
  16   8       -0.0141621322        0.0259723443
  16   7        0.0139698234       -0.0519589817
  16   6        0.0112202253       -0.0120106093
  16   5        0.0157278778       -0.0652460008
  16   4       -0.0032680912       -0.0077309249
  16   3       -0.0318648356        0.0145498037
  16   2        0.0221974843        0.0203612295
  16   1       -0.0381093628        0.0032968051
  16   0        0.0159874661        0.0000000000
  16  -1        0.0381093628        0.0032968051
  16  -2        0.0221974843       -0.0203612295
  16  -3        0.0318648356        0.0145498037
  16  -4       -0.0032680912        0.0077309249
  16  -5       -0.0157278778       -0.0652460008
  16  -6        0.0112202253        0.0120106093
  16  -7       -0.0139698234       -0.0519589817
  16  -8       -0.0141621322       -0.0259723443
  16  -9        0.0037738266       -0.0106939016
  16 -10       -0.0370183719       -0.0091707253
  16 -11        0.0256547997        0.0069598239
  16 -12       -0.0084640627       -0.0080769323
  16 -13        0.0324395208       -0.0154486144
  16 -14        0.0290954448        0.0136203684
  16 -15        0.0202390424       -0.0097226995
  16 -16       -0.0262879013       -0.0339623548
  17  17        0.0269955065       -0.0398786693
  17  16        0.0375597883       -0.0194478863
  17  15        0.0160164401        0.0271770364
  17  14       -0.0091224962        0.0105232398
  17  13       -0.0179304801       -0.0229512062
  17  12        0.0306283293       -0.0002672996
  17  11        0.0075111341       -0.0188985806
  17  10       -0.0259264704       -0.0637299981
  17   9       -0.0090491273       -0.0095771831
  17   8       -0.0880397699        0.0251209533
  17   7       -0.0054207789       -0.0147086881
  17   6       -0.0028931568       -0.0184833944
  17   5       -0.0048716757        0.0000960353
  17   4       -0.0085084167       -0.0169007178
  17   3        0.0129320922        0.0343063599
  17   2        0.0373424323        0.0045032994
  17   1       -0.0519462548        0.0250885967
  17   0        0.0179473153        0.0000000000
  17  -1        0.0519462548        0.0250885967
  17  -2        0.0373424323       -0.0045032994
  17  -3       -0.0129320922        0.0343063599
  17  -4       -0.0085084167        0.0169007178
  17  -5        0.0048716757        0.0000960353
  17  -6       -0.0028931568        0.0184833944
  17  -7        0.0054207789       -0.0147086881
  17  -8       -0.0880397699       -0.0251209533
  17  -9        0.0090491273       -0.0095771831
  17 -10       -0.0259264704        0.0637299981
  17 -11       -0.0075111341       -0.0188985806
  17 -12        0.0306283293        0.0002672996
  17 -13        0.0179304801       -0.0229512062
  17 -14       -0.0091224962       -0.0105232398
  17 -15       -0.0160164401        0.0271770364
  17 -16        0.0375597883        0.0194478863
  17 -17       -0.0269955065       -0.0398786693
  18  18       -0.0029070340       -0.0294165982
  18  17       -0.0187245817        0.0109503900
  18  16        0.0141946777       -0.0070034259
  18  15       -0.0307488205        0.0028999644
  18  14        0.0280509205       -0.0165378828
  18  13        0.0077824154       -0.0062965555
  18  12       -0.0321759517       -0.0057158649
  18  11        0.0229219239        0.0342302679
  18  10        0.0149609082        0.0007292782
  18   9        0.0760158067        0.0215782183
  18   8        0.0102146827       -0.0570492806
  18   7       -0.0305512408       -0.0178045138
  18   6       -0.0239798788        0.0169138752
  18   5        0.0291330018       -0.0337378213
  18   4        0.0017091755       -0.0156685406
  18   3        0.0026485055       -0.0207646006
  18   2        0.0034624518        0.0164569678
  18   1        0.0186296349        0.0258018693
  18   0       -0.0490214765        0.0000000000
  18  -1       -0.0186296349        0.0258018693
  18  -2        0.0034624518       -0.0164569678
  18  -3       -0.0026485055       -0.0207646006
  18  -4        0.0017091755        0.0156685406
  18  -5       -0.0291330018       -0.0337378213
  18  -6       -0.0239798788       -0.0169138752
  18  -7        0.0305512408       -0.0178045138
  18  -8        0.0102146827        0.0570492806
  18  -9       -0.0760158067        0.0215782183
  18 -10        0.0149609082       -0.0007292782
  18 -11       -0.0229219239        0.0342302679
  18 -12       -0.0321759517        0.0057158649
  18 -13       -0.0077824154       -0.0062965555
  18 -14        0.0280509205        0.0165378828
  18 -15        0.0307488205        0.0028999644
  18 -16        0.0141946777        0.0070034259
  18 -17        0.0187245817        0.0109503900
  18 -18       -0.0029070340        0.0294165982
  19  19        0.0224139205       -0.0366463944
  19  18        0.0202940446       -0.0020028346
  19  17        0.0178273390       -0.0149102883
  19  16       -0.0066474712        0.0045907924
  19  15       -0.0214509189       -0.0462581922
  19  14        0.0099268194       -0.0085494131
  19  13       -0.0069008126        0.0171896330
  19  12       -0.0245394075       -0.0094058690
  19  11       -0.0430484659       -0.0136742159
  19  10       -0.0090805175       -0.0147809448
  19   9       -0.0201761890        0.0509595383
  19   8       -0.0026562476        0.0272975367
  19   7        0.0342174662        0.0052997992
  19   6        0.0335767476       -0.0031599543
  19   5       -0.0047841080        0.0326914464
  19   4       -0.0070476083        0.0811870243
  19   3        0.0480747415       -0.0204420582
  19   2        0.0572661836       -0.0124251635
  19   1       -0.0154570702       -0.0548915820
  19   0       -0.0537970007        0.0000000000
  19  -1        0.0154570702       -0.0548915820
  19  -2        0.0572661836        0.0124251635
  19  -3       -0.0480747415       -0.0204420582
  19  -4       -0.0070476083       -0.0811870243
  19  -5        0.0047841080        0.0326914464
  19  -6        0.0335767476        0.0031599543
  19  -7       -0.0342174662        0.0052997992
  19  -8       -0.0026562476       -0.0272975367
  19  -9        0.0201761890        0.0509595383
  19 -10       -0.0090805175        0.0147809448
  19 -11        0.0430484659       -0.0136742159
  19 -12       -0.0245394075        0.0094058690
  19 -13        0.0069008126        0.0171896330
  19 -14        0.0099268194        0.0085494131
  19 -15        0.0214509189       -0.0462581922
  19 -16       -0.0066474712       -0.0045907924
  19 -17       -0.0178273390       -0.0149102883
  19 -18        0.0202940446        0.0020028346
  19 -19       -0.0224139205       -0.0366463944
  20  20        0.0145743138       -0.0085721339
  20  19       -0.0098944610       -0.0377775187
  20  18       -0.0098949302        0.0123313353
  20  17       -0.0124052211        0.0135223734
  20  16       -0.0168164718        0.0097836618
  20  15        0.0204889938       -0.0082651019
  20  14        0.0045059106        0.0138373206
  20  13       -0.0387517088       -0.0069247748
  20  12        0.0437903239       -0.0318989574
  20  11        0.0091011047       -0.0195046813
  20  10        0.0120923373        0.0055079188
  20   9       -0.0045185779       -0.0326490889
  20   8        0.0076695598        0.0061773088
  20   7       -0.0538517705        0.0082602341
  20   6        0.0096409110        0.0181930183
  20   5        0.0387039333        0.0126046675
  20   4        0.0007321137       -0.0136038964
  20   3        0.0141522534       -0.0116702378
  20   2       -0.0306394359        0.0202309185
  20   1       -0.0322210429       -0.0054700684
  20   0        0.0649540931        0.0000000000
  20  -1        0.0322210429       -0.0054700684
  20  -2       -0.0306394359       -0.0202309185
  20  -3       -0.0141522534       -0.0116702378
  20  -4        0.0007321137        0.0136038964
  20  -5       -0.0387039333        0.0126046675
  20  -6        0.0096409110       -0.0181930183
  20  -7        0.0538517705        0.0082602341
  20  -8        0.0076695598       -0.0061773088
  20  -9        0.0045185779       -0.0326490889
  20 -10        0.0120923373       -0.0055079188
  20 -11       -0.0091011047       -0.0195046813
  20 -12        0.0437903239        0.0318989574
  20 -13        0.0387517088       -0.0069247748
  20 -14        0.0045059106       -0.0138373206
  20 -15       -0.0204889938       -0.0082651019
  20 -16       -0.0168164718       -0.0097836618
  20 -17        0.0124052211        0.0135223734
  20 -18       -0.0098949302       -0.0123313353
  20 -19        0.0098944610       -0.0377775187
  20 -20        0.0145743138        0.0085721339
  21  21       -0.0580618458       -0.0073621304
  21  20       -0.0004802326       -0.0162450206
  21  19        0.0170345908       -0.0036316208
  21  18       -0.0077164465        0.0061738139
  21  17       -0.0059177725       -0.0035833427
  21  16       -0.0188955020       -0.0211361477
  21  15        0.0126214954        0.0306274866
  21  14        0.0063649273        0.0193292211
  21  13       -0.0130187153        0.0177990109
  21  12        0.0076449848        0.0025717109
  21  11       -0.0474190942       -0.0075451100
  21  10        0.0185265852        0.0257573377
  21   9       -0.0358811212       -0.0177800870
  21   8        0.0124352183        0.0205000204
  21   7       -0.0039982271        0.0085115783
  21   6        0.0070201000       -0.0389316694
  21   5        0.0054893701        0.0151979688
  21   4       -0.0073311806       -0.0043192476
  21   3       -0.0186837112       -0.0306049131
  21   2       -0.0055632346       -0.0290848776
  21   1       -0.0046891698        0.0252166232
  21   0        0.0497140928        0.0000000000
  21  -1        0.0046891698        0.0252166232
  21  -2       -0.0055632346        0.0290848776
  21  -3        0.0186837112       -0.0306049131
  21  -4       -0.0073311806        0.0043192476
  21  -5       -0.0054893701        0.0151979688
  21  -6        0.0070201000        0.0389316694
  21  -7        0.0039982271        0.0085115783
  21  -8        0.0124352183       -0.0205000204
  21  -9        0.0358811212       -0.0177800870
  21 -10        0.0185265852       -0.0257573377
  21 -11        0.0474190942       -0.0075451100
  21 -12        0.0076449848       -0.0025717109
  21 -13        0.0130187153        0.0177990109
  21 -14        0.0063649273       -0.0193292211
  21 -15       -0.0126214954        0.0306274866
  21 -16       -0.0188955020        0.0211361477
  21 -17        0.0059177725       -0.0035833427
  21 -18       -0.0077164465       -0.0061738139
  21 -19       -0.0170345908       -0.0036316208
  21 -20       -0.0004802326        0.0162450206
  21 -21        0.0580618458       -0.0073621304
  22  22       -0.0152417345       -0.0013343215
  22  21        0.0142857957        0.0076540283
  22  20        0.0154243592        0.0328274914
  22  19        0.0003939234        0.0001305616
  22  18        0.0030403197       -0.0224154842
  22  17       -0.0040395293        0.0130495864
  22  16       -0.0046923644        0.0051650207
  22  15        0.0017267609        0.0049258005
  22  14       -0.0125800146       -0.0173220571
  22  13       -0.0178408857       -0.0085798143
  22  12       -0.0110131016       -0.0053876702
  22  11        0.0008806990        0.0123696314
  22  10       -0.0296853546        0.0113527883
  22   9        0.0234206381        0.0167313678
  22   8        0.0247781789        0.0069680033
  22   7       -0.0647406382       -0.0133106306
  22   6        0.0317085170        0.0008059141
  22   5       -0.0022830850       -0.0009642855
  22   4       -0.0044429466       -0.0103032826
  22   3       -0.0047881353        0.0383950327
  22   2       -0.0364738698       -0.0544716179
  22   1        0.0285015873       -0.0111550292
  22   0        0.0641773824        0.0000000000
  22  -1       -0.0285015873       -0.0111550292
  22  -2       -0.0364738698        0.0544716179
  22  -3        0.0047881353        0.0383950327
  22  -4       -0.0044429466        0.0103032826
  22  -5        0.0022830850       -0.0009642855
  22  -6        0.0317085170       -0.0008059141
  22  -7        0.0647406382       -0.0133106306
  22  -8        0.0247781789       -0.0069680033
  22  -9       -0.0234206381        0.0167313678
  22 -10       -0.0296853546       -0.0113527883
  22 -11       -0.0008806990        0.0123696314
  22 -12       -0.0110131016        0.0053876702
  22 -13        0.0178408857       -0.0085798143
  22 -14       -0.0125800146        0.0173220571
  22 -15       -0.0017267609        0.0049258005
  22 -16       -0.0046923644       -0.0051650207
  22 -17        0.0040395293        0.0130495864
  22 -18        0.0030403197        0.0224154842
  22 -19       -0.0003939234        0.0001305616
  22 -20        0.0154243592       -0.0328274914
  22 -21       -0.0142857957        0.0076540283
  22 -22       -0.0152417345        0.0013343215
  23  23       -0.0042277923        0.0161207324
  23  22       -0.0108642310        0.0045663899
  23  21       -0.0115108055        0.0202777209
  23  20        0.0139374177        0.0175226577
  23  19        0.0060902529        0.0187703431
  23  18       -0.0211857090        0.0026200998
  23  17       -0.0061512483        0.0122737299
  23  16        0.0217741442        0.0044849827
  23  15       -0.0191044313       -0.0077112741
  23  14        0.0050192281       -0.0049107502
  23  13       -0.0000388343        0.0144274654
  23  12        0.0009982278       -0.0248647635
  23  11        0.0101446140       -0.0350320248
  23  10        0.0019547196       -0.0027916632
  23   9        0.0285014224        0.0103931170
  23   8       -0.0086006185       -0.0319853059
  23   7       -0.0188153859       -0.0129937551
  23   6       -0.0117084704        0.0290071256
  23   5        0.0291595542        0.0039137765
  23   4       -0.0001330515        0.0238541682
  23   3        0.0307962173       -0.0359036718
  23   2        0.0103718349        0.0089619571
  23   1        0.0329946767        0.0256932657
  23   0       -0.0352860840        0.0000000000
  23  -1       -0.0329946767        0.0256932657
  23  -2        0.0103718349       -0.0089619571
  23  -3       -0.0307962173       -0.0359036718
  23  -4       -0.0001330515       -0.0238541682
  23  -5       -0.0291595542        0.0039137765
  23  -6       -0.0117084704       -0.0290071256
  23  -7        0.0188153859       -0.0129937551
  23  -8       -0.0086006185        0.0319853059
  23  -9       -0.0285014224        0.0103931170
  23 -10        0.0019547196        0.0027916632
  23 -11       -0.0101446140       -0.0350320248
  23 -12        0.0009982278        0.0248647635
  23 -13        0.0000388343        0.0144274654
  23 -14        0.0050192281        0.0049107502
  23 -15        0.0191044313       -0.0077112741
  23 -16        0.0217741442       -0.0044849827
  23 -17        0.0061512483        0.0122737299
  23 -18       -0.0211857090       -0.0026200998
  23 -19       -0.0060902529        0.0187703431
  23 -20        0.0139374177       -0.0175226577
  23 -21        0.0115108055        0.0202777209
  23 -22       -0.0108642310       -0.0045663899
  23 -23        0.0042277923        0.0161207324
  24  24        0.0101899291        0.0017103668
  24  23       -0.0042195631        0.0057117952
  24  22       -0.0133958454        0.0166738410
  24  21        0.0185657604       -0.0135327588
  24  20       -0.0055907757        0.0230586796
  24  19       -0.0016913497        0.0262908397
  24  18        0.0237187069        0.0012576478
  24  17       -0.0325781682       -0.0494268137
  24  16        0.0024669742       -0.0139836666
  24  15        0.0322986312        0.0077920827
  24  14        0.0131678277        0.0332925983
  24  13       -0.0259138984        0.0148998638
  24  12        0.0278495584        0.0233275861
  24  11        0.0212669772       -0.0035239716
  24  10       -0.0022929079        0.0043642220
  24   9       -0.0079581410        0.0295803451
  24   8        0.0269768645       -0.0095997913
  24   7        0.0097985749        0.0158041931
  24   6       -0.0126737454       -0.0204278779
  24   5       -0.0211556345       -0.0212072885
  24   4        0.0255508108        0.0234308465
  24   3        0.0046151812       -0.0181230126
  24   2        0.0098274742        0.0125523686
  24   1       -0.0169363238        0.0076266378
  24   0       -0.0337503073        0.0000000000
  24  -1        0.0169363238        0.0076266378
  24  -2        0.0098274742       -0.0125523686
  24  -3       -0.0046151812       -0.0181230126
  24  -4        0.0255508108       -0.0234308465
  24  -5        0.0211556345       -0.0212072885
  24  -6       -0.0126737454        0.0204278779
  24  -7       -0.0097985749        0.0158041931
  24  -8        0.0269768645        0.0095997913
  24  -9        0.0079581410        0.0295803451
  24 -10       -0.0022929079       -0.0043642220
  24 -11       -0.0212669772       -0.0035239716
  24 -12        0.0278495584       -0.0233275861
  24 -13        0.0259138984        0.0148998638
  24 -14        0.0131678277       -0.0332925983
  24 -15       -0.0322986312        0.0077920827
  24 -16        0.0024669742        0.0139836666
  24 -17        0.0325781682       -0.0494268137
  24 -18        0.0237187069       -0.0012576478
  24 -19        0.0016913497        0.0262908397
  24 -20       -0.0055907757       -0.0230586796
  24 -21       -0.0185657604       -0.0135327588
  24 -22       -0.0133958454       -0.0166738410
  24 -23        0.0042195631        0.0057117952
  24 -24        0.0101899291       -0.0017103668
  25  25       -0.0024963280        0.0070082116
  25  24       -0.0114611159       -0.0277072908
  25  23        0.0370725084        0.0133726005
  25  22        0.0327497795       -0.0107095883
  25  21        0.0217363823        0.0054932481
  25  20        0.0213439973        0.0265335382
  25  19       -0.0348579160        0.0037411717
  25  18        0.0090728775        0.0000908973
  25  17        0.0105722266       -0.0096733944
  25  16        0.0018678998        0.0185977511
  25  15        0.0033874921       -0.0103500436
  25  14        0.0063499107       -0.0211579996
  25  13        0.0190080400        0.0377732320
  25  12        0.0044210540       -0.0069372189
  25  11        0.0063576204       -0.0075269203
  25  10       -0.0240347901        0.0318725877
  25   9        0.0065769262        0.0408548980
  25   8        0.0095485918       -0.0222012378
  25   7        0.0092267465        0.0162769912
  25   6       -0.0028876202       -0.0055416547
  25   5       -0.0068096796       -0.0073846320
  25   4       -0.0037710067        0.0034791372
  25   3       -0.0101760458        0.0066675887
  25   2        0.0112389314        0.0229762305
  25   1       -0.0183226443       -0.0029394745
  25   0       -0.0537102304        0.0000000000
  25  -1        0.0183226443       -0.0029394745
  25  -2        0.0112389314       -0.0229762305
  25  -3        0.0101760458        0.0066675887
  25  -4       -0.0037710067       -0.0034791372
  25  -5        0.0068096796       -0.0073846320
  25  -6       -0.0028876202        0.0055416547
  25  -7       -0.0092267465        0.0162769912
  25  -8        0.0095485918        0.0222012378
  25  -9       -0.0065769262        0.0408548980
  25 -10       -0.0240347901       -0.0318725877
  25 -11       -0.0063576204       -0.0075269203
  25 -12        0.0044210540        0.0069372189
  25 -13       -0.0190080400        0.0377732320
  25 -14        0.0063499107        0.0211579996
  25 -15       -0.0033874921       -0.0103500436
  25 -16        0.0018678998       -0.0185977511
  25 -17       -0.0105722266       -0.0096733944
  25 -18        0.0090728775       -0.0000908973
  25 -19        0.0348579160        0.0037411717
  25 -20        0.0213439973       -0.0265335382
  25 -21       -0.0217363823        0.0054932481
  25 -22        0.0327497795        0.0107095883
  25 -23       -0.0370725084        0.0133726005
  25 -24       -0.0114611159        0.0277072908
  25 -25        0.0024963280        0.0070082116
  26  26        0.0052606712        0.0355908480
  26  25       -0.0132150305        0.0184065608
  26  24        0.0000222298       -0.0220485121
  26  23        0.0060506937       -0.0090938212
  26  22        0.0068532739        0.0148810019
  26  21       -0.0008272104        0.0162251951
  26  20       -0.0250108229       -0.0012517512
  26  19        0.0282756098       -0.0009557682
  26  18       -0.0097939741       -0.0042150215
  26  17       -0.0157620160        0.0030293759
  26  16        0.0260464812        0.0009686487
  26  15       -0.0176014412        0.0092541187
  26  14        0.0004058350       -0.0488831468
  26  13        0.0207143983       -0.0288544308
  26  12       -0.0021131218        0.0221465647
  26  11        0.0004112861       -0.0072733178
  26  10        0.0250047610       -0.0190677631
  26   9        0.0117445283       -0.0246739628
  26   8        0.0173441102       -0.0006463855
  26   7       -0.0105738304       -0.0043529548
  26   6       -0.0085503059       -0.0172524005
  26   5       -0.0052016079        0.0459602375
  26   4       -0.0170324026        0.0381817537
  26   3       -0.0139499447        0.0131528743
  26   2       -0.0081915206       -0.0212356225
  26   1       -0.0089474570        0.0040909361
  26   0       -0.0286889304        0.0000000000
  26  -1        0.0089474570        0.0040909361
  26  -2       -0.0081915206        0.0212356225
  26  -3        0.0139499447        0.0131528743
  26  -4       -0.0170324026       -0.0381817537
  26  -5        0.0052016079        0.0459602375
  26  -6       -0.0085503059        0.0172524005
  26  -7        0.0105738304       -0.0043529548
  26  -8        0.0173441102        0.0006463855
  26  -9       -0.0117445283       -0.0246739628
  26 -10        0.0250047610        0.0190677631
  26 -11       -0.0004112861       -0.0072733178
  26 -12       -0.0021131218       -0.0221465647
  26 -13       -0.0207143983       -0.0288544308
  26 -14        0.0004058350        0.0488831468
  26 -15        0.0176014412        0.0092541187
  26 -16        0.0260464812       -0.0009686487
  26 -17        0.0157620160        0.0030293759
  26 -18       -0.0097939741        0.0042150215
  26 -19       -0.0282756098       -0.0009557682
  26 -20       -0.0250108229        0.0012517512
  26 -21        0.0008272104        0.0162251951
  26 -22        0.0068532739       -0.0148810019
  26 -23       -0.0060506937       -0.0090938212
  26 -24        0.0000222298        0.0220485121
  26 -25        0.0132150305        0.0184065608
  26 -26        0.0052606712       -0.0355908480
  27  27        0.0004994409       -0.0256863135
  27  26       -0.0107089539        0.0083025382
  27  25        0.0042334429       -0.0111433693
  27  24        0.0390151470        0.0096809625
  27  23        0.0128619083       -0.0216928596
  27  22        0.0202066667        0.0111590766
  27  21        0.0370864377        0.0116145183
  27  20       -0.0289814716       -0.0116835241
  27  19       -0.0038916523        0.0167857793
  27  18        0.0360370651        0.0075097633
  27  17       -0.0368465471       -0.0158959934
  27  16        0.0000025194       -0.0119995219
  27  15       -0.0054237422       -0.0058439494
  27  14       -0.0060593595        0.0271627230
  27  13       -0.0287291415       -0.0158988846
  27  12        0.0088976535        0.0373489480
  27  11        0.0008931705       -0.0043419225
  27  10       -0.0026233921       -0.0188458296
  27   9       -0.0232519466        0.0082849043
  27   8        0.0216875760       -0.0152902822
  27   7        0.0199535300       -0.0205538141
  27   6        0.0087488907       -0.0210575774
  27   5        0.0230607797       -0.0126002885
  27   4        0.0200359491       -0.0122262379
  27   3        0.0082987216       -0.0069864831
  27   2       -0.0112042377       -0.0167911731
  27   1       -0.0409437637       -0.0197586306
  27   0       -0.0351513366        0.0000000000
  27  -1        0.0409437637       -0.0197586306
  27  -2       -0.0112042377        0.0167911731
  27  -3       -0.0082987216       -0.0069864831
  27  -4        0.0200359491        0.0122262379
  27  -5       -0.0230607797       -0.0126002885
  27  -6        0.0087488907        0.0210575774
  27  -7       -0.0199535300       -0.0205538141
  27  -8        0.0216875760        0.0152902822
  27  -9        0.0232519466        0.0082849043
  27 -10       -0.0026233921        0.0188458296
  27 -11       -0.0008931705       -0.0043419225
  27 -12        0.0088976535       -0.0373489480
  27 -13        0.0287291415       -0.0158988846
  27 -14       -0.0060593595       -0.0271627230
  27 -15        0.0054237422       -0.0058439494
  27 -16        0.0000025194        0.0119995219
  27 -17        0.0368465471       -0.0158959934
  27 -18        0.0360370651       -0.0075097633
  27 -19        0.0038916523        0.0167857793
  27 -20       -0.0289814716        0.0116835241
  27 -21       -0.0370864377        0.0116145183
  27 -22        0.0202066667       -0.0111590766
  27 -23       -0.0128619083       -0.0216928596
  27 -24        0.0390151470       -0.0096809625
  27 -25       -0.0042334429       -0.0111433693
  27 -26       -0.0107089539       -0.0083025382
  27 -27       -0.0004994409       -0.0256863135
  28  28       -0.0315537877       -0.0376506521
  28  27       -0.0052079382       -0.0003985171
  28  26       -0.0010485353        0.0164627327
  28  25       -0.0106021213       -0.0048137376
  28  24        0.0132415151        0.0100814313
  28  23        0.0030011061       -0.0212393393
  28  22       -0.0282151304       -0.0124763647
  28  21        0.0040319159        0.0403290529
  28  20        0.0348676063        0.0053096505
  28  19        0.0004472053       -0.0060234761
  28  18       -0.0127243879        0.0246516984
  28  17        0.0306362782       -0.0065317325
  28  16        0.0076727502       -0.0188355782
  28  15       -0.0105708555       -0.0130926077
  28  14       -0.0255900963       -0.0026222406
  28  13        0.0142504813        0.0321630682
  28  12        0.0080528146       -0.0047717308
  28  11       -0.0240372513       -0.0021476784
  28  10        0.0026806233        0.0066833598
  28   9       -0.0169669985        0.0185598409
  28   8       -0.0076739173        0.0247684838
  28   7        0.0298214167       -0.0216741360
  28   6        0.0085672077        0.0241387031
  28   5        0.0065934821        0.0074271175
  28   4       -0.0009742901       -0.0255311590
  28   3       -0.0062275522       -0.0041692293
  28   2        0.0044959984       -0.0206366446
  28   1        0.0030561159        0.0001900744
  28   0        0.0588822701        0.0000000000
  28  -1       -0.0030561159        0.0001900744
  28  -2        0.0044959984        0.0206366446
  28  -3        0.0062275522       -0.0041692293
  28  -4       -0.0009742901        0.0255311590
  28  -5       -0.0065934821        0.0074271175
  28  -6        0.0085672077       -0.0241387031
  28  -7       -0.0298214167       -0.0216741360
  28  -8       -0.0076739173       -0.0247684838
  28  -9        0.0169669985        0.0185598409
  28 -10        0.0026806233       -0.0066833598
  28 -11        0.0240372513       -0.0021476784
  28 -12        0.0080528146        0.0047717308
  28 -13       -0.0142504813        0.0321630682
  28 -14       -0.0255900963        0.0026222406
  28 -15        0.0105708555       -0.0130926077
  28 -16        0.0076727502        0.0188355782
  28 -17       -0.0306362782       -0.0065317325
  28 -18       -0.0127243879       -0.0246516984
  28 -19       -0.0004472053       -0.0060234761
  28 -20        0.0348676063       -0.0053096505
  28 -21       -0.0040319159        0.0403290529
  28 -22       -0.0282151304        0.0124763647
  28 -23       -0.0030011061       -0.0212393393
  28 -24        0.0132415151       -0.0100814313
  28 -25        0.0106021213       -0.0048137376
  28 -26       -0.0010485353       -0.0164627327
  28 -27        0.0052079382       -0.0003985171
  28 -28       -0.0315537877        0.0376506521
  29  29       -0.0099534177       -0.0129667360
  29  28       -0.0013912367        0.0102447360
  29  27        0.0071535898       -0.0005422597
  29  26        0.0207461288       -0.0126254937
  29  25       -0.0351670279       -0.0037273648
  29  24       -0.0239236707        0.0121292632
  29  23       -0.0178210467        0.0126536808
  29  22        0.0239019987       -0.0356708188
  29  21       -0.0205074238       -0.0166714333
  29  20       -0.0182300992        0.0362394300
  29  19        0.0197849676       -0.0247276805
  29  18        0.0210115541       -0.0066012831
  29  17       -0.0058839560        0.0082168990
  29  16       -0.0015073913        0.0008097181
  29  15       -0.0179355000       -0.0036489614
  29  14       -0.0212586830        0.0002918691
  29  13       -0.0041156076       -0.0231285130
  29  12       -0.0096078112        0.0031262670
  29  11       -0.0082456033       -0.0316427850
  29  10        0.0158689715       -0.0014164801
  29   9        0.0029725528       -0.0218828400
  29   8        0.0313263053        0.0401411844
  29   7       -0.0069175120       -0.0056626653
  29   6        0.0108226507        0.0180175953
  29   5       -0.0090715502        0.0178773356
  29   4        0.0072490862        0.0081263673
  29   3        0.0052184640       -0.0023084697
  29   2       -0.0171353150        0.0144318233
  29   1        0.0233227596        0.0186339246
  29   0        0.0601036471        0.0000000000
  29  -1       -0.0233227596        0.0186339246
  29  -2       -0.0171353150       -0.0144318233
  29  -3       -0.0052184640       -0.0023084697
  29  -4        0.0072490862       -0.0081263673
  29  -5        0.0090715502        0.0178773356
  29  -6        0.0108226507       -0.0180175953
  29  -7        0.0069175120       -0.0056626653
  29  -8        0.0313263053       -0.0401411844
  29  -9       -0.0029725528       -0.0218828400
  29 -10        0.0158689715        0.0014164801
  29 -11        0.0082456033       -0.0316427850
  29 -12       -0.0096078112       -0.0031262670
  29 -13        0.0041156076       -0.0231285130
  29 -14       -0.0212586830       -0.0002918691
  29 -15        0.0179355000       -0.0036489614
  29 -16       -0.0015073913       -0.0008097181
  29 -17        0.0058839560        0.0082168990
  29 -18        0.0210115541        0.0066012831
  29 -19       -0.0197849676       -0.0247276805
  29 -20       -0.0182300992       -0.0362394300
  29 -21        0.0205074238       -0.0166714333
  29 -22        0.0239019987        0.0356708188
  29 -23        0.0178210467        0.0126536808
  29 -24       -0.0239236707       -0.0121292632
  29 -25        0.0351670279       -0.0037273648
  29 -26        0.0207461288        0.0126254937
  29 -27       -0.0071535898       -0.0005422597
  29 -28       -0.0013912367       -0.0102447360
  29 -29        0.0099534177       -0.0129667360
  30  30        0.0269910202       -0.0103742256
  30  29       -0.0194987664       -0.0201199307
  30  28        0.0021775017       -0.0216980180
  30  27        0.0318561268        0.0105564378
  30  26       -0.0267249865        0.0042723624
  30  25       -0.0106500690       -0.0230283731
  30  24        0.0022328877        0.0066291328
  30  23       -0.0348766010        0.0010271594
  30  22        0.0096631520       -0.0132729412
  30  21        0.0199445493       -0.0074197169
  30  20       -0.0276082296       -0.0176228328
  30  19       -0.0198676680        0.0082780209
  30  18        0.0049916361       -0.0048280230
  30  17       -0.0177358846        0.0065996473
  30  16        0.0106522780        0.0172982277
  30  15        0.0038644709       -0.0094759020
  30  14        0.0023334504       -0.0269758136
  30  13        0.0010888009        0.0170270588
  30  12       -0.0192284981       -0.0046555718
  30  11        0.0325136065        0.0114086052
  30  10        0.0127835020       -0.0040822947
  30   9       -0.0271393462        0.0033610573
  30   8       -0.0173224674       -0.0036578599
  30   7       -0.0068859480       -0.0253317783
  30   6        0.0182570000        0.0244475913
  30   5       -0.0143427807       -0.0150552662
  30   4       -0.0114179557        0.0031385652
  30   3       -0.0310348935        0.0078201406
  30   2        0.0009191864        0.0174471764
  30   1        0.0391282335        0.0022789642
  30   0       -0.0114033967        0.0000000000
  30  -1       -0.0391282335        0.0022789642
  30  -2        0.0009191864       -0.0174471764
  30  -3        0.0310348935        0.0078201406
  30  -4       -0.0114179557       -0.0031385652
  30  -5        0.0143427807       -0.0150552662
  30  -6        0.0182570000       -0.0244475913
  30  -7        0.0068859480       -0.0253317783
  30  -8       -0.0173224674        0.0036578599
  30  -9        0.0271393462        0.0033610573
  30 -10        0.0127835020        0.0040822947
  30 -11       -0.0325136065        0.0114086052
  30 -12       -0.0192284981        0.0046555718
  30 -13       -0.0010888009        0.0170270588
  30 -14        0.0023334504        0.0269758136
  30 -15       -0.0038644709       -0.0094759020
  30 -16        0.0106522780       -0.0172982277
  30 -17        0.0177358846        0.0065996473
  30 -18        0.0049916361        0.0048280230
  30 -19        0.0198676680        0.0082780209
  30 -20       -0.0276082296        0.0176228328
  30 -21       -0.0199445493       -0.0074197169
  30 -22        0.0096631520        0.0132729412
  30 -23        0.0348766010        0.0010271594
  30 -24        0.0022328877       -0.0066291328
  30 -25        0.0106500690       -0.0230283731
  30 -26       -0.0267249865       -0.0042723624
  30 -27       -0.0318561268        0.0105564378
  30 -28        0.0021775017        0.0216980180
  30 -29        0.0194987664       -0.0201199307
  30 -30        0.0269910202        0.0103742256
