   0   0       42.7988722973        0.0000000000
   1   1        0.3337595241       -0.0876267265
   1   0       -0.0764739372        0.0000000000
   1  -1       -0.3337595241       -0.0876267265
   2   2        2.9285291099        1.2012170928
   2   1       -0.0725642338       -0.8866652807
   2   0        4.0042743227        0.0000000000
   2  -1        0.0725642338       -0.8866652807
   2  -2        2.9285291099       -1.2012170928
   3   3       -0.6727534383       -0.8763669387
   3   2        0.2964724835        0.9640339570
   3   1       -0.0146501933        0.6704182525
   3   0       -0.4521482884        0.0000000000
   3  -1        0.0146501933        0.6704182525
   3  -2        0.2964724835       -0.9640339570
   3  -3        0.6727534383       -0.8763669387
   4   4        0.8580315699        0.2817281377
   4   3        0.4404676691       -0.4874671304
   4   2       -0.3379568385       -0.3469994444
   4   1        0.4194389499        0.6417001168
   4   0       -0.3887843607        0.0000000000
   4  -1       -0.4194389499        0.6417001168
   4  -2       -0.3379568385        0.3469994444
   4  -3       -0.4404676691       -0.4874671304
   4  -4        0.8580315699       -0.2817281377
   5   5        0.3874431103        0.2114052934
   5   4       -0.3567719408        0.6890750613
   5   3       -0.3471487910       -0.6083164912
   5   2        0.4523378862        0.2086121812
   5   1        0.0870302523        0.1523688198
   5   0       -0.0089502496        0.0000000000
   5  -1       -0.0870302523        0.1523688198
   5  -2        0.4523378862       -0.2086121812
   5  -3        0.3471487910       -0.6083164912
   5  -4       -0.3567719408       -0.6890750613
   5  -5       -0.3874431103        0.2114052934
   6   6        0.1005144387        0.4583329380
   6   5        0.0129380527        0.0378456196
   6   4       -0.1260262838       -0.0917784522
   6   3        0.2608191113       -0.0706115057
   6   2       -0.0738442855       -0.2490327766
   6   1        0.0080555829       -0.0233848205
   6   0       -0.2587482956        0.0000000000
   6  -1       -0.0080555829       -0.0233848205
   6  -2       -0.0738442855        0.2490327766
   6  -3       -0.2608191113       -0.0706115057
   6  -4       -0.1260262838        0.0917784522
   6  -5       -0.0129380527        0.0378456196
   6  -6        0.1005144387       -0.4583329380
   7   7        0.0543340694        0.0345587060
   7   6       -0.1777744283        0.2194265698
   7   5        0.0999075584        0.0489357997
   7   4        0.0301527412        0.0157934178
   7   3       -0.0387290318       -0.1992190830
   7   2        0.0117902465        0.0121842151
   7   1        0.3243921689        0.0912970414
   7   0       -0.0177942589        0.0000000000
   7  -1       -0.3243921689        0.0912970414
   7  -2        0.0117902465       -0.0121842151
   7  -3        0.0387290318       -0.1992190830
   7  -4        0.0301527412       -0.0157934178
   7  -5       -0.0999075584        0.0489357997
   7  -6       -0.1777744283       -0.2194265698
   7  -7       -0.0543340694        0.0345587060
   8   8       -0.0803845186        0.1288871138
   8   7        0.0613286620        0.0601178942
   8   6       -0.1590967304        0.0634041988
   8   5       -0.0244405079        0.0388507696
   8   4        0.0767147392       -0.0094068435
   8   3       -0.0810455507       -0.1567016673
   8   2       -0.0256838609       -0.0997124431
   8   1       -0.0901174186       -0.0775802187
   8   0        0.2683121020        0.0000000000
   8  -1        0.0901174186       -0.0775802187
   8  -2       -0.0256838609        0.0997124431
   8  -3        0.0810455507       -0.1567016673
   8  -4        0.0767147392        0.0094068435
   8  -5        0.0244405079        0.0388507696
   8  -6       -0.1590967304       -0.0634041988
   8  -7       -0.0613286620        0.0601178942
   8  -8       -0.0803845186       -0.1288871138
   9   9       -0.0718509374        0.0566491238
   9   8       -0.1353484147        0.0301897337
   9   7       -0.0632081542       -0.0212991220
   9   6       -0.1073798401       -0.0649934987
   9   5        0.0015829664        0.0371904555
   9   4        0.0614300329       -0.0394814126
   9   3        0.1366269524       -0.0236492270
   9   2       -0.0307423672       -0.0652720302
   9   1       -0.0299520588       -0.0668552805
   9   0        0.0290001926        0.0000000000
   9  -1        0.0299520588       -0.0668552805
   9  -2       -0.0307423672        0.0652720302
   9  -3       -0.1366269524       -0.0236492270
   9  -4        0.0614300329        0.0394814126
   9  -5       -0.0015829664        0.0371904555
   9  -6       -0.1073798401        0.0649934987
   9  -7        0.0632081542       -0.0212991220
   9  -8       -0.1353484147       -0.0301897337
   9  -9        0.0718509374        0.0566491238
  10  10       -0.2021946277        0.1275064374
  10   9       -0.0068968139        0.0351208678
  10   8        0.0016093655       -0.0366823251
  10   7        0.0003643355        0.0799288864
  10   6       -0.0462429083        0.0617851341
  10   5       -0.0226920557       -0.0423628953
  10   4        0.0930001062        0.0091202743
  10   3        0.0619142535        0.0300157561
  10   2       -0.0086517518       -0.0626949303
  10   1       -0.0749711937       -0.0021962432
  10   0       -0.0175298596        0.0000000000
  10  -1        0.0749711937       -0.0021962432
  10  -2       -0.0086517518        0.0626949303
  10  -3       -0.0619142535        0.0300157561
  10  -4        0.0930001062       -0.0091202743
  10  -5        0.0226920557       -0.0423628953
  10  -6       -0.0462429083       -0.0617851341
  10  -7       -0.0003643355        0.0799288864
  10  -8        0.0016093655        0.0366823251
  10  -9        0.0068968139        0.0351208678
  10 -10       -0.2021946277       -0.1275064374
  11  11       -0.0921088640        0.0710736470
  11  10       -0.1362681380       -0.0807115955
  11   9       -0.0617208453        0.0058511597
  11   8       -0.0391882303       -0.0488906563
  11   7       -0.0006720236        0.0272850371
  11   6       -0.0423066064        0.0024959006
  11   5        0.0000135661       -0.0485636113
  11   4        0.0247411360       -0.0456363868
  11   3       -0.0526481132       -0.0265225311
  11   2        0.0158293558        0.0146661968
  11   1       -0.0695687298        0.0004044057
  11   0       -0.0810894304        0.0000000000
  11  -1        0.0695687298        0.0004044057
  11  -2        0.0158293558       -0.0146661968
  11  -3        0.0526481132       -0.0265225311
  11  -4        0.0247411360        0.0456363868
  11  -5       -0.0000135661       -0.0485636113
  11  -6       -0.0423066064       -0.0024959006
  11  -7        0.0006720236        0.0272850371
  11  -8       -0.0391882303        0.0488906563
  11  -9        0.0617208453        0.0058511597
  11 -10       -0.1362681380        0.0807115955
  11 -11        0.0921088640        0.0710736470
  12  12       -0.1443228452        0.0283916474
  12  11        0.0005023080        0.0029964491
  12  10       -0.0103319988        0.0192007213
  12   9       -0.0640686895        0.0721205119
  12   8        0.0577319828       -0.0127181098
  12   7        0.0588524817        0.0159040724
  12   6       -0.0483860045       -0.0197616655
  12   5       -0.0359267004       -0.0542906908
  12   4       -0.0088898906       -0.0231923618
  12   3        0.0522844298        0.0636252242
  12   2        0.0272694990        0.0469893706
  12   1       -0.0277026460        0.0448822112
  12   0        0.0107025471        0.0000000000
  12  -1        0.0277026460        0.0448822112
  12  -2        0.0272694990       -0.0469893706
  12  -3       -0.0522844298        0.0636252242
  12  -4       -0.0088898906        0.0231923618
  12  -5        0.0359267004       -0.0542906908
  12  -6       -0.0483860045        0.0197616655
  12  -7       -0.0588524817        0.0159040724
  12  -8        0.0577319828        0.0127181098
  12  -9        0.0640686895        0.0721205119
  12 -10       -0.0103319988       -0.0192007213
  12 -11       -0.0005023080        0.0029964491
  12 -12       -0.1443228452       -0.0283916474
  13  13       -0.0495404499        0.0149959126
  13  12       -0.0023514969       -0.0958349323
  13  11       -0.0452416004        0.0273619138
  13  10       -0.0575453020       -0.0070237128
  13   9        0.0344844404        0.0111410923
  13   8        0.0235052026       -0.0140732758
  13   7       -0.0421439820       -0.0059697721
  13   6        0.0068063806        0.0572821791
  13   5       -0.0548822173       -0.0052261969
  13   4        0.0015124932        0.0237337882
  13   3       -0.0026482523       -0.0067794193
  13   2        0.0056703816        0.0349294945
  13   1        0.0155493118       -0.0758012337
  13   0       -0.0345878127        0.0000000000
  13  -1       -0.0155493118       -0.0758012337
  13  -2        0.0056703816       -0.0349294945
  13  -3        0.0026482523       -0.0067794193
  13  -4        0.0015124932       -0.0237337882
  13  -5        0.0548822173       -0.0052261969
  13  -6        0.0068063806       -0.0572821791
  13  -7        0.0421439820       -0.0059697721
  13  -8        0.0235052026        0.0140732758
  13  -9       -0.0344844404        0.0111410923
  13 -10       -0.0575453020        0.0070237128
  13 -11        0.0452416004        0.0273619138
  13 -12       -0.0023514969        0.0958349323
  13 -13        0.0495404499        0.0149959126
  14  14       -0.0734597131       -0.0322913504
  14  13       -0.0023859772        0.0180950500
  14  12        0.0563822657       -0.0572568122
  14  11       -0.0514166480       -0.0277137431
  14  10        0.0387713613        0.0234009165
  14   9        0.0016097009       -0.0059682889
  14   8       -0.0101511424        0.0057831629
  14   7       -0.0227881695       -0.0007700649
  14   6       -0.0277648294        0.0439362596
  14   5       -0.0255462610        0.0126151160
  14   4        0.0038657170        0.0230422699
  14   3       -0.0162024802        0.0273918112
  14   2       -0.0140031455        0.0351144114
  14   1        0.0094629249       -0.0208699368
  14   0       -0.0947124341        0.0000000000
  14  -1       -0.0094629249       -0.0208699368
  14  -2       -0.0140031455       -0.0351144114
  14  -3        0.0162024802        0.0273918112
  14  -4        0.0038657170       -0.0230422699
  14  -5        0.0255462610        0.0126151160
  14  -6       -0.0277648294       -0.0439362596
  14  -7        0.0227881695       -0.0007700649
  14  -8       -0.0101511424       -0.0057831629
  14  -9       -0.0016097009       -0.0059682889
  14 -10        0.0387713613       -0.0234009165
  14 -11        0.0514166480       -0.0277137431
  14 -12        0.0563822657        0.0572568122
  14 -13        0.0023859772        0.0180950500
  14 -14       -0.0734597131        0.0322913504
  15  15       -0.0345777581        0.0333384383
  15  14       -0.0146361439       -0.0901119325
  15  13        0.0359036326       -0.0695463194
  15  12       -0.0421613853       -0.0222163380
  15  11       -0.0585425554       -0.0220407410
  15  10        0.0761004870       -0.0032102028
  15   9       -0.0157090886        0.0443399391
  15   8       -0.0194318453        0.0054011646
  15   7        0.0101149222       -0.0356214077
  15   6        0.0496899507        0.0084106843
  15   5       -0.0320194007        0.0571950037
  15   4       -0.0400292456       -0.0312223928
  15   3       -0.0525545119        0.0309433713
  15   2        0.0068731142       -0.0252527333
  15   1        0.0033481893        0.0070223624
  15   0       -0.0542173731        0.0000000000
  15  -1       -0.0033481893        0.0070223624
  15  -2        0.0068731142        0.0252527333
  15  -3        0.0525545119        0.0309433713
  15  -4       -0.0400292456        0.0312223928
  15  -5        0.0320194007        0.0571950037
  15  -6        0.0496899507       -0.0084106843
  15  -7       -0.0101149222       -0.0356214077
  15  -8       -0.0194318453       -0.0054011646
  15  -9        0.0157090886        0.0443399391
  15 -10        0.0761004870        0.0032102028
  15 -11        0.0585425554       -0.0220407410
  15 -12       -0.0421613853        0.0222163380
  15 -13       -0.0359036326       -0.0695463194
  15 -14       -0.0146361439        0.0901119325
  15 -15        0.0345777581        0.0333384383
  16  16       -0.0357874459       -0.0396663084
  16  15       -0.0030849309        0.0186057189
  16  14        0.0213131505       -0.0028320137
  16  13       -0.0137529753       -0.0040159547
  16  12        0.0332296528        0.0192412984
  16  11       -0.0111055173        0.0287736273
  16  10        0.0081899945        0.0267636762
  16   9        0.0345983145       -0.0258444983
  16   8        0.0274293481        0.0083563686
  16   7       -0.0131167223       -0.0126669181
  16   6        0.0113350333        0.0234310180
  16   5        0.0095327000        0.0019975291
  16   4       -0.0009992044        0.0461684860
  16   3       -0.0063568196        0.0321557680
  16   2        0.0384076235        0.0289969705
  16   1        0.0124505223       -0.0213936209
  16   0        0.0163459676        0.0000000000
  16  -1       -0.0124505223       -0.0213936209
  16  -2        0.0384076235       -0.0289969705
  16  -3        0.0063568196        0.0321557680
  16  -4       -0.0009992044       -0.0461684860
  16  -5       -0.0095327000        0.0019975291
  16  -6        0.0113350333       -0.0234310180
  16  -7        0.0131167223       -0.0126669181
  16  -8        0.0274293481       -0.0083563686
  16  -9       -0.0345983145       -0.0258444983
  16 -10        0.0081899945       -0.0267636762
  16 -11        0.0111055173        0.0287736273
  16 -12        0.0332296528       -0.0192412984
  16 -13        0.0137529753       -0.0040159547
  16 -14        0.0213131505        0.0028320137
  16 -15        0.0030849309        0.0186057189
  16 -16       -0.0357874459        0.0396663084
  17  17        0.0003581514       -0.0038758225
  17  16       -0.0035059335        0.0192090511
  17  15        0.0008873423       -0.0174512200
  17  14        0.0118311679        0.0066902012
  17  13       -0.0019683487       -0.0297687286
  17  12        0.0137555972        0.0296020994
  17  11       -0.0293543579       -0.0204618566
  17  10        0.0055986839        0.0190327409
  17   9       -0.0160560082       -0.0080720655
  17   8       -0.0238502948       -0.0015693020
  17   7       -0.0079247750        0.0229016147
  17   6        0.0134898081       -0.0165494175
  17   5        0.0059261851       -0.0008891865
  17   4       -0.0287320061        0.0296560456
  17   3        0.0196075298        0.0262174131
  17   2        0.0131749361        0.0211162410
  17   1        0.0143011506        0.0024175063
  17   0       -0.0291876617        0.0000000000
  17  -1       -0.0143011506        0.0024175063
  17  -2        0.0131749361       -0.0211162410
  17  -3       -0.0196075298        0.0262174131
  17  -4       -0.0287320061       -0.0296560456
  17  -5       -0.0059261851       -0.0008891865
  17  -6        0.0134898081        0.0165494175
  17  -7        0.0079247750        0.0229016147
  17  -8       -0.0238502948        0.0015693020
  17  -9        0.0160560082       -0.0080720655
  17 -10        0.0055986839       -0.0190327409
  17 -11        0.0293543579       -0.0204618566
  17 -12        0.0137555972       -0.0296020994
  17 -13        0.0019683487       -0.0297687286
  17 -14        0.0118311679       -0.0066902012
  17 -15       -0.0008873423       -0.0174512200
  17 -16       -0.0035059335       -0.0192090511
  17 -17       -0.0003581514       -0.0038758225
  18  18        0.0152289875       -0.0392231325
  18  17        0.0284026636        0.0090991985
  18  16        0.0337681296        0.0114670937
  18  15       -0.0181646722       -0.0336235583
  18  14       -0.0303264474        0.0082922606
  18  13       -0.0029008968        0.0145407885
  18  12        0.0006484812        0.0085823028
  18  11       -0.0107297905       -0.0228180866
  18  10        0.0414655519       -0.0250709311
  18   9        0.0116437437        0.0370128228
  18   8        0.0001553663        0.0403787802
  18   7        0.0076955572       -0.0148281759
  18   6       -0.0039627303       -0.0553282407
  18   5        0.0138877084       -0.0025759984
  18   4       -0.0429178730       -0.0029989179
  18   3        0.0226450307        0.0367137381
  18   2       -0.0033311543        0.0211770663
  18   1       -0.0215005767       -0.0216171862
  18   0        0.0203726505        0.0000000000
  18  -1        0.0215005767       -0.0216171862
  18  -2       -0.0033311543       -0.0211770663
  18  -3       -0.0226450307        0.0367137381
  18  -4       -0.0429178730        0.0029989179
  18  -5       -0.0138877084       -0.0025759984
  18  -6       -0.0039627303        0.0553282407
  18  -7       -0.0076955572       -0.0148281759
  18  -8        0.0001553663       -0.0403787802
  18  -9       -0.0116437437        0.0370128228
  18 -10        0.0414655519        0.0250709311
  18 -11        0.0107297905       -0.0228180866
  18 -12        0.0006484812       -0.0085823028
  18 -13        0.0029008968        0.0145407885
  18 -14       -0.0303264474       -0.0082922606
  18 -15        0.0181646722       -0.0336235583
  18 -16        0.0337681296       -0.0114670937
  18 -17       -0.0284026636        0.0090991985
  18 -18        0.0152289875        0.0392231325
  19  19        0.0000335759       -0.0426344836
  19  18        0.0393332391        0.0154342729
  19  17        0.0351152133        0.0450454334
  19  16        0.0091882980        0.0170445883
  19  15       -0.0092876978       -0.0193906824
  19  14       -0.0229499200        0.0061370401
  19  13       -0.0027257135        0.0102313573
  19  12       -0.0219237042        0.0388682101
  19  11        0.0219244564       -0.0286216792
  19  10        0.0085590752        0.0121914594
  19   9       -0.0126601221        0.0274102312
  19   8       -0.0026854318        0.0301835795
  19   7        0.0152455668       -0.0308205730
  19   6        0.0283754484       -0.0125054645
  19   5        0.0273676358        0.0300612672
  19   4       -0.0437179701        0.0236660223
  19   3       -0.0024730226        0.0076421115
  19   2       -0.0079895906        0.0094101896
  19   1        0.0093000543       -0.0094992505
  19   0        0.0310180709        0.0000000000
  19  -1       -0.0093000543       -0.0094992505
  19  -2       -0.0079895906       -0.0094101896
  19  -3        0.0024730226        0.0076421115
  19  -4       -0.0437179701       -0.0236660223
  19  -5       -0.0273676358        0.0300612672
  19  -6        0.0283754484        0.0125054645
  19  -7       -0.0152455668       -0.0308205730
  19  -8       -0.0026854318       -0.0301835795
  19  -9        0.0126601221        0.0274102312
  19 -10        0.0085590752       -0.0121914594
  19 -11       -0.0219244564       -0.0286216792
  19 -12       -0.0219237042       -0.0388682101
  19 -13        0.0027257135        0.0102313573
  19 -14       -0.0229499200       -0.0061370401
  19 -15        0.0092876978       -0.0193906824
  19 -16        0.0091882980       -0.0170445883
  19 -17       -0.0351152133        0.0450454334
  19 -18        0.0393332391       -0.0154342729
  19 -19       -0.0000335759       -0.0426344836
  20  20        0.0547219070       -0.0145319354
  20  19       -0.0287654402        0.0030855006
  20  18        0.0434786235       -0.0086802027
  20  17        0.0467076927       -0.0112775150
  20  16       -0.0052311895       -0.0157688573
  20  15       -0.0025576058       -0.0504164318
  20  14       -0.0499807881        0.0256976165
  20  13       -0.0002648969       -0.0141490431
  20  12       -0.0146130709        0.0110943544
  20  11       -0.0082559023       -0.0165941868
  20  10       -0.0168644825       -0.0212865937
  20   9       -0.0172192296        0.0059047791
  20   8        0.0167633993       -0.0011541359
  20   7       -0.0172415712        0.0242748754
  20   6       -0.0031781326       -0.0062578940
  20   5       -0.0072747858        0.0079730240
  20   4        0.0026209015        0.0019283135
  20   3       -0.0098426171        0.0140855130
  20   2        0.0000050338       -0.0130582276
  20   1        0.0068960731        0.0192394624
  20   0       -0.0266857600        0.0000000000
  20  -1       -0.0068960731        0.0192394624
  20  -2        0.0000050338        0.0130582276
  20  -3        0.0098426171        0.0140855130
  20  -4        0.0026209015       -0.0019283135
  20  -5        0.0072747858        0.0079730240
  20  -6       -0.0031781326        0.0062578940
  20  -7        0.0172415712        0.0242748754
  20  -8        0.0167633993        0.0011541359
  20  -9        0.0172192296        0.0059047791
  20 -10       -0.0168644825        0.0212865937
  20 -11        0.0082559023       -0.0165941868
  20 -12       -0.0146130709       -0.0110943544
  20 -13        0.0002648969       -0.0141490431
  20 -14       -0.0499807881       -0.0256976165
  20 -15        0.0025576058       -0.0504164318
  20 -16       -0.0052311895        0.0157688573
  20 -17       -0.0467076927       -0.0112775150
  20 -18        0.0434786235        0.0086802027
  20 -19        0.0287654402        0.0030855006
  20 -20        0.0547219070        0.0145319354
  21  21       -0.0065757783       -0.0191921432
  21  20        0.0233106683       -0.0332097757
  21  19        0.0158504051        0.0227950192
  21  18       -0.0140599003       -0.0101181422
  21  17       -0.0170848711       -0.0123833361
  21  16       -0.0271380197       -0.0205176612
  21  15       -0.0303752623       -0.0046130472
  21  14        0.0050798597       -0.0050632550
  21  13        0.0094988109       -0.0000108785
  21  12       -0.0059463911       -0.0047846597
  21  11        0.0111952739        0.0076543258
  21  10       -0.0137603014        0.0015809681
  21   9       -0.0219210983       -0.0139756726
  21   8       -0.0035442059        0.0302833380
  21   7       -0.0162242288       -0.0067317053
  21   6       -0.0179210244        0.0369619198
  21   5        0.0141751321       -0.0033301193
  21   4       -0.0048738359       -0.0181540073
  21   3       -0.0125966210        0.0195192807
  21   2       -0.0072897942        0.0207570040
  21   1       -0.0191660272        0.0158266876
  21   0       -0.0133588892        0.0000000000
  21  -1        0.0191660272        0.0158266876
  21  -2       -0.0072897942       -0.0207570040
  21  -3        0.0125966210        0.0195192807
  21  -4       -0.0048738359        0.0181540073
  21  -5       -0.0141751321       -0.0033301193
  21  -6       -0.0179210244       -0.0369619198
  21  -7        0.0162242288       -0.0067317053
  21  -8       -0.0035442059       -0.0302833380
  21  -9        0.0219210983       -0.0139756726
  21 -10       -0.0137603014       -0.0015809681
  21 -11       -0.0111952739        0.0076543258
  21 -12       -0.0059463911        0.0047846597
  21 -13       -0.0094988109       -0.0000108785
  21 -14        0.0050798597        0.0050632550
  21 -15        0.0303752623       -0.0046130472
  21 -16       -0.0271380197        0.0205176612
  21 -17        0.0170848711       -0.0123833361
  21 -18       -0.0140599003        0.0101181422
  21 -19       -0.0158504051        0.0227950192
  21 -20        0.0233106683        0.0332097757
  21 -21        0.0065757783       -0.0191921432
  22  22        0.0114169146       -0.0385944010
  22  21       -0.0015794057        0.0383871984
  22  20       -0.0049870288        0.0061102010
  22  19       -0.0018821349        0.0169917806
  22  18       -0.0107220281        0.0268033896
  22  17        0.0350397897        0.0097925635
  22  16        0.0080835121       -0.0085780998
  22  15       -0.0064422423       -0.0219602817
  22  14        0.0053386415       -0.0074454565
  22  13        0.0044385873        0.0329427721
  22  12        0.0050944759        0.0027097580
  22  11        0.0446544795       -0.0062547687
  22  10       -0.0217823230       -0.0039521335
  22   9       -0.0166936322       -0.0007071958
  22   8        0.0132018021        0.0224076916
  22   7        0.0057528738        0.0302682077
  22   6       -0.0094752042        0.0290016735
  22   5        0.0357937171       -0.0028156902
  22   4        0.0074108026        0.0036417287
  22   3        0.0176748229        0.0089819874
  22   2       -0.0231975193        0.0225581169
  22   1       -0.0147860182        0.0135168381
  22   0       -0.0213828255        0.0000000000
  22  -1        0.0147860182        0.0135168381
  22  -2       -0.0231975193       -0.0225581169
  22  -3       -0.0176748229        0.0089819874
  22  -4        0.0074108026       -0.0036417287
  22  -5       -0.0357937171       -0.0028156902
  22  -6       -0.0094752042       -0.0290016735
  22  -7       -0.0057528738        0.0302682077
  22  -8        0.0132018021       -0.0224076916
  22  -9        0.0166936322       -0.0007071958
  22 -10       -0.0217823230        0.0039521335
  22 -11       -0.0446544795       -0.0062547687
  22 -12        0.0050944759       -0.0027097580
  22 -13       -0.0044385873        0.0329427721
  22 -14        0.0053386415        0.0074454565
  22 -15        0.0064422423       -0.0219602817
  22 -16        0.0080835121        0.0085780998
  22 -17       -0.0350397897        0.0097925635
  22 -18       -0.0107220281       -0.0268033896
  22 -19        0.0018821349        0.0169917806
  22 -20       -0.0049870288       -0.0061102010
  22 -21        0.0015794057        0.0383871984
  22 -22        0.0114169146        0.0385944010
  23  23        0.0292481547       -0.0022346181
  23  22       -0.0072475711        0.0182056414
  23  21       -0.0086541627        0.0218567113
  23  20       -0.0053427411        0.0079151665
  23  19        0.0158180076        0.0352295692
  23  18        0.0155959747       -0.0239593073
  23  17        0.0113612138       -0.0128015369
  23  16       -0.0279252087        0.0062230135
  23  15        0.0320106838       -0.0111047006
  23  14       -0.0082340332        0.0166820331
  23  13       -0.0082887516       -0.0128638467
  23  12        0.0184440203       -0.0115712337
  23  11        0.0145402291       -0.0108890947
  23  10        0.0200373640        0.0169464362
  23   9        0.0089629372        0.0050797266
  23   8        0.0230316120       -0.0313487892
  23   7       -0.0063068469        0.0252649370
  23   6        0.0455260367       -0.0160201269
  23   5        0.0079334218        0.0105321547
  23   4        0.0071074908       -0.0017978601
  23   3        0.0073039814       -0.0366311955
  23   2        0.0181350208        0.0119240028
  23   1       -0.0187195063        0.0021891890
  23   0        0.0025742237        0.0000000000
  23  -1        0.0187195063        0.0021891890
  23  -2        0.0181350208       -0.0119240028
  23  -3       -0.0073039814       -0.0366311955
  23  -4        0.0071074908        0.0017978601
  23  -5       -0.0079334218        0.0105321547
  23  -6        0.0455260367        0.0160201269
  23  -7        0.0063068469        0.0252649370
  23  -8        0.0230316120        0.0313487892
  23  -9       -0.0089629372        0.0050797266
  23 -10        0.0200373640       -0.0169464362
  23 -11       -0.0145402291       -0.0108890947
  23 -12        0.0184440203        0.0115712337
  23 -13        0.0082887516       -0.0128638467
  23 -14       -0.0082340332       -0.0166820331
  23 -15       -0.0320106838       -0.0111047006
  23 -16       -0.0279252087       -0.0062230135
  23 -17       -0.0113612138       -0.0128015369
  23 -18        0.0155959747        0.0239593073
  23 -19       -0.0158180076        0.0352295692
  23 -20       -0.0053427411       -0.0079151665
  23 -21        0.0086541627        0.0218567113
  23 -22       -0.0072475711       -0.0182056414
  23 -23       -0.0292481547       -0.0022346181
  24  24        0.0303648534        0.0106236906
  24  23        0.0154547375       -0.0093040483
  24  22       -0.0311630866        0.0487244517
  24  21       -0.0416910243       -0.0090059839
  24  20        0.0003158526        0.0094549031
  24  19       -0.0142941085       -0.0152369724
  24  18       -0.0146325702       -0.0040604364
  24  17       -0.0033102950        0.0154155343
  24  16        0.0150221127       -0.0225158365
  24  15        0.0087156096        0.0241500335
  24  14        0.0047292427       -0.0015939803
  24  13        0.0032654589        0.0003432863
  24  12        0.0026576645        0.0032762355
  24  11       -0.0017475022        0.0049875208
  24  10        0.0118313562        0.0322656918
  24   9        0.0111763719       -0.0262384836
  24   8        0.0125733016       -0.0143108499
  24   7        0.0100120776       -0.0068838605
  24   6        0.0036004451        0.0003611417
  24   5        0.0136979487       -0.0206989489
  24   4       -0.0030319685        0.0022239770
  24   3       -0.0149788267       -0.0087138513
  24   2       -0.0147454947       -0.0138841506
  24   1       -0.0192606504        0.0021559403
  24   0        0.0305428135        0.0000000000
  24  -1        0.0192606504        0.0021559403
  24  -2       -0.0147454947        0.0138841506
  24  -3        0.0149788267       -0.0087138513
  24  -4       -0.0030319685       -0.0022239770
  24  -5       -0.0136979487       -0.0206989489
  24  -6        0.0036004451       -0.0003611417
  24  -7       -0.0100120776       -0.0068838605
  24  -8        0.0125733016        0.0143108499
  24  -9       -0.0111763719       -0.0262384836
  24 -10        0.0118313562       -0.0322656918
  24 -11        0.0017475022        0.0049875208
  24 -12        0.0026576645       -0.0032762355
  24 -13       -0.0032654589        0.0003432863
  24 -14        0.0047292427        0.0015939803
  24 -15       -0.0087156096        0.0241500335
  24 -16        0.0150221127        0.0225158365
  24 -17        0.0033102950        0.0154155343
  24 -18       -0.0146325702        0.0040604364
  24 -19        0.0142941085       -0.0152369724
  24 -20        0.0003158526       -0.0094549031
  24 -21        0.0416910243       -0.0090059839
  24 -22       -0.0311630866       -0.0487244517
  24 -23       -0.0154547375       -0.0093040483
  24 -24        0.0303648534       -0.0106236906
  25  25        0.0081381307        0.0139366175
  25  24       -0.0663101884        0.0178630513
  25  23       -0.0500091816       -0.0423990102
  25  22        0.0336982561       -0.0307578831
  25  21       -0.0067254917        0.0017400900
  25  20        0.0011409540        0.0291195467
  25  19        0.0109838370        0.0050368223
  25  18        0.0120888329       -0.0083325640
  25  17        0.0053462102       -0.0226501148
  25  16       -0.0113719476       -0.0082184819
  25  15        0.0234601314        0.0080946423
  25  14        0.0117736063       -0.0162748788
  25  13        0.0151272137        0.0183318771
  25  12        0.0001667492       -0.0083041506
  25  11        0.0007333690        0.0130638714
  25  10        0.0265288019        0.0214872164
  25   9       -0.0057256163       -0.0156873835
  25   8       -0.0125974247       -0.0247871251
  25   7        0.0073678467       -0.0014342241
  25   6       -0.0178575216       -0.0138891583
  25   5        0.0042144673        0.0049075622
  25   4        0.0080357176       -0.0195184617
  25   3       -0.0006180092        0.0078580283
  25   2       -0.0188160881        0.0235112441
  25   1       -0.0125124921       -0.0197326839
  25   0        0.0184268915        0.0000000000
  25  -1        0.0125124921       -0.0197326839
  25  -2       -0.0188160881       -0.0235112441
  25  -3        0.0006180092        0.0078580283
  25  -4        0.0080357176        0.0195184617
  25  -5       -0.0042144673        0.0049075622
  25  -6       -0.0178575216        0.0138891583
  25  -7       -0.0073678467       -0.0014342241
  25  -8       -0.0125974247        0.0247871251
  25  -9        0.0057256163       -0.0156873835
  25 -10        0.0265288019       -0.0214872164
  25 -11       -0.0007333690        0.0130638714
  25 -12        0.0001667492        0.0083041506
  25 -13       -0.0151272137        0.0183318771
  25 -14        0.0117736063        0.0162748788
  25 -15       -0.0234601314        0.0080946423
  25 -16       -0.0113719476        0.0082184819
  25 -17       -0.0053462102       -0.0226501148
  25 -18        0.0120888329        0.0083325640
  25 -19       -0.0109838370        0.0050368223
  25 -20        0.0011409540       -0.0291195467
  25 -21        0.0067254917        0.0017400900
  25 -22        0.0336982561        0.0307578831
  25 -23        0.0500091816       -0.0423990102
  25 -24       -0.0663101884       -0.0178630513
  25 -25       -0.0081381307        0.0139366175
  26  26       -0.0002256616        0.0152417487
  26  25       -0.0154129384       -0.0543487720
  26  24       -0.0217552123       -0.0131079087
  26  23        0.0359406011        0.0011770728
  26  22       -0.0155520131       -0.0199832615
  26  21       -0.0106675254       -0.0135753554
  26  20        0.0022153233       -0.0100230644
  26  19       -0.0198634670       -0.0100305505
  26  18       -0.0114752437        0.0215810347
  26  17        0.0049464551       -0.0052733437
  26  16        0.0171422960       -0.0089872595
  26  15        0.0008512204        0.0080465308
  26  14        0.0019337388       -0.0133457824
  26  13        0.0279073002       -0.0116383454
  26  12       -0.0260781199        0.0087016174
  26  11        0.0117612704       -0.0080786487
  26  10        0.0016106217        0.0070363680
  26   9        0.0064205234       -0.0183730191
  26   8       -0.0142842006        0.0082347591
  26   7       -0.0126019424        0.0247401951
  26   6       -0.0143685978        0.0024528939
  26   5        0.0215106740        0.0171920926
  26   4        0.0002637296        0.0117531346
  26   3       -0.0327661477        0.0011146525
  26   2       -0.0020472328        0.0151394129
  26   1       -0.0009576924       -0.0001360225
  26   0       -0.0398653458        0.0000000000
  26  -1        0.0009576924       -0.0001360225
  26  -2       -0.0020472328       -0.0151394129
  26  -3        0.0327661477        0.0011146525
  26  -4        0.0002637296       -0.0117531346
  26  -5       -0.0215106740        0.0171920926
  26  -6       -0.0143685978       -0.0024528939
  26  -7        0.0126019424        0.0247401951
  26  -8       -0.0142842006       -0.0082347591
  26  -9       -0.0064205234       -0.0183730191
  26 -10        0.0016106217       -0.0070363680
  26 -11       -0.0117612704       -0.0080786487
  26 -12       -0.0260781199       -0.0087016174
  26 -13       -0.0279073002       -0.0116383454
  26 -14        0.0019337388        0.0133457824
  26 -15       -0.0008512204        0.0080465308
  26 -16        0.0171422960        0.0089872595
  26 -17       -0.0049464551       -0.0052733437
  26 -18       -0.0114752437       -0.0215810347
  26 -19        0.0198634670       -0.0100305505
  26 -20        0.0022153233        0.0100230644
  26 -21        0.0106675254       -0.0135753554
  26 -22       -0.0155520131        0.0199832615
  26 -23       -0.0359406011        0.0011770728
  26 -24       -0.0217552123        0.0131079087
  26 -25        0.0154129384       -0.0543487720
  26 -26       -0.0002256616       -0.0152417487
  27  27        0.0078276245        0.0049985597
  27  26       -0.0064218512        0.0019672349
  27  25        0.0106790283       -0.0347126178
  27  24        0.0134651380       -0.0011064984
  27  23        0.0038571212        0.0014597208
  27  22       -0.0004976170        0.0137015041
  27  21       -0.0071737425        0.0022643749
  27  20        0.0037275601        0.0136953743
  27  19        0.0013148898        0.0225869816
  27  18        0.0194410966        0.0061147715
  27  17       -0.0258194156       -0.0169818580
  27  16        0.0197668256        0.0175388701
  27  15       -0.0313304456       -0.0002752925
  27  14       -0.0174478640       -0.0071154604
  27  13        0.0073197676       -0.0044231219
  27  12       -0.0196908425       -0.0022669483
  27  11       -0.0052351157       -0.0016507891
  27  10       -0.0007712276       -0.0041186822
  27   9       -0.0102219460       -0.0083793123
  27   8        0.0077855082        0.0352048505
  27   7        0.0004083841        0.0041868714
  27   6       -0.0075986020        0.0191189626
  27   5       -0.0088127818        0.0160466479
  27   4       -0.0014567980       -0.0089024826
  27   3       -0.0127229293       -0.0013846660
  27   2       -0.0079515386       -0.0005948912
  27   1       -0.0215381678       -0.0331998844
  27   0       -0.0230770045        0.0000000000
  27  -1        0.0215381678       -0.0331998844
  27  -2       -0.0079515386        0.0005948912
  27  -3        0.0127229293       -0.0013846660
  27  -4       -0.0014567980        0.0089024826
  27  -5        0.0088127818        0.0160466479
  27  -6       -0.0075986020       -0.0191189626
  27  -7       -0.0004083841        0.0041868714
  27  -8        0.0077855082       -0.0352048505
  27  -9        0.0102219460       -0.0083793123
  27 -10       -0.0007712276        0.0041186822
  27 -11        0.0052351157       -0.0016507891
  27 -12       -0.0196908425        0.0022669483
  27 -13       -0.0073197676       -0.0044231219
  27 -14       -0.0174478640        0.0071154604
  27 -15        0.0313304456       -0.0002752925
  27 -16        0.0197668256       -0.0175388701
  27 -17        0.0258194156       -0.0169818580
  27 -18        0.0194410966       -0.0061147715
  27 -19       -0.0013148898        0.0225869816
  27 -20        0.0037275601       -0.0136953743
  27 -21        0.0071737425        0.0022643749
  27 -22       -0.0004976170       -0.0137015041
  27 -23       -0.0038571212        0.0014597208
  27 -24        0.0134651380        0.0011064984
  27 -25       -0.0106790283       -0.0347126178
  27 -26       -0.0064218512       -0.0019672349
  27 -27       -0.0078276245        0.0049985597
  28  28       -0.0007980474        0.0050166849
  28  27       -0.0345644159        0.0278276056
  28  26        0.0253434366        0.0156434551
  28  25        0.0298307479       -0.0074388539
  28  24       -0.0031270930       -0.0100379840
  28  23       -0.0130097147       -0.0009633681
  28  22        0.0084297587        0.0203645937
  28  21        0.0129815016       -0.0141789611
  28  20        0.0461215427        0.0045142033
  28  19       -0.0218987803       -0.0159793749
  28  18        0.0003712837       -0.0129435333
  28  17        0.0140320346        0.0029709005
  28  16        0.0147294942        0.0208489495
  28  15        0.0405788744       -0.0063882799
  28  14       -0.0113739163        0.0038023357
  28  13        0.0057682451        0.0113525612
  28  12        0.0007425802       -0.0208077654
  28  11        0.0007802619        0.0141153251
  28  10       -0.0238790094       -0.0172404946
  28   9       -0.0036893964        0.0075327983
  28   8       -0.0040968393        0.0136059691
  28   7        0.0065388106       -0.0014763045
  28   6        0.0149258597       -0.0060936044
  28   5        0.0121380737        0.0049062354
  28   4       -0.0202309788        0.0155700401
  28   3       -0.0148961810       -0.0095805776
  28   2        0.0010089956       -0.0046103094
  28   1        0.0069092407       -0.0300813500
  28   0       -0.0100408599        0.0000000000
  28  -1       -0.0069092407       -0.0300813500
  28  -2        0.0010089956        0.0046103094
  28  -3        0.0148961810       -0.0095805776
  28  -4       -0.0202309788       -0.0155700401
  28  -5       -0.0121380737        0.0049062354
  28  -6        0.0149258597        0.0060936044
  28  -7       -0.0065388106       -0.0014763045
  28  -8       -0.0040968393       -0.0136059691
  28  -9        0.0036893964        0.0075327983
  28 -10       -0.0238790094        0.0172404946
  28 -11       -0.0007802619        0.0141153251
  28 -12        0.0007425802        0.0208077654
  28 -13       -0.0057682451        0.0113525612
  28 -14       -0.0113739163       -0.0038023357
  28 -15       -0.0405788744       -0.0063882799
  28 -16        0.0147294942       -0.0208489495
  28 -17       -0.0140320346        0.0029709005
  28 -18        0.0003712837        0.0129435333
  28 -19        0.0218987803       -0.0159793749
  28 -20        0.0461215427       -0.0045142033
  28 -21       -0.0129815016       -0.0141789611
  28 -22        0.0084297587       -0.0203645937
  28 -23        0.0130097147       -0.0009633681
  28 -24       -0.0031270930        0.0100379840
  28 -25       -0.0298307479       -0.0074388539
  28 -26        0.0253434366       -0.0156434551
  28 -27        0.0345644159        0.0278276056
  28 -28       -0.0007980474       -0.0050166849
  29  29        0.0561275586        0.0353540664
  29  28       -0.0135482556        0.0016011973
  29  27        0.0219602481        0.0300153103
  29  26       -0.0153535773       -0.0416780298
  29  25        0.0281330689       -0.0067717902
  29  24        0.0256581730       -0.0034234461
  29  23        0.0109339806        0.0155307946
  29  22       -0.0177018209        0.0121738461
  29  21       -0.0127507926        0.0234170777
  29  20       -0.0080639689       -0.0036028328
  29  19       -0.0000440322        0.0027631621
  29  18       -0.0057411349       -0.0079617078
  29  17       -0.0020247791        0.0086255119
  29  16       -0.0005415062       -0.0102634609
  29  15        0.0043500723       -0.0136683425
  29  14        0.0231991848        0.0267011566
  29  13       -0.0023543693       -0.0037363764
  29  12        0.0099137914        0.0260329924
  29  11       -0.0002709802       -0.0143021320
  29  10        0.0205856839        0.0092640891
  29   9       -0.0084352814       -0.0039067331
  29   8        0.0016228740        0.0037484036
  29   7        0.0122511114       -0.0163876777
  29   6       -0.0025250554        0.0069332688
  29   5       -0.0014129576        0.0143018700
  29   4       -0.0075742249        0.0057986100
  29   3       -0.0181613858        0.0066926330
  29   2        0.0175438855        0.0172607919
  29   1        0.0065666517        0.0115075824
  29   0       -0.0212778855        0.0000000000
  29  -1       -0.0065666517        0.0115075824
  29  -2        0.0175438855       -0.0172607919
  29  -3        0.0181613858        0.0066926330
  29  -4       -0.0075742249       -0.0057986100
  29  -5        0.0014129576        0.0143018700
  29  -6       -0.0025250554       -0.0069332688
  29  -7       -0.0122511114       -0.0163876777
  29  -8        0.0016228740       -0.0037484036
  29  -9        0.0084352814       -0.0039067331
  29 -10        0.0205856839       -0.0092640891
  29 -11        0.0002709802       -0.0143021320
  29 -12        0.0099137914       -0.0260329924
  29 -13        0.0023543693       -0.0037363764
  29 -14        0.0231991848       -0.0267011566
  29 -15       -0.0043500723       -0.0136683425
  29 -16       -0.0005415062        0.0102634609
  29 -17        0.0020247791        0.0086255119
  29 -18       -0.0057411349        0.0079617078
  29 -19        0.0000440322        0.0027631621
  29 -20       -0.0080639689        0.0036028328
  29 -21        0.0127507926        0.0234170777
  29 -22       -0.0177018209       -0.0121738461
  29 -23       -0.0109339806        0.0155307946
  29 -24        0.0256581730        0.0034234461
  29 -25       -0.0281330689       -0.0067717902
  29 -26       -0.0153535773        0.0416780298
  29 -27       -0.0219602481        0.0300153103
  29 -28       -0.0135482556       -0.0016011973
  29 -29       -0.0561275586        0.0353540664
  30  30        0.0123873940        0.0210198215
  30  29       -0.0266236437        0.0243665610
  30  28        0.0207085758       -0.0389689476
  30  27        0.0233949965       -0.0004357551
  30  26        0.0018892948        0.0017079916
  30  25        0.0210291544        0.0000086211
  30  24        0.0007814243        0.0129314318
  30  23        0.0163025697        0.0056697122
  30  22       -0.0033787245       -0.0039570607
  30  21        0.0258637275       -0.0037842433
  30  20        0.0272195460        0.0024700995
  30  19        0.0060444362       -0.0017680147
  30  18       -0.0173549849       -0.0018441360
  30  17       -0.0055763459        0.0125534213
  30  16       -0.0352311108        0.0001604123
  30  15        0.0073917713        0.0203013366
  30  14        0.0057964437       -0.0061691958
  30  13       -0.0041441174       -0.0140204200
  30  12        0.0036217947       -0.0089676603
  30  11        0.0121894375       -0.0072772401
  30  10       -0.0032284472        0.0122805722
  30   9        0.0046516821        0.0082863143
  30   8       -0.0040519958       -0.0008861831
  30   7       -0.0071954486        0.0035097937
  30   6        0.0186383648       -0.0033094186
  30   5       -0.0067680442        0.0065868112
  30   4       -0.0014451520       -0.0123449770
  30   3        0.0022423502        0.0063277050
  30   2       -0.0069239975        0.0011306163
  30   1        0.0161971589       -0.0223234609
  30   0       -0.0007436311        0.0000000000
  30  -1       -0.0161971589       -0.0223234609
  30  -2       -0.0069239975       -0.0011306163
  30  -3       -0.0022423502        0.0063277050
  30  -4       -0.0014451520        0.0123449770
  30  -5        0.0067680442        0.0065868112
  30  -6        0.0186383648        0.0033094186
  30  -7        0.0071954486        0.0035097937
  30  -8       -0.0040519958        0.0008861831
  30  -9       -0.0046516821        0.0082863143
  30 -10       -0.0032284472       -0.0122805722
  30 -11       -0.0121894375       -0.0072772401
  30 -12        0.0036217947        0.0089676603
  30 -13        0.0041441174       -0.0140204200
  30 -14        0.0057964437        0.0061691958
  30 -15       -0.0073917713        0.0203013366
  30 -16       -0.0352311108       -0.0001604123
  30 -17        0.0055763459        0.0125534213
  30 -18       -0.0173549849        0.0018441360
  30 -19       -0.0060444362       -0.0017680147
  30 -20        0.0272195460       -0.0024700995
  30 -21       -0.0258637275       -0.0037842433
  30 -22       -0.0033787245        0.0039570607
  30 -23       -0.0163025697        0.0056697122
  30 -24        0.0007814243       -0.0129314318
  30 -25       -0.0210291544        0.0000086211
  30 -26        0.0018892948       -0.0017079916
  30 -27       -0.0233949965       -0.0004357551
  30 -28        0.0207085758        0.0389689476
  30 -29        0.0266236437        0.0243665610
  30 -30        0.0123873940       -0.0210198215
