   0   0        7.0099882928        0.0000000000
   1   1        0.0845222557       -0.0092875131
   1   0        0.1828435062        0.0000000000
   1  -1       -0.0845222557       -0.0092875131
   2   2       -0.0221239637       -0.7648280260
   2   1        0.3987951802       -0.0260537366
   2   0       -0.8007214503        0.0000000000
   2  -1       -0.3987951802       -0.0260537366
   2  -2       -0.0221239637        0.7648280260
   3   3        0.0018713858        0.0993344412
   3   2        0.0401210793        0.0527260509
   3   1        0.0198959357        0.1694727776
   3   0        0.3415864291        0.0000000000
   3  -1       -0.0198959357        0.1694727776
   3  -2        0.0401210793       -0.0527260509
   3  -3       -0.0018713858        0.0993344412
   4   4       -0.1154711256       -0.0634923384
   4   3       -0.1332058039       -0.0768367053
   4   2        0.0486878183        0.2127958554
   4   1       -0.0724252842        0.1629326168
   4   0       -0.1588439037        0.0000000000
   4  -1        0.0724252842        0.1629326168
   4  -2        0.0486878183       -0.2127958554
   4  -3        0.1332058039       -0.0768367053
   4  -4       -0.1154711256        0.0634923384
   5   5        0.1031845800       -0.0081259337
   5   4        0.0054016641        0.0028625459
   5   3        0.0540409551        0.0089092458
   5   2        0.0492368228       -0.0604191286
   5   1        0.0375163616        0.0371886241
   5   0       -0.1745581412        0.0000000000
   5  -1       -0.0375163616        0.0371886241
   5  -2        0.0492368228        0.0604191286
   5  -3       -0.0540409551        0.0089092458
   5  -4        0.0054016641       -0.0028625459
   5  -5       -0.1031845800       -0.0081259337
   6   6       -0.0709082078        0.0145896913
   6   5        0.0026061373        0.0610362054
   6   4        0.0088204072       -0.0167317026
   6   3        0.0801792538        0.0164412799
   6   2        0.0268931860        0.0687860730
   6   1        0.0036609569       -0.0398417637
   6   0        0.1260153469        0.0000000000
   6  -1       -0.0036609569       -0.0398417637
   6  -2        0.0268931860       -0.0687860730
   6  -3       -0.0801792538        0.0164412799
   6  -4        0.0088204072        0.0167317026
   6  -5       -0.0026061373        0.0610362054
   6  -6       -0.0709082078       -0.0145896913
   7   7       -0.0095589677       -0.0341246873
   7   6       -0.0018258244       -0.0130549061
   7   5        0.0113296076       -0.0142820203
   7   4       -0.0116032307       -0.0466497032
   7   3       -0.0032875728       -0.0227488628
   7   2       -0.0613595592        0.0398798793
   7   1        0.0197128829       -0.0204297715
   7   0       -0.0384544516        0.0000000000
   7  -1       -0.0197128829       -0.0204297715
   7  -2       -0.0613595592       -0.0398798793
   7  -3        0.0032875728       -0.0227488628
   7  -4       -0.0116032307        0.0466497032
   7  -5       -0.0113296076       -0.0142820203
   7  -6       -0.0018258244        0.0130549061
   7  -7        0.0095589677       -0.0341246873
   8   8        0.0049123890        0.0572297010
   8   7        0.0285088179        0.0000749130
   8   6        0.0287158240        0.0204646996
   8   5        0.0219007233       -0.0218704309
   8   4        0.0376670610       -0.0258846890
   8   3        0.0040770175        0.0232339121
   8   2       -0.0413789251       -0.0662625188
   8   1        0.0055728710        0.0015511556
   8   0       -0.0427231695        0.0000000000
   8  -1       -0.0055728710        0.0015511556
   8  -2       -0.0413789251        0.0662625188
   8  -3       -0.0040770175        0.0232339121
   8  -4        0.0376670610        0.0258846890
   8  -5       -0.0219007233       -0.0218704309
   8  -6        0.0287158240       -0.0204646996
   8  -7       -0.0285088179        0.0000749130
   8  -8        0.0049123890       -0.0572297010
   9   9       -0.0098020356       -0.0214910140
   9   8       -0.0109025660        0.0122930442
   9   7       -0.0033941585       -0.0051237033
   9   6       -0.0158395280        0.0128754542
   9   5       -0.0141747433        0.0192512347
   9   4        0.0199541266        0.0310250004
   9   3       -0.0099542310        0.0041060768
   9   2        0.0253943437        0.0172683347
   9   1       -0.0351431770       -0.0056213966
   9   0        0.0354562832        0.0000000000
   9  -1        0.0351431770       -0.0056213966
   9  -2        0.0253943437       -0.0172683347
   9  -3        0.0099542310        0.0041060768
   9  -4        0.0199541266       -0.0310250004
   9  -5        0.0141747433        0.0192512347
   9  -6       -0.0158395280       -0.0128754542
   9  -7        0.0033941585       -0.0051237033
   9  -8       -0.0109025660       -0.0122930442
   9  -9        0.0098020356       -0.0214910140
  10  10        0.0186831651       -0.0063627441
  10   9        0.0058086530       -0.0233038736
  10   8        0.0265797165       -0.0008069525
  10   7        0.0100862019       -0.0055185366
  10   6       -0.0121724295       -0.0243759427
  10   5        0.0116958371       -0.0222847821
  10   4       -0.0219574419        0.0265489753
  10   3       -0.0256912285       -0.0098995894
  10   2        0.0014369115        0.0287699210
  10   1        0.0068214263        0.0130961851
  10   0       -0.0281626304        0.0000000000
  10  -1       -0.0068214263        0.0130961851
  10  -2        0.0014369115       -0.0287699210
  10  -3        0.0256912285       -0.0098995894
  10  -4       -0.0219574419       -0.0265489753
  10  -5       -0.0116958371       -0.0222847821
  10  -6       -0.0121724295        0.0243759427
  10  -7       -0.0100862019       -0.0055185366
  10  -8        0.0265797165        0.0008069525
  10  -9       -0.0058086530       -0.0233038736
  10 -10        0.0186831651        0.0063627441
  11  11       -0.0186400588        0.0010560065
  11  10        0.0196817251        0.0033127292
  11   9       -0.0209570242       -0.0036677645
  11   8       -0.0115397976        0.0143425217
  11   7        0.0202702757        0.0167873800
  11   6        0.0189743292       -0.0052589851
  11   5        0.0257350416       -0.0179820108
  11   4        0.0011813093       -0.0097062218
  11   3        0.0107865206        0.0096909772
  11   2        0.0052250601       -0.0229952888
  11   1        0.0128282599       -0.0132629191
  11   0        0.0017274082        0.0000000000
  11  -1       -0.0128282599       -0.0132629191
  11  -2        0.0052250601        0.0229952888
  11  -3       -0.0107865206        0.0096909772
  11  -4        0.0011813093        0.0097062218
  11  -5       -0.0257350416       -0.0179820108
  11  -6        0.0189743292        0.0052589851
  11  -7       -0.0202702757        0.0167873800
  11  -8       -0.0115397976       -0.0143425217
  11  -9        0.0209570242       -0.0036677645
  11 -10        0.0196817251       -0.0033127292
  11 -11        0.0186400588        0.0010560065
  12  12        0.0093937645        0.0007276866
  12  11       -0.0103919323       -0.0091299899
  12  10        0.0001469241       -0.0273810632
  12   9       -0.0001922563       -0.0111807864
  12   8       -0.0189053992        0.0017895461
  12   7       -0.0065914670        0.0016184017
  12   6        0.0164967442        0.0094075978
  12   5       -0.0039899254        0.0192135749
  12   4        0.0062193127        0.0019708969
  12   3        0.0152594754       -0.0026358603
  12   2        0.0172405528        0.0192391705
  12   1       -0.0182679657       -0.0128955169
  12   0        0.0299418064        0.0000000000
  12  -1        0.0182679657       -0.0128955169
  12  -2        0.0172405528       -0.0192391705
  12  -3       -0.0152594754       -0.0026358603
  12  -4        0.0062193127       -0.0019708969
  12  -5        0.0039899254        0.0192135749
  12  -6        0.0164967442       -0.0094075978
  12  -7        0.0065914670        0.0016184017
  12  -8       -0.0189053992       -0.0017895461
  12  -9        0.0001922563       -0.0111807864
  12 -10        0.0001469241        0.0273810632
  12 -11        0.0103919323       -0.0091299899
  12 -12        0.0093937645       -0.0007276866
  13  13        0.0006094065        0.0027594571
  13  12       -0.0024696167       -0.0152815355
  13  11        0.0106430977        0.0171024709
  13  10        0.0099097361        0.0069102604
  13   9        0.0108254503       -0.0066844674
  13   8        0.0100656763       -0.0022080629
  13   7       -0.0054478323       -0.0082409159
  13   6       -0.0012368677       -0.0059280351
  13   5       -0.0084485809        0.0037103291
  13   4       -0.0151627854       -0.0029607080
  13   3       -0.0053751113       -0.0081664168
  13   2       -0.0098609431        0.0011465155
  13   1        0.0008303882        0.0121016343
  13   0       -0.0250126591        0.0000000000
  13  -1       -0.0008303882        0.0121016343
  13  -2       -0.0098609431       -0.0011465155
  13  -3        0.0053751113       -0.0081664168
  13  -4       -0.0151627854        0.0029607080
  13  -5        0.0084485809        0.0037103291
  13  -6       -0.0012368677        0.0059280351
  13  -7        0.0054478323       -0.0082409159
  13  -8        0.0100656763        0.0022080629
  13  -9       -0.0108254503       -0.0066844674
  13 -10        0.0099097361       -0.0069102604
  13 -11       -0.0106430977        0.0171024709
  13 -12       -0.0024696167        0.0152815355
  13 -13       -0.0006094065        0.0027594571
  14  14        0.0001435769       -0.0085704215
  14  13       -0.0111437218        0.0074771974
  14  12       -0.0072184816       -0.0036064218
  14  11       -0.0058960039       -0.0037335831
  14  10       -0.0004197832        0.0116861278
  14   9       -0.0047669537        0.0100537975
  14   8       -0.0016085341        0.0011380535
  14   7        0.0064347603        0.0027019870
  14   6        0.0003399409        0.0105678730
  14   5        0.0025893985       -0.0068986185
  14   4        0.0070187520       -0.0074324038
  14   3       -0.0069032101        0.0125056589
  14   2       -0.0091470438       -0.0287196561
  14   1        0.0051144077        0.0005257414
  14   0       -0.0078207151        0.0000000000
  14  -1       -0.0051144077        0.0005257414
  14  -2       -0.0091470438        0.0287196561
  14  -3        0.0069032101        0.0125056589
  14  -4        0.0070187520        0.0074324038
  14  -5       -0.0025893985       -0.0068986185
  14  -6        0.0003399409       -0.0105678730
  14  -7       -0.0064347603        0.0027019870
  14  -8       -0.0016085341       -0.0011380535
  14  -9        0.0047669537        0.0100537975
  14 -10       -0.0004197832       -0.0116861278
  14 -11        0.0058960039       -0.0037335831
  14 -12       -0.0072184816        0.0036064218
  14 -13        0.0111437218        0.0074771974
  14 -14        0.0001435769        0.0085704215
  15  15       -0.0134983707       -0.0004840731
  15  14       -0.0003429373        0.0033449070
  15  13        0.0024309596       -0.0019928385
  15  12        0.0098050907       -0.0049632663
  15  11       -0.0015794496       -0.0076629807
  15  10        0.0009427700       -0.0121692918
  15   9       -0.0026778096        0.0051191715
  15   8       -0.0118201346        0.0000033493
  15   7       -0.0014821807        0.0036836204
  15   6       -0.0003192351        0.0166629329
  15   5       -0.0073906323       -0.0010227793
  15   4        0.0103140762        0.0110173864
  15   3       -0.0005584830        0.0013194686
  15   2        0.0091427411        0.0045835515
  15   1       -0.0084977814       -0.0042828448
  15   0        0.0218131006        0.0000000000
  15  -1        0.0084977814       -0.0042828448
  15  -2        0.0091427411       -0.0045835515
  15  -3        0.0005584830        0.0013194686
  15  -4        0.0103140762       -0.0110173864
  15  -5        0.0073906323       -0.0010227793
  15  -6       -0.0003192351       -0.0166629329
  15  -7        0.0014821807        0.0036836204
  15  -8       -0.0118201346       -0.0000033493
  15  -9        0.0026778096        0.0051191715
  15 -10        0.0009427700        0.0121692918
  15 -11        0.0015794496       -0.0076629807
  15 -12        0.0098050907        0.0049632663
  15 -13       -0.0024309596       -0.0019928385
  15 -14       -0.0003429373       -0.0033449070
  15 -15        0.0134983707       -0.0004840731
  16  16        0.0003193834        0.0031301540
  16  15        0.0033748228        0.0054595154
  16  14       -0.0104286681        0.0081965464
  16  13       -0.0001028502        0.0087245526
  16  12        0.0117056779        0.0002554837
  16  11        0.0077524488        0.0011143814
  16  10        0.0049429626        0.0088338402
  16   9       -0.0006802483       -0.0068094126
  16   8        0.0086518903       -0.0051869161
  16   7       -0.0047558417       -0.0016488944
  16   6       -0.0045110419       -0.0092473041
  16   5       -0.0026515154        0.0057828454
  16   4       -0.0092404520        0.0054958720
  16   3        0.0021696155       -0.0089534811
  16   2       -0.0019898404        0.0064694861
  16   1       -0.0012369161        0.0050989440
  16   0        0.0051457335        0.0000000000
  16  -1        0.0012369161        0.0050989440
  16  -2       -0.0019898404       -0.0064694861
  16  -3       -0.0021696155       -0.0089534811
  16  -4       -0.0092404520       -0.0054958720
  16  -5        0.0026515154        0.0057828454
  16  -6       -0.0045110419        0.0092473041
  16  -7        0.0047558417       -0.0016488944
  16  -8        0.0086518903        0.0051869161
  16  -9        0.0006802483       -0.0068094126
  16 -10        0.0049429626       -0.0088338402
  16 -11       -0.0077524488        0.0011143814
  16 -12        0.0117056779       -0.0002554837
  16 -13        0.0001028502        0.0087245526
  16 -14       -0.0104286681       -0.0081965464
  16 -15       -0.0033748228        0.0054595154
  16 -16        0.0003193834       -0.0031301540
  17  17       -0.0007788290        0.0037134175
  17  16       -0.0077206974       -0.0039782568
  17  15        0.0085837665       -0.0001257090
  17  14       -0.0053709908       -0.0071442926
  17  13       -0.0025846141       -0.0050245487
  17  12       -0.0045765219       -0.0010516607
  17  11       -0.0036805509        0.0005586518
  17  10        0.0008029673        0.0071881740
  17   9       -0.0028490296       -0.0032981067
  17   8        0.0038856780       -0.0044673496
  17   7        0.0019884746        0.0040329834
  17   6        0.0012048720       -0.0056699165
  17   5        0.0046674038        0.0002891729
  17   4       -0.0001715281       -0.0097364436
  17   3        0.0028137172       -0.0019614532
  17   2       -0.0012593864       -0.0094333491
  17   1        0.0046145490       -0.0017472262
  17   0        0.0039473789        0.0000000000
  17  -1       -0.0046145490       -0.0017472262
  17  -2       -0.0012593864        0.0094333491
  17  -3       -0.0028137172       -0.0019614532
  17  -4       -0.0001715281        0.0097364436
  17  -5       -0.0046674038        0.0002891729
  17  -6        0.0012048720        0.0056699165
  17  -7       -0.0019884746        0.0040329834
  17  -8        0.0038856780        0.0044673496
  17  -9        0.0028490296       -0.0032981067
  17 -10        0.0008029673       -0.0071881740
  17 -11        0.0036805509        0.0005586518
  17 -12       -0.0045765219        0.0010516607
  17 -13        0.0025846141       -0.0050245487
  17 -14       -0.0053709908        0.0071442926
  17 -15       -0.0085837665       -0.0001257090
  17 -16       -0.0077206974        0.0039782568
  17 -17        0.0007788290        0.0037134175
  18  18        0.0061274992       -0.0106673014
  18  17        0.0026682120        0.0067587132
  18  16        0.0008916481        0.0050441304
  18  15        0.0070845846        0.0010306831
  18  14        0.0080391489       -0.0031601768
  18  13        0.0066622527       -0.0091654422
  18  12        0.0017477990       -0.0002657139
  18  11       -0.0016039264        0.0027352745
  18  10       -0.0061357805       -0.0061305534
  18   9       -0.0011719775       -0.0028040700
  18   8       -0.0020174249        0.0060049834
  18   7       -0.0013577909        0.0038512601
  18   6        0.0008689751        0.0011474898
  18   5       -0.0007151031        0.0003374487
  18   4        0.0028663751        0.0014557146
  18   3        0.0041771860       -0.0023460336
  18   2        0.0049314034        0.0046255919
  18   1        0.0035737825       -0.0010455841
  18   0       -0.0042686555        0.0000000000
  18  -1       -0.0035737825       -0.0010455841
  18  -2        0.0049314034       -0.0046255919
  18  -3       -0.0041771860       -0.0023460336
  18  -4        0.0028663751       -0.0014557146
  18  -5        0.0007151031        0.0003374487
  18  -6        0.0008689751       -0.0011474898
  18  -7        0.0013577909        0.0038512601
  18  -8       -0.0020174249       -0.0060049834
  18  -9        0.0011719775       -0.0028040700
  18 -10       -0.0061357805        0.0061305534
  18 -11        0.0016039264        0.0027352745
  18 -12        0.0017477990        0.0002657139
  18 -13       -0.0066622527       -0.0091654422
  18 -14        0.0080391489        0.0031601768
  18 -15       -0.0070845846        0.0010306831
  18 -16        0.0008916481       -0.0050441304
  18 -17       -0.0026682120        0.0067587132
  18 -18        0.0061274992        0.0106673014
  19  19       -0.0051507831        0.0074172125
  19  18       -0.0036612445        0.0032724235
  19  17       -0.0049364563       -0.0032648986
  19  16       -0.0044856350        0.0033736028
  19  15       -0.0024814703       -0.0016779160
  19  14        0.0000188465       -0.0017070108
  19  13       -0.0002332097        0.0072393628
  19  12       -0.0031229360        0.0044346858
  19  11        0.0021054353        0.0014359780
  19  10       -0.0003097498       -0.0040454746
  19   9        0.0017860306       -0.0009620319
  19   8       -0.0007186145        0.0040820342
  19   7       -0.0022146690        0.0001974581
  19   6       -0.0034976727       -0.0006935367
  19   5       -0.0026789356       -0.0012122432
  19   4       -0.0034383246       -0.0020739057
  19   3       -0.0010728716       -0.0008883032
  19   2       -0.0069664094        0.0031906849
  19   1        0.0032842213        0.0056832449
  19   0       -0.0123560388        0.0000000000
  19  -1       -0.0032842213        0.0056832449
  19  -2       -0.0069664094       -0.0031906849
  19  -3        0.0010728716       -0.0008883032
  19  -4       -0.0034383246        0.0020739057
  19  -5        0.0026789356       -0.0012122432
  19  -6       -0.0034976727        0.0006935367
  19  -7        0.0022146690        0.0001974581
  19  -8       -0.0007186145       -0.0040820342
  19  -9       -0.0017860306       -0.0009620319
  19 -10       -0.0003097498        0.0040454746
  19 -11       -0.0021054353        0.0014359780
  19 -12       -0.0031229360       -0.0044346858
  19 -13        0.0002332097        0.0072393628
  19 -14        0.0000188465        0.0017070108
  19 -15        0.0024814703       -0.0016779160
  19 -16       -0.0044856350       -0.0033736028
  19 -17        0.0049364563       -0.0032648986
  19 -18       -0.0036612445       -0.0032724235
  19 -19        0.0051507831        0.0074172125
  20  20       -0.0056696144       -0.0042178223
  20  19        0.0044086038       -0.0071741526
  20  18       -0.0001434858       -0.0002522126
  20  17        0.0006803417       -0.0042607791
  20  16        0.0023918797       -0.0047552198
  20  15       -0.0050351057       -0.0015628739
  20  14        0.0024009650       -0.0059127904
  20  13       -0.0035023027        0.0005450603
  20  12       -0.0002554905        0.0039983552
  20  11       -0.0034326812        0.0019534687
  20  10        0.0059873400       -0.0003301168
  20   9        0.0032487024        0.0021058048
  20   8       -0.0016903207       -0.0025575168
  20   7        0.0009647282       -0.0009134462
  20   6       -0.0006136251        0.0024997809
  20   5        0.0013126216       -0.0001381572
  20   4        0.0005751822       -0.0058445218
  20   3       -0.0036526166        0.0045170951
  20   2        0.0000659251        0.0005582633
  20   1       -0.0046282310       -0.0010138682
  20   0        0.0045054545        0.0000000000
  20  -1        0.0046282310       -0.0010138682
  20  -2        0.0000659251       -0.0005582633
  20  -3        0.0036526166        0.0045170951
  20  -4        0.0005751822        0.0058445218
  20  -5       -0.0013126216       -0.0001381572
  20  -6       -0.0006136251       -0.0024997809
  20  -7       -0.0009647282       -0.0009134462
  20  -8       -0.0016903207        0.0025575168
  20  -9       -0.0032487024        0.0021058048
  20 -10        0.0059873400        0.0003301168
  20 -11        0.0034326812        0.0019534687
  20 -12       -0.0002554905       -0.0039983552
  20 -13        0.0035023027        0.0005450603
  20 -14        0.0024009650        0.0059127904
  20 -15        0.0050351057       -0.0015628739
  20 -16        0.0023918797        0.0047552198
  20 -17       -0.0006803417       -0.0042607791
  20 -18       -0.0001434858        0.0002522126
  20 -19       -0.0044086038       -0.0071741526
  20 -20       -0.0056696144        0.0042178223
  21  21        0.0049997297        0.0062049008
  21  20       -0.0004631603        0.0036833985
  21  19        0.0042530491       -0.0024645431
  21  18        0.0007501844        0.0044425517
  21  17        0.0013188368        0.0031777104
  21  16        0.0016483998        0.0027137421
  21  15        0.0031150526        0.0002675744
  21  14        0.0038193829        0.0014359119
  21  13        0.0017945319       -0.0044025759
  21  12       -0.0007376394       -0.0013812094
  21  11        0.0028371113        0.0030804304
  21  10        0.0037163092       -0.0019521839
  21   9        0.0015496265        0.0021292913
  21   8       -0.0031959083        0.0013764816
  21   7        0.0017309966       -0.0012598695
  21   6        0.0003367533       -0.0003047474
  21   5       -0.0023376508       -0.0036231201
  21   4        0.0039313465        0.0027537277
  21   3       -0.0003418412       -0.0006099662
  21   2        0.0069535859        0.0008788720
  21   1       -0.0002821677       -0.0007528498
  21   0       -0.0029413190        0.0000000000
  21  -1        0.0002821677       -0.0007528498
  21  -2        0.0069535859       -0.0008788720
  21  -3        0.0003418412       -0.0006099662
  21  -4        0.0039313465       -0.0027537277
  21  -5        0.0023376508       -0.0036231201
  21  -6        0.0003367533        0.0003047474
  21  -7       -0.0017309966       -0.0012598695
  21  -8       -0.0031959083       -0.0013764816
  21  -9       -0.0015496265        0.0021292913
  21 -10        0.0037163092        0.0019521839
  21 -11       -0.0028371113        0.0030804304
  21 -12       -0.0007376394        0.0013812094
  21 -13       -0.0017945319       -0.0044025759
  21 -14        0.0038193829       -0.0014359119
  21 -15       -0.0031150526        0.0002675744
  21 -16        0.0016483998       -0.0027137421
  21 -17       -0.0013188368        0.0031777104
  21 -18        0.0007501844       -0.0044425517
  21 -19       -0.0042530491       -0.0024645431
  21 -20       -0.0004631603       -0.0036833985
  21 -21       -0.0049997297        0.0062049008
  22  22       -0.0036352829        0.0000550738
  22  21       -0.0049186661       -0.0012043918
  22  20       -0.0024868971        0.0017518394
  22  19       -0.0026998379       -0.0010590292
  22  18       -0.0009418581       -0.0005733644
  22  17       -0.0003760717        0.0016794818
  22  16       -0.0067711067        0.0018140379
  22  15        0.0027117145        0.0005269418
  22  14        0.0005821208        0.0023086773
  22  13       -0.0037880018        0.0027256269
  22  12       -0.0007678439       -0.0010402089
  22  11        0.0042623182       -0.0013478898
  22  10       -0.0003457923        0.0020437168
  22   9       -0.0038299722        0.0002747936
  22   8        0.0061241427       -0.0040793349
  22   7       -0.0015042968        0.0024592832
  22   6       -0.0060502234       -0.0035574794
  22   5        0.0029485605        0.0001111528
  22   4       -0.0041607824        0.0039615306
  22   3        0.0033080478       -0.0014854732
  22   2       -0.0039944861       -0.0020916459
  22   1        0.0024875983       -0.0012973462
  22   0       -0.0012999134        0.0000000000
  22  -1       -0.0024875983       -0.0012973462
  22  -2       -0.0039944861        0.0020916459
  22  -3       -0.0033080478       -0.0014854732
  22  -4       -0.0041607824       -0.0039615306
  22  -5       -0.0029485605        0.0001111528
  22  -6       -0.0060502234        0.0035574794
  22  -7        0.0015042968        0.0024592832
  22  -8        0.0061241427        0.0040793349
  22  -9        0.0038299722        0.0002747936
  22 -10       -0.0003457923       -0.0020437168
  22 -11       -0.0042623182       -0.0013478898
  22 -12       -0.0007678439        0.0010402089
  22 -13        0.0037880018        0.0027256269
  22 -14        0.0005821208       -0.0023086773
  22 -15       -0.0027117145        0.0005269418
  22 -16       -0.0067711067       -0.0018140379
  22 -17        0.0003760717        0.0016794818
  22 -18       -0.0009418581        0.0005733644
  22 -19        0.0026998379       -0.0010590292
  22 -20       -0.0024868971       -0.0017518394
  22 -21        0.0049186661       -0.0012043918
  22 -22       -0.0036352829       -0.0000550738
  23  23        0.0075522036       -0.0015512638
  23  22       -0.0006866488       -0.0020035249
  23  21       -0.0022559575       -0.0061669595
  23  20        0.0024483465       -0.0027484423
  23  19        0.0020302901        0.0012116005
  23  18        0.0012203534        0.0015001941
  23  17        0.0006407552       -0.0012549457
  23  16        0.0011813497       -0.0008088179
  23  15        0.0002502520        0.0001219697
  23  14       -0.0012050268       -0.0013369882
  23  13       -0.0014781129        0.0003467622
  23  12        0.0004218520        0.0003245870
  23  11       -0.0002962456       -0.0035814968
  23  10       -0.0001662789        0.0016267528
  23   9       -0.0012582953        0.0010484474
  23   8       -0.0005621880        0.0000750010
  23   7       -0.0011508483       -0.0012357484
  23   6        0.0037560742        0.0004199606
  23   5        0.0020324377       -0.0005743708
  23   4       -0.0014773913       -0.0041813984
  23   3       -0.0010028486        0.0035190203
  23   2       -0.0010327403       -0.0000333646
  23   1       -0.0011716018       -0.0031301422
  23   0        0.0038475618        0.0000000000
  23  -1        0.0011716018       -0.0031301422
  23  -2       -0.0010327403        0.0000333646
  23  -3        0.0010028486        0.0035190203
  23  -4       -0.0014773913        0.0041813984
  23  -5       -0.0020324377       -0.0005743708
  23  -6        0.0037560742       -0.0004199606
  23  -7        0.0011508483       -0.0012357484
  23  -8       -0.0005621880       -0.0000750010
  23  -9        0.0012582953        0.0010484474
  23 -10       -0.0001662789       -0.0016267528
  23 -11        0.0002962456       -0.0035814968
  23 -12        0.0004218520       -0.0003245870
  23 -13        0.0014781129        0.0003467622
  23 -14       -0.0012050268        0.0013369882
  23 -15       -0.0002502520        0.0001219697
  23 -16        0.0011813497        0.0008088179
  23 -17       -0.0006407552       -0.0012549457
  23 -18        0.0012203534       -0.0015001941
  23 -19       -0.0020302901        0.0012116005
  23 -20        0.0024483465        0.0027484423
  23 -21        0.0022559575       -0.0061669595
  23 -22       -0.0006866488        0.0020035249
  23 -23       -0.0075522036       -0.0015512638
  24  24       -0.0005995352        0.0023407116
  24  23        0.0005234516       -0.0016440552
  24  22        0.0028585572        0.0039128271
  24  21        0.0009209074       -0.0008680613
  24  20       -0.0007073990       -0.0009082208
  24  19       -0.0000893237        0.0016406753
  24  18       -0.0020014404        0.0019312205
  24  17       -0.0014895145        0.0010084145
  24  16        0.0032384316       -0.0011942127
  24  15        0.0018712946        0.0012842103
  24  14       -0.0028398018       -0.0010149556
  24  13       -0.0004324731       -0.0018285641
  24  12        0.0005954741        0.0009691447
  24  11        0.0028215546        0.0023493521
  24  10       -0.0005626263       -0.0007689156
  24   9        0.0011081878       -0.0053909851
  24   8       -0.0013359634        0.0003743594
  24   7       -0.0018923409       -0.0011843809
  24   6        0.0013242431        0.0008217816
  24   5       -0.0029909749       -0.0003449487
  24   4        0.0011308917        0.0029488805
  24   3        0.0023035427       -0.0036281597
  24   2        0.0010313207       -0.0000550841
  24   1       -0.0031068145        0.0025741544
  24   0       -0.0031000825        0.0000000000
  24  -1        0.0031068145        0.0025741544
  24  -2        0.0010313207        0.0000550841
  24  -3       -0.0023035427       -0.0036281597
  24  -4        0.0011308917       -0.0029488805
  24  -5        0.0029909749       -0.0003449487
  24  -6        0.0013242431       -0.0008217816
  24  -7        0.0018923409       -0.0011843809
  24  -8       -0.0013359634       -0.0003743594
  24  -9       -0.0011081878       -0.0053909851
  24 -10       -0.0005626263        0.0007689156
  24 -11       -0.0028215546        0.0023493521
  24 -12        0.0005954741       -0.0009691447
  24 -13        0.0004324731       -0.0018285641
  24 -14       -0.0028398018        0.0010149556
  24 -15       -0.0018712946        0.0012842103
  24 -16        0.0032384316        0.0011942127
  24 -17        0.0014895145        0.0010084145
  24 -18       -0.0020014404       -0.0019312205
  24 -19        0.0000893237        0.0016406753
  24 -20       -0.0007073990        0.0009082208
  24 -21       -0.0009209074       -0.0008680613
  24 -22        0.0028585572       -0.0039128271
  24 -23       -0.0005234516       -0.0016440552
  24 -24       -0.0005995352       -0.0023407116
  25  25        0.0010725326       -0.0030509733
  25  24       -0.0000199004       -0.0011394923
  25  23       -0.0025873529       -0.0012598341
  25  22       -0.0001408409        0.0013971203
  25  21        0.0019354159        0.0005996340
  25  20        0.0022975431       -0.0000161295
  25  19       -0.0009125268       -0.0027040384
  25  18       -0.0009353380        0.0002791316
  25  17       -0.0019742781       -0.0016197942
  25  16       -0.0015208547        0.0009362439
  25  15        0.0000683321        0.0003067646
  25  14        0.0007887174       -0.0001152434
  25  13        0.0005841612       -0.0008163930
  25  12        0.0002709333       -0.0003554818
  25  11        0.0000188968        0.0024260965
  25  10        0.0002466173       -0.0000840822
  25   9        0.0014142330        0.0006451419
  25   8        0.0010747815       -0.0012327276
  25   7       -0.0018949240       -0.0011381822
  25   6       -0.0026907189       -0.0012359975
  25   5        0.0023502033       -0.0009653790
  25   4       -0.0000763498       -0.0002577632
  25   3        0.0017674661       -0.0012163414
  25   2       -0.0028938019       -0.0030032829
  25   1        0.0003538062        0.0037729381
  25   0       -0.0024238940        0.0000000000
  25  -1       -0.0003538062        0.0037729381
  25  -2       -0.0028938019        0.0030032829
  25  -3       -0.0017674661       -0.0012163414
  25  -4       -0.0000763498        0.0002577632
  25  -5       -0.0023502033       -0.0009653790
  25  -6       -0.0026907189        0.0012359975
  25  -7        0.0018949240       -0.0011381822
  25  -8        0.0010747815        0.0012327276
  25  -9       -0.0014142330        0.0006451419
  25 -10        0.0002466173        0.0000840822
  25 -11       -0.0000188968        0.0024260965
  25 -12        0.0002709333        0.0003554818
  25 -13       -0.0005841612       -0.0008163930
  25 -14        0.0007887174        0.0001152434
  25 -15       -0.0000683321        0.0003067646
  25 -16       -0.0015208547       -0.0009362439
  25 -17        0.0019742781       -0.0016197942
  25 -18       -0.0009353380       -0.0002791316
  25 -19        0.0009125268       -0.0027040384
  25 -20        0.0022975431        0.0000161295
  25 -21       -0.0019354159        0.0005996340
  25 -22       -0.0001408409       -0.0013971203
  25 -23        0.0025873529       -0.0012598341
  25 -24       -0.0000199004        0.0011394923
  25 -25       -0.0010725326       -0.0030509733
  26  26        0.0007917302        0.0033014128
  26  25       -0.0028610720       -0.0032697485
  26  24        0.0040442841       -0.0038435753
  26  23       -0.0017977706        0.0012872908
  26  22       -0.0014030983       -0.0008274012
  26  21       -0.0012545436        0.0027161916
  26  20       -0.0002590906        0.0027780738
  26  19        0.0012771727        0.0004521831
  26  18       -0.0003313413       -0.0012792682
  26  17        0.0011157798       -0.0011219086
  26  16        0.0011488372        0.0022011303
  26  15       -0.0022717231       -0.0005748331
  26  14        0.0007851792       -0.0002919041
  26  13       -0.0012599313        0.0008217752
  26  12        0.0008133242       -0.0010151799
  26  11       -0.0012333221       -0.0008559868
  26  10        0.0022154051       -0.0007349658
  26   9        0.0007425053        0.0022307936
  26   8       -0.0021894241       -0.0004496360
  26   7        0.0009468080        0.0012457589
  26   6        0.0026358863        0.0014254771
  26   5        0.0011504383        0.0000368413
  26   4        0.0026582027       -0.0022104728
  26   3       -0.0004440371        0.0011556336
  26   2        0.0018459422        0.0003708607
  26   1        0.0004418899       -0.0020724675
  26   0        0.0019105376        0.0000000000
  26  -1       -0.0004418899       -0.0020724675
  26  -2        0.0018459422       -0.0003708607
  26  -3        0.0004440371        0.0011556336
  26  -4        0.0026582027        0.0022104728
  26  -5       -0.0011504383        0.0000368413
  26  -6        0.0026358863       -0.0014254771
  26  -7       -0.0009468080        0.0012457589
  26  -8       -0.0021894241        0.0004496360
  26  -9       -0.0007425053        0.0022307936
  26 -10        0.0022154051        0.0007349658
  26 -11        0.0012333221       -0.0008559868
  26 -12        0.0008133242        0.0010151799
  26 -13        0.0012599313        0.0008217752
  26 -14        0.0007851792        0.0002919041
  26 -15        0.0022717231       -0.0005748331
  26 -16        0.0011488372       -0.0022011303
  26 -17       -0.0011157798       -0.0011219086
  26 -18       -0.0003313413        0.0012792682
  26 -19       -0.0012771727        0.0004521831
  26 -20       -0.0002590906       -0.0027780738
  26 -21        0.0012545436        0.0027161916
  26 -22       -0.0014030983        0.0008274012
  26 -23        0.0017977706        0.0012872908
  26 -24        0.0040442841        0.0038435753
  26 -25        0.0028610720       -0.0032697485
  26 -26        0.0007917302       -0.0033014128
  27  27        0.0039581989       -0.0000413558
  27  26        0.0003351966        0.0002235919
  27  25       -0.0038047085        0.0033811355
  27  24        0.0029327753       -0.0014590221
  27  23        0.0012343891       -0.0017492936
  27  22       -0.0014726072       -0.0052552896
  27  21       -0.0008794189       -0.0023324681
  27  20        0.0010813880       -0.0008309621
  27  19       -0.0004904730        0.0009713120
  27  18        0.0006090345       -0.0010064443
  27  17       -0.0003421006       -0.0003029531
  27  16        0.0000181175        0.0017472426
  27  15       -0.0000452820        0.0005512047
  27  14        0.0005930641       -0.0014948406
  27  13        0.0016107652       -0.0000146394
  27  12        0.0003686790       -0.0002080651
  27  11       -0.0008881316       -0.0014290282
  27  10       -0.0002259678        0.0002181397
  27   9       -0.0015985482        0.0010792279
  27   8       -0.0011928797        0.0011696485
  27   7        0.0010289359        0.0008637457
  27   6        0.0001727238       -0.0004225522
  27   5       -0.0024052930       -0.0010504042
  27   4        0.0012180842        0.0024280938
  27   3        0.0007504356       -0.0013604292
  27   2        0.0004407634        0.0035564980
  27   1        0.0017037337       -0.0005954860
  27   0        0.0012417438        0.0000000000
  27  -1       -0.0017037337       -0.0005954860
  27  -2        0.0004407634       -0.0035564980
  27  -3       -0.0007504356       -0.0013604292
  27  -4        0.0012180842       -0.0024280938
  27  -5        0.0024052930       -0.0010504042
  27  -6        0.0001727238        0.0004225522
  27  -7       -0.0010289359        0.0008637457
  27  -8       -0.0011928797       -0.0011696485
  27  -9        0.0015985482        0.0010792279
  27 -10       -0.0002259678       -0.0002181397
  27 -11        0.0008881316       -0.0014290282
  27 -12        0.0003686790        0.0002080651
  27 -13       -0.0016107652       -0.0000146394
  27 -14        0.0005930641        0.0014948406
  27 -15        0.0000452820        0.0005512047
  27 -16        0.0000181175       -0.0017472426
  27 -17        0.0003421006       -0.0003029531
  27 -18        0.0006090345        0.0010064443
  27 -19        0.0004904730        0.0009713120
  27 -20        0.0010813880        0.0008309621
  27 -21        0.0008794189       -0.0023324681
  27 -22       -0.0014726072        0.0052552896
  27 -23       -0.0012343891       -0.0017492936
  27 -24        0.0029327753        0.0014590221
  27 -25        0.0038047085        0.0033811355
  27 -26        0.0003351966       -0.0002235919
  27 -27       -0.0039581989       -0.0000413558
  28  28        0.0014661838        0.0011803410
  28  27       -0.0025961630       -0.0007389074
  28  26        0.0001435876        0.0009095813
  28  25       -0.0008853409        0.0021297546
  28  24        0.0006079292        0.0018644186
  28  23        0.0007733393       -0.0003331889
  28  22       -0.0001483329        0.0004741601
  28  21        0.0024834893       -0.0020555770
  28  20        0.0005161657       -0.0008323087
  28  19       -0.0032399842       -0.0026283840
  28  18       -0.0007346916       -0.0018549230
  28  17       -0.0006508912        0.0010605264
  28  16       -0.0019705900       -0.0007684641
  28  15        0.0002800662        0.0008959112
  28  14       -0.0013126018        0.0001029020
  28  13       -0.0003684415       -0.0017007807
  28  12        0.0002538760       -0.0005738210
  28  11        0.0009430861        0.0019899092
  28  10        0.0014297765        0.0003786349
  28   9       -0.0007327248        0.0003017150
  28   8        0.0013157419       -0.0017122675
  28   7        0.0008767728        0.0002111091
  28   6       -0.0016402198       -0.0010652919
  28   5        0.0019627625        0.0020137291
  28   4       -0.0002821674       -0.0015188191
  28   3       -0.0014842969       -0.0007529575
  28   2       -0.0036016251       -0.0014717270
  28   1       -0.0011111718        0.0003016835
  28   0       -0.0018699998        0.0000000000
  28  -1        0.0011111718        0.0003016835
  28  -2       -0.0036016251        0.0014717270
  28  -3        0.0014842969       -0.0007529575
  28  -4       -0.0002821674        0.0015188191
  28  -5       -0.0019627625        0.0020137291
  28  -6       -0.0016402198        0.0010652919
  28  -7       -0.0008767728        0.0002111091
  28  -8        0.0013157419        0.0017122675
  28  -9        0.0007327248        0.0003017150
  28 -10        0.0014297765       -0.0003786349
  28 -11       -0.0009430861        0.0019899092
  28 -12        0.0002538760        0.0005738210
  28 -13        0.0003684415       -0.0017007807
  28 -14       -0.0013126018       -0.0001029020
  28 -15       -0.0002800662        0.0008959112
  28 -16       -0.0019705900        0.0007684641
  28 -17        0.0006508912        0.0010605264
  28 -18       -0.0007346916        0.0018549230
  28 -19        0.0032399842       -0.0026283840
  28 -20        0.0005161657        0.0008323087
  28 -21       -0.0024834893       -0.0020555770
  28 -22       -0.0001483329       -0.0004741601
  28 -23       -0.0007733393       -0.0003331889
  28 -24        0.0006079292       -0.0018644186
  28 -25        0.0008853409        0.0021297546
  28 -26        0.0001435876       -0.0009095813
  28 -27        0.0025961630       -0.0007389074
  28 -28        0.0014661838       -0.0011803410
  29  29       -0.0022491636       -0.0043256404
  29  28        0.0021683219       -0.0012933075
  29  27        0.0016282469        0.0013889740
  29  26       -0.0000720062       -0.0029490131
  29  25        0.0011862952       -0.0027510135
  29  24       -0.0054525251       -0.0008472932
  29  23       -0.0019506019       -0.0000500680
  29  22        0.0012639204        0.0008327984
  29  21        0.0002165733        0.0014902206
  29  20       -0.0024030369        0.0018441444
  29  19        0.0010485474        0.0002726279
  29  18        0.0016304878        0.0005157964
  29  17       -0.0001146343        0.0001129903
  29  16        0.0002043990        0.0009044672
  29  15       -0.0002528402       -0.0000463829
  29  14        0.0018703613        0.0000698742
  29  13       -0.0004968217       -0.0006721433
  29  12       -0.0030108652       -0.0017043759
  29  11       -0.0006787862        0.0006368618
  29  10       -0.0024016119        0.0013315434
  29   9       -0.0009569479       -0.0017860607
  29   8        0.0003583322        0.0002714780
  29   7       -0.0018084646       -0.0006138596
  29   6        0.0013873493        0.0003649939
  29   5        0.0004370409        0.0004511496
  29   4       -0.0002584602        0.0001959537
  29   3       -0.0016007075        0.0019468516
  29   2        0.0006492645        0.0002422116
  29   1        0.0005469534       -0.0019118070
  29   0       -0.0007493269        0.0000000000
  29  -1       -0.0005469534       -0.0019118070
  29  -2        0.0006492645       -0.0002422116
  29  -3        0.0016007075        0.0019468516
  29  -4       -0.0002584602       -0.0001959537
  29  -5       -0.0004370409        0.0004511496
  29  -6        0.0013873493       -0.0003649939
  29  -7        0.0018084646       -0.0006138596
  29  -8        0.0003583322       -0.0002714780
  29  -9        0.0009569479       -0.0017860607
  29 -10       -0.0024016119       -0.0013315434
  29 -11        0.0006787862        0.0006368618
  29 -12       -0.0030108652        0.0017043759
  29 -13        0.0004968217       -0.0006721433
  29 -14        0.0018703613       -0.0000698742
  29 -15        0.0002528402       -0.0000463829
  29 -16        0.0002043990       -0.0009044672
  29 -17        0.0001146343        0.0001129903
  29 -18        0.0016304878       -0.0005157964
  29 -19       -0.0010485474        0.0002726279
  29 -20       -0.0024030369       -0.0018441444
  29 -21       -0.0002165733        0.0014902206
  29 -22        0.0012639204       -0.0008327984
  29 -23        0.0019506019       -0.0000500680
  29 -24       -0.0054525251        0.0008472932
  29 -25       -0.0011862952       -0.0027510135
  29 -26       -0.0000720062        0.0029490131
  29 -27       -0.0016282469        0.0013889740
  29 -28        0.0021683219        0.0012933075
  29 -29        0.0022491636       -0.0043256404
  30  30        0.0012172955        0.0017621710
  30  29       -0.0012670133        0.0007393995
  30  28        0.0003436082       -0.0034106747
  30  27        0.0033337958        0.0028033595
  30  26       -0.0006943368       -0.0032355807
  30  25        0.0001156418       -0.0009021866
  30  24        0.0006568151       -0.0021503286
  30  23       -0.0005463998       -0.0010579703
  30  22       -0.0016185940       -0.0030319329
  30  21       -0.0034818469        0.0012548337
  30  20       -0.0011290371       -0.0003945719
  30  19        0.0006580833        0.0000050372
  30  18        0.0010773264       -0.0008291094
  30  17       -0.0007048678        0.0000361451
  30  16       -0.0002237134        0.0011129221
  30  15        0.0009850089       -0.0000812305
  30  14       -0.0014388572       -0.0003239945
  30  13       -0.0002073578       -0.0002152136
  30  12       -0.0009123096        0.0021629065
  30  11        0.0019013382       -0.0004841871
  30  10       -0.0024673468        0.0010086497
  30   9        0.0012617661       -0.0007196502
  30   8       -0.0000658044        0.0005184195
  30   7       -0.0018139742       -0.0013699664
  30   6       -0.0001596986       -0.0011480490
  30   5       -0.0017359916       -0.0016578764
  30   4       -0.0005845170        0.0029437327
  30   3        0.0002869397        0.0002103682
  30   2        0.0011396942       -0.0019746090
  30   1        0.0010836221        0.0016192635
  30   0       -0.0012985118        0.0000000000
  30  -1       -0.0010836221        0.0016192635
  30  -2        0.0011396942        0.0019746090
  30  -3       -0.0002869397        0.0002103682
  30  -4       -0.0005845170       -0.0029437327
  30  -5        0.0017359916       -0.0016578764
  30  -6       -0.0001596986        0.0011480490
  30  -7        0.0018139742       -0.0013699664
  30  -8       -0.0000658044       -0.0005184195
  30  -9       -0.0012617661       -0.0007196502
  30 -10       -0.0024673468       -0.0010086497
  30 -11       -0.0019013382       -0.0004841871
  30 -12       -0.0009123096       -0.0021629065
  30 -13        0.0002073578       -0.0002152136
  30 -14       -0.0014388572        0.0003239945
  30 -15       -0.0009850089       -0.0000812305
  30 -16       -0.0002237134       -0.0011129221
  30 -17        0.0007048678        0.0000361451
  30 -18        0.0010773264        0.0008291094
  30 -19       -0.0006580833        0.0000050372
  30 -20       -0.0011290371        0.0003945719
  30 -21        0.0034818469        0.0012548337
  30 -22       -0.0016185940        0.0030319329
  30 -23        0.0005463998       -0.0010579703
  30 -24        0.0006568151        0.0021503286
  30 -25       -0.0001156418       -0.0009021866
  30 -26       -0.0006943368        0.0032355807
  30 -27       -0.0033337958        0.0028033595
  30 -28        0.0003436082        0.0034106747
  30 -29        0.0012670133        0.0007393995
  30 -30        0.0012172955       -0.0017621710
