   0   0        7.0807322143        0.0000000000
   1   1       -0.0423891635       -0.0143488915
   1   0       -0.0388801656        0.0000000000
   1  -1        0.0423891635       -0.0143488915
   2   2       -0.2661390709       -0.0142103054
   2   1       -0.2565058234       -0.3923141078
   2   0       -2.1110301727        0.0000000000
   2  -1        0.2565058234       -0.3923141078
   2  -2       -0.2661390709        0.0142103054
   3   3        0.3626234425       -0.0621086354
   3   2       -0.0125156196        0.0754240875
   3   1       -0.1760012807       -0.0331076354
   3   0       -0.0148630568        0.0000000000
   3  -1        0.1760012807       -0.0331076354
   3  -2       -0.0125156196       -0.0754240875
   3  -3       -0.3626234425       -0.0621086354
   4   4        0.0188818321       -0.0548014573
   4   3        0.1011015634        0.0203915853
   4   2        0.1452319238        0.0850524660
   4   1        0.1469056432        0.2185116160
   4   0        0.4819450080        0.0000000000
   4  -1       -0.1469056432        0.2185116160
   4  -2        0.1452319238       -0.0850524660
   4  -3       -0.1011015634        0.0203915853
   4  -4        0.0188818321        0.0548014573
   5   5        0.0180983445        0.0351087835
   5   4       -0.0199545107       -0.0220314029
   5   3       -0.1407710672        0.0211425564
   5   2        0.0075284868       -0.0613523878
   5   1        0.1689919834       -0.0099509383
   5   0       -0.0928665042        0.0000000000
   5  -1       -0.1689919834       -0.0099509383
   5  -2        0.0075284868        0.0613523878
   5  -3        0.1407710672        0.0211425564
   5  -4       -0.0199545107        0.0220314029
   5  -5       -0.0180983445        0.0351087835
   6   6        0.0983119215        0.0104637322
   6   5        0.0147354677        0.0044064142
   6   4       -0.0643095542       -0.0024712797
   6   3       -0.0087441831       -0.0410871054
   6   2       -0.0215538259       -0.0817869510
   6   1       -0.0334974033       -0.0451920426
   6   0        0.0233912932        0.0000000000
   6  -1        0.0334974033       -0.0451920426
   6  -2       -0.0215538259        0.0817869510
   6  -3        0.0087441831       -0.0410871054
   6  -4       -0.0643095542        0.0024712797
   6  -5       -0.0147354677        0.0044064142
   6  -6        0.0983119215       -0.0104637322
   7   7       -0.0324615750       -0.0254419117
   7   6        0.0624517839       -0.0229672439
   7   5        0.0000783832        0.0041253280
   7   4        0.0203271080       -0.0126476545
   7   3        0.0294031883        0.0164630320
   7   2        0.0082443426        0.0563526947
   7   1       -0.0666814191        0.0315035445
   7   0        0.1002511329        0.0000000000
   7  -1        0.0666814191        0.0315035445
   7  -2        0.0082443426       -0.0563526947
   7  -3       -0.0294031883        0.0164630320
   7  -4        0.0203271080        0.0126476545
   7  -5       -0.0000783832        0.0041253280
   7  -6        0.0624517839        0.0229672439
   7  -7        0.0324615750       -0.0254419117
   8   8        0.0124935403       -0.0249338722
   8   7       -0.0046391160       -0.0128591482
   8   6       -0.0425573346       -0.0160294083
   8   5       -0.0074109135        0.0114802331
   8   4        0.0483620042       -0.0160843380
   8   3       -0.0465913633        0.0413271107
   8   2       -0.0272676118        0.0310607311
   8   1       -0.0103668316       -0.0420286427
   8   0       -0.0930670086        0.0000000000
   8  -1        0.0103668316       -0.0420286427
   8  -2       -0.0272676118       -0.0310607311
   8  -3        0.0465913633        0.0413271107
   8  -4        0.0483620042        0.0160843380
   8  -5        0.0074109135        0.0114802331
   8  -6       -0.0425573346        0.0160294083
   8  -7        0.0046391160       -0.0128591482
   8  -8        0.0124935403        0.0249338722
   9   9        0.0245962128        0.0290252345
   9   8       -0.0001776059       -0.0099158675
   9   7       -0.0078633690        0.0285887602
   9   6       -0.0416996188       -0.0114952182
   9   5        0.0032656032       -0.0130918994
   9   4       -0.0140957648        0.0204974706
   9   3        0.0111432976       -0.0463927302
   9   2       -0.0255328563       -0.0569691415
   9   1       -0.0052934985       -0.0399107674
   9   0       -0.0655504616        0.0000000000
   9  -1        0.0052934985       -0.0399107674
   9  -2       -0.0255328563        0.0569691415
   9  -3       -0.0111432976       -0.0463927302
   9  -4       -0.0140957648       -0.0204974706
   9  -5       -0.0032656032       -0.0130918994
   9  -6       -0.0416996188        0.0114952182
   9  -7        0.0078633690        0.0285887602
   9  -8       -0.0001776059        0.0099158675
   9  -9       -0.0245962128        0.0290252345
  10  10       -0.0225685609        0.0064377358
  10   9        0.0109926517       -0.0110106584
  10   8       -0.0073209478        0.0190573708
  10   7       -0.0033420369        0.0004673057
  10   6        0.0203498040        0.0059360585
  10   5        0.0010627331       -0.0018199749
  10   4       -0.0122936357        0.0325974344
  10   3        0.0493707166       -0.0258264958
  10   2        0.0348629690        0.0035255875
  10   1        0.0019672397        0.0556421481
  10   0        0.0552010997        0.0000000000
  10  -1       -0.0019672397        0.0556421481
  10  -2        0.0348629690       -0.0035255875
  10  -3       -0.0493707166       -0.0258264958
  10  -4       -0.0122936357       -0.0325974344
  10  -5       -0.0010627331       -0.0018199749
  10  -6        0.0203498040       -0.0059360585
  10  -7        0.0033420369        0.0004673057
  10  -8       -0.0073209478       -0.0190573708
  10  -9       -0.0109926517       -0.0110106584
  10 -10       -0.0225685609       -0.0064377358
  11  11        0.0252697862       -0.0016292771
  11  10        0.0105498377       -0.0033901634
  11   9       -0.0165052960       -0.0023446419
  11   8        0.0166077968        0.0107043749
  11   7        0.0006930025       -0.0110629518
  11   6        0.0095580324        0.0157268807
  11   5       -0.0178467012        0.0135535811
  11   4        0.0178650982       -0.0003693037
  11   3       -0.0252087205        0.0478381215
  11   2        0.0255816491        0.0498405192
  11   1        0.0185849837        0.0329879561
  11   0        0.0303749705        0.0000000000
  11  -1       -0.0185849837        0.0329879561
  11  -2        0.0255816491       -0.0498405192
  11  -3        0.0252087205        0.0478381215
  11  -4        0.0178650982        0.0003693037
  11  -5        0.0178467012        0.0135535811
  11  -6        0.0095580324       -0.0157268807
  11  -7       -0.0006930025       -0.0110629518
  11  -8        0.0166077968       -0.0107043749
  11  -9        0.0165052960       -0.0023446419
  11 -10        0.0105498377        0.0033901634
  11 -11       -0.0252697862       -0.0016292771
  12  12        0.0166919263        0.0108131121
  12  11        0.0014513711       -0.0080014475
  12  10        0.0005943711        0.0067062564
  12   9       -0.0083895914        0.0108396293
  12   8        0.0057911731       -0.0216538615
  12   7        0.0072093466        0.0074231787
  12   6       -0.0047559974       -0.0014636692
  12   5        0.0035087946       -0.0162079297
  12   4       -0.0095769400       -0.0203662595
  12   3       -0.0249139752        0.0121457717
  12   2       -0.0137713668       -0.0129071771
  12   1        0.0086849710       -0.0317548554
  12   0       -0.0198048291        0.0000000000
  12  -1       -0.0086849710       -0.0317548554
  12  -2       -0.0137713668        0.0129071771
  12  -3        0.0249139752        0.0121457717
  12  -4       -0.0095769400        0.0203662595
  12  -5       -0.0035087946       -0.0162079297
  12  -6       -0.0047559974        0.0014636692
  12  -7       -0.0072093466        0.0074231787
  12  -8        0.0057911731        0.0216538615
  12  -9        0.0083895914        0.0108396293
  12 -10        0.0005943711       -0.0067062564
  12 -11       -0.0014513711       -0.0080014475
  12 -12        0.0166919263       -0.0108131121
  13  13       -0.0108460620       -0.0077728724
  13  12        0.0024700344       -0.0058954653
  13  11       -0.0005352450        0.0008629942
  13  10       -0.0091562470        0.0018392916
  13   9        0.0051089862       -0.0028800729
  13   8       -0.0124141998        0.0020942898
  13   7        0.0016742244        0.0107948618
  13   6        0.0061628505       -0.0134374425
  13   5        0.0195576759       -0.0124620162
  13   4       -0.0143443519       -0.0079086972
  13   3        0.0254772070       -0.0346705172
  13   2       -0.0114806854       -0.0219329921
  13   1       -0.0062848011       -0.0229462962
  13   0       -0.0081518716        0.0000000000
  13  -1        0.0062848011       -0.0229462962
  13  -2       -0.0114806854        0.0219329921
  13  -3       -0.0254772070       -0.0346705172
  13  -4       -0.0143443519        0.0079086972
  13  -5       -0.0195576759       -0.0124620162
  13  -6        0.0061628505        0.0134374425
  13  -7       -0.0016742244        0.0107948618
  13  -8       -0.0124141998       -0.0020942898
  13  -9       -0.0051089862       -0.0028800729
  13 -10       -0.0091562470       -0.0018392916
  13 -11        0.0005352450        0.0008629942
  13 -12        0.0024700344        0.0058954653
  13 -13        0.0108460620       -0.0077728724
  14  14        0.0103287602       -0.0001433808
  14  13       -0.0042769212       -0.0096462472
  14  12       -0.0136883780        0.0000157887
  14  11        0.0020255793       -0.0000735778
  14  10        0.0025890415       -0.0102119690
  14   9       -0.0019009204       -0.0078971778
  14   8       -0.0039780430        0.0134649920
  14   7        0.0021386031       -0.0106834450
  14   6       -0.0018400264        0.0052514252
  14   5        0.0003106318        0.0134209410
  14   4        0.0111540474        0.0004746874
  14   3        0.0019164081       -0.0039350575
  14   2       -0.0009056437        0.0134401227
  14   1       -0.0043330927        0.0077358072
  14   0        0.0090496684        0.0000000000
  14  -1        0.0043330927        0.0077358072
  14  -2       -0.0009056437       -0.0134401227
  14  -3       -0.0019164081       -0.0039350575
  14  -4        0.0111540474       -0.0004746874
  14  -5       -0.0003106318        0.0134209410
  14  -6       -0.0018400264       -0.0052514252
  14  -7       -0.0021386031       -0.0106834450
  14  -8       -0.0039780430       -0.0134649920
  14  -9        0.0019009204       -0.0078971778
  14 -10        0.0025890415        0.0102119690
  14 -11       -0.0020255793       -0.0000735778
  14 -12       -0.0136883780       -0.0000157887
  14 -13        0.0042769212       -0.0096462472
  14 -14        0.0103287602        0.0001433808
  15  15        0.0068441513        0.0121176309
  15  14        0.0027652808       -0.0017665867
  15  13        0.0022469820        0.0093212734
  15  12       -0.0020835870        0.0001604020
  15  11        0.0006126674       -0.0038441762
  15  10        0.0069961264        0.0040584116
  15   9        0.0008805646        0.0109227207
  15   8        0.0052230885       -0.0067152641
  15   7        0.0002053732       -0.0087916444
  15   6       -0.0056617519        0.0085584537
  15   5       -0.0193277055        0.0086315293
  15   4        0.0070523326        0.0011555345
  15   3       -0.0159878002        0.0128527123
  15   2       -0.0035047582       -0.0028466134
  15   1       -0.0015357811        0.0097833553
  15   0        0.0044299878        0.0000000000
  15  -1        0.0015357811        0.0097833553
  15  -2       -0.0035047582        0.0028466134
  15  -3        0.0159878002        0.0128527123
  15  -4        0.0070523326       -0.0011555345
  15  -5        0.0193277055        0.0086315293
  15  -6       -0.0056617519       -0.0085584537
  15  -7       -0.0002053732       -0.0087916444
  15  -8        0.0052230885        0.0067152641
  15  -9       -0.0008805646        0.0109227207
  15 -10        0.0069961264       -0.0040584116
  15 -11       -0.0006126674       -0.0038441762
  15 -12       -0.0020835870       -0.0001604020
  15 -13       -0.0022469820        0.0093212734
  15 -14        0.0027652808        0.0017665867
  15 -15       -0.0068441513        0.0121176309
  16  16        0.0012833417       -0.0043209468
  16  15       -0.0021966904       -0.0022348161
  16  14       -0.0012499692        0.0012688025
  16  13        0.0019438361        0.0064603513
  16  12        0.0012098802       -0.0049399046
  16  11       -0.0011283199        0.0052884121
  16  10       -0.0060654377        0.0069823905
  16   9        0.0038459004        0.0017814881
  16   8       -0.0006197951       -0.0072664326
  16   7       -0.0070512985        0.0036406024
  16   6        0.0015259721       -0.0047556177
  16   5        0.0048801391       -0.0035860429
  16   4       -0.0037228907        0.0078861475
  16   3        0.0046554395       -0.0010234581
  16   2       -0.0004501924       -0.0082265775
  16   1        0.0004146967        0.0036624810
  16   0       -0.0125481938        0.0000000000
  16  -1       -0.0004146967        0.0036624810
  16  -2       -0.0004501924        0.0082265775
  16  -3       -0.0046554395       -0.0010234581
  16  -4       -0.0037228907       -0.0078861475
  16  -5       -0.0048801391       -0.0035860429
  16  -6        0.0015259721        0.0047556177
  16  -7        0.0070512985        0.0036406024
  16  -8       -0.0006197951        0.0072664326
  16  -9       -0.0038459004        0.0017814881
  16 -10       -0.0060654377       -0.0069823905
  16 -11        0.0011283199        0.0052884121
  16 -12        0.0012098802        0.0049399046
  16 -13       -0.0019438361        0.0064603513
  16 -14       -0.0012499692       -0.0012688025
  16 -15        0.0021966904       -0.0022348161
  16 -16        0.0012833417        0.0043209468
  17  17        0.0065214081        0.0036751352
  17  16       -0.0039649216       -0.0061164357
  17  15       -0.0015918533        0.0037205096
  17  14        0.0028005084       -0.0010202634
  17  13       -0.0018709052       -0.0072420246
  17  12       -0.0021328969       -0.0008995323
  17  11       -0.0000382549        0.0038374212
  17  10       -0.0007750944       -0.0061517695
  17   9       -0.0057727673       -0.0066837449
  17   8       -0.0060116986        0.0059863729
  17   7       -0.0023842457        0.0007192929
  17   6        0.0014507090       -0.0046136619
  17   5        0.0094765679        0.0032875173
  17   4       -0.0019884273        0.0060885003
  17   3       -0.0016998321        0.0007620959
  17   2        0.0054938244        0.0105330880
  17   1       -0.0061359262       -0.0031118538
  17   0       -0.0063598357        0.0000000000
  17  -1        0.0061359262       -0.0031118538
  17  -2        0.0054938244       -0.0105330880
  17  -3        0.0016998321        0.0007620959
  17  -4       -0.0019884273       -0.0060885003
  17  -5       -0.0094765679        0.0032875173
  17  -6        0.0014507090        0.0046136619
  17  -7        0.0023842457        0.0007192929
  17  -8       -0.0060116986       -0.0059863729
  17  -9        0.0057727673       -0.0066837449
  17 -10       -0.0007750944        0.0061517695
  17 -11        0.0000382549        0.0038374212
  17 -12       -0.0021328969        0.0008995323
  17 -13        0.0018709052       -0.0072420246
  17 -14        0.0028005084        0.0010202634
  17 -15        0.0015918533        0.0037205096
  17 -16       -0.0039649216        0.0061164357
  17 -17       -0.0065214081        0.0036751352
  18  18        0.0024665306        0.0008335864
  18  17       -0.0006534045       -0.0022008950
  18  16        0.0046926574        0.0053251722
  18  15       -0.0024016279        0.0010864251
  18  14        0.0000208955       -0.0027556867
  18  13        0.0028467995        0.0050686667
  18  12        0.0073826463        0.0028809641
  18  11        0.0005190368       -0.0060250585
  18  10        0.0039655894       -0.0023626046
  18   9       -0.0029461581        0.0087542049
  18   8        0.0008026608        0.0068126026
  18   7        0.0048441402       -0.0047443380
  18   6       -0.0009635053        0.0000387488
  18   5       -0.0072128821       -0.0026528649
  18   4       -0.0000355803       -0.0078781929
  18   3       -0.0052419318        0.0070627573
  18   2        0.0025571446        0.0012637898
  18   1       -0.0006983777       -0.0021363709
  18   0        0.0157222169        0.0000000000
  18  -1        0.0006983777       -0.0021363709
  18  -2        0.0025571446       -0.0012637898
  18  -3        0.0052419318        0.0070627573
  18  -4       -0.0000355803        0.0078781929
  18  -5        0.0072128821       -0.0026528649
  18  -6       -0.0009635053       -0.0000387488
  18  -7       -0.0048441402       -0.0047443380
  18  -8        0.0008026608       -0.0068126026
  18  -9        0.0029461581        0.0087542049
  18 -10        0.0039655894        0.0023626046
  18 -11       -0.0005190368       -0.0060250585
  18 -12        0.0073826463       -0.0028809641
  18 -13       -0.0028467995        0.0050686667
  18 -14        0.0000208955        0.0027556867
  18 -15        0.0024016279        0.0010864251
  18 -16        0.0046926574       -0.0053251722
  18 -17        0.0006534045       -0.0022008950
  18 -18        0.0024665306       -0.0008335864
  19  19        0.0024135487       -0.0070427251
  19  18       -0.0046343268       -0.0035479174
  19  17        0.0049414012        0.0009990504
  19  16        0.0047569510       -0.0019796370
  19  15       -0.0057572597        0.0010982526
  19  14       -0.0002098831        0.0035178924
  19  13       -0.0005085030        0.0068961536
  19  12        0.0005543606       -0.0028058063
  19  11       -0.0006042575       -0.0008835356
  19  10       -0.0008625611        0.0106737793
  19   9        0.0041035547        0.0022042336
  19   8        0.0021084676       -0.0035378768
  19   7        0.0000088261        0.0046069814
  19   6       -0.0004336163       -0.0066655043
  19   5       -0.0004958518       -0.0140386944
  19   4        0.0010543838       -0.0061604432
  19   3        0.0099665230       -0.0063649513
  19   2        0.0016919996       -0.0103920304
  19   1        0.0121462419       -0.0041250751
  19   0        0.0043390792        0.0000000000
  19  -1       -0.0121462419       -0.0041250751
  19  -2        0.0016919996        0.0103920304
  19  -3       -0.0099665230       -0.0063649513
  19  -4        0.0010543838        0.0061604432
  19  -5        0.0004958518       -0.0140386944
  19  -6       -0.0004336163        0.0066655043
  19  -7       -0.0000088261        0.0046069814
  19  -8        0.0021084676        0.0035378768
  19  -9       -0.0041035547        0.0022042336
  19 -10       -0.0008625611       -0.0106737793
  19 -11        0.0006042575       -0.0008835356
  19 -12        0.0005543606        0.0028058063
  19 -13        0.0005085030        0.0068961536
  19 -14       -0.0002098831       -0.0035178924
  19 -15        0.0057572597        0.0010982526
  19 -16        0.0047569510        0.0019796370
  19 -17       -0.0049414012        0.0009990504
  19 -18       -0.0046343268        0.0035479174
  19 -19       -0.0024135487       -0.0070427251
  20  20        0.0031540924        0.0065508277
  20  19       -0.0089350900       -0.0020338047
  20  18        0.0032522180       -0.0018270924
  20  17        0.0019270854       -0.0014100811
  20  16       -0.0013282826       -0.0028702153
  20  15        0.0023781521        0.0013624491
  20  14        0.0058063751       -0.0011771397
  20  13       -0.0035747596       -0.0033139619
  20  12       -0.0064013519       -0.0032705288
  20  11        0.0055053623        0.0061128248
  20  10       -0.0005113239       -0.0050873946
  20   9        0.0027350209       -0.0068896855
  20   8        0.0010636211       -0.0013800253
  20   7        0.0000990840        0.0035280805
  20   6       -0.0016622894        0.0028929113
  20   5        0.0058913349        0.0001249677
  20   4        0.0030707561        0.0026229042
  20   3        0.0065635545       -0.0056202306
  20   2        0.0010902671        0.0023895286
  20   1        0.0039289167       -0.0037606746
  20   0       -0.0078754782        0.0000000000
  20  -1       -0.0039289167       -0.0037606746
  20  -2        0.0010902671       -0.0023895286
  20  -3       -0.0065635545       -0.0056202306
  20  -4        0.0030707561       -0.0026229042
  20  -5       -0.0058913349        0.0001249677
  20  -6       -0.0016622894       -0.0028929113
  20  -7       -0.0000990840        0.0035280805
  20  -8        0.0010636211        0.0013800253
  20  -9       -0.0027350209       -0.0068896855
  20 -10       -0.0005113239        0.0050873946
  20 -11       -0.0055053623        0.0061128248
  20 -12       -0.0064013519        0.0032705288
  20 -13        0.0035747596       -0.0033139619
  20 -14        0.0058063751        0.0011771397
  20 -15       -0.0023781521        0.0013624491
  20 -16       -0.0013282826        0.0028702153
  20 -17       -0.0019270854       -0.0014100811
  20 -18        0.0032522180        0.0018270924
  20 -19        0.0089350900       -0.0020338047
  20 -20        0.0031540924       -0.0065508277
  21  21       -0.0013534347       -0.0005515545
  21  20       -0.0021816904        0.0021786932
  21  19        0.0032334458        0.0006291953
  21  18       -0.0018897449        0.0023530820
  21  17       -0.0049866831        0.0003419110
  21  16        0.0031277513        0.0029303433
  21  15        0.0027679410       -0.0001975797
  21  14       -0.0041222157       -0.0029353636
  21  13        0.0005005630       -0.0046740056
  21  12        0.0019052293        0.0083408075
  21  11        0.0021767404       -0.0033286086
  21  10       -0.0024657117       -0.0094130971
  21   9       -0.0028265215        0.0005560012
  21   8       -0.0008237133       -0.0016493617
  21   7       -0.0025795222       -0.0058928623
  21   6       -0.0035136475        0.0091763772
  21   5       -0.0022949578        0.0073571727
  21   4       -0.0025719297        0.0001881179
  21   3       -0.0061995008        0.0052386779
  21   2       -0.0069170919        0.0024337859
  21   1       -0.0074890536        0.0082478230
  21   0       -0.0010508725        0.0000000000
  21  -1        0.0074890536        0.0082478230
  21  -2       -0.0069170919       -0.0024337859
  21  -3        0.0061995008        0.0052386779
  21  -4       -0.0025719297       -0.0001881179
  21  -5        0.0022949578        0.0073571727
  21  -6       -0.0035136475       -0.0091763772
  21  -7        0.0025795222       -0.0058928623
  21  -8       -0.0008237133        0.0016493617
  21  -9        0.0028265215        0.0005560012
  21 -10       -0.0024657117        0.0094130971
  21 -11       -0.0021767404       -0.0033286086
  21 -12        0.0019052293       -0.0083408075
  21 -13       -0.0005005630       -0.0046740056
  21 -14       -0.0041222157        0.0029353636
  21 -15       -0.0027679410       -0.0001975797
  21 -16        0.0031277513       -0.0029303433
  21 -17        0.0049866831        0.0003419110
  21 -18       -0.0018897449       -0.0023530820
  21 -19       -0.0032334458        0.0006291953
  21 -20       -0.0021816904       -0.0021786932
  21 -21        0.0013534347       -0.0005515545
  22  22        0.0035758907       -0.0065386942
  22  21        0.0000675574        0.0023027897
  22  20        0.0037583716       -0.0016425971
  22  19       -0.0022786123        0.0021401923
  22  18       -0.0012583826        0.0045837764
  22  17        0.0009150753        0.0011366696
  22  16       -0.0014717820       -0.0002232516
  22  15       -0.0032615623       -0.0005042187
  22  14       -0.0031329236       -0.0021532496
  22  13        0.0029695457        0.0040525162
  22  12        0.0015465011        0.0032871034
  22  11       -0.0058136903       -0.0042576013
  22  10       -0.0035744267        0.0051256502
  22   9       -0.0022105528        0.0010226810
  22   8        0.0000986284       -0.0043273354
  22   7       -0.0034497856       -0.0025844886
  22   6        0.0004233055        0.0004828895
  22   5       -0.0014420168        0.0016492030
  22   4       -0.0067533003       -0.0044904047
  22   3       -0.0049979114        0.0026649877
  22   2       -0.0070579729       -0.0044084318
  22   1       -0.0039595862        0.0105424090
  22   0       -0.0035532132        0.0000000000
  22  -1        0.0039595862        0.0105424090
  22  -2       -0.0070579729        0.0044084318
  22  -3        0.0049979114        0.0026649877
  22  -4       -0.0067533003        0.0044904047
  22  -5        0.0014420168        0.0016492030
  22  -6        0.0004233055       -0.0004828895
  22  -7        0.0034497856       -0.0025844886
  22  -8        0.0000986284        0.0043273354
  22  -9        0.0022105528        0.0010226810
  22 -10       -0.0035744267       -0.0051256502
  22 -11        0.0058136903       -0.0042576013
  22 -12        0.0015465011       -0.0032871034
  22 -13       -0.0029695457        0.0040525162
  22 -14       -0.0031329236        0.0021532496
  22 -15        0.0032615623       -0.0005042187
  22 -16       -0.0014717820        0.0002232516
  22 -17       -0.0009150753        0.0011366696
  22 -18       -0.0012583826       -0.0045837764
  22 -19        0.0022786123        0.0021401923
  22 -20        0.0037583716        0.0016425971
  22 -21       -0.0000675574        0.0023027897
  22 -22        0.0035758907        0.0065386942
  23  23       -0.0013548783        0.0011739066
  23  22       -0.0038497330       -0.0004112028
  23  21        0.0016509900       -0.0033698902
  23  20        0.0007839975       -0.0006574609
  23  19       -0.0000357794       -0.0012996047
  23  18        0.0013393393        0.0004764043
  23  17        0.0053883074       -0.0013539655
  23  16       -0.0024073204        0.0001336901
  23  15       -0.0016285091        0.0018330521
  23  14        0.0038708780        0.0014246287
  23  13       -0.0002756955        0.0012533878
  23  12       -0.0035580363       -0.0041580435
  23  11       -0.0029630960        0.0037848118
  23  10       -0.0016279330        0.0009495578
  23   9       -0.0022999717       -0.0024527911
  23   8       -0.0024424963       -0.0028536476
  23   7        0.0012790999        0.0012535560
  23   6        0.0012433443       -0.0070123632
  23   5        0.0016990869       -0.0032468124
  23   4        0.0051513412       -0.0001247048
  23   3        0.0034116681       -0.0021791277
  23   2        0.0117715723       -0.0004127553
  23   1        0.0042600709       -0.0060977410
  23   0        0.0028889904        0.0000000000
  23  -1       -0.0042600709       -0.0060977410
  23  -2        0.0117715723        0.0004127553
  23  -3       -0.0034116681       -0.0021791277
  23  -4        0.0051513412        0.0001247048
  23  -5       -0.0016990869       -0.0032468124
  23  -6        0.0012433443        0.0070123632
  23  -7       -0.0012790999        0.0012535560
  23  -8       -0.0024424963        0.0028536476
  23  -9        0.0022999717       -0.0024527911
  23 -10       -0.0016279330       -0.0009495578
  23 -11        0.0029630960        0.0037848118
  23 -12       -0.0035580363        0.0041580435
  23 -13        0.0002756955        0.0012533878
  23 -14        0.0038708780       -0.0014246287
  23 -15        0.0016285091        0.0018330521
  23 -16       -0.0024073204       -0.0001336901
  23 -17       -0.0053883074       -0.0013539655
  23 -18        0.0013393393       -0.0004764043
  23 -19        0.0000357794       -0.0012996047
  23 -20        0.0007839975        0.0006574609
  23 -21       -0.0016509900       -0.0033698902
  23 -22       -0.0038497330        0.0004112028
  23 -23        0.0013548783        0.0011739066
  24  24       -0.0023833878       -0.0013551017
  24  23       -0.0038656833        0.0016655529
  24  22       -0.0001555487       -0.0019296429
  24  21        0.0004014299        0.0016546747
  24  20       -0.0009950423        0.0007020913
  24  19        0.0000742090        0.0002694292
  24  18        0.0000006598       -0.0000711009
  24  17       -0.0019509970       -0.0024191688
  24  16       -0.0002134618       -0.0001295294
  24  15        0.0044449261        0.0014851188
  24  14        0.0017231475       -0.0007802797
  24  13       -0.0005977271       -0.0022988624
  24  12        0.0030906373        0.0023260200
  24  11        0.0042882846        0.0021681111
  24  10        0.0009273657       -0.0019549587
  24   9       -0.0022680789        0.0018071774
  24   8       -0.0011701166        0.0054659135
  24   7        0.0024562125       -0.0011824666
  24   6       -0.0006213996       -0.0039260040
  24   5       -0.0004583062       -0.0010366459
  24   4        0.0043995858        0.0080742212
  24   3        0.0045407633       -0.0012949424
  24   2        0.0068015126        0.0034805340
  24   1       -0.0004867982       -0.0041749723
  24   0        0.0046137705        0.0000000000
  24  -1        0.0004867982       -0.0041749723
  24  -2        0.0068015126       -0.0034805340
  24  -3       -0.0045407633       -0.0012949424
  24  -4        0.0043995858       -0.0080742212
  24  -5        0.0004583062       -0.0010366459
  24  -6       -0.0006213996        0.0039260040
  24  -7       -0.0024562125       -0.0011824666
  24  -8       -0.0011701166       -0.0054659135
  24  -9        0.0022680789        0.0018071774
  24 -10        0.0009273657        0.0019549587
  24 -11       -0.0042882846        0.0021681111
  24 -12        0.0030906373       -0.0023260200
  24 -13        0.0005977271       -0.0022988624
  24 -14        0.0017231475        0.0007802797
  24 -15       -0.0044449261        0.0014851188
  24 -16       -0.0002134618        0.0001295294
  24 -17        0.0019509970       -0.0024191688
  24 -18        0.0000006598        0.0000711009
  24 -19       -0.0000742090        0.0002694292
  24 -20       -0.0009950423       -0.0007020913
  24 -21       -0.0004014299        0.0016546747
  24 -22       -0.0001555487        0.0019296429
  24 -23        0.0038656833        0.0016655529
  24 -24       -0.0023833878        0.0013551017
  25  25        0.0002850773       -0.0000090349
  25  24       -0.0022164942        0.0024954629
  25  23        0.0023895070        0.0000994862
  25  22       -0.0003900452        0.0020921255
  25  21       -0.0019290788        0.0017354035
  25  20        0.0010699231       -0.0042342839
  25  19       -0.0022235828        0.0001102109
  25  18        0.0006905756        0.0014425089
  25  17       -0.0048548626       -0.0032595432
  25  16        0.0019235117        0.0012470472
  25  15        0.0007183136        0.0008748691
  25  14       -0.0049450176       -0.0011478530
  25  13       -0.0010707144        0.0044645405
  25  12        0.0016232402        0.0019930822
  25  11       -0.0006400823       -0.0033759375
  25  10       -0.0013880714       -0.0000196701
  25   9        0.0026587678        0.0027985299
  25   8        0.0034528592        0.0026905231
  25   7        0.0007648934       -0.0007403952
  25   6        0.0038702057        0.0005646720
  25   5        0.0001635531       -0.0005021615
  25   4       -0.0013643433       -0.0017728832
  25   3        0.0021686002       -0.0004347653
  25   2       -0.0059134051        0.0010313491
  25   1       -0.0004196271        0.0062114002
  25   0        0.0026678258        0.0000000000
  25  -1        0.0004196271        0.0062114002
  25  -2       -0.0059134051       -0.0010313491
  25  -3       -0.0021686002       -0.0004347653
  25  -4       -0.0013643433        0.0017728832
  25  -5       -0.0001635531       -0.0005021615
  25  -6        0.0038702057       -0.0005646720
  25  -7       -0.0007648934       -0.0007403952
  25  -8        0.0034528592       -0.0026905231
  25  -9       -0.0026587678        0.0027985299
  25 -10       -0.0013880714        0.0000196701
  25 -11        0.0006400823       -0.0033759375
  25 -12        0.0016232402       -0.0019930822
  25 -13        0.0010707144        0.0044645405
  25 -14       -0.0049450176        0.0011478530
  25 -15       -0.0007183136        0.0008748691
  25 -16        0.0019235117       -0.0012470472
  25 -17        0.0048548626       -0.0032595432
  25 -18        0.0006905756       -0.0014425089
  25 -19        0.0022235828        0.0001102109
  25 -20        0.0010699231        0.0042342839
  25 -21        0.0019290788        0.0017354035
  25 -22       -0.0003900452       -0.0020921255
  25 -23       -0.0023895070        0.0000994862
  25 -24       -0.0022164942       -0.0024954629
  25 -25       -0.0002850773       -0.0000090349
  26  26       -0.0011505720        0.0014580341
  26  25       -0.0030180618        0.0012348926
  26  24        0.0013821387       -0.0006225418
  26  23        0.0004450409       -0.0008371070
  26  22        0.0007354486        0.0011260164
  26  21        0.0000887942        0.0014968743
  26  20        0.0021841826       -0.0021441863
  26  19       -0.0030134901        0.0037075379
  26  18       -0.0013603638       -0.0002459994
  26  17       -0.0005660974       -0.0013331067
  26  16       -0.0018052399       -0.0008728773
  26  15        0.0009331149       -0.0029124457
  26  14       -0.0007452116        0.0026084807
  26  13       -0.0001700377        0.0019823373
  26  12       -0.0043251485       -0.0014608912
  26  11       -0.0035943222       -0.0022831494
  26  10       -0.0015703754        0.0016226359
  26   9        0.0026728247       -0.0010576167
  26   8       -0.0012587658       -0.0014382749
  26   7       -0.0031820176        0.0000155966
  26   6       -0.0007647533        0.0019067237
  26   5        0.0012510551       -0.0042996890
  26   4       -0.0007217896       -0.0054616787
  26   3       -0.0000962005       -0.0010504763
  26   2       -0.0033258974       -0.0020176787
  26   1        0.0044041344       -0.0033480169
  26   0       -0.0014218824        0.0000000000
  26  -1       -0.0044041344       -0.0033480169
  26  -2       -0.0033258974        0.0020176787
  26  -3        0.0000962005       -0.0010504763
  26  -4       -0.0007217896        0.0054616787
  26  -5       -0.0012510551       -0.0042996890
  26  -6       -0.0007647533       -0.0019067237
  26  -7        0.0031820176        0.0000155966
  26  -8       -0.0012587658        0.0014382749
  26  -9       -0.0026728247       -0.0010576167
  26 -10       -0.0015703754       -0.0016226359
  26 -11        0.0035943222       -0.0022831494
  26 -12       -0.0043251485        0.0014608912
  26 -13        0.0001700377        0.0019823373
  26 -14       -0.0007452116       -0.0026084807
  26 -15       -0.0009331149       -0.0029124457
  26 -16       -0.0018052399        0.0008728773
  26 -17        0.0005660974       -0.0013331067
  26 -18       -0.0013603638        0.0002459994
  26 -19        0.0030134901        0.0037075379
  26 -20        0.0021841826        0.0021441863
  26 -21       -0.0000887942        0.0014968743
  26 -22        0.0007354486       -0.0011260164
  26 -23       -0.0004450409       -0.0008371070
  26 -24        0.0013821387        0.0006225418
  26 -25        0.0030180618        0.0012348926
  26 -26       -0.0011505720       -0.0014580341
  27  27       -0.0009703341       -0.0035075085
  27  26        0.0004851310        0.0010972478
  27  25       -0.0009719732       -0.0026368690
  27  24        0.0029896931        0.0014047072
  27  23       -0.0018477710       -0.0000855139
  27  22        0.0014022261        0.0003528602
  27  21        0.0030865578        0.0020277202
  27  20       -0.0005348525        0.0002538572
  27  19       -0.0000797569        0.0028286629
  27  18       -0.0013507219       -0.0006964282
  27  17       -0.0012946566        0.0010583247
  27  16       -0.0014026200       -0.0002313633
  27  15        0.0031726139        0.0010727810
  27  14        0.0021180793       -0.0010769128
  27  13       -0.0001753650       -0.0022328622
  27  12       -0.0008773716       -0.0017479405
  27  11        0.0010805288       -0.0004893923
  27  10        0.0020066388       -0.0027544846
  27   9        0.0003155628       -0.0005439166
  27   8       -0.0013372956       -0.0000889635
  27   7       -0.0016009481       -0.0004527472
  27   6       -0.0055562659        0.0027465691
  27   5       -0.0008244028        0.0011414515
  27   4       -0.0007554972        0.0021938774
  27   3       -0.0012682683        0.0031873588
  27   2        0.0004207105       -0.0001768787
  27   1       -0.0010684714       -0.0016348482
  27   0       -0.0038387947        0.0000000000
  27  -1        0.0010684714       -0.0016348482
  27  -2        0.0004207105        0.0001768787
  27  -3        0.0012682683        0.0031873588
  27  -4       -0.0007554972       -0.0021938774
  27  -5        0.0008244028        0.0011414515
  27  -6       -0.0055562659       -0.0027465691
  27  -7        0.0016009481       -0.0004527472
  27  -8       -0.0013372956        0.0000889635
  27  -9       -0.0003155628       -0.0005439166
  27 -10        0.0020066388        0.0027544846
  27 -11       -0.0010805288       -0.0004893923
  27 -12       -0.0008773716        0.0017479405
  27 -13        0.0001753650       -0.0022328622
  27 -14        0.0021180793        0.0010769128
  27 -15       -0.0031726139        0.0010727810
  27 -16       -0.0014026200        0.0002313633
  27 -17        0.0012946566        0.0010583247
  27 -18       -0.0013507219        0.0006964282
  27 -19        0.0000797569        0.0028286629
  27 -20       -0.0005348525       -0.0002538572
  27 -21       -0.0030865578        0.0020277202
  27 -22        0.0014022261       -0.0003528602
  27 -23        0.0018477710       -0.0000855139
  27 -24        0.0029896931       -0.0014047072
  27 -25        0.0009719732       -0.0026368690
  27 -26        0.0004851310       -0.0010972478
  27 -27        0.0009703341       -0.0035075085
  28  28        0.0000849782       -0.0023124421
  28  27        0.0002951086        0.0022914023
  28  26        0.0005846900       -0.0018896351
  28  25        0.0000598188        0.0018966715
  28  24       -0.0019930718       -0.0009372170
  28  23        0.0003003409       -0.0014956867
  28  22        0.0001262434        0.0007581218
  28  21        0.0001096040       -0.0013495626
  28  20       -0.0002142623       -0.0009322991
  28  19        0.0018829780       -0.0032065774
  28  18        0.0008780903        0.0003175644
  28  17       -0.0024279768        0.0008897350
  28  16        0.0016571342        0.0013411291
  28  15        0.0024441020        0.0004286088
  28  14        0.0010386736       -0.0018905705
  28  13       -0.0002759441        0.0013062681
  28  12       -0.0001749446        0.0019862567
  28  11        0.0000388024        0.0001345080
  28  10       -0.0005941358       -0.0030648550
  28   9       -0.0029179027        0.0010884423
  28   8        0.0023971954       -0.0008398305
  28   7       -0.0012109867        0.0004370921
  28   6       -0.0013588278        0.0010157567
  28   5       -0.0028145926       -0.0002183515
  28   4       -0.0013669949       -0.0009619873
  28   3       -0.0001202950       -0.0013181322
  28   2        0.0001383472       -0.0024661468
  28   1       -0.0014027599        0.0044881398
  28   0       -0.0003303152        0.0000000000
  28  -1        0.0014027599        0.0044881398
  28  -2        0.0001383472        0.0024661468
  28  -3        0.0001202950       -0.0013181322
  28  -4       -0.0013669949        0.0009619873
  28  -5        0.0028145926       -0.0002183515
  28  -6       -0.0013588278       -0.0010157567
  28  -7        0.0012109867        0.0004370921
  28  -8        0.0023971954        0.0008398305
  28  -9        0.0029179027        0.0010884423
  28 -10       -0.0005941358        0.0030648550
  28 -11       -0.0000388024        0.0001345080
  28 -12       -0.0001749446       -0.0019862567
  28 -13        0.0002759441        0.0013062681
  28 -14        0.0010386736        0.0018905705
  28 -15       -0.0024441020        0.0004286088
  28 -16        0.0016571342       -0.0013411291
  28 -17        0.0024279768        0.0008897350
  28 -18        0.0008780903       -0.0003175644
  28 -19       -0.0018829780       -0.0032065774
  28 -20       -0.0002142623        0.0009322991
  28 -21       -0.0001096040       -0.0013495626
  28 -22        0.0001262434       -0.0007581218
  28 -23       -0.0003003409       -0.0014956867
  28 -24       -0.0019930718        0.0009372170
  28 -25       -0.0000598188        0.0018966715
  28 -26        0.0005846900        0.0018896351
  28 -27       -0.0002951086        0.0022914023
  28 -28        0.0000849782        0.0023124421
  29  29       -0.0022301812       -0.0003132059
  29  28       -0.0010217771        0.0010971052
  29  27       -0.0018264661       -0.0021450566
  29  26        0.0012237441       -0.0012159132
  29  25        0.0015970523       -0.0001189642
  29  24        0.0001875898       -0.0002872936
  29  23       -0.0011691173       -0.0013040756
  29  22       -0.0007207493       -0.0000645169
  29  21       -0.0013444793        0.0003222723
  29  20       -0.0002165209       -0.0019887031
  29  19       -0.0001545840        0.0002809917
  29  18        0.0003325688       -0.0011973812
  29  17        0.0006125468       -0.0012992313
  29  16       -0.0002542540        0.0000256808
  29  15       -0.0019661722       -0.0042013017
  29  14        0.0008873667       -0.0005867094
  29  13        0.0002890639        0.0009979189
  29  12       -0.0002327130        0.0000671681
  29  11       -0.0002180007        0.0002049698
  29  10       -0.0016092398        0.0010303707
  29   9       -0.0008581534        0.0005830562
  29   8       -0.0003299731       -0.0012129032
  29   7        0.0011556836        0.0004399974
  29   6        0.0003196937       -0.0029829877
  29   5        0.0023845714        0.0003507750
  29   4        0.0011891190       -0.0018773350
  29   3        0.0032437260       -0.0024453797
  29   2        0.0003084393       -0.0005116602
  29   1        0.0026721756        0.0036439022
  29   0        0.0000640693        0.0000000000
  29  -1       -0.0026721756        0.0036439022
  29  -2        0.0003084393        0.0005116602
  29  -3       -0.0032437260       -0.0024453797
  29  -4        0.0011891190        0.0018773350
  29  -5       -0.0023845714        0.0003507750
  29  -6        0.0003196937        0.0029829877
  29  -7       -0.0011556836        0.0004399974
  29  -8       -0.0003299731        0.0012129032
  29  -9        0.0008581534        0.0005830562
  29 -10       -0.0016092398       -0.0010303707
  29 -11        0.0002180007        0.0002049698
  29 -12       -0.0002327130       -0.0000671681
  29 -13       -0.0002890639        0.0009979189
  29 -14        0.0008873667        0.0005867094
  29 -15        0.0019661722       -0.0042013017
  29 -16       -0.0002542540       -0.0000256808
  29 -17       -0.0006125468       -0.0012992313
  29 -18        0.0003325688        0.0011973812
  29 -19        0.0001545840        0.0002809917
  29 -20       -0.0002165209        0.0019887031
  29 -21        0.0013444793        0.0003222723
  29 -22       -0.0007207493        0.0000645169
  29 -23        0.0011691173       -0.0013040756
  29 -24        0.0001875898        0.0002872936
  29 -25       -0.0015970523       -0.0001189642
  29 -26        0.0012237441        0.0012159132
  29 -27        0.0018264661       -0.0021450566
  29 -28       -0.0010217771       -0.0010971052
  29 -29        0.0022301812       -0.0003132059
  30  30        0.0012596215       -0.0011434685
  30  29       -0.0007904993        0.0002885451
  30  28        0.0000215260       -0.0004565710
  30  27        0.0009693277       -0.0005399673
  30  26       -0.0005222142        0.0021635016
  30  25        0.0002922786       -0.0003380412
  30  24        0.0012417199       -0.0003037608
  30  23       -0.0002732409       -0.0014816019
  30  22        0.0001160197        0.0034161687
  30  21       -0.0021641776       -0.0000212204
  30  20       -0.0018688842       -0.0004081414
  30  19       -0.0021610985        0.0000900172
  30  18        0.0030222552       -0.0013363568
  30  17        0.0008068856        0.0022499140
  30  16       -0.0022668769        0.0001965865
  30  15       -0.0023490181        0.0032503700
  30  14       -0.0020782626        0.0004940117
  30  13        0.0001136545       -0.0004432503
  30  12        0.0005799926       -0.0003315206
  30  11        0.0024715450        0.0015677964
  30  10        0.0000995880        0.0001185395
  30   9        0.0015738661        0.0017610082
  30   8        0.0001104011       -0.0000340221
  30   7        0.0007854048        0.0013358480
  30   6        0.0027813482        0.0005241566
  30   5        0.0005137507        0.0023794275
  30   4        0.0027341276        0.0024036207
  30   3        0.0019078973        0.0013545588
  30   2        0.0037932958        0.0027692587
  30   1       -0.0001467184       -0.0012866903
  30   0        0.0028687268        0.0000000000
  30  -1        0.0001467184       -0.0012866903
  30  -2        0.0037932958       -0.0027692587
  30  -3       -0.0019078973        0.0013545588
  30  -4        0.0027341276       -0.0024036207
  30  -5       -0.0005137507        0.0023794275
  30  -6        0.0027813482       -0.0005241566
  30  -7       -0.0007854048        0.0013358480
  30  -8        0.0001104011        0.0000340221
  30  -9       -0.0015738661        0.0017610082
  30 -10        0.0000995880       -0.0001185395
  30 -11       -0.0024715450        0.0015677964
  30 -12        0.0005799926        0.0003315206
  30 -13       -0.0001136545       -0.0004432503
  30 -14       -0.0020782626       -0.0004940117
  30 -15        0.0023490181        0.0032503700
  30 -16       -0.0022668769       -0.0001965865
  30 -17       -0.0008068856        0.0022499140
  30 -18        0.0030222552        0.0013363568
  30 -19        0.0021610985        0.0000900172
  30 -20       -0.0018688842        0.0004081414
  30 -21        0.0021641776       -0.0000212204
  30 -22        0.0001160197       -0.0034161687
  30 -23        0.0002732409       -0.0014816019
  30 -24        0.0012417199        0.0003037608
  30 -25       -0.0002922786       -0.0003380412
  30 -26       -0.0005222142       -0.0021635016
  30 -27       -0.0009693277       -0.0005399673
  30 -28        0.0000215260        0.0004565710
  30 -29        0.0007904993        0.0002885451
  30 -30        0.0012596215        0.0011434685
