   0   0       30.3622155670        0.0000000000
   1   1       -0.4608232877       -0.9492367084
   1   0        0.6423469903        0.0000000000
   1  -1        0.4608232877       -0.9492367084
   2   2        0.8598863924       -5.1324930251
   2   1       -2.2699528482       -2.1878815740
   2   0        1.0087901081        0.0000000000
   2  -1        2.2699528482       -2.1878815740
   2  -2        0.8598863924        5.1324930251
   3   3        1.0455637948        0.0539502120
   3   2       -1.0899600845        0.2721412428
   3   1        0.7858600713       -0.3317345847
   3   0       -0.0544627723        0.0000000000
   3  -1       -0.7858600713       -0.3317345847
   3  -2       -1.0899600845       -0.2721412428
   3  -3       -1.0455637948        0.0539502120
   4   4       -1.2990263721       -0.1115715860
   4   3       -0.9823547946        0.4494256880
   4   2       -0.0219908687        0.4882942972
   4   1       -0.8595832664       -0.8777996242
   4   0       -0.5856293660        0.0000000000
   4  -1        0.8595832664       -0.8777996242
   4  -2       -0.0219908687       -0.4882942972
   4  -3        0.9823547946        0.4494256880
   4  -4       -1.2990263721        0.1115715860
   5   5        0.1688679301       -0.6544872520
   5   4       -0.3641689254        0.1474514283
   5   3        0.6980701812       -0.1597921144
   5   2       -0.2516215272        0.0178079250
   5   1       -0.0844234806        0.2118814940
   5   0       -0.2559292273        0.0000000000
   5  -1        0.0844234806        0.2118814940
   5  -2       -0.2516215272       -0.0178079250
   5  -3       -0.6980701812       -0.1597921144
   5  -4       -0.3641689254       -0.1474514283
   5  -5       -0.1688679301       -0.6544872520
   6   6        0.0989600683        0.3848917321
   6   5        0.1527896836        0.4274238188
   6   4        0.1358073682        0.2953150056
   6   3       -0.2005596021        0.1001480549
   6   2        0.1390317503        0.7184737991
   6   1       -0.0235068784        0.0993234379
   6   0       -0.9479757326        0.0000000000
   6  -1        0.0235068784        0.0993234379
   6  -2        0.1390317503       -0.7184737991
   6  -3        0.2005596021        0.1001480549
   6  -4        0.1358073682       -0.2953150056
   6  -5       -0.1527896836        0.4274238188
   6  -6        0.0989600683       -0.3848917321
   7   7       -0.3540400374       -0.0056168913
   7   6       -0.0395402403        0.3269910206
   7   5       -0.0125596073       -0.2478832372
   7   4       -0.0908410345       -0.0750381978
   7   3        0.0741821543        0.2544239826
   7   2       -0.1279894446       -0.1406973425
   7   1       -0.1117892105        0.1679989601
   7   0       -0.0336237555        0.0000000000
   7  -1        0.1117892105        0.1679989601
   7  -2       -0.1279894446        0.1406973425
   7  -3       -0.0741821543        0.2544239826
   7  -4       -0.0908410345        0.0750381978
   7  -5        0.0125596073       -0.2478832372
   7  -6       -0.0395402403       -0.3269910206
   7  -7        0.3540400374       -0.0056168913
   8   8        0.1003447668       -0.2943502474
   8   7        0.1378035330       -0.1116724545
   8   6        0.1937407864       -0.2071180884
   8   5        0.0367607492        0.1557733073
   8   4        0.1966911550        0.0130943928
   8   3        0.1459869574       -0.0507380982
   8   2       -0.0402541700        0.2981767410
   8   1        0.3789619538        0.1587858544
   8   0       -0.2654326690        0.0000000000
   8  -1       -0.3789619538        0.1587858544
   8  -2       -0.0402541700       -0.2981767410
   8  -3       -0.1459869574       -0.0507380982
   8  -4        0.1966911550       -0.0130943928
   8  -5       -0.0367607492        0.1557733073
   8  -6        0.1937407864        0.2071180884
   8  -7       -0.1378035330       -0.1116724545
   8  -8        0.1003447668        0.2943502474
   9   9        0.0647885390        0.1398287103
   9   8        0.1870460623        0.1661473177
   9   7       -0.0174921814        0.0537080670
   9   6        0.0091244952        0.0618205928
   9   5        0.0908696817        0.0400722768
   9   4       -0.0659903273        0.0156347599
   9   3        0.0265827076        0.1755445808
   9   2        0.0757662260        0.0708123569
   9   1       -0.0068128498       -0.0081587363
   9   0        0.0404996747        0.0000000000
   9  -1        0.0068128498       -0.0081587363
   9  -2        0.0757662260       -0.0708123569
   9  -3       -0.0265827076        0.1755445808
   9  -4       -0.0659903273       -0.0156347599
   9  -5       -0.0908696817        0.0400722768
   9  -6        0.0091244952       -0.0618205928
   9  -7        0.0174921814        0.0537080670
   9  -8        0.1870460623       -0.1661473177
   9  -9       -0.0647885390        0.1398287103
  10  10       -0.0591477691       -0.0922405134
  10   9       -0.0678583266        0.0482562618
  10   8       -0.1610680870       -0.2083313147
  10   7       -0.0020060786        0.0356864790
  10   6        0.0678353880       -0.1896541315
  10   5        0.1202437018       -0.0567657371
  10   4        0.0998528156        0.1159743954
  10   3        0.0652058132       -0.2803843629
  10   2       -0.0310923485       -0.1340635221
  10   1        0.1387573472        0.1767178774
  10   0        0.1701231997        0.0000000000
  10  -1       -0.1387573472        0.1767178774
  10  -2       -0.0310923485        0.1340635221
  10  -3       -0.0652058132       -0.2803843629
  10  -4        0.0998528156       -0.1159743954
  10  -5       -0.1202437018       -0.0567657371
  10  -6        0.0678353880        0.1896541315
  10  -7        0.0020060786        0.0356864790
  10  -8       -0.1610680870        0.2083313147
  10  -9        0.0678583266        0.0482562618
  10 -10       -0.0591477691        0.0922405134
  11  11        0.1421453780       -0.0082992106
  11  10        0.0173158821       -0.1584288304
  11   9        0.0019290877       -0.0272988527
  11   8       -0.0445309236        0.0498957435
  11   7        0.0116284381       -0.0228769137
  11   6       -0.0218356855        0.1748839848
  11   5       -0.0079274987        0.0592291177
  11   4        0.1778265852       -0.1619279886
  11   3        0.0439210532        0.0813850174
  11   2        0.0288761321        0.0169476739
  11   1       -0.0435608379       -0.0128164637
  11   0       -0.0418444684        0.0000000000
  11  -1        0.0435608379       -0.0128164637
  11  -2        0.0288761321       -0.0169476739
  11  -3       -0.0439210532        0.0813850174
  11  -4        0.1778265852        0.1619279886
  11  -5        0.0079274987        0.0592291177
  11  -6       -0.0218356855       -0.1748839848
  11  -7       -0.0116284381       -0.0228769137
  11  -8       -0.0445309236       -0.0498957435
  11  -9       -0.0019290877       -0.0272988527
  11 -10        0.0173158821        0.1584288304
  11 -11       -0.1421453780       -0.0082992106
  12  12       -0.0719120446        0.1028887510
  12  11        0.0425258706        0.0141195004
  12  10       -0.1165185947        0.0836978979
  12   9        0.0067489534        0.0557139960
  12   8       -0.0583922155       -0.0457993000
  12   7       -0.1110816615       -0.0076773422
  12   6       -0.0582228063       -0.0797146291
  12   5       -0.1094787765       -0.1133630706
  12   4       -0.0664643620       -0.0274947987
  12   3        0.0076900556       -0.0765988102
  12   2       -0.0018337278       -0.1555949354
  12   1        0.0510629713       -0.0390631660
  12   0        0.1364596957        0.0000000000
  12  -1       -0.0510629713       -0.0390631660
  12  -2       -0.0018337278        0.1555949354
  12  -3       -0.0076900556       -0.0765988102
  12  -4       -0.0664643620        0.0274947987
  12  -5        0.1094787765       -0.1133630706
  12  -6       -0.0582228063        0.0797146291
  12  -7        0.1110816615       -0.0076773422
  12  -8       -0.0583922155        0.0457993000
  12  -9       -0.0067489534        0.0557139960
  12 -10       -0.1165185947       -0.0836978979
  12 -11       -0.0425258706        0.0141195004
  12 -12       -0.0719120446       -0.1028887510
  13  13       -0.0362561828       -0.0411648145
  13  12       -0.1052702406       -0.0147969117
  13  11       -0.1084029200        0.0010853814
  13  10        0.0489114816       -0.0076857667
  13   9       -0.0350744061       -0.0839292167
  13   8        0.0594591379        0.0205545067
  13   7        0.0573243319       -0.0518211235
  13   6       -0.0091209978       -0.0237372892
  13   5       -0.1099995456        0.0624290017
  13   4        0.0103219567       -0.0687039443
  13   3        0.0138859599       -0.0366529207
  13   2        0.0133747993        0.0787562603
  13   1        0.0337634189        0.0690068531
  13   0       -0.0359660453        0.0000000000
  13  -1       -0.0337634189        0.0690068531
  13  -2        0.0133747993       -0.0787562603
  13  -3       -0.0138859599       -0.0366529207
  13  -4        0.0103219567        0.0687039443
  13  -5        0.1099995456        0.0624290017
  13  -6       -0.0091209978        0.0237372892
  13  -7       -0.0573243319       -0.0518211235
  13  -8        0.0594591379       -0.0205545067
  13  -9        0.0350744061       -0.0839292167
  13 -10        0.0489114816        0.0076857667
  13 -11        0.1084029200        0.0010853814
  13 -12       -0.1052702406        0.0147969117
  13 -13        0.0362561828       -0.0411648145
  14  14        0.0384050092       -0.0411918712
  14  13        0.0110862166       -0.1027206161
  14  12        0.1038785485        0.0106663002
  14  11        0.0235004163       -0.0187656201
  14  10        0.0045824872       -0.0074191672
  14   9       -0.0233946521        0.0730876488
  14   8       -0.0118331873        0.0043067467
  14   7       -0.0285925661        0.0431983646
  14   6        0.0049904381        0.0073885018
  14   5        0.0206186589       -0.0449308637
  14   4       -0.0869893530        0.0594493495
  14   3       -0.0138297787        0.0291402990
  14   2       -0.0113636940       -0.0210639213
  14   1        0.0016719647       -0.0061817691
  14   0        0.0018664381        0.0000000000
  14  -1       -0.0016719647       -0.0061817691
  14  -2       -0.0113636940        0.0210639213
  14  -3        0.0138297787        0.0291402990
  14  -4       -0.0869893530       -0.0594493495
  14  -5       -0.0206186589       -0.0449308637
  14  -6        0.0049904381       -0.0073885018
  14  -7        0.0285925661        0.0431983646
  14  -8       -0.0118331873       -0.0043067467
  14  -9        0.0233946521        0.0730876488
  14 -10        0.0045824872        0.0074191672
  14 -11       -0.0235004163       -0.0187656201
  14 -12        0.1038785485       -0.0106663002
  14 -13       -0.0110862166       -0.1027206161
  14 -14        0.0384050092        0.0411918712
  15  15       -0.0356365545       -0.0117557582
  15  14        0.0859383188        0.0094728254
  15  13        0.0399205941        0.0857583106
  15  12        0.0724231797        0.0092223081
  15  11       -0.0155639126       -0.0147100440
  15  10        0.0056035727        0.0403914932
  15   9       -0.0505776978        0.0236392151
  15   8       -0.0259897512       -0.0157820050
  15   7        0.0918443126       -0.0318322228
  15   6       -0.0121720877       -0.0522189354
  15   5       -0.0656598164       -0.0001724480
  15   4        0.0188063008       -0.0138424208
  15   3        0.0252683707       -0.1374841127
  15   2        0.0734619824        0.0630317502
  15   1        0.0143395614        0.0749127538
  15   0        0.0086266169        0.0000000000
  15  -1       -0.0143395614        0.0749127538
  15  -2        0.0734619824       -0.0630317502
  15  -3       -0.0252683707       -0.1374841127
  15  -4        0.0188063008        0.0138424208
  15  -5        0.0656598164       -0.0001724480
  15  -6       -0.0121720877        0.0522189354
  15  -7       -0.0918443126       -0.0318322228
  15  -8       -0.0259897512        0.0157820050
  15  -9        0.0505776978        0.0236392151
  15 -10        0.0056035727       -0.0403914932
  15 -11        0.0155639126       -0.0147100440
  15 -12        0.0724231797       -0.0092223081
  15 -13       -0.0399205941        0.0857583106
  15 -14        0.0859383188       -0.0094728254
  15 -15        0.0356365545       -0.0117557582
  16  16        0.0386701345       -0.0408615438
  16  15       -0.0868548557       -0.0137145510
  16  14       -0.0380046551        0.0537263979
  16  13       -0.0580040989       -0.0946326842
  16  12       -0.0005095036        0.0452197874
  16  11        0.0583427321        0.0078335455
  16  10        0.0186393302       -0.0415428508
  16   9       -0.0119006384        0.0734388074
  16   8        0.0541134069        0.0638290663
  16   7       -0.0012381106       -0.0340925953
  16   6        0.0555112955        0.0469173503
  16   5        0.1032535752        0.0514441184
  16   4        0.0448807430       -0.0038065942
  16   3       -0.0167636070        0.0228767217
  16   2       -0.0004117917        0.0386664835
  16   1       -0.0345052723       -0.0403402650
  16   0       -0.0830014400        0.0000000000
  16  -1        0.0345052723       -0.0403402650
  16  -2       -0.0004117917       -0.0386664835
  16  -3        0.0167636070        0.0228767217
  16  -4        0.0448807430        0.0038065942
  16  -5       -0.1032535752        0.0514441184
  16  -6        0.0555112955       -0.0469173503
  16  -7        0.0012381106       -0.0340925953
  16  -8        0.0541134069       -0.0638290663
  16  -9        0.0119006384        0.0734388074
  16 -10        0.0186393302        0.0415428508
  16 -11       -0.0583427321        0.0078335455
  16 -12       -0.0005095036       -0.0452197874
  16 -13        0.0580040989       -0.0946326842
  16 -14       -0.0380046551       -0.0537263979
  16 -15        0.0868548557       -0.0137145510
  16 -16        0.0386701345        0.0408615438
  17  17        0.0554790645        0.0060227156
  17  16        0.0496833698       -0.0239948896
  17  15        0.0555403382       -0.0304146274
  17  14        0.0134336320       -0.0890130507
  17  13       -0.0240298655        0.0464447691
  17  12        0.0427038355        0.0016971827
  17  11       -0.0245810518       -0.0044449369
  17  10       -0.0428466571        0.0423956693
  17   9        0.0704998834       -0.0406726647
  17   8        0.0016998124        0.0109516140
  17   7       -0.0058634661        0.0464010131
  17   6        0.0250630585        0.0353434124
  17   5       -0.0674666300       -0.0147091909
  17   4       -0.0313380412        0.0497811362
  17   3       -0.0173220047       -0.0596685502
  17   2       -0.0033520339       -0.0090192637
  17   1        0.0721071149       -0.0170729312
  17   0        0.0298482728        0.0000000000
  17  -1       -0.0721071149       -0.0170729312
  17  -2       -0.0033520339        0.0090192637
  17  -3        0.0173220047       -0.0596685502
  17  -4       -0.0313380412       -0.0497811362
  17  -5        0.0674666300       -0.0147091909
  17  -6        0.0250630585       -0.0353434124
  17  -7        0.0058634661        0.0464010131
  17  -8        0.0016998124       -0.0109516140
  17  -9       -0.0704998834       -0.0406726647
  17 -10       -0.0428466571       -0.0423956693
  17 -11        0.0245810518       -0.0044449369
  17 -12        0.0427038355       -0.0016971827
  17 -13        0.0240298655        0.0464447691
  17 -14        0.0134336320        0.0890130507
  17 -15       -0.0555403382       -0.0304146274
  17 -16        0.0496833698        0.0239948896
  17 -17       -0.0554790645        0.0060227156
  18  18        0.0037970834        0.0295031969
  18  17        0.0427865516        0.0340867433
  18  16        0.0506616100        0.0105620925
  18  15       -0.0070816234       -0.0368745247
  18  14       -0.0179931038       -0.0048427855
  18  13        0.0449391080        0.0011105821
  18  12       -0.0092226285        0.0262283982
  18  11        0.0062267863        0.0079280059
  18  10        0.0317541108       -0.0431413295
  18   9        0.0242045388       -0.0235117726
  18   8        0.0931797279        0.0429703048
  18   7       -0.0069366220       -0.0632388160
  18   6        0.0407042778       -0.0539886791
  18   5        0.0058450896        0.0288401006
  18   4        0.0491903971        0.0125129707
  18   3       -0.0033322323        0.0319679587
  18   2       -0.0157565902        0.0363266846
  18   1       -0.0384793685       -0.0386474515
  18   0       -0.0410770499        0.0000000000
  18  -1        0.0384793685       -0.0386474515
  18  -2       -0.0157565902       -0.0363266846
  18  -3        0.0033322323        0.0319679587
  18  -4        0.0491903971       -0.0125129707
  18  -5       -0.0058450896        0.0288401006
  18  -6        0.0407042778        0.0539886791
  18  -7        0.0069366220       -0.0632388160
  18  -8        0.0931797279       -0.0429703048
  18  -9       -0.0242045388       -0.0235117726
  18 -10        0.0317541108        0.0431413295
  18 -11       -0.0062267863        0.0079280059
  18 -12       -0.0092226285       -0.0262283982
  18 -13       -0.0449391080        0.0011105821
  18 -14       -0.0179931038        0.0048427855
  18 -15        0.0070816234       -0.0368745247
  18 -16        0.0506616100       -0.0105620925
  18 -17       -0.0427865516        0.0340867433
  18 -18        0.0037970834       -0.0295031969
  19  19       -0.0089268489       -0.0288247214
  19  18       -0.0021013618        0.0566974975
  19  17        0.0321639383       -0.0395436731
  19  16       -0.0536669882       -0.0033964361
  19  15        0.0078470600        0.0208593134
  19  14       -0.0430506008       -0.0416268377
  19  13       -0.0197521443       -0.0148191570
  19  12        0.0681247674       -0.0014800537
  19  11       -0.0061535446        0.0105319247
  19  10        0.0094738293       -0.0018989873
  19   9        0.0464936330       -0.0501741773
  19   8        0.0501326567        0.0084785461
  19   7       -0.0311326684        0.0783822149
  19   6        0.0383123191        0.0340492146
  19   5        0.0272853769       -0.0013999661
  19   4       -0.0434857470        0.0001389903
  19   3       -0.0003199465        0.0325489964
  19   2       -0.0455028906       -0.0482369776
  19   1       -0.0112414335       -0.0143334539
  19   0        0.0167217797        0.0000000000
  19  -1        0.0112414335       -0.0143334539
  19  -2       -0.0455028906        0.0482369776
  19  -3        0.0003199465        0.0325489964
  19  -4       -0.0434857470       -0.0001389903
  19  -5       -0.0272853769       -0.0013999661
  19  -6        0.0383123191       -0.0340492146
  19  -7        0.0311326684        0.0783822149
  19  -8        0.0501326567       -0.0084785461
  19  -9       -0.0464936330       -0.0501741773
  19 -10        0.0094738293        0.0018989873
  19 -11        0.0061535446        0.0105319247
  19 -12        0.0681247674        0.0014800537
  19 -13        0.0197521443       -0.0148191570
  19 -14       -0.0430506008        0.0416268377
  19 -15       -0.0078470600        0.0208593134
  19 -16       -0.0536669882        0.0033964361
  19 -17       -0.0321639383       -0.0395436731
  19 -18       -0.0021013618       -0.0566974975
  19 -19        0.0089268489       -0.0288247214
  20  20        0.0322554944        0.0341507668
  20  19        0.0024781173       -0.0186837116
  20  18        0.0168900916       -0.0527909894
  20  17       -0.0131017301        0.0414979206
  20  16        0.0175349266        0.0028047429
  20  15       -0.0005560703        0.0062551379
  20  14       -0.0492905415        0.0767388602
  20  13        0.0094092271       -0.0530646698
  20  12       -0.0073209476       -0.0425120822
  20  11       -0.0626112148       -0.0105688372
  20  10       -0.0216726023       -0.0177742364
  20   9       -0.0224162172       -0.0076326883
  20   8       -0.0636869915        0.0385922829
  20   7        0.0344819466        0.0000268883
  20   6        0.0123846496       -0.0048987953
  20   5       -0.0546860400       -0.0085328651
  20   4        0.0454871393        0.0053843479
  20   3       -0.0114276594        0.0268569327
  20   2       -0.0057544732       -0.0066277622
  20   1        0.0217757532        0.0244821704
  20   0       -0.0792676176        0.0000000000
  20  -1       -0.0217757532        0.0244821704
  20  -2       -0.0057544732        0.0066277622
  20  -3        0.0114276594        0.0268569327
  20  -4        0.0454871393       -0.0053843479
  20  -5        0.0546860400       -0.0085328651
  20  -6        0.0123846496        0.0048987953
  20  -7       -0.0344819466        0.0000268883
  20  -8       -0.0636869915       -0.0385922829
  20  -9        0.0224162172       -0.0076326883
  20 -10       -0.0216726023        0.0177742364
  20 -11        0.0626112148       -0.0105688372
  20 -12       -0.0073209476        0.0425120822
  20 -13       -0.0094092271       -0.0530646698
  20 -14       -0.0492905415       -0.0767388602
  20 -15        0.0005560703        0.0062551379
  20 -16        0.0175349266       -0.0028047429
  20 -17        0.0131017301        0.0414979206
  20 -18        0.0168900916        0.0527909894
  20 -19       -0.0024781173       -0.0186837116
  20 -20        0.0322554944       -0.0341507668
  21  21        0.0178323848        0.0251096512
  21  20        0.0059165595        0.0383359941
  21  19       -0.0155841685        0.0208918684
  21  18       -0.0095883258        0.0138516990
  21  17        0.0045368886        0.0368160798
  21  16       -0.0165798975        0.0467485397
  21  15        0.0478239841        0.0042137286
  21  14        0.0334103845        0.0268612509
  21  13       -0.0532200607        0.0108502794
  21  12        0.0558809578       -0.0076211525
  21  11        0.0285955828        0.0154543293
  21  10       -0.0345287011        0.0053047806
  21   9        0.0281720507       -0.0217982264
  21   8        0.0131998044       -0.0311600792
  21   7       -0.0281125403       -0.0263810302
  21   6       -0.0324416781        0.0169260630
  21   5        0.0476517353        0.0100641936
  21   4       -0.0284978678        0.0138378126
  21   3       -0.0183680015        0.0411127718
  21   2       -0.0359062222       -0.0349072280
  21   1       -0.0366655823       -0.0383927141
  21   0        0.0594008937        0.0000000000
  21  -1        0.0366655823       -0.0383927141
  21  -2       -0.0359062222        0.0349072280
  21  -3        0.0183680015        0.0411127718
  21  -4       -0.0284978678       -0.0138378126
  21  -5       -0.0476517353        0.0100641936
  21  -6       -0.0324416781       -0.0169260630
  21  -7        0.0281125403       -0.0263810302
  21  -8        0.0131998044        0.0311600792
  21  -9       -0.0281720507       -0.0217982264
  21 -10       -0.0345287011       -0.0053047806
  21 -11       -0.0285955828        0.0154543293
  21 -12        0.0558809578        0.0076211525
  21 -13        0.0532200607        0.0108502794
  21 -14        0.0334103845       -0.0268612509
  21 -15       -0.0478239841        0.0042137286
  21 -16       -0.0165798975       -0.0467485397
  21 -17       -0.0045368886        0.0368160798
  21 -18       -0.0095883258       -0.0138516990
  21 -19        0.0155841685        0.0208918684
  21 -20        0.0059165595       -0.0383359941
  21 -21       -0.0178323848        0.0251096512
  22  22        0.0273136567       -0.0539769320
  22  21        0.0231950729        0.0035653130
  22  20       -0.1004974815       -0.0182065694
  22  19       -0.0120151932       -0.0046820443
  22  18       -0.0013770177       -0.0228046372
  22  17       -0.0114530037        0.0485383396
  22  16        0.0071600285        0.0725887189
  22  15       -0.0127446085       -0.0427775586
  22  14       -0.0065837311        0.0134646206
  22  13       -0.0104516803       -0.0038310553
  22  12       -0.0343530160       -0.0167155188
  22  11       -0.0518532525        0.0276057844
  22  10       -0.0069740285        0.0111439862
  22   9        0.0046361534       -0.0315021038
  22   8       -0.0740618918        0.0217703895
  22   7       -0.0378265892        0.0230624345
  22   6       -0.0012017029       -0.0134410694
  22   5       -0.0381200590       -0.0138749974
  22   4        0.0212739334       -0.0121517570
  22   3        0.0022732780       -0.0236977470
  22   2        0.0125077343        0.0373355773
  22   1       -0.0016953983        0.0446532832
  22   0       -0.0020585838        0.0000000000
  22  -1        0.0016953983        0.0446532832
  22  -2        0.0125077343       -0.0373355773
  22  -3       -0.0022732780       -0.0236977470
  22  -4        0.0212739334        0.0121517570
  22  -5        0.0381200590       -0.0138749974
  22  -6       -0.0012017029        0.0134410694
  22  -7        0.0378265892        0.0230624345
  22  -8       -0.0740618918       -0.0217703895
  22  -9       -0.0046361534       -0.0315021038
  22 -10       -0.0069740285       -0.0111439862
  22 -11        0.0518532525        0.0276057844
  22 -12       -0.0343530160        0.0167155188
  22 -13        0.0104516803       -0.0038310553
  22 -14       -0.0065837311       -0.0134646206
  22 -15        0.0127446085       -0.0427775586
  22 -16        0.0071600285       -0.0725887189
  22 -17        0.0114530037        0.0485383396
  22 -18       -0.0013770177        0.0228046372
  22 -19        0.0120151932       -0.0046820443
  22 -20       -0.1004974815        0.0182065694
  22 -21       -0.0231950729        0.0035653130
  22 -22        0.0273136567        0.0539769320
  23  23        0.0208298531        0.0320344434
  23  22       -0.0106326870       -0.0490095940
  23  21        0.0211382670       -0.0685363820
  23  20       -0.0121667985        0.0252787618
  23  19        0.0389052494       -0.0417952598
  23  18        0.0100341345       -0.0260902797
  23  17        0.0165050019        0.0038855100
  23  16       -0.0000374413        0.0076313901
  23  15       -0.0006008992        0.0162394384
  23  14        0.0641255937        0.0179587627
  23  13       -0.0127816497        0.0284550419
  23  12       -0.0979937404       -0.0280161337
  23  11        0.0108614788       -0.0418167721
  23  10        0.0355870128        0.0265035598
  23   9       -0.0206752748       -0.0082213092
  23   8        0.0345596856        0.0008540645
  23   7        0.0272860829       -0.0045747761
  23   6       -0.0064147850       -0.0538939147
  23   5        0.0210774437       -0.0060295769
  23   4        0.0379783521       -0.0145063397
  23   3        0.0152089311        0.0399442633
  23   2        0.0333713847        0.0141906323
  23   1        0.0034210074       -0.0192336582
  23   0       -0.0482037318        0.0000000000
  23  -1       -0.0034210074       -0.0192336582
  23  -2        0.0333713847       -0.0141906323
  23  -3       -0.0152089311        0.0399442633
  23  -4        0.0379783521        0.0145063397
  23  -5       -0.0210774437       -0.0060295769
  23  -6       -0.0064147850        0.0538939147
  23  -7       -0.0272860829       -0.0045747761
  23  -8        0.0345596856       -0.0008540645
  23  -9        0.0206752748       -0.0082213092
  23 -10        0.0355870128       -0.0265035598
  23 -11       -0.0108614788       -0.0418167721
  23 -12       -0.0979937404        0.0280161337
  23 -13        0.0127816497        0.0284550419
  23 -14        0.0641255937       -0.0179587627
  23 -15        0.0006008992        0.0162394384
  23 -16       -0.0000374413       -0.0076313901
  23 -17       -0.0165050019        0.0038855100
  23 -18        0.0100341345        0.0260902797
  23 -19       -0.0389052494       -0.0417952598
  23 -20       -0.0121667985       -0.0252787618
  23 -21       -0.0211382670       -0.0685363820
  23 -22       -0.0106326870        0.0490095940
  23 -23       -0.0208298531        0.0320344434
  24  24       -0.0333986727        0.0575441732
  24  23       -0.0412835830       -0.0341288909
  24  22        0.0551587912       -0.0458473522
  24  21       -0.0168219712        0.0064488785
  24  20       -0.0259029795       -0.0103852495
  24  19       -0.0104509347        0.0239016646
  24  18        0.0305365247       -0.0298705058
  24  17        0.0368875441       -0.0148029541
  24  16       -0.0104962567        0.0403951041
  24  15        0.0304771473        0.0193556620
  24  14        0.0002217847       -0.0395851880
  24  13        0.0283166416       -0.0017404554
  24  12        0.0180059046       -0.0272852477
  24  11        0.0078387948        0.0244010008
  24  10        0.0192687045        0.0206717479
  24   9       -0.0272694834        0.0396756884
  24   8        0.0339191851       -0.0367438915
  24   7       -0.0083342305        0.0295285857
  24   6        0.0346035351       -0.0326456879
  24   5       -0.0059165243       -0.0189727592
  24   4       -0.0136651396        0.0057931210
  24   3        0.0325536532       -0.0567691913
  24   2       -0.0130338932       -0.0158385765
  24   1        0.0365941333        0.0048915412
  24   0       -0.0077950571        0.0000000000
  24  -1       -0.0365941333        0.0048915412
  24  -2       -0.0130338932        0.0158385765
  24  -3       -0.0325536532       -0.0567691913
  24  -4       -0.0136651396       -0.0057931210
  24  -5        0.0059165243       -0.0189727592
  24  -6        0.0346035351        0.0326456879
  24  -7        0.0083342305        0.0295285857
  24  -8        0.0339191851        0.0367438915
  24  -9        0.0272694834        0.0396756884
  24 -10        0.0192687045       -0.0206717479
  24 -11       -0.0078387948        0.0244010008
  24 -12        0.0180059046        0.0272852477
  24 -13       -0.0283166416       -0.0017404554
  24 -14        0.0002217847        0.0395851880
  24 -15       -0.0304771473        0.0193556620
  24 -16       -0.0104962567       -0.0403951041
  24 -17       -0.0368875441       -0.0148029541
  24 -18        0.0305365247        0.0298705058
  24 -19        0.0104509347        0.0239016646
  24 -20       -0.0259029795        0.0103852495
  24 -21        0.0168219712        0.0064488785
  24 -22        0.0551587912        0.0458473522
  24 -23        0.0412835830       -0.0341288909
  24 -24       -0.0333986727       -0.0575441732
  25  25       -0.0014046649       -0.0421741360
  25  24       -0.0144520424        0.0271541715
  25  23       -0.0295528375       -0.0051963859
  25  22       -0.0418948069        0.0074762441
  25  21       -0.0374213553       -0.0748587167
  25  20       -0.0181637125        0.0332186134
  25  19       -0.0089164289       -0.0060086287
  25  18       -0.0373702607       -0.0359296972
  25  17       -0.0007846541       -0.0074305767
  25  16       -0.0044563401        0.0125230479
  25  15       -0.0412327817       -0.0099919309
  25  14        0.0289692687        0.0079620650
  25  13        0.0033580315        0.0422378153
  25  12       -0.0515402444       -0.0185373659
  25  11       -0.0433080446        0.0059133211
  25  10        0.0113615781       -0.0193422010
  25   9       -0.0175977306        0.0199994147
  25   8       -0.0114922377       -0.0019498437
  25   7       -0.0006713052        0.0114239285
  25   6       -0.0223489237       -0.0253254456
  25   5       -0.0014023624       -0.0373627786
  25   4        0.0587985605       -0.0059113355
  25   3       -0.0396145724        0.0307593691
  25   2        0.0009791445        0.0191268460
  25   1        0.0169806072        0.0113142763
  25   0       -0.0430490795        0.0000000000
  25  -1       -0.0169806072        0.0113142763
  25  -2        0.0009791445       -0.0191268460
  25  -3        0.0396145724        0.0307593691
  25  -4        0.0587985605        0.0059113355
  25  -5        0.0014023624       -0.0373627786
  25  -6       -0.0223489237        0.0253254456
  25  -7        0.0006713052        0.0114239285
  25  -8       -0.0114922377        0.0019498437
  25  -9        0.0175977306        0.0199994147
  25 -10        0.0113615781        0.0193422010
  25 -11        0.0433080446        0.0059133211
  25 -12       -0.0515402444        0.0185373659
  25 -13       -0.0033580315        0.0422378153
  25 -14        0.0289692687       -0.0079620650
  25 -15        0.0412327817       -0.0099919309
  25 -16       -0.0044563401       -0.0125230479
  25 -17        0.0007846541       -0.0074305767
  25 -18       -0.0373702607        0.0359296972
  25 -19        0.0089164289       -0.0060086287
  25 -20       -0.0181637125       -0.0332186134
  25 -21        0.0374213553       -0.0748587167
  25 -22       -0.0418948069       -0.0074762441
  25 -23        0.0295528375       -0.0051963859
  25 -24       -0.0144520424       -0.0271541715
  25 -25        0.0014046649       -0.0421741360
  26  26        0.0118683532       -0.0672040798
  26  25       -0.0110309789       -0.0299753999
  26  24        0.0155743361       -0.0007079890
  26  23        0.0096326635       -0.0043904507
  26  22        0.0172321983       -0.0744861858
  26  21       -0.0086555438       -0.0195687626
  26  20       -0.0033517242       -0.0182803692
  26  19       -0.0421518708        0.0169853818
  26  18        0.0256355417        0.0053552157
  26  17       -0.0083270398        0.0070959940
  26  16        0.0036757807        0.0019097214
  26  15       -0.0032235947        0.0649217044
  26  14       -0.0012094423       -0.0500297821
  26  13        0.0181213998       -0.0150876431
  26  12        0.0263139983        0.0053552862
  26  11        0.0152750385        0.0056585267
  26  10       -0.0141242199        0.0004340977
  26   9       -0.0039004304        0.0141092059
  26   8        0.0300078321        0.0054779303
  26   7       -0.0188238679       -0.0394366346
  26   6       -0.0172256312        0.0210104568
  26   5        0.0472081139       -0.0238367240
  26   4       -0.0376060771        0.0240786986
  26   3       -0.0027008298       -0.0042923354
  26   2        0.0049175299       -0.0534357564
  26   1        0.0198848069        0.0239848826
  26   0        0.0028147674        0.0000000000
  26  -1       -0.0198848069        0.0239848826
  26  -2        0.0049175299        0.0534357564
  26  -3        0.0027008298       -0.0042923354
  26  -4       -0.0376060771       -0.0240786986
  26  -5       -0.0472081139       -0.0238367240
  26  -6       -0.0172256312       -0.0210104568
  26  -7        0.0188238679       -0.0394366346
  26  -8        0.0300078321       -0.0054779303
  26  -9        0.0039004304        0.0141092059
  26 -10       -0.0141242199       -0.0004340977
  26 -11       -0.0152750385        0.0056585267
  26 -12        0.0263139983       -0.0053552862
  26 -13       -0.0181213998       -0.0150876431
  26 -14       -0.0012094423        0.0500297821
  26 -15        0.0032235947        0.0649217044
  26 -16        0.0036757807       -0.0019097214
  26 -17        0.0083270398        0.0070959940
  26 -18        0.0256355417       -0.0053552157
  26 -19        0.0421518708        0.0169853818
  26 -20       -0.0033517242        0.0182803692
  26 -21        0.0086555438       -0.0195687626
  26 -22        0.0172321983        0.0744861858
  26 -23       -0.0096326635       -0.0043904507
  26 -24        0.0155743361        0.0007079890
  26 -25        0.0110309789       -0.0299753999
  26 -26        0.0118683532        0.0672040798
  27  27       -0.0352703635        0.0165795451
  27  26       -0.0025076217       -0.0378849486
  27  25       -0.0235178506       -0.0144222960
  27  24        0.0302994506        0.0156018626
  27  23       -0.0074318269        0.0056367736
  27  22       -0.0033070772        0.0217004460
  27  21       -0.0479292328       -0.0148284749
  27  20       -0.0050886082        0.0092685615
  27  19       -0.0041426171        0.0099460425
  27  18       -0.0105354707       -0.0099124149
  27  17       -0.0044825848       -0.0176701730
  27  16       -0.0238534180        0.0084378831
  27  15       -0.0132021620       -0.0317579400
  27  14        0.0383590939       -0.0276214869
  27  13       -0.0001887432        0.0201460102
  27  12        0.0014887019       -0.0045157348
  27  11       -0.0200599613        0.0379690844
  27  10       -0.0072475442        0.0161072465
  27   9        0.0424212929       -0.0299492107
  27   8       -0.0313439336        0.0330276589
  27   7       -0.0311849855       -0.0200772791
  27   6        0.0123944371        0.0047626404
  27   5       -0.0448000001        0.0505099861
  27   4       -0.0091983249        0.0338209980
  27   3       -0.0225092254       -0.0570688668
  27   2       -0.0141974015        0.0303126607
  27   1        0.0206612700        0.0012051458
  27   0       -0.0050823049        0.0000000000
  27  -1       -0.0206612700        0.0012051458
  27  -2       -0.0141974015       -0.0303126607
  27  -3        0.0225092254       -0.0570688668
  27  -4       -0.0091983249       -0.0338209980
  27  -5        0.0448000001        0.0505099861
  27  -6        0.0123944371       -0.0047626404
  27  -7        0.0311849855       -0.0200772791
  27  -8       -0.0313439336       -0.0330276589
  27  -9       -0.0424212929       -0.0299492107
  27 -10       -0.0072475442       -0.0161072465
  27 -11        0.0200599613        0.0379690844
  27 -12        0.0014887019        0.0045157348
  27 -13        0.0001887432        0.0201460102
  27 -14        0.0383590939        0.0276214869
  27 -15        0.0132021620       -0.0317579400
  27 -16       -0.0238534180       -0.0084378831
  27 -17        0.0044825848       -0.0176701730
  27 -18       -0.0105354707        0.0099124149
  27 -19        0.0041426171        0.0099460425
  27 -20       -0.0050886082       -0.0092685615
  27 -21        0.0479292328       -0.0148284749
  27 -22       -0.0033070772       -0.0217004460
  27 -23        0.0074318269        0.0056367736
  27 -24        0.0302994506       -0.0156018626
  27 -25        0.0235178506       -0.0144222960
  27 -26       -0.0025076217        0.0378849486
  27 -27        0.0352703635        0.0165795451
  28  28       -0.0346818019       -0.0593692351
  28  27       -0.0269919651        0.0082879605
  28  26        0.0095561615        0.0163920199
  28  25        0.0211195594       -0.0448708348
  28  24       -0.0286229110        0.0031699156
  28  23       -0.0239847175        0.0029326345
  28  22        0.0147830415       -0.0191772742
  28  21       -0.0113336817        0.0121253574
  28  20       -0.0068796685        0.0013558001
  28  19        0.0172816831       -0.0223597466
  28  18       -0.0064511685       -0.0039519512
  28  17        0.0128642481        0.0105189788
  28  16       -0.0122369102        0.0042070483
  28  15        0.0106701498        0.0329900680
  28  14       -0.0266288652        0.0043382435
  28  13       -0.0229051923       -0.0574203923
  28  12        0.0359655841        0.0237603220
  28  11        0.0389658548       -0.0121711072
  28  10       -0.0196896785        0.0168423968
  28   9       -0.0255793110       -0.0215047898
  28   8        0.0283152554       -0.0140415859
  28   7        0.0012066174       -0.0311199908
  28   6       -0.0177283956        0.0299762581
  28   5        0.0283570055       -0.0340727484
  28   4        0.0055930171        0.0203887689
  28   3       -0.0112925631        0.0466849012
  28   2       -0.0226561157       -0.0333788317
  28   1       -0.0393146908       -0.0036657406
  28   0        0.0347356604        0.0000000000
  28  -1        0.0393146908       -0.0036657406
  28  -2       -0.0226561157        0.0333788317
  28  -3        0.0112925631        0.0466849012
  28  -4        0.0055930171       -0.0203887689
  28  -5       -0.0283570055       -0.0340727484
  28  -6       -0.0177283956       -0.0299762581
  28  -7       -0.0012066174       -0.0311199908
  28  -8        0.0283152554        0.0140415859
  28  -9        0.0255793110       -0.0215047898
  28 -10       -0.0196896785       -0.0168423968
  28 -11       -0.0389658548       -0.0121711072
  28 -12        0.0359655841       -0.0237603220
  28 -13        0.0229051923       -0.0574203923
  28 -14       -0.0266288652       -0.0043382435
  28 -15       -0.0106701498        0.0329900680
  28 -16       -0.0122369102       -0.0042070483
  28 -17       -0.0128642481        0.0105189788
  28 -18       -0.0064511685        0.0039519512
  28 -19       -0.0172816831       -0.0223597466
  28 -20       -0.0068796685       -0.0013558001
  28 -21        0.0113336817        0.0121253574
  28 -22        0.0147830415        0.0191772742
  28 -23        0.0239847175        0.0029326345
  28 -24       -0.0286229110       -0.0031699156
  28 -25       -0.0211195594       -0.0448708348
  28 -26        0.0095561615       -0.0163920199
  28 -27        0.0269919651        0.0082879605
  28 -28       -0.0346818019        0.0593692351
  29  29        0.0017654506       -0.0421554140
  29  28       -0.0409741668       -0.0027455146
  29  27        0.0306966418       -0.0228353993
  29  26        0.0052689497       -0.0387065628
  29  25        0.0125191205       -0.0205264854
  29  24        0.0432339678       -0.0294426450
  29  23        0.0184908141       -0.0159315376
  29  22       -0.0005281212        0.0074835205
  29  21       -0.0187452779       -0.0073197422
  29  20        0.0061402154       -0.0079116837
  29  19        0.0087136896        0.0004422496
  29  18       -0.0133403450        0.0058510423
  29  17       -0.0139422108       -0.0155980187
  29  16        0.0131299870        0.0300915998
  29  15       -0.0186645302       -0.0267331634
  29  14        0.0060114205       -0.0116950689
  29  13        0.0406146715        0.0075281252
  29  12        0.0466636792       -0.0014547076
  29  11       -0.0124497525        0.0028267825
  29  10        0.0316456206        0.0130642585
  29   9        0.0177472860        0.0034801990
  29   8        0.0261309984        0.0007827173
  29   7        0.0021589179        0.0253093072
  29   6       -0.0146376536       -0.0235908268
  29   5       -0.0174596743       -0.0051186522
  29   4       -0.0036449018        0.0238876387
  29   3        0.0186946228       -0.0128748215
  29   2        0.0002708060        0.0253338418
  29   1        0.0021191958        0.0446037196
  29   0        0.0064889004        0.0000000000
  29  -1       -0.0021191958        0.0446037196
  29  -2        0.0002708060       -0.0253338418
  29  -3       -0.0186946228       -0.0128748215
  29  -4       -0.0036449018       -0.0238876387
  29  -5        0.0174596743       -0.0051186522
  29  -6       -0.0146376536        0.0235908268
  29  -7       -0.0021589179        0.0253093072
  29  -8        0.0261309984       -0.0007827173
  29  -9       -0.0177472860        0.0034801990
  29 -10        0.0316456206       -0.0130642585
  29 -11        0.0124497525        0.0028267825
  29 -12        0.0466636792        0.0014547076
  29 -13       -0.0406146715        0.0075281252
  29 -14        0.0060114205        0.0116950689
  29 -15        0.0186645302       -0.0267331634
  29 -16        0.0131299870       -0.0300915998
  29 -17        0.0139422108       -0.0155980187
  29 -18       -0.0133403450       -0.0058510423
  29 -19       -0.0087136896        0.0004422496
  29 -20        0.0061402154        0.0079116837
  29 -21        0.0187452779       -0.0073197422
  29 -22       -0.0005281212       -0.0074835205
  29 -23       -0.0184908141       -0.0159315376
  29 -24        0.0432339678        0.0294426450
  29 -25       -0.0125191205       -0.0205264854
  29 -26        0.0052689497        0.0387065628
  29 -27       -0.0306966418       -0.0228353993
  29 -28       -0.0409741668        0.0027455146
  29 -29       -0.0017654506       -0.0421554140
  30  30       -0.0606580781       -0.0032796000
  30  29        0.0213462592        0.0156095934
  30  28        0.0036256074        0.0130382537
  30  27       -0.0082008869       -0.0295456258
  30  26        0.0213517148       -0.0025238962
  30  25        0.0003585048       -0.0004235458
  30  24       -0.0292452872       -0.0235227304
  30  23       -0.0053381711        0.0055336418
  30  22       -0.0241611821        0.0080067849
  30  21       -0.0471936638       -0.0370708809
  30  20        0.0059528741        0.0101444781
  30  19        0.0047789150       -0.0016482705
  30  18        0.0133223060        0.0337125256
  30  17        0.0169818641       -0.0139408553
  30  16        0.0073283060       -0.0242998278
  30  15       -0.0064381563        0.0121317359
  30  14       -0.0296340887        0.0501668538
  30  13       -0.0278386138       -0.0200450830
  30  12       -0.0090636894        0.0134526576
  30  11        0.0092941361        0.0058350342
  30  10        0.0144687591        0.0324593578
  30   9       -0.0066845005       -0.0084332599
  30   8       -0.0187374870       -0.0229522761
  30   7       -0.0095603329       -0.0181680993
  30   6       -0.0128103965       -0.0107360709
  30   5        0.0271961747        0.0231331388
  30   4        0.0036153809       -0.0385742780
  30   3       -0.0393794383        0.0178280400
  30   2        0.0007264562       -0.0184477746
  30   1       -0.0187394828       -0.0085849348
  30   0        0.0358026054        0.0000000000
  30  -1        0.0187394828       -0.0085849348
  30  -2        0.0007264562        0.0184477746
  30  -3        0.0393794383        0.0178280400
  30  -4        0.0036153809        0.0385742780
  30  -5       -0.0271961747        0.0231331388
  30  -6       -0.0128103965        0.0107360709
  30  -7        0.0095603329       -0.0181680993
  30  -8       -0.0187374870        0.0229522761
  30  -9        0.0066845005       -0.0084332599
  30 -10        0.0144687591       -0.0324593578
  30 -11       -0.0092941361        0.0058350342
  30 -12       -0.0090636894       -0.0134526576
  30 -13        0.0278386138       -0.0200450830
  30 -14       -0.0296340887       -0.0501668538
  30 -15        0.0064381563        0.0121317359
  30 -16        0.0073283060        0.0242998278
  30 -17       -0.0169818641       -0.0139408553
  30 -18        0.0133223060       -0.0337125256
  30 -19       -0.0047789150       -0.0016482705
  30 -20        0.0059528741       -0.0101444781
  30 -21        0.0471936638       -0.0370708809
  30 -22       -0.0241611821       -0.0080067849
  30 -23        0.0053381711        0.0055336418
  30 -24       -0.0292452872        0.0235227304
  30 -25       -0.0003585048       -0.0004235458
  30 -26        0.0213517148        0.0025238962
  30 -27        0.0082008869       -0.0295456258
  30 -28        0.0036256074       -0.0130382537
  30 -29       -0.0213462592        0.0156095934
  30 -30       -0.0606580781        0.0032796000
