   0   0       35.3318898548        0.0000000000
   1   1       -0.3402935541        0.1021213243
   1   0        0.6381392460        0.0000000000
   1  -1        0.3402935541        0.1021213243
   2   2       -1.0041661699        0.4276342607
   2   1       -0.6011160637        0.2467590103
   2   0        2.7865677255        0.0000000000
   2  -1        0.6011160637        0.2467590103
   2  -2       -1.0041661699       -0.4276342607
   3   3       -0.0841070399        0.5884667308
   3   2       -0.3119199687       -0.5633595452
   3   1        1.2346807224       -0.0947851038
   3   0       -1.4071158762        0.0000000000
   3  -1       -1.2346807224       -0.0947851038
   3  -2       -0.3119199687        0.5633595452
   3  -3        0.0841070399        0.5884667308
   4   4        0.3602155700       -0.1039334578
   4   3       -0.2263929744        0.1364051860
   4   2       -0.2879042694       -0.4506011691
   4   1       -0.5340569300       -0.0621900319
   4   0        0.6265870940        0.0000000000
   4  -1        0.5340569300       -0.0621900319
   4  -2       -0.2879042694        0.4506011691
   4  -3        0.2263929744        0.1364051860
   4  -4        0.3602155700        0.1039334578
   5   5        0.0649813677        0.0103590562
   5   4        0.1176660469        0.0239545563
   5   3        0.3275463633        0.0057719653
   5   2       -0.0938074300       -0.1935468830
   5   1        0.6943449941       -0.2270165422
   5   0        0.0216661302        0.0000000000
   5  -1       -0.6943449941       -0.2270165422
   5  -2       -0.0938074300        0.1935468830
   5  -3       -0.3275463633        0.0057719653
   5  -4        0.1176660469       -0.0239545563
   5  -5       -0.0649813677        0.0103590562
   6   6       -0.0353815255       -0.0958042342
   6   5        0.1793217911        0.1430532822
   6   4        0.0011386859       -0.1531836244
   6   3        0.4271039123        0.0678757747
   6   2       -0.2278796122       -0.1849063836
   6   1       -0.4014083175        0.0191075380
   6   0        0.2016361416        0.0000000000
   6  -1        0.4014083175        0.0191075380
   6  -2       -0.2278796122        0.1849063836
   6  -3       -0.4271039123        0.0678757747
   6  -4        0.0011386859        0.1531836244
   6  -5       -0.1793217911        0.1430532822
   6  -6       -0.0353815255        0.0958042342
   7   7        0.0206062148       -0.2296474488
   7   6        0.0558010148       -0.1719293773
   7   5        0.0037254499        0.0304427461
   7   4        0.0262298781        0.0979391248
   7   3       -0.2447975580       -0.0180378697
   7   2        0.0043183131        0.0951313278
   7   1        0.2829336738        0.1917218848
   7   0        0.3270514877        0.0000000000
   7  -1       -0.2829336738        0.1917218848
   7  -2        0.0043183131       -0.0951313278
   7  -3        0.2447975580       -0.0180378697
   7  -4        0.0262298781       -0.0979391248
   7  -5       -0.0037254499        0.0304427461
   7  -6        0.0558010148        0.1719293773
   7  -7       -0.0206062148       -0.2296474488
   8   8        0.0391469773       -0.1309033039
   8   7       -0.1086779151       -0.2112026962
   8   6        0.0457317564        0.0422178908
   8   5       -0.1252833134       -0.1091761499
   8   4       -0.0158228802       -0.0247998720
   8   3        0.0699031107        0.1430168549
   8   2        0.0371841425       -0.0670244340
   8   1       -0.0897159485        0.0213539918
   8   0       -0.1911112595        0.0000000000
   8  -1        0.0897159485        0.0213539918
   8  -2        0.0371841425        0.0670244340
   8  -3       -0.0699031107        0.1430168549
   8  -4       -0.0158228802        0.0247998720
   8  -5        0.1252833134       -0.1091761499
   8  -6        0.0457317564       -0.0422178908
   8  -7        0.1086779151       -0.2112026962
   8  -8        0.0391469773        0.1309033039
   9   9       -0.0241246697        0.0030980697
   9   8       -0.0224378803        0.0165043245
   9   7        0.0844599047        0.1222733598
   9   6       -0.0899480093       -0.0096928481
   9   5       -0.0646821717       -0.0701856484
   9   4        0.0896599847        0.1086606403
   9   3       -0.1837926704       -0.0364995039
   9   2       -0.1611069794       -0.1071223364
   9   1        0.1291515169        0.1249538788
   9   0        0.1415249392        0.0000000000
   9  -1       -0.1291515169        0.1249538788
   9  -2       -0.1611069794        0.1071223364
   9  -3        0.1837926704       -0.0364995039
   9  -4        0.0896599847       -0.1086606403
   9  -5        0.0646821717       -0.0701856484
   9  -6       -0.0899480093        0.0096928481
   9  -7       -0.0844599047        0.1222733598
   9  -8       -0.0224378803       -0.0165043245
   9  -9        0.0241246697        0.0030980697
  10  10       -0.0614993125       -0.0414759588
  10   9        0.0274998806        0.0450121928
  10   8        0.0498943645       -0.0598239744
  10   7        0.0003470164        0.0360377220
  10   6        0.0269054224       -0.0433581203
  10   5        0.0124517088       -0.0646631853
  10   4       -0.0309444195       -0.0425520932
  10   3        0.1441006818        0.0297887255
  10   2        0.0874399879        0.0302835922
  10   1        0.0169393755       -0.1159625010
  10   0       -0.1143283040        0.0000000000
  10  -1       -0.0169393755       -0.1159625010
  10  -2        0.0874399879       -0.0302835922
  10  -3       -0.1441006818        0.0297887255
  10  -4       -0.0309444195        0.0425520932
  10  -5       -0.0124517088       -0.0646631853
  10  -6        0.0269054224        0.0433581203
  10  -7       -0.0003470164        0.0360377220
  10  -8        0.0498943645        0.0598239744
  10  -9       -0.0274998806        0.0450121928
  10 -10       -0.0614993125        0.0414759588
  11  11        0.0156542152       -0.0230372122
  11  10        0.0218563441        0.0200265468
  11   9       -0.0415308511       -0.0980407409
  11   8       -0.0670165811        0.0459010361
  11   7       -0.0014853357        0.0184512800
  11   6        0.0608123396       -0.0553469420
  11   5       -0.0544970553        0.0144450550
  11   4        0.0901362504        0.1080167443
  11   3       -0.0250439698       -0.0119696387
  11   2       -0.0466289843       -0.0685618871
  11   1       -0.0829171232        0.0593429170
  11   0        0.0227451692        0.0000000000
  11  -1        0.0829171232        0.0593429170
  11  -2       -0.0466289843        0.0685618871
  11  -3        0.0250439698       -0.0119696387
  11  -4        0.0901362504       -0.1080167443
  11  -5        0.0544970553        0.0144450550
  11  -6        0.0608123396        0.0553469420
  11  -7        0.0014853357        0.0184512800
  11  -8       -0.0670165811       -0.0459010361
  11  -9        0.0415308511       -0.0980407409
  11 -10        0.0218563441       -0.0200265468
  11 -11       -0.0156542152       -0.0230372122
  12  12        0.0371181718        0.0266534659
  12  11       -0.0176240573       -0.0561571408
  12  10       -0.0475504812        0.0200334494
  12   9        0.0588915187       -0.0045571170
  12   8       -0.0164085659        0.0786982200
  12   7       -0.0741163073        0.0177710058
  12   6        0.0797270313        0.0114022676
  12   5        0.0443952780        0.0230125419
  12   4        0.0019266314       -0.0084573912
  12   3        0.0202308763       -0.0503394046
  12   2        0.0632093301        0.1345244885
  12   1        0.0245092542        0.0342650811
  12   0        0.0207298640        0.0000000000
  12  -1       -0.0245092542        0.0342650811
  12  -2        0.0632093301       -0.1345244885
  12  -3       -0.0202308763       -0.0503394046
  12  -4        0.0019266314        0.0084573912
  12  -5       -0.0443952780        0.0230125419
  12  -6        0.0797270313       -0.0114022676
  12  -7        0.0741163073        0.0177710058
  12  -8       -0.0164085659       -0.0786982200
  12  -9       -0.0588915187       -0.0045571170
  12 -10       -0.0475504812       -0.0200334494
  12 -11        0.0176240573       -0.0561571408
  12 -12        0.0371181718       -0.0266534659
  13  13       -0.0126610536        0.0313534110
  13  12       -0.0048744030       -0.0630811236
  13  11       -0.0022233266        0.0147448246
  13  10        0.0649228210       -0.0173779026
  13   9        0.0800281032        0.0429795025
  13   8       -0.0810911484       -0.0036366433
  13   7        0.0163751802        0.0032978321
  13   6       -0.0430931729       -0.0574010667
  13   5       -0.0030511823        0.0550808331
  13   4        0.0276164615       -0.0145271966
  13   3        0.0092815371        0.0821468056
  13   2       -0.0505080362       -0.0571345126
  13   1       -0.0035891281       -0.0360226105
  13   0       -0.0340498186        0.0000000000
  13  -1        0.0035891281       -0.0360226105
  13  -2       -0.0505080362        0.0571345126
  13  -3       -0.0092815371        0.0821468056
  13  -4        0.0276164615        0.0145271966
  13  -5        0.0030511823        0.0550808331
  13  -6       -0.0430931729        0.0574010667
  13  -7       -0.0163751802        0.0032978321
  13  -8       -0.0810911484        0.0036366433
  13  -9       -0.0800281032        0.0429795025
  13 -10        0.0649228210        0.0173779026
  13 -11        0.0022233266        0.0147448246
  13 -12       -0.0048744030        0.0630811236
  13 -13        0.0126610536        0.0313534110
  14  14       -0.0206655482        0.0233343539
  14  13       -0.0346151045        0.0657601115
  14  12        0.0229941615       -0.0191892468
  14  11       -0.0142758101       -0.0215198661
  14  10        0.0405721992        0.0210402821
  14   9       -0.0494938674        0.0571384736
  14   8        0.0383537804       -0.0709765585
  14   7        0.0241259289       -0.0274675472
  14   6        0.0112098087        0.0708957032
  14   5       -0.0749423678        0.0081978118
  14   4        0.0176486716       -0.0105511670
  14   3       -0.1271175193        0.0195283040
  14   2       -0.0034754683        0.0163738407
  14   1       -0.0315608172        0.0438395273
  14   0       -0.0331420838        0.0000000000
  14  -1        0.0315608172        0.0438395273
  14  -2       -0.0034754683       -0.0163738407
  14  -3        0.1271175193        0.0195283040
  14  -4        0.0176486716        0.0105511670
  14  -5        0.0749423678        0.0081978118
  14  -6        0.0112098087       -0.0708957032
  14  -7       -0.0241259289       -0.0274675472
  14  -8        0.0383537804        0.0709765585
  14  -9        0.0494938674        0.0571384736
  14 -10        0.0405721992       -0.0210402821
  14 -11        0.0142758101       -0.0215198661
  14 -12        0.0229941615        0.0191892468
  14 -13        0.0346151045        0.0657601115
  14 -14       -0.0206655482       -0.0233343539
  15  15       -0.0251762579        0.0081312285
  15  14       -0.0195815544        0.0136038323
  15  13        0.0415462673       -0.0084888324
  15  12       -0.0167809939       -0.0125043956
  15  11        0.0453115416       -0.0376759198
  15  10       -0.0052427008        0.1084027312
  15   9       -0.0370279094       -0.0390458318
  15   8       -0.0000786507        0.0394308407
  15   7        0.0704976557        0.0188547216
  15   6        0.0207956701       -0.0421279818
  15   5        0.0338702570       -0.0431131571
  15   4       -0.0595047544        0.0235781870
  15   3        0.0334426178        0.0732275915
  15   2       -0.0368334235        0.0073075814
  15   1        0.0477586471       -0.0309636409
  15   0        0.1127997838        0.0000000000
  15  -1       -0.0477586471       -0.0309636409
  15  -2       -0.0368334235       -0.0073075814
  15  -3       -0.0334426178        0.0732275915
  15  -4       -0.0595047544       -0.0235781870
  15  -5       -0.0338702570       -0.0431131571
  15  -6        0.0207956701        0.0421279818
  15  -7       -0.0704976557        0.0188547216
  15  -8       -0.0000786507       -0.0394308407
  15  -9        0.0370279094       -0.0390458318
  15 -10       -0.0052427008       -0.1084027312
  15 -11       -0.0453115416       -0.0376759198
  15 -12       -0.0167809939        0.0125043956
  15 -13       -0.0415462673       -0.0084888324
  15 -14       -0.0195815544       -0.0136038323
  15 -15        0.0251762579        0.0081312285
  16  16        0.0174935567       -0.0039987521
  16  15        0.0360810006       -0.0453874199
  16  14        0.0000137051       -0.0027085903
  16  13        0.0315534502        0.0390763685
  16  12        0.0058143640       -0.0270235002
  16  11        0.0465834323        0.0431192651
  16  10       -0.0375179978        0.0021768987
  16   9        0.0239358936       -0.0186507525
  16   8        0.0027983152       -0.0198986486
  16   7       -0.0022080536       -0.0129156171
  16   6       -0.0109353521       -0.0017714735
  16   5       -0.0475590864        0.0255461740
  16   4        0.0312577635       -0.0158096667
  16   3       -0.0256935256       -0.0612518849
  16   2        0.0113458012       -0.0478546549
  16   1        0.0026824957       -0.0362760232
  16   0       -0.0683517818        0.0000000000
  16  -1       -0.0026824957       -0.0362760232
  16  -2        0.0113458012        0.0478546549
  16  -3        0.0256935256       -0.0612518849
  16  -4        0.0312577635        0.0158096667
  16  -5        0.0475590864        0.0255461740
  16  -6       -0.0109353521        0.0017714735
  16  -7        0.0022080536       -0.0129156171
  16  -8        0.0027983152        0.0198986486
  16  -9       -0.0239358936       -0.0186507525
  16 -10       -0.0375179978       -0.0021768987
  16 -11       -0.0465834323        0.0431192651
  16 -12        0.0058143640        0.0270235002
  16 -13       -0.0315534502        0.0390763685
  16 -14        0.0000137051        0.0027085903
  16 -15       -0.0360810006       -0.0453874199
  16 -16        0.0174935567        0.0039987521
  17  17       -0.0160905785        0.0058551545
  17  16        0.0120135324        0.0129866265
  17  15        0.0048464081       -0.0156540853
  17  14       -0.0096774056        0.0198196436
  17  13        0.0058570939       -0.0186081861
  17  12        0.0133834950        0.0007265794
  17  11       -0.0287096238        0.0094739194
  17  10       -0.0144277223       -0.0363497899
  17   9       -0.0035321778       -0.0430350927
  17   8       -0.0161337871        0.0243854071
  17   7       -0.0140633683        0.0385952790
  17   6       -0.0380631389        0.0009859561
  17   5        0.1021680826       -0.0088909019
  17   4       -0.0447248636        0.0295289309
  17   3       -0.0435521105        0.0013518374
  17   2       -0.0443396423        0.0505085691
  17   1        0.0303983464        0.0330161835
  17   0        0.0011739179        0.0000000000
  17  -1       -0.0303983464        0.0330161835
  17  -2       -0.0443396423       -0.0505085691
  17  -3        0.0435521105        0.0013518374
  17  -4       -0.0447248636       -0.0295289309
  17  -5       -0.1021680826       -0.0088909019
  17  -6       -0.0380631389       -0.0009859561
  17  -7        0.0140633683        0.0385952790
  17  -8       -0.0161337871       -0.0243854071
  17  -9        0.0035321778       -0.0430350927
  17 -10       -0.0144277223        0.0363497899
  17 -11        0.0287096238        0.0094739194
  17 -12        0.0133834950       -0.0007265794
  17 -13       -0.0058570939       -0.0186081861
  17 -14       -0.0096774056       -0.0198196436
  17 -15       -0.0048464081       -0.0156540853
  17 -16        0.0120135324       -0.0129866265
  17 -17        0.0160905785        0.0058551545
  18  18       -0.0289637892       -0.0065726912
  18  17       -0.0184951911       -0.0040541382
  18  16        0.0134010841        0.0101056742
  18  15       -0.0089175885       -0.0061888039
  18  14       -0.0149605833        0.0070596135
  18  13       -0.0279630606       -0.0079866959
  18  12        0.0127960029       -0.0074043656
  18  11       -0.0246796193        0.0014436043
  18  10       -0.0212976366       -0.0137014780
  18   9        0.0019813179        0.0074089119
  18   8        0.0283372720        0.0284276632
  18   7        0.0436604880       -0.0409589934
  18   6       -0.0130683110        0.0117605702
  18   5        0.0082023906        0.0008609127
  18   4        0.0165979886       -0.0225903514
  18   3       -0.0058137735        0.0034271643
  18   2       -0.0092879770       -0.0092280886
  18   1        0.0127276278       -0.0519101029
  18   0       -0.0332716443        0.0000000000
  18  -1       -0.0127276278       -0.0519101029
  18  -2       -0.0092879770        0.0092280886
  18  -3        0.0058137735        0.0034271643
  18  -4        0.0165979886        0.0225903514
  18  -5       -0.0082023906        0.0008609127
  18  -6       -0.0130683110       -0.0117605702
  18  -7       -0.0436604880       -0.0409589934
  18  -8        0.0283372720       -0.0284276632
  18  -9       -0.0019813179        0.0074089119
  18 -10       -0.0212976366        0.0137014780
  18 -11        0.0246796193        0.0014436043
  18 -12        0.0127960029        0.0074043656
  18 -13        0.0279630606       -0.0079866959
  18 -14       -0.0149605833       -0.0070596135
  18 -15        0.0089175885       -0.0061888039
  18 -16        0.0134010841       -0.0101056742
  18 -17        0.0184951911       -0.0040541382
  18 -18       -0.0289637892        0.0065726912
  19  19        0.0061528093       -0.0008211494
  19  18       -0.0217661929        0.0016362345
  19  17       -0.0370586987        0.0044457109
  19  16        0.0136374824        0.0145735514
  19  15       -0.0211996827        0.0194067388
  19  14       -0.0202760071       -0.0197770078
  19  13       -0.0017528007       -0.0052547231
  19  12       -0.0310637358        0.0504762885
  19  11       -0.0209877265       -0.0299960296
  19  10        0.0125318913       -0.0188721723
  19   9       -0.0144519158        0.0384931060
  19   8        0.0447282285        0.0100008980
  19   7       -0.0534056612       -0.0296777765
  19   6        0.0258693560        0.0377451070
  19   5        0.0005940602        0.0142518713
  19   4       -0.0017548229        0.0421189741
  19   3       -0.0481072505       -0.0184904696
  19   2        0.0345254511       -0.0071585994
  19   1       -0.0313445147        0.0598626216
  19   0        0.0375152663        0.0000000000
  19  -1        0.0313445147        0.0598626216
  19  -2        0.0345254511        0.0071585994
  19  -3        0.0481072505       -0.0184904696
  19  -4       -0.0017548229       -0.0421189741
  19  -5       -0.0005940602        0.0142518713
  19  -6        0.0258693560       -0.0377451070
  19  -7        0.0534056612       -0.0296777765
  19  -8        0.0447282285       -0.0100008980
  19  -9        0.0144519158        0.0384931060
  19 -10        0.0125318913        0.0188721723
  19 -11        0.0209877265       -0.0299960296
  19 -12       -0.0310637358       -0.0504762885
  19 -13        0.0017528007       -0.0052547231
  19 -14       -0.0202760071        0.0197770078
  19 -15        0.0211996827        0.0194067388
  19 -16        0.0136374824       -0.0145735514
  19 -17        0.0370586987        0.0044457109
  19 -18       -0.0217661929       -0.0016362345
  19 -19       -0.0061528093       -0.0008211494
  20  20       -0.0084121939        0.0115830556
  20  19        0.0262554473        0.0206883477
  20  18       -0.0215266825       -0.0009830906
  20  17       -0.0059783336        0.0287056420
  20  16        0.0256060519        0.0293555172
  20  15       -0.0196819252        0.0133375748
  20  14        0.0102586252       -0.0330369151
  20  13        0.0190682529        0.0041776524
  20  12       -0.0037406578       -0.0246121167
  20  11        0.0383305595       -0.0083759564
  20  10        0.0058092139        0.0105328547
  20   9        0.0166318146        0.0211464244
  20   8       -0.0123320871       -0.0354832952
  20   7        0.0519981512        0.0146669393
  20   6        0.0279493528       -0.0000206435
  20   5       -0.0463948119        0.0037905224
  20   4       -0.0142113604       -0.0302221269
  20   3        0.0017930205        0.0130991354
  20   2       -0.0116121760        0.0218255657
  20   1        0.0207098847       -0.0070751987
  20   0        0.0169367624        0.0000000000
  20  -1       -0.0207098847       -0.0070751987
  20  -2       -0.0116121760       -0.0218255657
  20  -3       -0.0017930205        0.0130991354
  20  -4       -0.0142113604        0.0302221269
  20  -5        0.0463948119        0.0037905224
  20  -6        0.0279493528        0.0000206435
  20  -7       -0.0519981512        0.0146669393
  20  -8       -0.0123320871        0.0354832952
  20  -9       -0.0166318146        0.0211464244
  20 -10        0.0058092139       -0.0105328547
  20 -11       -0.0383305595       -0.0083759564
  20 -12       -0.0037406578        0.0246121167
  20 -13       -0.0190682529        0.0041776524
  20 -14        0.0102586252        0.0330369151
  20 -15        0.0196819252        0.0133375748
  20 -16        0.0256060519       -0.0293555172
  20 -17        0.0059783336        0.0287056420
  20 -18       -0.0215266825        0.0009830906
  20 -19       -0.0262554473        0.0206883477
  20 -20       -0.0084121939       -0.0115830556
  21  21       -0.0129437615       -0.0091242914
  21  20       -0.0256599812        0.0278754118
  21  19       -0.0167873649        0.0469235315
  21  18       -0.0027969010       -0.0268420784
  21  17        0.0016005551        0.0078582403
  21  16       -0.0291802788        0.0350785215
  21  15        0.0010321467       -0.0144040143
  21  14        0.0139792541       -0.0180577207
  21  13       -0.0252242298        0.0054700893
  21  12       -0.0144985973       -0.0181447747
  21  11       -0.0113290984        0.0274741861
  21  10       -0.0328220109        0.0220781621
  21   9       -0.0255208348        0.0062664255
  21   8        0.0472277310        0.0160395844
  21   7        0.0195750343        0.0096695222
  21   6       -0.0381012248       -0.0090867592
  21   5       -0.0066139511       -0.0368032075
  21   4        0.0090555224        0.0087935879
  21   3       -0.0205039521       -0.0017515069
  21   2        0.0097298838       -0.0617444532
  21   1        0.0079571506       -0.0123856391
  21   0       -0.0479928474        0.0000000000
  21  -1       -0.0079571506       -0.0123856391
  21  -2        0.0097298838        0.0617444532
  21  -3        0.0205039521       -0.0017515069
  21  -4        0.0090555224       -0.0087935879
  21  -5        0.0066139511       -0.0368032075
  21  -6       -0.0381012248        0.0090867592
  21  -7       -0.0195750343        0.0096695222
  21  -8        0.0472277310       -0.0160395844
  21  -9        0.0255208348        0.0062664255
  21 -10       -0.0328220109       -0.0220781621
  21 -11        0.0113290984        0.0274741861
  21 -12       -0.0144985973        0.0181447747
  21 -13        0.0252242298        0.0054700893
  21 -14        0.0139792541        0.0180577207
  21 -15       -0.0010321467       -0.0144040143
  21 -16       -0.0291802788       -0.0350785215
  21 -17       -0.0016005551        0.0078582403
  21 -18       -0.0027969010        0.0268420784
  21 -19        0.0167873649        0.0469235315
  21 -20       -0.0256599812       -0.0278754118
  21 -21        0.0129437615       -0.0091242914
  22  22        0.0057241628       -0.0450401340
  22  21        0.0030750149        0.0230307063
  22  20        0.0033867272        0.0204890954
  22  19        0.0311452329       -0.0177863341
  22  18        0.0065890517       -0.0250207760
  22  17        0.0171616757       -0.0053204459
  22  16       -0.0121118641       -0.0190748416
  22  15       -0.0031736635        0.0101285390
  22  14       -0.0067503148        0.0067745170
  22  13       -0.0225470427       -0.0319871027
  22  12        0.0191630334       -0.0142525732
  22  11       -0.0033953200        0.0233943185
  22  10       -0.0044048877        0.0139379175
  22   9       -0.0010049881        0.0056915510
  22   8       -0.0014826325       -0.0039584032
  22   7        0.0109058134        0.0232885843
  22   6       -0.0188261571       -0.0145274174
  22   5        0.0123343870        0.0126737715
  22   4       -0.0199274483       -0.0133176427
  22   3        0.0403222420        0.0072597413
  22   2       -0.0135695620        0.0368607695
  22   1       -0.0211595616        0.0406163409
  22   0        0.0246665263        0.0000000000
  22  -1        0.0211595616        0.0406163409
  22  -2       -0.0135695620       -0.0368607695
  22  -3       -0.0403222420        0.0072597413
  22  -4       -0.0199274483        0.0133176427
  22  -5       -0.0123343870        0.0126737715
  22  -6       -0.0188261571        0.0145274174
  22  -7       -0.0109058134        0.0232885843
  22  -8       -0.0014826325        0.0039584032
  22  -9        0.0010049881        0.0056915510
  22 -10       -0.0044048877       -0.0139379175
  22 -11        0.0033953200        0.0233943185
  22 -12        0.0191630334        0.0142525732
  22 -13        0.0225470427       -0.0319871027
  22 -14       -0.0067503148       -0.0067745170
  22 -15        0.0031736635        0.0101285390
  22 -16       -0.0121118641        0.0190748416
  22 -17       -0.0171616757       -0.0053204459
  22 -18        0.0065890517        0.0250207760
  22 -19       -0.0311452329       -0.0177863341
  22 -20        0.0033867272       -0.0204890954
  22 -21       -0.0030750149        0.0230307063
  22 -22        0.0057241628        0.0450401340
  23  23        0.0133004449        0.0239447416
  23  22        0.0171667370        0.0078985305
  23  21       -0.0002047894       -0.0010001505
  23  20       -0.0207660958       -0.0250027823
  23  19        0.0123511916        0.0008059048
  23  18        0.0342959771        0.0146542690
  23  17        0.0348525191       -0.0050056989
  23  16       -0.0029504391       -0.0321211878
  23  15       -0.0093738846        0.0182219815
  23  14       -0.0274716240        0.0180410623
  23  13        0.0351640374        0.0163817341
  23  12        0.0014287364        0.0102075555
  23  11       -0.0025221138       -0.0155275394
  23  10       -0.0148332554       -0.0474106827
  23   9        0.0457294318       -0.0038752529
  23   8       -0.0015704940        0.0062148433
  23   7       -0.0170781444       -0.0256092650
  23   6       -0.0398370572       -0.0040422300
  23   5        0.0028715445        0.0121111939
  23   4       -0.0103278896        0.0125907057
  23   3       -0.0171627513        0.0141025137
  23   2       -0.0080231292       -0.0107532791
  23   1        0.0322557214       -0.0210963178
  23   0       -0.0259374867        0.0000000000
  23  -1       -0.0322557214       -0.0210963178
  23  -2       -0.0080231292        0.0107532791
  23  -3        0.0171627513        0.0141025137
  23  -4       -0.0103278896       -0.0125907057
  23  -5       -0.0028715445        0.0121111939
  23  -6       -0.0398370572        0.0040422300
  23  -7        0.0170781444       -0.0256092650
  23  -8       -0.0015704940       -0.0062148433
  23  -9       -0.0457294318       -0.0038752529
  23 -10       -0.0148332554        0.0474106827
  23 -11        0.0025221138       -0.0155275394
  23 -12        0.0014287364       -0.0102075555
  23 -13       -0.0351640374        0.0163817341
  23 -14       -0.0274716240       -0.0180410623
  23 -15        0.0093738846        0.0182219815
  23 -16       -0.0029504391        0.0321211878
  23 -17       -0.0348525191       -0.0050056989
  23 -18        0.0342959771       -0.0146542690
  23 -19       -0.0123511916        0.0008059048
  23 -20       -0.0207660958        0.0250027823
  23 -21        0.0002047894       -0.0010001505
  23 -22        0.0171667370       -0.0078985305
  23 -23       -0.0133004449        0.0239447416
  24  24       -0.0038846782        0.0474200592
  24  23        0.0091985785        0.0103551621
  24  22        0.0126932827        0.0002477930
  24  21       -0.0271177290        0.0063400445
  24  20        0.0309621593       -0.0100643766
  24  19        0.0165286462       -0.0204393839
  24  18        0.0141813457       -0.0013092320
  24  17       -0.0270290006       -0.0060349850
  24  16        0.0151195008       -0.0065900783
  24  15       -0.0094987653        0.0076979622
  24  14        0.0040809228        0.0200546111
  24  13       -0.0129851909       -0.0051227543
  24  12        0.0189030916        0.0034328378
  24  11        0.0126826417       -0.0057853508
  24  10        0.0157085429        0.0166002803
  24   9        0.0252723830       -0.0105285438
  24   8       -0.0370856184       -0.0073435397
  24   7       -0.0324379836       -0.0175273201
  24   6       -0.0324312692        0.0165098001
  24   5        0.0023238327       -0.0033547264
  24   4        0.0131057771        0.0254751645
  24   3       -0.0199317887       -0.0469483898
  24   2       -0.0271673724       -0.0029088225
  24   1       -0.0466502705        0.0155410666
  24   0        0.0086315868        0.0000000000
  24  -1        0.0466502705        0.0155410666
  24  -2       -0.0271673724        0.0029088225
  24  -3        0.0199317887       -0.0469483898
  24  -4        0.0131057771       -0.0254751645
  24  -5       -0.0023238327       -0.0033547264
  24  -6       -0.0324312692       -0.0165098001
  24  -7        0.0324379836       -0.0175273201
  24  -8       -0.0370856184        0.0073435397
  24  -9       -0.0252723830       -0.0105285438
  24 -10        0.0157085429       -0.0166002803
  24 -11       -0.0126826417       -0.0057853508
  24 -12        0.0189030916       -0.0034328378
  24 -13        0.0129851909       -0.0051227543
  24 -14        0.0040809228       -0.0200546111
  24 -15        0.0094987653        0.0076979622
  24 -16        0.0151195008        0.0065900783
  24 -17        0.0270290006       -0.0060349850
  24 -18        0.0141813457        0.0013092320
  24 -19       -0.0165286462       -0.0204393839
  24 -20        0.0309621593        0.0100643766
  24 -21        0.0271177290        0.0063400445
  24 -22        0.0126932827       -0.0002477930
  24 -23       -0.0091985785        0.0103551621
  24 -24       -0.0038846782       -0.0474200592
  25  25        0.0075375643       -0.0036310287
  25  24       -0.0034827853       -0.0173559717
  25  23       -0.0306129882       -0.0054187587
  25  22        0.0033341094        0.0267893828
  25  21       -0.0154973292       -0.0242933288
  25  20       -0.0022812787       -0.0050559813
  25  19        0.0063950207       -0.0221155523
  25  18       -0.0241778979        0.0224839181
  25  17       -0.0200536345       -0.0066897511
  25  16       -0.0058872906       -0.0029644425
  25  15       -0.0142332694        0.0045938433
  25  14        0.0121915076       -0.0154302544
  25  13       -0.0003065877       -0.0055505739
  25  12       -0.0154003403        0.0329101863
  25  11        0.0016439592       -0.0164184702
  25  10        0.0421073013       -0.0483873744
  25   9        0.0022392227        0.0144921389
  25   8       -0.0066715187        0.0175062354
  25   7       -0.0164142442        0.0203125384
  25   6        0.0309020367        0.0092947832
  25   5        0.0172687438       -0.0103253923
  25   4        0.0087936499       -0.0337425333
  25   3       -0.0087784555        0.0158417332
  25   2       -0.0407201032       -0.0072857382
  25   1        0.0456892744        0.0238637841
  25   0        0.0405523981        0.0000000000
  25  -1       -0.0456892744        0.0238637841
  25  -2       -0.0407201032        0.0072857382
  25  -3        0.0087784555        0.0158417332
  25  -4        0.0087936499        0.0337425333
  25  -5       -0.0172687438       -0.0103253923
  25  -6        0.0309020367       -0.0092947832
  25  -7        0.0164142442        0.0203125384
  25  -8       -0.0066715187       -0.0175062354
  25  -9       -0.0022392227        0.0144921389
  25 -10        0.0421073013        0.0483873744
  25 -11       -0.0016439592       -0.0164184702
  25 -12       -0.0154003403       -0.0329101863
  25 -13        0.0003065877       -0.0055505739
  25 -14        0.0121915076        0.0154302544
  25 -15        0.0142332694        0.0045938433
  25 -16       -0.0058872906        0.0029644425
  25 -17        0.0200536345       -0.0066897511
  25 -18       -0.0241778979       -0.0224839181
  25 -19       -0.0063950207       -0.0221155523
  25 -20       -0.0022812787        0.0050559813
  25 -21        0.0154973292       -0.0242933288
  25 -22        0.0033341094       -0.0267893828
  25 -23        0.0306129882       -0.0054187587
  25 -24       -0.0034827853        0.0173559717
  25 -25       -0.0075375643       -0.0036310287
  26  26        0.0157449082        0.0085355888
  26  25       -0.0115321481       -0.0001636285
  26  24        0.0098570405       -0.0110289316
  26  23        0.0033890440        0.0143725807
  26  22       -0.0374361183       -0.0077949823
  26  21       -0.0108683752       -0.0016124009
  26  20       -0.0239834234        0.0129851285
  26  19       -0.0022636255        0.0008774842
  26  18       -0.0168301344       -0.0033254660
  26  17        0.0247429145       -0.0024517939
  26  16        0.0137183495        0.0069127326
  26  15        0.0164311867       -0.0135970988
  26  14        0.0088725200       -0.0001209142
  26  13        0.0210945059       -0.0192342056
  26  12       -0.0287958810        0.0255354687
  26  11       -0.0124927281       -0.0228080443
  26  10       -0.0011351025        0.0716567534
  26   9       -0.0174478339       -0.0037946779
  26   8       -0.0177865225        0.0021164713
  26   7        0.0300981427        0.0150054041
  26   6        0.0504420044        0.0022212081
  26   5       -0.0037031980        0.0142061780
  26   4        0.0137682767        0.0040431977
  26   3       -0.0187310368       -0.0257900564
  26   2        0.0190836195       -0.0024861238
  26   1        0.0182746991        0.0158712752
  26   0       -0.0656444200        0.0000000000
  26  -1       -0.0182746991        0.0158712752
  26  -2        0.0190836195        0.0024861238
  26  -3        0.0187310368       -0.0257900564
  26  -4        0.0137682767       -0.0040431977
  26  -5        0.0037031980        0.0142061780
  26  -6        0.0504420044       -0.0022212081
  26  -7       -0.0300981427        0.0150054041
  26  -8       -0.0177865225       -0.0021164713
  26  -9        0.0174478339       -0.0037946779
  26 -10       -0.0011351025       -0.0716567534
  26 -11        0.0124927281       -0.0228080443
  26 -12       -0.0287958810       -0.0255354687
  26 -13       -0.0210945059       -0.0192342056
  26 -14        0.0088725200        0.0001209142
  26 -15       -0.0164311867       -0.0135970988
  26 -16        0.0137183495       -0.0069127326
  26 -17       -0.0247429145       -0.0024517939
  26 -18       -0.0168301344        0.0033254660
  26 -19        0.0022636255        0.0008774842
  26 -20       -0.0239834234       -0.0129851285
  26 -21        0.0108683752       -0.0016124009
  26 -22       -0.0374361183        0.0077949823
  26 -23       -0.0033890440        0.0143725807
  26 -24        0.0098570405        0.0110289316
  26 -25        0.0115321481       -0.0001636285
  26 -26        0.0157449082       -0.0085355888
  27  27        0.0092441116        0.0066395044
  27  26        0.0125347290       -0.0144350739
  27  25       -0.0098778709       -0.0072347144
  27  24        0.0258284366        0.0055214208
  27  23       -0.0370533216        0.0245077947
  27  22        0.0305919955        0.0113272899
  27  21        0.0056029423        0.0126559164
  27  20        0.0221060085       -0.0038984123
  27  19       -0.0199629249        0.0358876379
  27  18        0.0274491948        0.0169518304
  27  17        0.0143067321       -0.0163768490
  27  16        0.0136754149        0.0175186603
  27  15       -0.0073961942       -0.0035650337
  27  14       -0.0128544329       -0.0245317632
  27  13       -0.0258555291       -0.0133390110
  27  12       -0.0128048893       -0.0113658259
  27  11       -0.0067035702        0.0042170553
  27  10       -0.0365404786       -0.0233409082
  27   9        0.0054443593       -0.0102281314
  27   8        0.0011905559       -0.0079918505
  27   7       -0.0107520342       -0.0289476526
  27   6       -0.0010032683        0.0062844822
  27   5        0.0337146572       -0.0088883349
  27   4       -0.0094009267       -0.0251464701
  27   3       -0.0099681168       -0.0360732537
  27   2       -0.0014120204        0.0208571890
  27   1        0.0234527928       -0.0057987806
  27   0        0.0198894301        0.0000000000
  27  -1       -0.0234527928       -0.0057987806
  27  -2       -0.0014120204       -0.0208571890
  27  -3        0.0099681168       -0.0360732537
  27  -4       -0.0094009267        0.0251464701
  27  -5       -0.0337146572       -0.0088883349
  27  -6       -0.0010032683       -0.0062844822
  27  -7        0.0107520342       -0.0289476526
  27  -8        0.0011905559        0.0079918505
  27  -9       -0.0054443593       -0.0102281314
  27 -10       -0.0365404786        0.0233409082
  27 -11        0.0067035702        0.0042170553
  27 -12       -0.0128048893        0.0113658259
  27 -13        0.0258555291       -0.0133390110
  27 -14       -0.0128544329        0.0245317632
  27 -15        0.0073961942       -0.0035650337
  27 -16        0.0136754149       -0.0175186603
  27 -17       -0.0143067321       -0.0163768490
  27 -18        0.0274491948       -0.0169518304
  27 -19        0.0199629249        0.0358876379
  27 -20        0.0221060085        0.0038984123
  27 -21       -0.0056029423        0.0126559164
  27 -22        0.0305919955       -0.0113272899
  27 -23        0.0370533216        0.0245077947
  27 -24        0.0258284366       -0.0055214208
  27 -25        0.0098778709       -0.0072347144
  27 -26        0.0125347290        0.0144350739
  27 -27       -0.0092441116        0.0066395044
  28  28        0.0215649709       -0.0058897214
  28  27        0.0097260377       -0.0046392165
  28  26       -0.0122568316        0.0277820759
  28  25        0.0070268273        0.0141091999
  28  24        0.0094038039       -0.0038458943
  28  23       -0.0260675827        0.0256428788
  28  22        0.0168398741       -0.0193256785
  28  21       -0.0443397771       -0.0150421591
  28  20        0.0253834378        0.0139091497
  28  19       -0.0181388275        0.0051022079
  28  18        0.0134389133       -0.0102238682
  28  17       -0.0073025862       -0.0173656897
  28  16        0.0110335080       -0.0053200887
  28  15       -0.0267504428       -0.0102290891
  28  14        0.0055891566       -0.0216786516
  28  13       -0.0130739405        0.0148533155
  28  12       -0.0018377829       -0.0324267868
  28  11        0.0351690620       -0.0164438243
  28  10       -0.0083076745       -0.0095938161
  28   9       -0.0084026982        0.0114320180
  28   8       -0.0116645939       -0.0120737915
  28   7        0.0152724233       -0.0021001173
  28   6       -0.0306844019       -0.0178787578
  28   5        0.0230145283       -0.0333439575
  28   4       -0.0004044085        0.0176610281
  28   3       -0.0168426791        0.0043553941
  28   2        0.0047294794        0.0034389605
  28   1        0.0375915760       -0.0194986310
  28   0       -0.0016836539        0.0000000000
  28  -1       -0.0375915760       -0.0194986310
  28  -2        0.0047294794       -0.0034389605
  28  -3        0.0168426791        0.0043553941
  28  -4       -0.0004044085       -0.0176610281
  28  -5       -0.0230145283       -0.0333439575
  28  -6       -0.0306844019        0.0178787578
  28  -7       -0.0152724233       -0.0021001173
  28  -8       -0.0116645939        0.0120737915
  28  -9        0.0084026982        0.0114320180
  28 -10       -0.0083076745        0.0095938161
  28 -11       -0.0351690620       -0.0164438243
  28 -12       -0.0018377829        0.0324267868
  28 -13        0.0130739405        0.0148533155
  28 -14        0.0055891566        0.0216786516
  28 -15        0.0267504428       -0.0102290891
  28 -16        0.0110335080        0.0053200887
  28 -17        0.0073025862       -0.0173656897
  28 -18        0.0134389133        0.0102238682
  28 -19        0.0181388275        0.0051022079
  28 -20        0.0253834378       -0.0139091497
  28 -21        0.0443397771       -0.0150421591
  28 -22        0.0168398741        0.0193256785
  28 -23        0.0260675827        0.0256428788
  28 -24        0.0094038039        0.0038458943
  28 -25       -0.0070268273        0.0141091999
  28 -26       -0.0122568316       -0.0277820759
  28 -27       -0.0097260377       -0.0046392165
  28 -28        0.0215649709        0.0058897214
  29  29        0.0008412013        0.0079523382
  29  28       -0.0129105958       -0.0045435755
  29  27       -0.0067288604        0.0033341889
  29  26        0.0111166262       -0.0014625210
  29  25        0.0124965599        0.0209143812
  29  24        0.0037551124       -0.0083396909
  29  23       -0.0068749701       -0.0309716188
  29  22       -0.0104799741       -0.0168693949
  29  21       -0.0066915643        0.0133959687
  29  20       -0.0064355026        0.0017538935
  29  19       -0.0104932863       -0.0168355749
  29  18        0.0197635695        0.0086734819
  29  17        0.0300538593        0.0281115631
  29  16       -0.0247666663       -0.0204814989
  29  15        0.0000840342        0.0061792468
  29  14       -0.0262892988        0.0017158063
  29  13        0.0197507633       -0.0109375544
  29  12       -0.0149460014       -0.0091271779
  29  11       -0.0083810608        0.0010754098
  29  10       -0.0158921927       -0.0020509257
  29   9        0.0184135477        0.0000441514
  29   8        0.0105138850       -0.0003696688
  29   7       -0.0067692786       -0.0031027646
  29   6       -0.0304878611       -0.0116282709
  29   5       -0.0100249081        0.0248719549
  29   4       -0.0013552631        0.0099239224
  29   3        0.0470686612       -0.0135275225
  29   2        0.0271239086       -0.0219746183
  29   1       -0.0385799473        0.0101016721
  29   0       -0.0298455966        0.0000000000
  29  -1        0.0385799473        0.0101016721
  29  -2        0.0271239086        0.0219746183
  29  -3       -0.0470686612       -0.0135275225
  29  -4       -0.0013552631       -0.0099239224
  29  -5        0.0100249081        0.0248719549
  29  -6       -0.0304878611        0.0116282709
  29  -7        0.0067692786       -0.0031027646
  29  -8        0.0105138850        0.0003696688
  29  -9       -0.0184135477        0.0000441514
  29 -10       -0.0158921927        0.0020509257
  29 -11        0.0083810608        0.0010754098
  29 -12       -0.0149460014        0.0091271779
  29 -13       -0.0197507633       -0.0109375544
  29 -14       -0.0262892988       -0.0017158063
  29 -15       -0.0000840342        0.0061792468
  29 -16       -0.0247666663        0.0204814989
  29 -17       -0.0300538593        0.0281115631
  29 -18        0.0197635695       -0.0086734819
  29 -19        0.0104932863       -0.0168355749
  29 -20       -0.0064355026       -0.0017538935
  29 -21        0.0066915643        0.0133959687
  29 -22       -0.0104799741        0.0168693949
  29 -23        0.0068749701       -0.0309716188
  29 -24        0.0037551124        0.0083396909
  29 -25       -0.0124965599        0.0209143812
  29 -26        0.0111166262        0.0014625210
  29 -27        0.0067288604        0.0033341889
  29 -28       -0.0129105958        0.0045435755
  29 -29       -0.0008412013        0.0079523382
  30  30       -0.0040917900       -0.0150126356
  30  29        0.0135634910       -0.0047162167
  30  28        0.0254865734       -0.0042996663
  30  27       -0.0197420471       -0.0453722297
  30  26        0.0094411291       -0.0062641839
  30  25       -0.0154920663       -0.0132762050
  30  24       -0.0103389957        0.0437015318
  30  23        0.0029532943        0.0047937317
  30  22        0.0343001497        0.0042385944
  30  21       -0.0152735849        0.0265001489
  30  20       -0.0015114262        0.0211297626
  30  19       -0.0092921232        0.0135236168
  30  18       -0.0001409311       -0.0351710348
  30  17       -0.0055298004        0.0082662692
  30  16        0.0013340991       -0.0244634899
  30  15        0.0070928565        0.0077298858
  30  14        0.0108056325       -0.0136611608
  30  13        0.0184957140        0.0217092876
  30  12        0.0055486761       -0.0080180172
  30  11        0.0306504901       -0.0113626875
  30  10        0.0042905469        0.0044686576
  30   9       -0.0007850745       -0.0008540613
  30   8       -0.0165782109       -0.0100475530
  30   7       -0.0081767517       -0.0078087730
  30   6        0.0110116156        0.0229456123
  30   5        0.0352274439       -0.0004894024
  30   4       -0.0134672229        0.0029148740
  30   3       -0.0138188414        0.0244905346
  30   2       -0.0081915885        0.0176934112
  30   1        0.0351524753       -0.0121843137
  30   0       -0.0189807730        0.0000000000
  30  -1       -0.0351524753       -0.0121843137
  30  -2       -0.0081915885       -0.0176934112
  30  -3        0.0138188414        0.0244905346
  30  -4       -0.0134672229       -0.0029148740
  30  -5       -0.0352274439       -0.0004894024
  30  -6        0.0110116156       -0.0229456123
  30  -7        0.0081767517       -0.0078087730
  30  -8       -0.0165782109        0.0100475530
  30  -9        0.0007850745       -0.0008540613
  30 -10        0.0042905469       -0.0044686576
  30 -11       -0.0306504901       -0.0113626875
  30 -12        0.0055486761        0.0080180172
  30 -13       -0.0184957140        0.0217092876
  30 -14        0.0108056325        0.0136611608
  30 -15       -0.0070928565        0.0077298858
  30 -16        0.0013340991        0.0244634899
  30 -17        0.0055298004        0.0082662692
  30 -18       -0.0001409311        0.0351710348
  30 -19        0.0092921232        0.0135236168
  30 -20       -0.0015114262       -0.0211297626
  30 -21        0.0152735849        0.0265001489
  30 -22        0.0343001497       -0.0042385944
  30 -23       -0.0029532943        0.0047937317
  30 -24       -0.0103389957       -0.0437015318
  30 -25        0.0154920663       -0.0132762050
  30 -26        0.0094411291        0.0062641839
  30 -27        0.0197420471       -0.0453722297
  30 -28        0.0254865734        0.0042996663
  30 -29       -0.0135634910       -0.0047162167
  30 -30       -0.0040917900        0.0150126356
