   0   0       36.6463067355        0.0000000000
   1   1        0.5276613258        0.0668339299
   1   0        0.5195208195        0.0000000000
   1  -1       -0.5276613258        0.0668339299
   2   2        0.1519495875        2.8452477709
   2   1        0.6451029363        1.6450084511
   2   0        2.4484699691        0.0000000000
   2  -1       -0.6451029363        1.6450084511
   2  -2        0.1519495875       -2.8452477709
   3   3       -1.7348857026        0.5043328062
   3   2       -0.0857242592       -0.8067923613
   3   1       -0.5848679205       -1.2278492554
   3   0        2.8874795750        0.0000000000
   3  -1        0.5848679205       -1.2278492554
   3  -2       -0.0857242592        0.8067923613
   3  -3        1.7348857026        0.5043328062
   4   4       -0.2801967842        0.4811268190
   4   3       -1.0255270698        0.3231155673
   4   2       -0.5492752177       -0.0890777840
   4   1       -0.2537678759        0.3460333339
   4   0        0.3150221888        0.0000000000
   4  -1        0.2537678759        0.3460333339
   4  -2       -0.5492752177        0.0890777840
   4  -3        1.0255270698        0.3231155673
   4  -4       -0.2801967842       -0.4811268190
   5   5        0.3791162466       -0.1113501334
   5   4       -0.0832180908       -0.0373902422
   5   3        0.1246803557       -0.0395541749
   5   2        0.5117929607       -0.4348676897
   5   1        0.5739328636       -0.0044069988
   5   0        0.3324151793        0.0000000000
   5  -1       -0.5739328636       -0.0044069988
   5  -2        0.5117929607        0.4348676897
   5  -3       -0.1246803557       -0.0395541749
   5  -4       -0.0832180908        0.0373902422
   5  -5       -0.3791162466       -0.1113501334
   6   6        0.0291042685        0.2768246963
   6   5       -0.3709751298       -0.0361902299
   6   4       -0.2055460143       -0.1522177822
   6   3       -0.6647980899       -0.2620654312
   6   2       -0.1268929104        0.1120697341
   6   1        0.2479535509       -0.1088577473
   6   0       -0.2916436408        0.0000000000
   6  -1       -0.2479535509       -0.1088577473
   6  -2       -0.1268929104       -0.1120697341
   6  -3        0.6647980899       -0.2620654312
   6  -4       -0.2055460143        0.1522177822
   6  -5        0.3709751298       -0.0361902299
   6  -6        0.0291042685       -0.2768246963
   7   7       -0.0816265657        0.1835013436
   7   6        0.1387090544        0.1457625323
   7   5        0.0351002851        0.0373711881
   7   4        0.2397385360        0.3656556924
   7   3        0.2992559004        0.0745090831
   7   2        0.1018926329       -0.0256970775
   7   1       -0.2474315766        0.0441213183
   7   0        0.0677807743        0.0000000000
   7  -1        0.2474315766        0.0441213183
   7  -2        0.1018926329        0.0256970775
   7  -3       -0.2992559004        0.0745090831
   7  -4        0.2397385360       -0.3656556924
   7  -5       -0.0351002851        0.0373711881
   7  -6        0.1387090544       -0.1457625323
   7  -7        0.0816265657        0.1835013436
   8   8       -0.3263497416        0.0817659086
   8   7       -0.0011710338       -0.0914414342
   8   6        0.0187199079       -0.3278440797
   8   5        0.1705308995       -0.1406056139
   8   4       -0.0794661557       -0.1852460230
   8   3       -0.1095740157        0.3007577676
   8   2        0.2202771283        0.1336833616
   8   1       -0.2959441922       -0.2945333398
   8   0       -0.3497766401        0.0000000000
   8  -1        0.2959441922       -0.2945333398
   8  -2        0.2202771283       -0.1336833616
   8  -3        0.1095740157        0.3007577676
   8  -4       -0.0794661557        0.1852460230
   8  -5       -0.1705308995       -0.1406056139
   8  -6        0.0187199079        0.3278440797
   8  -7        0.0011710338       -0.0914414342
   8  -8       -0.3263497416       -0.0817659086
   9   9       -0.1626872100       -0.1077998870
   9   8       -0.0489108050        0.0929040226
   9   7       -0.0553312737        0.0067438464
   9   6       -0.0044036002        0.2778146742
   9   5        0.0686999916        0.2351459277
   9   4        0.0235052126        0.0608801707
   9   3       -0.2384059290       -0.2372786310
   9   2        0.0028144884        0.0397411550
   9   1        0.2322036914        0.1959602758
   9   0       -0.0178476276        0.0000000000
   9  -1       -0.2322036914        0.1959602758
   9  -2        0.0028144884       -0.0397411550
   9  -3        0.2384059290       -0.2372786310
   9  -4        0.0235052126       -0.0608801707
   9  -5       -0.0686999916        0.2351459277
   9  -6       -0.0044036002       -0.2778146742
   9  -7        0.0553312737        0.0067438464
   9  -8       -0.0489108050       -0.0929040226
   9  -9        0.1626872100       -0.1077998870
  10  10       -0.0454186078       -0.1297351792
  10   9        0.0942740299       -0.0534807475
  10   8        0.3143231331       -0.0583370139
  10   7        0.0555377782       -0.1563212662
  10   6        0.0339127419       -0.1595753309
  10   5       -0.0195526996        0.0439457155
  10   4        0.0286798317        0.2539821257
  10   3        0.1420160157       -0.1593231418
  10   2       -0.0066378433       -0.1459337441
  10   1        0.0671022114        0.1544824925
  10   0        0.2912818776        0.0000000000
  10  -1       -0.0671022114        0.1544824925
  10  -2       -0.0066378433        0.1459337441
  10  -3       -0.1420160157       -0.1593231418
  10  -4        0.0286798317       -0.2539821257
  10  -5        0.0195526996        0.0439457155
  10  -6        0.0339127419        0.1595753309
  10  -7       -0.0555377782       -0.1563212662
  10  -8        0.3143231331        0.0583370139
  10  -9       -0.0942740299       -0.0534807475
  10 -10       -0.0454186078        0.1297351792
  11  11        0.1536610278       -0.1163223193
  11  10        0.0292257477       -0.0317009033
  11   9       -0.0525835691       -0.0441246093
  11   8       -0.2375641878        0.1444815452
  11   7       -0.0437317683        0.2692006795
  11   6        0.1468281509        0.0039027733
  11   5       -0.0126609311       -0.1098569779
  11   4       -0.0547438662       -0.0276801255
  11   3        0.1167148607        0.0315260452
  11   2        0.0977662561        0.1799842803
  11   1       -0.0453537736        0.1142055706
  11   0       -0.3967420692        0.0000000000
  11  -1        0.0453537736        0.1142055706
  11  -2        0.0977662561       -0.1799842803
  11  -3       -0.1167148607        0.0315260452
  11  -4       -0.0547438662        0.0276801255
  11  -5        0.0126609311       -0.1098569779
  11  -6        0.1468281509       -0.0039027733
  11  -7        0.0437317683        0.2692006795
  11  -8       -0.2375641878       -0.1444815452
  11  -9        0.0525835691       -0.0441246093
  11 -10        0.0292257477        0.0317009033
  11 -11       -0.1536610278       -0.1163223193
  12  12        0.0223069888        0.0165166043
  12  11       -0.0058866837        0.0698527296
  12  10        0.1014154180        0.1835658269
  12   9        0.1517499047       -0.0115324900
  12   8        0.0866054309       -0.0933494160
  12   7       -0.0464550387       -0.1031256223
  12   6       -0.0215188155        0.0747787954
  12   5        0.0248543082        0.1163478195
  12   4       -0.0459010687        0.0210135077
  12   3       -0.0695149555       -0.0934991543
  12   2       -0.0437079346        0.0271783900
  12   1        0.1109133333        0.0858450977
  12   0        0.0804739876        0.0000000000
  12  -1       -0.1109133333        0.0858450977
  12  -2       -0.0437079346       -0.0271783900
  12  -3        0.0695149555       -0.0934991543
  12  -4       -0.0459010687       -0.0210135077
  12  -5       -0.0248543082        0.1163478195
  12  -6       -0.0215188155       -0.0747787954
  12  -7        0.0464550387       -0.1031256223
  12  -8        0.0866054309        0.0933494160
  12  -9       -0.1517499047       -0.0115324900
  12 -10        0.1014154180       -0.1835658269
  12 -11        0.0058866837        0.0698527296
  12 -12        0.0223069888       -0.0165166043
  13  13        0.0902055308        0.0287521115
  13  12        0.0606991132       -0.0130625430
  13  11       -0.0631708460       -0.0274475308
  13  10       -0.0772625040       -0.0372638536
  13   9       -0.2848562423        0.0310261010
  13   8       -0.0110569587        0.1102167349
  13   7        0.0013688440       -0.1310488608
  13   6       -0.0038649889       -0.0518477232
  13   5        0.0080492820        0.0325964183
  13   4       -0.0997746353        0.0591437611
  13   3        0.0841686766        0.0832934918
  13   2       -0.0229079379       -0.1398773780
  13   1       -0.1632266005       -0.0271165854
  13   0        0.2620691408        0.0000000000
  13  -1        0.1632266005       -0.0271165854
  13  -2       -0.0229079379        0.1398773780
  13  -3       -0.0841686766        0.0832934918
  13  -4       -0.0997746353       -0.0591437611
  13  -5       -0.0080492820        0.0325964183
  13  -6       -0.0038649889        0.0518477232
  13  -7       -0.0013688440       -0.1310488608
  13  -8       -0.0110569587       -0.1102167349
  13  -9        0.2848562423        0.0310261010
  13 -10       -0.0772625040        0.0372638536
  13 -11        0.0631708460       -0.0274475308
  13 -12        0.0606991132        0.0130625430
  13 -13       -0.0902055308        0.0287521115
  14  14       -0.0485222028        0.0123473408
  14  13       -0.0105303492        0.0472206486
  14  12       -0.0640106224        0.1078642812
  14  11        0.0986515720        0.0865588968
  14  10        0.1328969288        0.0460617493
  14   9        0.0811532449       -0.0176547929
  14   8       -0.0175305950        0.0074529722
  14   7       -0.0357415878        0.0042970935
  14   6        0.0489077236        0.0554390965
  14   5       -0.0099590734       -0.1220291909
  14   4       -0.0376482097       -0.0760779238
  14   3        0.0853296893        0.0590346865
  14   2        0.0264394580        0.0830070514
  14   1        0.0507999123        0.0908212715
  14   0       -0.0854894653        0.0000000000
  14  -1       -0.0507999123        0.0908212715
  14  -2        0.0264394580       -0.0830070514
  14  -3       -0.0853296893        0.0590346865
  14  -4       -0.0376482097        0.0760779238
  14  -5        0.0099590734       -0.1220291909
  14  -6        0.0489077236       -0.0554390965
  14  -7        0.0357415878        0.0042970935
  14  -8       -0.0175305950       -0.0074529722
  14  -9       -0.0811532449       -0.0176547929
  14 -10        0.1328969288       -0.0460617493
  14 -11       -0.0986515720        0.0865588968
  14 -12       -0.0640106224       -0.1078642812
  14 -13        0.0105303492        0.0472206486
  14 -14       -0.0485222028       -0.0123473408
  15  15        0.0244340042        0.0044481617
  15  14        0.0462989149       -0.0201103842
  15  13        0.0171238303       -0.0183086431
  15  12        0.0088579524       -0.1002338133
  15  11       -0.1252643264       -0.1325155395
  15  10       -0.0552512385        0.0484502786
  15   9        0.0971558474        0.0666445871
  15   8        0.0143456491       -0.0652060146
  15   7       -0.0292431604       -0.0301698665
  15   6       -0.1195274273        0.0129149211
  15   5        0.0439882222        0.0178483561
  15   4        0.0498898233       -0.0623104878
  15   3       -0.0314527603        0.0451086075
  15   2        0.0093223496        0.0574841235
  15   1        0.0705575885       -0.0009056940
  15   0       -0.0186899293        0.0000000000
  15  -1       -0.0705575885       -0.0009056940
  15  -2        0.0093223496       -0.0574841235
  15  -3        0.0314527603        0.0451086075
  15  -4        0.0498898233        0.0623104878
  15  -5       -0.0439882222        0.0178483561
  15  -6       -0.1195274273       -0.0129149211
  15  -7        0.0292431604       -0.0301698665
  15  -8        0.0143456491        0.0652060146
  15  -9       -0.0971558474        0.0666445871
  15 -10       -0.0552512385       -0.0484502786
  15 -11        0.1252643264       -0.1325155395
  15 -12        0.0088579524        0.1002338133
  15 -13       -0.0171238303       -0.0183086431
  15 -14        0.0462989149        0.0201103842
  15 -15       -0.0244340042        0.0044481617
  16  16       -0.0646444134       -0.0313811039
  16  15       -0.0715397063        0.0141553792
  16  14       -0.0170047942        0.0406305642
  16  13       -0.0066971112        0.1107465773
  16  12        0.0940940198        0.0877592338
  16  11        0.0229853227        0.0465196678
  16  10        0.0590331276        0.0153707633
  16   9       -0.0514164278       -0.1125077234
  16   8       -0.0782058842        0.0556407236
  16   7        0.0666207234       -0.0073734882
  16   6        0.0058716187       -0.1030911461
  16   5        0.0073643063        0.0851191155
  16   4        0.0851252348       -0.0131917476
  16   3       -0.0152275308        0.1119551364
  16   2        0.0328505252       -0.0009856866
  16   1       -0.1233747686       -0.0694647266
  16   0        0.0046833853        0.0000000000
  16  -1        0.1233747686       -0.0694647266
  16  -2        0.0328505252        0.0009856866
  16  -3        0.0152275308        0.1119551364
  16  -4        0.0851252348        0.0131917476
  16  -5       -0.0073643063        0.0851191155
  16  -6        0.0058716187        0.1030911461
  16  -7       -0.0666207234       -0.0073734882
  16  -8       -0.0782058842       -0.0556407236
  16  -9        0.0514164278       -0.1125077234
  16 -10        0.0590331276       -0.0153707633
  16 -11       -0.0229853227        0.0465196678
  16 -12        0.0940940198       -0.0877592338
  16 -13        0.0066971112        0.1107465773
  16 -14       -0.0170047942       -0.0406305642
  16 -15        0.0715397063        0.0141553792
  16 -16       -0.0646444134        0.0313811039
  17  17       -0.0110656059       -0.0021848203
  17  16        0.0405259394        0.0116330426
  17  15        0.0457800426       -0.0324412565
  17  14        0.0480220911       -0.0553330059
  17  13        0.0368599536       -0.1252149637
  17  12       -0.0296756064       -0.0838365381
  17  11        0.0123942557        0.0638353278
  17  10       -0.0255337393        0.0548123048
  17   9        0.0219619035       -0.0877703249
  17   8        0.0425753943        0.0010848821
  17   7        0.0713156198        0.0273849193
  17   6        0.0016324026        0.1413517136
  17   5       -0.0192223527       -0.0014215017
  17   4       -0.0174087612       -0.0390154092
  17   3        0.0152426784        0.0020552161
  17   2        0.0272074310       -0.0094191779
  17   1        0.0096357427       -0.0075850373
  17   0       -0.0418952039        0.0000000000
  17  -1       -0.0096357427       -0.0075850373
  17  -2        0.0272074310        0.0094191779
  17  -3       -0.0152426784        0.0020552161
  17  -4       -0.0174087612        0.0390154092
  17  -5        0.0192223527       -0.0014215017
  17  -6        0.0016324026       -0.1413517136
  17  -7       -0.0713156198        0.0273849193
  17  -8        0.0425753943       -0.0010848821
  17  -9       -0.0219619035       -0.0877703249
  17 -10       -0.0255337393       -0.0548123048
  17 -11       -0.0123942557        0.0638353278
  17 -12       -0.0296756064        0.0838365381
  17 -13       -0.0368599536       -0.1252149637
  17 -14        0.0480220911        0.0553330059
  17 -15       -0.0457800426       -0.0324412565
  17 -16        0.0405259394       -0.0116330426
  17 -17        0.0110656059       -0.0021848203
  18  18       -0.0156373852       -0.0361976558
  18  17       -0.0539871063       -0.0961368060
  18  16       -0.0173454443        0.0349031601
  18  15       -0.0345268666       -0.0336068214
  18  14       -0.1243579644        0.1049768511
  18  13        0.0225399558        0.0602438398
  18  12        0.0278585352        0.0245356836
  18  11        0.1132712037       -0.0255236881
  18  10       -0.0929959800       -0.0248895309
  18   9       -0.0087701659        0.0263001785
  18   8       -0.0519052585        0.0195011875
  18   7       -0.0559208270        0.0424484093
  18   6        0.0137046427       -0.0628436120
  18   5        0.0072066335       -0.0166114422
  18   4        0.0372499040       -0.0454725084
  18   3       -0.0275412600        0.0077488550
  18   2       -0.0187659945       -0.0329062772
  18   1        0.0297934093        0.0246533283
  18   0        0.0268201655        0.0000000000
  18  -1       -0.0297934093        0.0246533283
  18  -2       -0.0187659945        0.0329062772
  18  -3        0.0275412600        0.0077488550
  18  -4        0.0372499040        0.0454725084
  18  -5       -0.0072066335       -0.0166114422
  18  -6        0.0137046427        0.0628436120
  18  -7        0.0559208270        0.0424484093
  18  -8       -0.0519052585       -0.0195011875
  18  -9        0.0087701659        0.0263001785
  18 -10       -0.0929959800        0.0248895309
  18 -11       -0.1132712037       -0.0255236881
  18 -12        0.0278585352       -0.0245356836
  18 -13       -0.0225399558        0.0602438398
  18 -14       -0.1243579644       -0.1049768511
  18 -15        0.0345268666       -0.0336068214
  18 -16       -0.0173454443       -0.0349031601
  18 -17        0.0539871063       -0.0961368060
  18 -18       -0.0156373852        0.0361976558
  19  19       -0.0153388560        0.0261812523
  19  18        0.0352822627        0.0573675981
  19  17        0.0343739305        0.0163449808
  19  16        0.0861651060       -0.0169766864
  19  15        0.0506686817       -0.0424667132
  19  14        0.0241352979       -0.0578971969
  19  13       -0.0673907764       -0.0412683823
  19  12       -0.0555424125        0.0235038251
  19  11        0.0671622421        0.0473425971
  19  10       -0.0042440987        0.0007818361
  19   9       -0.0120147714        0.0203435380
  19   8       -0.0529809697       -0.0180156079
  19   7       -0.0178542198        0.0622395131
  19   6        0.0027881180       -0.0537469748
  19   5       -0.0234934842       -0.0180458048
  19   4        0.0990563322        0.0645596495
  19   3       -0.0264815434        0.0033641347
  19   2       -0.0228008086        0.0546581811
  19   1       -0.0187658245       -0.0416543321
  19   0       -0.0161357065        0.0000000000
  19  -1        0.0187658245       -0.0416543321
  19  -2       -0.0228008086       -0.0546581811
  19  -3        0.0264815434        0.0033641347
  19  -4        0.0990563322       -0.0645596495
  19  -5        0.0234934842       -0.0180458048
  19  -6        0.0027881180        0.0537469748
  19  -7        0.0178542198        0.0622395131
  19  -8       -0.0529809697        0.0180156079
  19  -9        0.0120147714        0.0203435380
  19 -10       -0.0042440987       -0.0007818361
  19 -11       -0.0671622421        0.0473425971
  19 -12       -0.0555424125       -0.0235038251
  19 -13        0.0673907764       -0.0412683823
  19 -14        0.0241352979        0.0578971969
  19 -15       -0.0506686817       -0.0424667132
  19 -16        0.0861651060        0.0169766864
  19 -17       -0.0343739305        0.0163449808
  19 -18        0.0352822627       -0.0573675981
  19 -19        0.0153388560        0.0261812523
  20  20        0.0058342625        0.0190544676
  20  19        0.0047610238       -0.0218400416
  20  18       -0.0264369743       -0.0089272762
  20  17       -0.0409523935       -0.0117053840
  20  16       -0.0304590241       -0.0513294339
  20  15       -0.0248845641        0.0058109614
  20  14       -0.0259663530        0.0523886514
  20  13        0.0782702893        0.0386650180
  20  12        0.0135029813       -0.0567812497
  20  11       -0.0147957827       -0.0092724369
  20  10        0.0087407126        0.0162385821
  20   9       -0.0518780010       -0.0267647061
  20   8        0.0373502572       -0.0247052019
  20   7        0.0648339536       -0.0101633440
  20   6       -0.0195696581       -0.0040242841
  20   5        0.0507814842        0.0365009151
  20   4       -0.0084667609        0.0298357722
  20   3       -0.0375084172        0.0597978474
  20   2       -0.0213353305       -0.0369780871
  20   1       -0.0161713964        0.0003274095
  20   0       -0.0104744135        0.0000000000
  20  -1        0.0161713964        0.0003274095
  20  -2       -0.0213353305        0.0369780871
  20  -3        0.0375084172        0.0597978474
  20  -4       -0.0084667609       -0.0298357722
  20  -5       -0.0507814842        0.0365009151
  20  -6       -0.0195696581        0.0040242841
  20  -7       -0.0648339536       -0.0101633440
  20  -8        0.0373502572        0.0247052019
  20  -9        0.0518780010       -0.0267647061
  20 -10        0.0087407126       -0.0162385821
  20 -11        0.0147957827       -0.0092724369
  20 -12        0.0135029813        0.0567812497
  20 -13       -0.0782702893        0.0386650180
  20 -14       -0.0259663530       -0.0523886514
  20 -15        0.0248845641        0.0058109614
  20 -16       -0.0304590241        0.0513294339
  20 -17        0.0409523935       -0.0117053840
  20 -18       -0.0264369743        0.0089272762
  20 -19       -0.0047610238       -0.0218400416
  20 -20        0.0058342625       -0.0190544676
  21  21       -0.0257185402        0.0136024899
  21  20       -0.0117687222        0.0064058477
  21  19       -0.0492063473       -0.0283702996
  21  18        0.0077158238        0.0317213785
  21  17        0.0580442663        0.0021245699
  21  16        0.0124669581       -0.0158066615
  21  15        0.0517067013       -0.0349316174
  21  14        0.0125986652       -0.0533263964
  21  13       -0.0400845858        0.0277397766
  21  12        0.0127218426       -0.0059054288
  21  11        0.0269244229        0.0487940371
  21  10       -0.0430255693       -0.0107065326
  21   9       -0.0113155199        0.0395277048
  21   8        0.0064151012       -0.0123939031
  21   7       -0.0271049177       -0.0259794081
  21   6        0.0141018386        0.0313153307
  21   5        0.0204719038       -0.0239961474
  21   4       -0.0269501884        0.0103009620
  21   3       -0.0454238778       -0.0468795045
  21   2        0.0113245183       -0.0462067282
  21   1        0.0291270114        0.0031204174
  21   0        0.0007101834        0.0000000000
  21  -1       -0.0291270114        0.0031204174
  21  -2        0.0113245183        0.0462067282
  21  -3        0.0454238778       -0.0468795045
  21  -4       -0.0269501884       -0.0103009620
  21  -5       -0.0204719038       -0.0239961474
  21  -6        0.0141018386       -0.0313153307
  21  -7        0.0271049177       -0.0259794081
  21  -8        0.0064151012        0.0123939031
  21  -9        0.0113155199        0.0395277048
  21 -10       -0.0430255693        0.0107065326
  21 -11       -0.0269244229        0.0487940371
  21 -12        0.0127218426        0.0059054288
  21 -13        0.0400845858        0.0277397766
  21 -14        0.0125986652        0.0533263964
  21 -15       -0.0517067013       -0.0349316174
  21 -16        0.0124669581        0.0158066615
  21 -17       -0.0580442663        0.0021245699
  21 -18        0.0077158238       -0.0317213785
  21 -19        0.0492063473       -0.0283702996
  21 -20       -0.0117687222       -0.0064058477
  21 -21        0.0257185402        0.0136024899
  22  22        0.0150805619       -0.0334589677
  22  21        0.0398267003        0.0600897351
  22  20       -0.0146724450       -0.0150807632
  22  19        0.0507925112       -0.0321363417
  22  18       -0.0221606853       -0.0625109640
  22  17       -0.0723432940        0.0032623274
  22  16       -0.0497275882        0.0172895703
  22  15       -0.0182263648        0.0580569215
  22  14        0.0216804072        0.0326430690
  22  13        0.0337835403        0.0085272651
  22  12       -0.0201083018       -0.0304415612
  22  11        0.0525676684        0.0012457868
  22  10       -0.0613165320       -0.0319516313
  22   9        0.0293091994        0.0234085792
  22   8        0.0408654254       -0.0286822507
  22   7        0.0186885643        0.0403038412
  22   6        0.0463928554        0.0078346201
  22   5       -0.0461405757        0.0469354012
  22   4       -0.0101068964        0.0568425670
  22   3        0.0386144416       -0.0556989095
  22   2       -0.0285937907        0.0081118430
  22   1        0.0290222777        0.0552994789
  22   0       -0.0174500907        0.0000000000
  22  -1       -0.0290222777        0.0552994789
  22  -2       -0.0285937907       -0.0081118430
  22  -3       -0.0386144416       -0.0556989095
  22  -4       -0.0101068964       -0.0568425670
  22  -5        0.0461405757        0.0469354012
  22  -6        0.0463928554       -0.0078346201
  22  -7       -0.0186885643        0.0403038412
  22  -8        0.0408654254        0.0286822507
  22  -9       -0.0293091994        0.0234085792
  22 -10       -0.0613165320        0.0319516313
  22 -11       -0.0525676684        0.0012457868
  22 -12       -0.0201083018        0.0304415612
  22 -13       -0.0337835403        0.0085272651
  22 -14        0.0216804072       -0.0326430690
  22 -15        0.0182263648        0.0580569215
  22 -16       -0.0497275882       -0.0172895703
  22 -17        0.0723432940        0.0032623274
  22 -18       -0.0221606853        0.0625109640
  22 -19       -0.0507925112       -0.0321363417
  22 -20       -0.0146724450        0.0150807632
  22 -21       -0.0398267003        0.0600897351
  22 -22        0.0150805619        0.0334589677
  23  23       -0.0016478669       -0.0334501910
  23  22       -0.0372563926        0.0012629157
  23  21        0.0181417399       -0.0140277297
  23  20       -0.0135914348       -0.0066067105
  23  19        0.0699778345        0.0306622390
  23  18        0.0203021227        0.0111683316
  23  17        0.0853804572        0.0332245754
  23  16        0.0187547840       -0.0174678004
  23  15       -0.0305869608       -0.0228991505
  23  14       -0.0821317353       -0.0511040278
  23  13       -0.0240099479        0.0072049340
  23  12        0.0153388454        0.0015551127
  23  11       -0.0107229804       -0.0211006208
  23  10       -0.0109339346       -0.0120439281
  23   9        0.0077411339       -0.0010105966
  23   8       -0.0532292095       -0.0333456855
  23   7       -0.0395619359       -0.0455812384
  23   6        0.0807922674       -0.0238765766
  23   5        0.0604319121        0.0054834055
  23   4       -0.0280170356        0.0062382026
  23   3       -0.0535883039        0.0209291573
  23   2       -0.0175161081        0.0245330327
  23   1       -0.0513285780       -0.0338601734
  23   0       -0.0013670430        0.0000000000
  23  -1        0.0513285780       -0.0338601734
  23  -2       -0.0175161081       -0.0245330327
  23  -3        0.0535883039        0.0209291573
  23  -4       -0.0280170356       -0.0062382026
  23  -5       -0.0604319121        0.0054834055
  23  -6        0.0807922674        0.0238765766
  23  -7        0.0395619359       -0.0455812384
  23  -8       -0.0532292095        0.0333456855
  23  -9       -0.0077411339       -0.0010105966
  23 -10       -0.0109339346        0.0120439281
  23 -11        0.0107229804       -0.0211006208
  23 -12        0.0153388454       -0.0015551127
  23 -13        0.0240099479        0.0072049340
  23 -14       -0.0821317353        0.0511040278
  23 -15        0.0305869608       -0.0228991505
  23 -16        0.0187547840        0.0174678004
  23 -17       -0.0853804572        0.0332245754
  23 -18        0.0203021227       -0.0111683316
  23 -19       -0.0699778345        0.0306622390
  23 -20       -0.0135914348        0.0066067105
  23 -21       -0.0181417399       -0.0140277297
  23 -22       -0.0372563926       -0.0012629157
  23 -23        0.0016478669       -0.0334501910
  24  24       -0.0459633674       -0.0177934965
  24  23       -0.0211638972       -0.0016604455
  24  22        0.0605998322        0.0230788611
  24  21        0.0506892441        0.0277314275
  24  20        0.0309583762        0.0044438030
  24  19       -0.0135174274        0.0114251489
  24  18       -0.0452749473       -0.0302813038
  24  17       -0.0415604644        0.0098113310
  24  16       -0.0346552247        0.0308033765
  24  15        0.0141693810       -0.0272450463
  24  14        0.0747400693       -0.0274759449
  24  13        0.0357156803       -0.0221882927
  24  12       -0.0255700500       -0.0062739521
  24  11       -0.0054791006       -0.0363997748
  24  10        0.0271298473       -0.0418670312
  24   9       -0.0174185848        0.0546275330
  24   8        0.0391885896        0.0600954017
  24   7       -0.0827823233       -0.0394649200
  24   6       -0.0383475628        0.0044868201
  24   5        0.0466659513       -0.0106675312
  24   4        0.0320947661       -0.0198165081
  24   3       -0.0004965956        0.0213465505
  24   2        0.0492764493        0.0108231870
  24   1       -0.0290818215        0.0232314857
  24   0       -0.0212972537        0.0000000000
  24  -1        0.0290818215        0.0232314857
  24  -2        0.0492764493       -0.0108231870
  24  -3        0.0004965956        0.0213465505
  24  -4        0.0320947661        0.0198165081
  24  -5       -0.0466659513       -0.0106675312
  24  -6       -0.0383475628       -0.0044868201
  24  -7        0.0827823233       -0.0394649200
  24  -8        0.0391885896       -0.0600954017
  24  -9        0.0174185848        0.0546275330
  24 -10        0.0271298473        0.0418670312
  24 -11        0.0054791006       -0.0363997748
  24 -12       -0.0255700500        0.0062739521
  24 -13       -0.0357156803       -0.0221882927
  24 -14        0.0747400693        0.0274759449
  24 -15       -0.0141693810       -0.0272450463
  24 -16       -0.0346552247       -0.0308033765
  24 -17        0.0415604644        0.0098113310
  24 -18       -0.0452749473        0.0302813038
  24 -19        0.0135174274        0.0114251489
  24 -20        0.0309583762       -0.0044438030
  24 -21       -0.0506892441        0.0277314275
  24 -22        0.0605998322       -0.0230788611
  24 -23        0.0211638972       -0.0016604455
  24 -24       -0.0459633674        0.0177934965
  25  25       -0.0017747384       -0.0486838988
  25  24       -0.0007661751        0.0106323504
  25  23        0.0367498837        0.0015867480
  25  22        0.0308109178       -0.0012632257
  25  21       -0.0201705035        0.0538698908
  25  20       -0.0251306224        0.0854258742
  25  19       -0.0157698274        0.0614391739
  25  18        0.0425425866        0.0346681214
  25  17       -0.0097844730       -0.0379646649
  25  16       -0.0096144633       -0.0379257465
  25  15        0.0233865818       -0.0473068061
  25  14       -0.0074957670       -0.0023691991
  25  13        0.0617391217        0.0248100375
  25  12       -0.0449285769        0.0556789583
  25  11       -0.0413828012        0.0435024935
  25  10        0.0002283220       -0.0877514138
  25   9       -0.0209392179       -0.0236280055
  25   8        0.0599078833        0.0205574695
  25   7        0.0320405877       -0.0033366848
  25   6       -0.0192699813       -0.0066246056
  25   5       -0.0510174847        0.0808272952
  25   4        0.0086107950        0.0096900094
  25   3        0.0372175268       -0.0196645821
  25   2       -0.0823475193       -0.0459080920
  25   1       -0.0029915977        0.0310000319
  25   0        0.0867294492        0.0000000000
  25  -1        0.0029915977        0.0310000319
  25  -2       -0.0823475193        0.0459080920
  25  -3       -0.0372175268       -0.0196645821
  25  -4        0.0086107950       -0.0096900094
  25  -5        0.0510174847        0.0808272952
  25  -6       -0.0192699813        0.0066246056
  25  -7       -0.0320405877       -0.0033366848
  25  -8        0.0599078833       -0.0205574695
  25  -9        0.0209392179       -0.0236280055
  25 -10        0.0002283220        0.0877514138
  25 -11        0.0413828012        0.0435024935
  25 -12       -0.0449285769       -0.0556789583
  25 -13       -0.0617391217        0.0248100375
  25 -14       -0.0074957670        0.0023691991
  25 -15       -0.0233865818       -0.0473068061
  25 -16       -0.0096144633        0.0379257465
  25 -17        0.0097844730       -0.0379646649
  25 -18        0.0425425866       -0.0346681214
  25 -19        0.0157698274        0.0614391739
  25 -20       -0.0251306224       -0.0854258742
  25 -21        0.0201705035        0.0538698908
  25 -22        0.0308109178        0.0012632257
  25 -23       -0.0367498837        0.0015867480
  25 -24       -0.0007661751       -0.0106323504
  25 -25        0.0017747384       -0.0486838988
  26  26        0.0225609914        0.0068842730
  26  25       -0.0263784690        0.0152314027
  26  24        0.0090698164        0.0427295712
  26  23        0.0034465527        0.0515305232
  26  22        0.0175336237        0.0257293355
  26  21        0.0099320473        0.0025144689
  26  20        0.0016635792       -0.0610150455
  26  19       -0.0383079391       -0.0674850183
  26  18        0.0359353661        0.0106803375
  26  17        0.0033744832        0.0178567005
  26  16        0.0609153903        0.0278883817
  26  15        0.0267090339        0.0228156704
  26  14       -0.0195401561       -0.0162487934
  26  13        0.0085265316       -0.0117146276
  26  12        0.0335249080        0.0001510757
  26  11       -0.0432212492        0.0054961133
  26  10        0.0178490828        0.0633756519
  26   9        0.0133606161       -0.0013879522
  26   8       -0.0519158938        0.0072503989
  26   7       -0.0018881233        0.0107247766
  26   6        0.0240098776        0.0116937575
  26   5       -0.0056650262       -0.0551680818
  26   4       -0.0108587343        0.0299226339
  26   3       -0.0085331266        0.0448054486
  26   2        0.0245452285        0.0139963897
  26   1       -0.0280365604       -0.0070146377
  26   0       -0.0310032002        0.0000000000
  26  -1        0.0280365604       -0.0070146377
  26  -2        0.0245452285       -0.0139963897
  26  -3        0.0085331266        0.0448054486
  26  -4       -0.0108587343       -0.0299226339
  26  -5        0.0056650262       -0.0551680818
  26  -6        0.0240098776       -0.0116937575
  26  -7        0.0018881233        0.0107247766
  26  -8       -0.0519158938       -0.0072503989
  26  -9       -0.0133606161       -0.0013879522
  26 -10        0.0178490828       -0.0633756519
  26 -11        0.0432212492        0.0054961133
  26 -12        0.0335249080       -0.0001510757
  26 -13       -0.0085265316       -0.0117146276
  26 -14       -0.0195401561        0.0162487934
  26 -15       -0.0267090339        0.0228156704
  26 -16        0.0609153903       -0.0278883817
  26 -17       -0.0033744832        0.0178567005
  26 -18        0.0359353661       -0.0106803375
  26 -19        0.0383079391       -0.0674850183
  26 -20        0.0016635792        0.0610150455
  26 -21       -0.0099320473        0.0025144689
  26 -22        0.0175336237       -0.0257293355
  26 -23       -0.0034465527        0.0515305232
  26 -24        0.0090698164       -0.0427295712
  26 -25        0.0263784690        0.0152314027
  26 -26        0.0225609914       -0.0068842730
  27  27        0.0216740559        0.0701214168
  27  26        0.0351640540       -0.0032567892
  27  25       -0.0382774114        0.0432608492
  27  24        0.0260002367        0.0402736966
  27  23        0.0048799929        0.0183953910
  27  22       -0.0451169383        0.0433702184
  27  21       -0.0416223621        0.0225861322
  27  20       -0.0347812594        0.0687155466
  27  19        0.0394052570       -0.0068749213
  27  18       -0.0211704708       -0.0319913094
  27  17        0.0094283258       -0.0531207347
  27  16       -0.0165903798       -0.0167061122
  27  15        0.0257391677        0.0107104034
  27  14       -0.0477157151       -0.0282337503
  27  13       -0.0378641544        0.0092797102
  27  12        0.0536724783        0.0317922627
  27  11       -0.0370558239       -0.0328343685
  27  10       -0.0142493082        0.0237994202
  27   9        0.0375609138        0.0208575035
  27   8        0.0486162994        0.0135834384
  27   7        0.0110438034       -0.0099169218
  27   6       -0.0631802261        0.0324917811
  27   5       -0.0150112255        0.0373893337
  27   4        0.0163751027       -0.0748850662
  27   3        0.0015905799       -0.0297798806
  27   2        0.0281725899        0.0740241431
  27   1        0.0233140760        0.0015607351
  27   0       -0.0245965134        0.0000000000
  27  -1       -0.0233140760        0.0015607351
  27  -2        0.0281725899       -0.0740241431
  27  -3       -0.0015905799       -0.0297798806
  27  -4        0.0163751027        0.0748850662
  27  -5        0.0150112255        0.0373893337
  27  -6       -0.0631802261       -0.0324917811
  27  -7       -0.0110438034       -0.0099169218
  27  -8        0.0486162994       -0.0135834384
  27  -9       -0.0375609138        0.0208575035
  27 -10       -0.0142493082       -0.0237994202
  27 -11        0.0370558239       -0.0328343685
  27 -12        0.0536724783       -0.0317922627
  27 -13        0.0378641544        0.0092797102
  27 -14       -0.0477157151        0.0282337503
  27 -15       -0.0257391677        0.0107104034
  27 -16       -0.0165903798        0.0167061122
  27 -17       -0.0094283258       -0.0531207347
  27 -18       -0.0211704708        0.0319913094
  27 -19       -0.0394052570       -0.0068749213
  27 -20       -0.0347812594       -0.0687155466
  27 -21        0.0416223621        0.0225861322
  27 -22       -0.0451169383       -0.0433702184
  27 -23       -0.0048799929        0.0183953910
  27 -24        0.0260002367       -0.0402736966
  27 -25        0.0382774114        0.0432608492
  27 -26        0.0351640540        0.0032567892
  27 -27       -0.0216740559        0.0701214168
  28  28        0.0099656243        0.0589605814
  28  27        0.0086966397        0.0092996672
  28  26       -0.0589266857        0.0258294764
  28  25       -0.0150763310        0.0117784576
  28  24       -0.0247764193        0.0058361628
  28  23        0.0414649917        0.0287739549
  28  22        0.0288199872       -0.0336741344
  28  21        0.0492912577       -0.0331747988
  28  20       -0.0052656119        0.0032535074
  28  19        0.0398190412       -0.0015121452
  28  18       -0.0197524000        0.0545177485
  28  17       -0.0016489206        0.0065872090
  28  16       -0.0296457416       -0.0149398492
  28  15        0.0549520727        0.0347907751
  28  14        0.0223352676       -0.0124695855
  28  13        0.0253796795       -0.0149733200
  28  12       -0.0193653348        0.0100932634
  28  11       -0.0067265395        0.0872427870
  28  10        0.0134093067       -0.0246926018
  28   9       -0.0180058120       -0.0550540539
  28   8       -0.0120771318        0.0070371508
  28   7        0.0491416009        0.0247335991
  28   6        0.0440032840        0.0011717922
  28   5       -0.0298886063        0.0117181174
  28   4       -0.0381085714        0.0133625787
  28   3        0.0148370439        0.0033659511
  28   2       -0.0655154118       -0.0437769527
  28   1        0.0015018747        0.0097717029
  28   0        0.0738515746        0.0000000000
  28  -1       -0.0015018747        0.0097717029
  28  -2       -0.0655154118        0.0437769527
  28  -3       -0.0148370439        0.0033659511
  28  -4       -0.0381085714       -0.0133625787
  28  -5        0.0298886063        0.0117181174
  28  -6        0.0440032840       -0.0011717922
  28  -7       -0.0491416009        0.0247335991
  28  -8       -0.0120771318       -0.0070371508
  28  -9        0.0180058120       -0.0550540539
  28 -10        0.0134093067        0.0246926018
  28 -11        0.0067265395        0.0872427870
  28 -12       -0.0193653348       -0.0100932634
  28 -13       -0.0253796795       -0.0149733200
  28 -14        0.0223352676        0.0124695855
  28 -15       -0.0549520727        0.0347907751
  28 -16       -0.0296457416        0.0149398492
  28 -17        0.0016489206        0.0065872090
  28 -18       -0.0197524000       -0.0545177485
  28 -19       -0.0398190412       -0.0015121452
  28 -20       -0.0052656119       -0.0032535074
  28 -21       -0.0492912577       -0.0331747988
  28 -22        0.0288199872        0.0336741344
  28 -23       -0.0414649917        0.0287739549
  28 -24       -0.0247764193       -0.0058361628
  28 -25        0.0150763310        0.0117784576
  28 -26       -0.0589266857       -0.0258294764
  28 -27       -0.0086966397        0.0092996672
  28 -28        0.0099656243       -0.0589605814
  29  29       -0.0465594032        0.0890177298
  29  28       -0.0270002646        0.0095085345
  29  27       -0.0084456693       -0.0101224640
  29  26       -0.0284361277        0.0191164231
  29  25       -0.0135575392       -0.0267203528
  29  24       -0.0077338630        0.0017890691
  29  23       -0.0032441409        0.0046639652
  29  22        0.0099524327        0.0061753056
  29  21       -0.0066583890        0.0459513344
  29  20        0.0174031026        0.0105796311
  29  19       -0.0044573354       -0.0138019941
  29  18       -0.0075101277       -0.0098157226
  29  17       -0.0057835597        0.0252441292
  29  16        0.0057312434       -0.0683004388
  29  15       -0.0342091705       -0.0340801874
  29  14        0.0040880868        0.0363384800
  29  13        0.0165653217       -0.0050501386
  29  12        0.0318895974       -0.0403422032
  29  11        0.0191779204       -0.0596677953
  29  10        0.0062818495        0.0193985753
  29   9        0.0208209999        0.0405667616
  29   8        0.0022308788       -0.0200650832
  29   7       -0.0435126912        0.0208206762
  29   6        0.0179731012        0.0286208831
  29   5        0.0178517391       -0.0633124331
  29   4       -0.0016144867       -0.0055907867
  29   3        0.0014011386        0.0646277077
  29   2       -0.0013483788        0.0065068613
  29   1       -0.0161669111       -0.0008865908
  29   0       -0.0055915413        0.0000000000
  29  -1        0.0161669111       -0.0008865908
  29  -2       -0.0013483788       -0.0065068613
  29  -3       -0.0014011386        0.0646277077
  29  -4       -0.0016144867        0.0055907867
  29  -5       -0.0178517391       -0.0633124331
  29  -6        0.0179731012       -0.0286208831
  29  -7        0.0435126912        0.0208206762
  29  -8        0.0022308788        0.0200650832
  29  -9       -0.0208209999        0.0405667616
  29 -10        0.0062818495       -0.0193985753
  29 -11       -0.0191779204       -0.0596677953
  29 -12        0.0318895974        0.0403422032
  29 -13       -0.0165653217       -0.0050501386
  29 -14        0.0040880868       -0.0363384800
  29 -15        0.0342091705       -0.0340801874
  29 -16        0.0057312434        0.0683004388
  29 -17        0.0057835597        0.0252441292
  29 -18       -0.0075101277        0.0098157226
  29 -19        0.0044573354       -0.0138019941
  29 -20        0.0174031026       -0.0105796311
  29 -21        0.0066583890        0.0459513344
  29 -22        0.0099524327       -0.0061753056
  29 -23        0.0032441409        0.0046639652
  29 -24       -0.0077338630       -0.0017890691
  29 -25        0.0135575392       -0.0267203528
  29 -26       -0.0284361277       -0.0191164231
  29 -27        0.0084456693       -0.0101224640
  29 -28       -0.0270002646       -0.0095085345
  29 -29        0.0465594032        0.0890177298
  30  30       -0.0357275856       -0.0060239841
  30  29       -0.0253091041        0.0170175310
  30  28       -0.0341553481       -0.0348186915
  30  27        0.0094695536       -0.0177742500
  30  26        0.0408455113        0.0333309278
  30  25       -0.0071102784        0.0034666120
  30  24       -0.0012944790        0.0319003441
  30  23        0.0476324947        0.0272545484
  30  22       -0.0027539750        0.0072026701
  30  21       -0.0174009760        0.0415486791
  30  20        0.0036571506       -0.0126530696
  30  19       -0.0181830228        0.0555166896
  30  18       -0.0160929222       -0.0428116509
  30  17       -0.0361853128        0.0181339235
  30  16        0.0021375772       -0.0165235895
  30  15        0.0048810269       -0.0031764775
  30  14       -0.0008600455        0.0061450168
  30  13       -0.0436852276        0.0323941322
  30  12        0.0042952637        0.0212857182
  30  11        0.0637789039       -0.0256722276
  30  10       -0.0024092782       -0.0455740941
  30   9       -0.0077266275        0.0144524360
  30   8        0.0119862444       -0.0166054661
  30   7        0.0268516572        0.0161683473
  30   6       -0.0396532673        0.0043876647
  30   5       -0.0149611661        0.0287027270
  30   4        0.0181415451       -0.0780897248
  30   3       -0.0230006407       -0.0262768511
  30   2        0.0436370362        0.0242375782
  30   1        0.0323112337       -0.0025302570
  30   0       -0.0693734120        0.0000000000
  30  -1       -0.0323112337       -0.0025302570
  30  -2        0.0436370362       -0.0242375782
  30  -3        0.0230006407       -0.0262768511
  30  -4        0.0181415451        0.0780897248
  30  -5        0.0149611661        0.0287027270
  30  -6       -0.0396532673       -0.0043876647
  30  -7       -0.0268516572        0.0161683473
  30  -8        0.0119862444        0.0166054661
  30  -9        0.0077266275        0.0144524360
  30 -10       -0.0024092782        0.0455740941
  30 -11       -0.0637789039       -0.0256722276
  30 -12        0.0042952637       -0.0212857182
  30 -13        0.0436852276        0.0323941322
  30 -14       -0.0008600455       -0.0061450168
  30 -15       -0.0048810269       -0.0031764775
  30 -16        0.0021375772        0.0165235895
  30 -17        0.0361853128        0.0181339235
  30 -18       -0.0160929222        0.0428116509
  30 -19        0.0181830228        0.0555166896
  30 -20        0.0036571506        0.0126530696
  30 -21        0.0174009760        0.0415486791
  30 -22       -0.0027539750       -0.0072026701
  30 -23       -0.0476324947        0.0272545484
  30 -24       -0.0012944790       -0.0319003441
  30 -25        0.0071102784        0.0034666120
  30 -26        0.0408455113       -0.0333309278
  30 -27       -0.0094695536       -0.0177742500
  30 -28       -0.0341553481        0.0348186915
  30 -29        0.0253091041        0.0170175310
  30 -30       -0.0357275856        0.0060239841
