   0   0       48.4458431762        0.0000000000
   1   1        1.4657562874        0.2913895262
   1   0       -0.6733577531        0.0000000000
   1  -1       -1.4657562874        0.2913895262
   2   2        0.3108972314       -2.7650962808
   2   1       -2.6226174254        0.7225466567
   2   0       -5.5978112217        0.0000000000
   2  -1        2.6226174254        0.7225466567
   2  -2        0.3108972314        2.7650962808
   3   3        0.1565654889       -0.3863978938
   3   2        2.2525013204       -0.0557532350
   3   1        1.9444454476       -0.8107229722
   3   0       -1.6401359414        0.0000000000
   3  -1       -1.9444454476       -0.8107229722
   3  -2        2.2525013204        0.0557532350
   3  -3       -0.1565654889       -0.3863978938
   4   4        0.9245520781        0.9113194961
   4   3       -0.5525209588       -0.1990212875
   4   2        1.0474238451        0.1723374630
   4   1        0.1693808481        0.0551357519
   4   0        0.0607030492        0.0000000000
   4  -1       -0.1693808481        0.0551357519
   4  -2        1.0474238451       -0.1723374630
   4  -3        0.5525209588       -0.1990212875
   4  -4        0.9245520781       -0.9113194961
   5   5       -0.6643867726       -0.4389761588
   5   4       -0.4380297580        0.0180356209
   5   3       -1.3341117763       -0.3694054228
   5   2       -1.7058094694        0.9843469190
   5   1        0.4858443551        0.4509548656
   5   0        0.8557042359        0.0000000000
   5  -1       -0.4858443551        0.4509548656
   5  -2       -1.7058094694       -0.9843469190
   5  -3        1.3341117763       -0.3694054228
   5  -4       -0.4380297580       -0.0180356209
   5  -5        0.6643867726       -0.4389761588
   6   6        0.1433405672        0.0003845743
   6   5       -0.4861134455        0.1928193831
   6   4        0.1665844277       -0.2966286396
   6   3        0.8214799861        0.3586191508
   6   2       -0.6335062980       -0.1115644653
   6   1        0.1660045870        0.1508316660
   6   0        0.3073143889        0.0000000000
   6  -1       -0.1660045870        0.1508316660
   6  -2       -0.6335062980        0.1115644653
   6  -3       -0.8214799861        0.3586191508
   6  -4        0.1665844277        0.2966286396
   6  -5        0.4861134455        0.1928193831
   6  -6        0.1433405672       -0.0003845743
   7   7        0.1249065652       -0.0150052588
   7   6        0.3947813648        0.7791831559
   7   5       -0.1165899560       -0.1828147163
   7   4        0.6195892446        0.1649712566
   7   3        0.9085230395       -0.2898240193
   7   2       -0.2161388600       -0.5610845387
   7   1       -0.3657946293       -0.2317371107
   7   0        0.4783944386        0.0000000000
   7  -1        0.3657946293       -0.2317371107
   7  -2       -0.2161388600        0.5610845387
   7  -3       -0.9085230395       -0.2898240193
   7  -4        0.6195892446       -0.1649712566
   7  -5        0.1165899560       -0.1828147163
   7  -6        0.3947813648       -0.7791831559
   7  -7       -0.1249065652       -0.0150052588
   8   8        0.2381085926        0.0087054592
   8   7        0.1507871026       -0.1237985023
   8   6       -0.1831321378        0.4337090214
   8   5        0.1349985044       -0.4654569584
   8   4       -0.4680666474       -0.0122012986
   8   3        0.1575241727       -0.2139547370
   8   2        0.3904674585       -0.0229610910
   8   1       -0.5058797247       -0.2386449863
   8   0       -0.1380580520        0.0000000000
   8  -1        0.5058797247       -0.2386449863
   8  -2        0.3904674585        0.0229610910
   8  -3       -0.1575241727       -0.2139547370
   8  -4       -0.4680666474        0.0122012986
   8  -5       -0.1349985044       -0.4654569584
   8  -6       -0.1831321378       -0.4337090214
   8  -7       -0.1507871026       -0.1237985023
   8  -8        0.2381085926       -0.0087054592
   9   9       -0.0277920512       -0.3970587809
   9   8        0.2061263600       -0.0195126660
   9   7       -0.2391018281       -0.2869934383
   9   6        0.0081374618       -0.1936957325
   9   5        0.0677755610       -0.0771567572
   9   4       -0.3866350708       -0.1827683210
   9   3       -0.0899346831        0.1706029711
   9   2        0.0076854882        0.3155866015
   9   1       -0.4182623938        0.0883815184
   9   0       -0.1943220007        0.0000000000
   9  -1        0.4182623938        0.0883815184
   9  -2        0.0076854882       -0.3155866015
   9  -3        0.0899346831        0.1706029711
   9  -4       -0.3866350708        0.1827683210
   9  -5       -0.0677755610       -0.0771567572
   9  -6        0.0081374618        0.1936957325
   9  -7        0.2391018281       -0.2869934383
   9  -8        0.2061263600        0.0195126660
   9  -9        0.0277920512       -0.3970587809
  10  10       -0.2922671780       -0.1192601237
  10   9        0.0181931485       -0.0906921309
  10   8       -0.1693938693        0.3192125378
  10   7        0.0800125886       -0.2433042820
  10   6       -0.1191671258        0.1070150569
  10   5        0.0769248861        0.0948883084
  10   4       -0.0634936095       -0.0898928661
  10   3       -0.3266299405        0.1538956905
  10   2        0.2218533518        0.0912097323
  10   1        0.2595476910        0.0328285485
  10   0       -0.0864061912        0.0000000000
  10  -1       -0.2595476910        0.0328285485
  10  -2        0.2218533518       -0.0912097323
  10  -3        0.3266299405        0.1538956905
  10  -4       -0.0634936095        0.0898928661
  10  -5       -0.0769248861        0.0948883084
  10  -6       -0.1191671258       -0.1070150569
  10  -7       -0.0800125886       -0.2433042820
  10  -8       -0.1693938693       -0.3192125378
  10  -9       -0.0181931485       -0.0906921309
  10 -10       -0.2922671780        0.1192601237
  11  11       -0.1241834234        0.0639894503
  11  10       -0.0461065929        0.1824241442
  11   9        0.1251353494       -0.1778851536
  11   8       -0.0911343290        0.1439698834
  11   7        0.1024379673        0.0415698370
  11   6       -0.1194645343       -0.0334456291
  11   5       -0.0238555519        0.1397567065
  11   4        0.2441555481        0.1439111983
  11   3       -0.0435237320       -0.0904671828
  11   2        0.2057405369       -0.1800638586
  11   1        0.1617479795       -0.0232400605
  11   0        0.0368685251        0.0000000000
  11  -1       -0.1617479795       -0.0232400605
  11  -2        0.2057405369        0.1800638586
  11  -3        0.0435237320       -0.0904671828
  11  -4        0.2441555481       -0.1439111983
  11  -5        0.0238555519        0.1397567065
  11  -6       -0.1194645343        0.0334456291
  11  -7       -0.1024379673        0.0415698370
  11  -8       -0.0911343290       -0.1439698834
  11  -9       -0.1251353494       -0.1778851536
  11 -10       -0.0461065929       -0.1824241442
  11 -11        0.1241834234        0.0639894503
  12  12        0.0384376235        0.2888569317
  12  11        0.2215830124       -0.0363943157
  12  10       -0.0289026576        0.1333925838
  12   9        0.1048232888       -0.2676256837
  12   8        0.0121757232        0.0386720449
  12   7       -0.0572767045        0.0471752125
  12   6        0.0130003726       -0.0576551497
  12   5        0.1006178278        0.1045434905
  12   4        0.1446281835       -0.0116880985
  12   3       -0.1669975110       -0.0674595901
  12   2       -0.1851614084       -0.1383821867
  12   1        0.1684510222        0.0787850674
  12   0       -0.1541314928        0.0000000000
  12  -1       -0.1684510222        0.0787850674
  12  -2       -0.1851614084        0.1383821867
  12  -3        0.1669975110       -0.0674595901
  12  -4        0.1446281835        0.0116880985
  12  -5       -0.1006178278        0.1045434905
  12  -6        0.0130003726        0.0576551497
  12  -7        0.0572767045        0.0471752125
  12  -8        0.0121757232       -0.0386720449
  12  -9       -0.1048232888       -0.2676256837
  12 -10       -0.0289026576       -0.1333925838
  12 -11       -0.2215830124       -0.0363943157
  12 -12        0.0384376235       -0.2888569317
  13  13        0.0564676739        0.0972517527
  13  12        0.0405220592        0.0159513975
  13  11        0.0489399170        0.0396841273
  13  10       -0.1800009509       -0.0123771492
  13   9        0.1198880928        0.0935039040
  13   8       -0.0354447069        0.0746056367
  13   7       -0.0051286230        0.0857417881
  13   6        0.0741832015       -0.1263572424
  13   5       -0.0550943692       -0.0882989413
  13   4       -0.0849434208       -0.0336678770
  13   3        0.0407491475       -0.0206048626
  13   2       -0.1492422840        0.0440221696
  13   1       -0.0651732974       -0.0575412672
  13   0        0.0276603499        0.0000000000
  13  -1        0.0651732974       -0.0575412672
  13  -2       -0.1492422840       -0.0440221696
  13  -3       -0.0407491475       -0.0206048626
  13  -4       -0.0849434208        0.0336678770
  13  -5        0.0550943692       -0.0882989413
  13  -6        0.0741832015        0.1263572424
  13  -7        0.0051286230        0.0857417881
  13  -8       -0.0354447069       -0.0746056367
  13  -9       -0.1198880928        0.0935039040
  13 -10       -0.1800009509        0.0123771492
  13 -11       -0.0489399170        0.0396841273
  13 -12        0.0405220592       -0.0159513975
  13 -13       -0.0564676739        0.0972517527
  14  14        0.0367353097       -0.0968754967
  14  13        0.0491433285       -0.0783519673
  14  12       -0.0680206409       -0.0543598930
  14  11        0.0193156048       -0.0155882089
  14  10        0.0063361044        0.0049076457
  14   9       -0.0212128618        0.0990786620
  14   8        0.1258433811       -0.0404414522
  14   7       -0.0039147312       -0.0670154024
  14   6       -0.0542170556       -0.0968042867
  14   5       -0.0411814078       -0.0629899468
  14   4       -0.0155730904        0.0835331036
  14   3        0.0547679490        0.0915434732
  14   2        0.0042720042        0.0495196424
  14   1        0.0388697578       -0.0941485356
  14   0        0.2719746981        0.0000000000
  14  -1       -0.0388697578       -0.0941485356
  14  -2        0.0042720042       -0.0495196424
  14  -3       -0.0547679490        0.0915434732
  14  -4       -0.0155730904       -0.0835331036
  14  -5        0.0411814078       -0.0629899468
  14  -6       -0.0542170556        0.0968042867
  14  -7        0.0039147312       -0.0670154024
  14  -8        0.1258433811        0.0404414522
  14  -9        0.0212128618        0.0990786620
  14 -10        0.0063361044       -0.0049076457
  14 -11       -0.0193156048       -0.0155882089
  14 -12       -0.0680206409        0.0543598930
  14 -13       -0.0491433285       -0.0783519673
  14 -14        0.0367353097        0.0968754967
  15  15        0.0453637018       -0.0832435966
  15  14        0.0141620880       -0.1218402082
  15  13        0.1924982693        0.0353650673
  15  12       -0.1081709187       -0.0548910597
  15  11        0.1668966759       -0.0349167363
  15  10        0.0278109945       -0.0426087792
  15   9       -0.0730501805       -0.1335749871
  15   8        0.0291721560       -0.1069186302
  15   7       -0.1104025284       -0.0164749888
  15   6       -0.0562840258        0.0803366868
  15   5       -0.1079876911        0.0127477211
  15   4        0.0369176717        0.1045148014
  15   3        0.0835716515        0.0434726645
  15   2        0.0478401361       -0.0105324484
  15   1       -0.1191556914        0.0289085929
  15   0       -0.0135196040        0.0000000000
  15  -1        0.1191556914        0.0289085929
  15  -2        0.0478401361        0.0105324484
  15  -3       -0.0835716515        0.0434726645
  15  -4        0.0369176717       -0.1045148014
  15  -5        0.1079876911        0.0127477211
  15  -6       -0.0562840258       -0.0803366868
  15  -7        0.1104025284       -0.0164749888
  15  -8        0.0291721560        0.1069186302
  15  -9        0.0730501805       -0.1335749871
  15 -10        0.0278109945        0.0426087792
  15 -11       -0.1668966759       -0.0349167363
  15 -12       -0.1081709187        0.0548910597
  15 -13       -0.1924982693        0.0353650673
  15 -14        0.0141620880        0.1218402082
  15 -15       -0.0453637018       -0.0832435966
  16  16       -0.0741278171        0.0298189097
  16  15        0.0026615117       -0.0147468728
  16  14       -0.0490941179       -0.0869848021
  16  13        0.0441120776        0.1060980008
  16  12       -0.0562825438       -0.0620270652
  16  11        0.0218080444        0.0543766926
  16  10        0.0288282846       -0.0139338007
  16   9       -0.1262105647       -0.0061324053
  16   8       -0.0104857719        0.0570670606
  16   7        0.0185039215        0.0719076855
  16   6        0.0174967501        0.0043466793
  16   5        0.0830048674       -0.0014957358
  16   4        0.0359742175       -0.0775305493
  16   3       -0.0119263709        0.0522101712
  16   2       -0.0389248796       -0.0727993514
  16   1       -0.0799783570        0.1052759523
  16   0       -0.1734662712        0.0000000000
  16  -1        0.0799783570        0.1052759523
  16  -2       -0.0389248796        0.0727993514
  16  -3        0.0119263709        0.0522101712
  16  -4        0.0359742175        0.0775305493
  16  -5       -0.0830048674       -0.0014957358
  16  -6        0.0174967501       -0.0043466793
  16  -7       -0.0185039215        0.0719076855
  16  -8       -0.0104857719       -0.0570670606
  16  -9        0.1262105647       -0.0061324053
  16 -10        0.0288282846        0.0139338007
  16 -11       -0.0218080444        0.0543766926
  16 -12       -0.0562825438        0.0620270652
  16 -13       -0.0441120776        0.1060980008
  16 -14       -0.0490941179        0.0869848021
  16 -15       -0.0026615117       -0.0147468728
  16 -16       -0.0741278171       -0.0298189097
  17  17       -0.0928591050        0.0228485597
  17  16       -0.0862282517       -0.0653343279
  17  15       -0.0808499388        0.0215449588
  17  14       -0.0391558025       -0.0586042645
  17  13       -0.0551361062        0.1019162261
  17  12       -0.0119345111        0.0217731496
  17  11       -0.0940144984        0.0383073240
  17  10       -0.0141255748        0.0941448052
  17   9       -0.0483703913        0.0367671893
  17   8        0.0183418636        0.0548721332
  17   7        0.0904215682        0.0309533725
  17   6        0.0535864034        0.0314623665
  17   5        0.0739329433       -0.0114481015
  17   4       -0.1065483173       -0.0385679434
  17   3       -0.0337397744       -0.0706499876
  17   2        0.0561546368        0.0457872405
  17   1       -0.0000317280       -0.0140967932
  17   0       -0.1675389221        0.0000000000
  17  -1        0.0000317280       -0.0140967932
  17  -2        0.0561546368       -0.0457872405
  17  -3        0.0337397744       -0.0706499876
  17  -4       -0.1065483173        0.0385679434
  17  -5       -0.0739329433       -0.0114481015
  17  -6        0.0535864034       -0.0314623665
  17  -7       -0.0904215682        0.0309533725
  17  -8        0.0183418636       -0.0548721332
  17  -9        0.0483703913        0.0367671893
  17 -10       -0.0141255748       -0.0941448052
  17 -11        0.0940144984        0.0383073240
  17 -12       -0.0119345111       -0.0217731496
  17 -13        0.0551361062        0.1019162261
  17 -14       -0.0391558025        0.0586042645
  17 -15        0.0808499388        0.0215449588
  17 -16       -0.0862282517        0.0653343279
  17 -17        0.0928591050        0.0228485597
  18  18       -0.0123037296        0.0264978378
  18  17       -0.0272361654        0.0244101938
  18  16        0.0023840976       -0.0101346259
  18  15       -0.0122340759        0.0980356892
  18  14        0.0183346285       -0.0532492964
  18  13       -0.0476904259        0.0611331771
  18  12        0.0099140322       -0.0231717266
  18  11       -0.0152339188        0.0333380405
  18  10        0.0914679689       -0.0258573448
  18   9        0.0606196124       -0.0415087787
  18   8       -0.0375501284       -0.0315357148
  18   7        0.0296472966       -0.0919958536
  18   6       -0.0283692027       -0.0240464719
  18   5       -0.0117738415        0.0048910111
  18   4       -0.0551262220       -0.0010203046
  18   3        0.0181305725       -0.0250570218
  18   2        0.0067498188        0.1126224102
  18   1        0.0349919896       -0.0683236568
  18   0        0.0843942492        0.0000000000
  18  -1       -0.0349919896       -0.0683236568
  18  -2        0.0067498188       -0.1126224102
  18  -3       -0.0181305725       -0.0250570218
  18  -4       -0.0551262220        0.0010203046
  18  -5        0.0117738415        0.0048910111
  18  -6       -0.0283692027        0.0240464719
  18  -7       -0.0296472966       -0.0919958536
  18  -8       -0.0375501284        0.0315357148
  18  -9       -0.0606196124       -0.0415087787
  18 -10        0.0914679689        0.0258573448
  18 -11        0.0152339188        0.0333380405
  18 -12        0.0099140322        0.0231717266
  18 -13        0.0476904259        0.0611331771
  18 -14        0.0183346285        0.0532492964
  18 -15        0.0122340759        0.0980356892
  18 -16        0.0023840976        0.0101346259
  18 -17        0.0272361654        0.0244101938
  18 -18       -0.0123037296       -0.0264978378
  19  19        0.0147561641        0.0630287747
  19  18        0.0351730074        0.0577417346
  19  17        0.0335983937        0.0720953807
  19  16        0.0744351758       -0.0134227083
  19  15        0.0446950663        0.0690550993
  19  14        0.0967721408       -0.0581040982
  19  13        0.0714953845       -0.0162799004
  19  12        0.0689460916       -0.0085785687
  19  11        0.0357280241       -0.0423555414
  19  10        0.0604839281       -0.0172373191
  19   9        0.0538811744       -0.0618727067
  19   8       -0.0019745469       -0.0550883116
  19   7       -0.0201185917       -0.0644502167
  19   6        0.0133776616        0.0152885168
  19   5       -0.0743264983        0.0327343705
  19   4        0.0473693615        0.0390034521
  19   3        0.0301473985        0.0219273519
  19   2        0.0311268004       -0.0058689775
  19   1        0.0552178988       -0.0180637283
  19   0       -0.0224163037        0.0000000000
  19  -1       -0.0552178988       -0.0180637283
  19  -2        0.0311268004        0.0058689775
  19  -3       -0.0301473985        0.0219273519
  19  -4        0.0473693615       -0.0390034521
  19  -5        0.0743264983        0.0327343705
  19  -6        0.0133776616       -0.0152885168
  19  -7        0.0201185917       -0.0644502167
  19  -8       -0.0019745469        0.0550883116
  19  -9       -0.0538811744       -0.0618727067
  19 -10        0.0604839281        0.0172373191
  19 -11       -0.0357280241       -0.0423555414
  19 -12        0.0689460916        0.0085785687
  19 -13       -0.0714953845       -0.0162799004
  19 -14        0.0967721408        0.0581040982
  19 -15       -0.0446950663        0.0690550993
  19 -16        0.0744351758        0.0134227083
  19 -17       -0.0335983937        0.0720953807
  19 -18        0.0351730074       -0.0577417346
  19 -19       -0.0147561641        0.0630287747
  20  20        0.0890410278        0.0360521315
  20  19        0.0019060871       -0.0117705954
  20  18        0.0767995843       -0.0780330202
  20  17       -0.0167058075        0.0032235111
  20  16        0.0409010325       -0.1126053254
  20  15       -0.0019051231        0.0118321456
  20  14        0.0097260295       -0.0359936083
  20  13        0.0421489339        0.0093204573
  20  12       -0.0076912927       -0.0360032074
  20  11       -0.0334635911        0.0043167786
  20  10       -0.0464152619       -0.0294896714
  20   9       -0.0388075504        0.0209801038
  20   8       -0.0500482002       -0.0300650057
  20   7       -0.0285896737        0.0753828462
  20   6       -0.0278261783        0.0288225514
  20   5        0.0271135946        0.0574252569
  20   4        0.0414580458        0.0150214207
  20   3       -0.0124748500        0.0184813738
  20   2       -0.0215087538       -0.0508693688
  20   1       -0.0123963624        0.0699308914
  20   0       -0.0083255208        0.0000000000
  20  -1        0.0123963624        0.0699308914
  20  -2       -0.0215087538        0.0508693688
  20  -3        0.0124748500        0.0184813738
  20  -4        0.0414580458       -0.0150214207
  20  -5       -0.0271135946        0.0574252569
  20  -6       -0.0278261783       -0.0288225514
  20  -7        0.0285896737        0.0753828462
  20  -8       -0.0500482002        0.0300650057
  20  -9        0.0388075504        0.0209801038
  20 -10       -0.0464152619        0.0294896714
  20 -11        0.0334635911        0.0043167786
  20 -12       -0.0076912927        0.0360032074
  20 -13       -0.0421489339        0.0093204573
  20 -14        0.0097260295        0.0359936083
  20 -15        0.0019051231        0.0118321456
  20 -16        0.0409010325        0.1126053254
  20 -17        0.0167058075        0.0032235111
  20 -18        0.0767995843        0.0780330202
  20 -19       -0.0019060871       -0.0117705954
  20 -20        0.0890410278       -0.0360521315
  21  21        0.0611119199       -0.0187962757
  21  20        0.0400212090       -0.0457748382
  21  19       -0.0417521201       -0.0710357205
  21  18        0.0727052177       -0.0402831545
  21  17       -0.0730583658       -0.0273055569
  21  16       -0.0165155762       -0.0364317114
  21  15       -0.0728238981       -0.0045045808
  21  14       -0.0049465471       -0.0301753853
  21  13       -0.0550711063        0.0069627103
  21  12       -0.0348909970       -0.0375692997
  21  11       -0.0477479119        0.0202777073
  21  10       -0.1034116039       -0.0029730652
  21   9       -0.0185118346        0.0377648619
  21   8        0.0102513176        0.0789804931
  21   7        0.0172692418        0.0819751848
  21   6        0.0527273821       -0.0201159706
  21   5        0.0699901509       -0.0510506867
  21   4        0.0013107296       -0.0158993767
  21   3       -0.0565652268       -0.0324614600
  21   2       -0.0163905964        0.0153643734
  21   1       -0.0088906660        0.0441847048
  21   0        0.0007982575        0.0000000000
  21  -1        0.0088906660        0.0441847048
  21  -2       -0.0163905964       -0.0153643734
  21  -3        0.0565652268       -0.0324614600
  21  -4        0.0013107296        0.0158993767
  21  -5       -0.0699901509       -0.0510506867
  21  -6        0.0527273821        0.0201159706
  21  -7       -0.0172692418        0.0819751848
  21  -8        0.0102513176       -0.0789804931
  21  -9        0.0185118346        0.0377648619
  21 -10       -0.1034116039        0.0029730652
  21 -11        0.0477479119        0.0202777073
  21 -12       -0.0348909970        0.0375692997
  21 -13        0.0550711063        0.0069627103
  21 -14       -0.0049465471        0.0301753853
  21 -15        0.0728238981       -0.0045045808
  21 -16       -0.0165155762        0.0364317114
  21 -17        0.0730583658       -0.0273055569
  21 -18        0.0727052177        0.0402831545
  21 -19        0.0417521201       -0.0710357205
  21 -20        0.0400212090        0.0457748382
  21 -21       -0.0611119199       -0.0187962757
  22  22        0.0797757262       -0.0759449596
  22  21       -0.0345306611       -0.0587467162
  22  20       -0.0155476140       -0.0278835648
  22  19       -0.0647334573       -0.0098745685
  22  18        0.0144212925        0.0290148249
  22  17       -0.0476830037        0.0466064762
  22  16        0.0313543388        0.0108047948
  22  15        0.0447583661       -0.0025430000
  22  14       -0.0495998545        0.0093999423
  22  13        0.0283587089        0.0096849882
  22  12       -0.0059028421        0.0254544315
  22  11        0.0356584928        0.0124997519
  22  10       -0.0137209270        0.0266874252
  22   9        0.0339453643        0.0051879348
  22   8        0.0419095561       -0.0105625005
  22   7        0.0102236134       -0.0501041967
  22   6        0.0248490029        0.0083731865
  22   5       -0.0459581017       -0.0347748095
  22   4       -0.0374131600       -0.0383323547
  22   3        0.0617491237        0.0443046508
  22   2        0.0126682832        0.0206911652
  22   1        0.0289929422       -0.0575474648
  22   0        0.0717238850        0.0000000000
  22  -1       -0.0289929422       -0.0575474648
  22  -2        0.0126682832       -0.0206911652
  22  -3       -0.0617491237        0.0443046508
  22  -4       -0.0374131600        0.0383323547
  22  -5        0.0459581017       -0.0347748095
  22  -6        0.0248490029       -0.0083731865
  22  -7       -0.0102236134       -0.0501041967
  22  -8        0.0419095561        0.0105625005
  22  -9       -0.0339453643        0.0051879348
  22 -10       -0.0137209270       -0.0266874252
  22 -11       -0.0356584928        0.0124997519
  22 -12       -0.0059028421       -0.0254544315
  22 -13       -0.0283587089        0.0096849882
  22 -14       -0.0495998545       -0.0093999423
  22 -15       -0.0447583661       -0.0025430000
  22 -16        0.0313543388       -0.0108047948
  22 -17        0.0476830037        0.0466064762
  22 -18        0.0144212925       -0.0290148249
  22 -19        0.0647334573       -0.0098745685
  22 -20       -0.0155476140        0.0278835648
  22 -21        0.0345306611       -0.0587467162
  22 -22        0.0797757262        0.0759449596
  23  23       -0.0102200298       -0.0647246872
  23  22       -0.0627221748        0.0153360640
  23  21       -0.0837358810       -0.0107762172
  23  20        0.0654278565        0.0144515650
  23  19       -0.0713457362        0.0168620640
  23  18        0.0227648983        0.0502481230
  23  17       -0.0339567255       -0.0130746297
  23  16       -0.0052670295        0.0329682765
  23  15       -0.0090414031        0.0067853352
  23  14       -0.0055486202        0.0075922182
  23  13        0.0130857526        0.0544171070
  23  12        0.0151247154        0.0275890405
  23  11        0.0415102674       -0.0309641412
  23  10        0.0729909436       -0.0211689615
  23   9        0.0019212592       -0.0001255461
  23   8        0.0205446101       -0.0425058145
  23   7        0.0038218034       -0.0143512261
  23   6       -0.0853626418        0.0330687896
  23   5       -0.0195246039       -0.0127500519
  23   4        0.0585538153        0.0414306745
  23   3        0.0225437155       -0.0087202315
  23   2        0.0375028065       -0.0237045666
  23   1        0.0344115978       -0.0371061723
  23   0        0.0128929354        0.0000000000
  23  -1       -0.0344115978       -0.0371061723
  23  -2        0.0375028065        0.0237045666
  23  -3       -0.0225437155       -0.0087202315
  23  -4        0.0585538153       -0.0414306745
  23  -5        0.0195246039       -0.0127500519
  23  -6       -0.0853626418       -0.0330687896
  23  -7       -0.0038218034       -0.0143512261
  23  -8        0.0205446101        0.0425058145
  23  -9       -0.0019212592       -0.0001255461
  23 -10        0.0729909436        0.0211689615
  23 -11       -0.0415102674       -0.0309641412
  23 -12        0.0151247154       -0.0275890405
  23 -13       -0.0130857526        0.0544171070
  23 -14       -0.0055486202       -0.0075922182
  23 -15        0.0090414031        0.0067853352
  23 -16       -0.0052670295       -0.0329682765
  23 -17        0.0339567255       -0.0130746297
  23 -18        0.0227648983       -0.0502481230
  23 -19        0.0713457362        0.0168620640
  23 -20        0.0654278565       -0.0144515650
  23 -21        0.0837358810       -0.0107762172
  23 -22       -0.0627221748       -0.0153360640
  23 -23        0.0102200298       -0.0647246872
  24  24       -0.0753498256       -0.0548635690
  24  23       -0.0229763785        0.0509649974
  24  22        0.0144806952        0.0734019424
  24  21       -0.0238620918       -0.0176246322
  24  20        0.0801482448        0.1038823364
  24  19       -0.0210551938       -0.0263981887
  24  18        0.0195142388        0.0017641392
  24  17        0.0193123481       -0.0165128448
  24  16       -0.0499188808       -0.0183328831
  24  15        0.0097506991        0.0031075786
  24  14       -0.0144866716       -0.0246407050
  24  13        0.0018317208       -0.0250377897
  24  12       -0.0188337927       -0.0315440510
  24  11        0.0052544474        0.0099836934
  24  10        0.0113698441       -0.0257322697
  24   9       -0.0473440414        0.0088539187
  24   8        0.0007534928        0.0146308279
  24   7        0.0024019375        0.0140435130
  24   6       -0.0671219103        0.0126922937
  24   5        0.0310438579        0.0129287389
  24   4        0.0190881852       -0.0018023905
  24   3       -0.0099978254       -0.0420486808
  24   2       -0.0181543139        0.0036870857
  24   1       -0.0431718035        0.0338235567
  24   0        0.0075972376        0.0000000000
  24  -1        0.0431718035        0.0338235567
  24  -2       -0.0181543139       -0.0036870857
  24  -3        0.0099978254       -0.0420486808
  24  -4        0.0190881852        0.0018023905
  24  -5       -0.0310438579        0.0129287389
  24  -6       -0.0671219103       -0.0126922937
  24  -7       -0.0024019375        0.0140435130
  24  -8        0.0007534928       -0.0146308279
  24  -9        0.0473440414        0.0088539187
  24 -10        0.0113698441        0.0257322697
  24 -11       -0.0052544474        0.0099836934
  24 -12       -0.0188337927        0.0315440510
  24 -13       -0.0018317208       -0.0250377897
  24 -14       -0.0144866716        0.0246407050
  24 -15       -0.0097506991        0.0031075786
  24 -16       -0.0499188808        0.0183328831
  24 -17       -0.0193123481       -0.0165128448
  24 -18        0.0195142388       -0.0017641392
  24 -19        0.0210551938       -0.0263981887
  24 -20        0.0801482448       -0.1038823364
  24 -21        0.0238620918       -0.0176246322
  24 -22        0.0144806952       -0.0734019424
  24 -23        0.0229763785        0.0509649974
  24 -24       -0.0753498256        0.0548635690
  25  25       -0.1017476195        0.0113924289
  25  24        0.0226682418        0.0582029873
  25  23        0.0191910970        0.0220655815
  25  22        0.0261766186        0.0314896348
  25  21        0.0210042880       -0.0326410683
  25  20        0.0442965682        0.0709213717
  25  19       -0.0132113149       -0.0325350735
  25  18        0.0064275206        0.0347881954
  25  17        0.0426728677        0.0418650714
  25  16       -0.0119396058       -0.0119736192
  25  15        0.0502268380        0.0037985268
  25  14        0.0337853376       -0.0370534851
  25  13       -0.0111368053       -0.0316367887
  25  12       -0.0349474855       -0.0146848057
  25  11       -0.0074369659        0.0142495790
  25  10        0.0063481858       -0.0259998452
  25   9       -0.0305359953        0.0038667685
  25   8       -0.0042060320        0.0389277707
  25   7       -0.0091336078        0.0373260383
  25   6        0.0793745415       -0.0684630741
  25   5        0.0156462010       -0.0094184218
  25   4       -0.0376284559       -0.0208913200
  25   3       -0.0398317085       -0.0201317435
  25   2        0.0033845054        0.0006212152
  25   1        0.0230576111        0.0178222498
  25   0        0.0325998643        0.0000000000
  25  -1       -0.0230576111        0.0178222498
  25  -2        0.0033845054       -0.0006212152
  25  -3        0.0398317085       -0.0201317435
  25  -4       -0.0376284559        0.0208913200
  25  -5       -0.0156462010       -0.0094184218
  25  -6        0.0793745415        0.0684630741
  25  -7        0.0091336078        0.0373260383
  25  -8       -0.0042060320       -0.0389277707
  25  -9        0.0305359953        0.0038667685
  25 -10        0.0063481858        0.0259998452
  25 -11        0.0074369659        0.0142495790
  25 -12       -0.0349474855        0.0146848057
  25 -13        0.0111368053       -0.0316367887
  25 -14        0.0337853376        0.0370534851
  25 -15       -0.0502268380        0.0037985268
  25 -16       -0.0119396058        0.0119736192
  25 -17       -0.0426728677        0.0418650714
  25 -18        0.0064275206       -0.0347881954
  25 -19        0.0132113149       -0.0325350735
  25 -20        0.0442965682       -0.0709213717
  25 -21       -0.0210042880       -0.0326410683
  25 -22        0.0261766186       -0.0314896348
  25 -23       -0.0191910970        0.0220655815
  25 -24        0.0226682418       -0.0582029873
  25 -25        0.1017476195        0.0113924289
  26  26       -0.0552383481        0.0598967258
  26  25        0.0258548050       -0.0095104032
  26  24        0.0064660458       -0.0157059305
  26  23        0.0030348253       -0.0626583487
  26  22        0.0194178804       -0.0011934703
  26  21       -0.0086273224       -0.0778620253
  26  20       -0.0012662117        0.0418238828
  26  19       -0.0096477678       -0.0492282335
  26  18       -0.0333068339        0.0127218132
  26  17       -0.0024946418        0.0070298392
  26  16       -0.0051902777       -0.0243367466
  26  15       -0.0315660953        0.0249647125
  26  14        0.0065376936       -0.0064725198
  26  13        0.0156146069       -0.0102843466
  26  12        0.0016518092        0.0127510468
  26  11       -0.0080594178       -0.0167187730
  26  10        0.0566363177       -0.0034658644
  26   9        0.0338662949        0.0142278244
  26   8        0.0101604068       -0.0140492617
  26   7        0.0309204799       -0.0465659319
  26   6        0.0051416668       -0.0081492246
  26   5       -0.0282367150       -0.0483088531
  26   4       -0.0157164326       -0.0133753148
  26   3       -0.0000407991        0.0210540523
  26   2        0.0217644487       -0.0003059833
  26   1        0.0007318321       -0.0127808263
  26   0       -0.0130485251        0.0000000000
  26  -1       -0.0007318321       -0.0127808263
  26  -2        0.0217644487        0.0003059833
  26  -3        0.0000407991        0.0210540523
  26  -4       -0.0157164326        0.0133753148
  26  -5        0.0282367150       -0.0483088531
  26  -6        0.0051416668        0.0081492246
  26  -7       -0.0309204799       -0.0465659319
  26  -8        0.0101604068        0.0140492617
  26  -9       -0.0338662949        0.0142278244
  26 -10        0.0566363177        0.0034658644
  26 -11        0.0080594178       -0.0167187730
  26 -12        0.0016518092       -0.0127510468
  26 -13       -0.0156146069       -0.0102843466
  26 -14        0.0065376936        0.0064725198
  26 -15        0.0315660953        0.0249647125
  26 -16       -0.0051902777        0.0243367466
  26 -17        0.0024946418        0.0070298392
  26 -18       -0.0333068339       -0.0127218132
  26 -19        0.0096477678       -0.0492282335
  26 -20       -0.0012662117       -0.0418238828
  26 -21        0.0086273224       -0.0778620253
  26 -22        0.0194178804        0.0011934703
  26 -23       -0.0030348253       -0.0626583487
  26 -24        0.0064660458        0.0157059305
  26 -25       -0.0258548050       -0.0095104032
  26 -26       -0.0552383481       -0.0598967258
  27  27        0.0175348961        0.0715052770
  27  26        0.0155013893       -0.0206273202
  27  25        0.0410053966       -0.0345695640
  27  24        0.0091755839        0.0174841394
  27  23       -0.0154152373       -0.0462984046
  27  22        0.0372983537        0.0084757941
  27  21       -0.0162785146       -0.0428678509
  27  20        0.0020641905       -0.0174070981
  27  19        0.0218125256       -0.0242397417
  27  18       -0.0597716608       -0.0285495972
  27  17        0.0129135193       -0.0324311357
  27  16       -0.0314745868       -0.0257614636
  27  15       -0.0449315807        0.0104124298
  27  14        0.0008478245       -0.0047517005
  27  13        0.0167774872       -0.0209806770
  27  12       -0.0176475737       -0.0248426303
  27  11       -0.0087105484        0.0105953887
  27  10       -0.0211974326        0.0262990781
  27   9        0.0329503978       -0.0308842288
  27   8       -0.0153605253       -0.0310081253
  27   7       -0.0106399657       -0.0033426429
  27   6       -0.0109692571        0.0549710216
  27   5       -0.0042045814       -0.0046633355
  27   4       -0.0038117773        0.0219105871
  27   3        0.0276706470       -0.0029798495
  27   2       -0.0302320242       -0.0088734008
  27   1        0.0270858294       -0.0303345108
  27   0       -0.0096995251        0.0000000000
  27  -1       -0.0270858294       -0.0303345108
  27  -2       -0.0302320242        0.0088734008
  27  -3       -0.0276706470       -0.0029798495
  27  -4       -0.0038117773       -0.0219105871
  27  -5        0.0042045814       -0.0046633355
  27  -6       -0.0109692571       -0.0549710216
  27  -7        0.0106399657       -0.0033426429
  27  -8       -0.0153605253        0.0310081253
  27  -9       -0.0329503978       -0.0308842288
  27 -10       -0.0211974326       -0.0262990781
  27 -11        0.0087105484        0.0105953887
  27 -12       -0.0176475737        0.0248426303
  27 -13       -0.0167774872       -0.0209806770
  27 -14        0.0008478245        0.0047517005
  27 -15        0.0449315807        0.0104124298
  27 -16       -0.0314745868        0.0257614636
  27 -17       -0.0129135193       -0.0324311357
  27 -18       -0.0597716608        0.0285495972
  27 -19       -0.0218125256       -0.0242397417
  27 -20        0.0020641905        0.0174070981
  27 -21        0.0162785146       -0.0428678509
  27 -22        0.0372983537       -0.0084757941
  27 -23        0.0154152373       -0.0462984046
  27 -24        0.0091755839       -0.0174841394
  27 -25       -0.0410053966       -0.0345695640
  27 -26        0.0155013893        0.0206273202
  27 -27       -0.0175348961        0.0715052770
  28  28        0.0583693638        0.0179725078
  28  27        0.0191455010        0.0161728596
  28  26       -0.0116845626        0.0066659036
  28  25        0.0162375707       -0.0417368442
  28  24       -0.0406953419        0.0236556548
  28  23       -0.0034733046       -0.0220882622
  28  22       -0.0177727538        0.0863487117
  28  21       -0.0083659557       -0.0221328784
  28  20        0.0271880673        0.0149064775
  28  19        0.0270454382        0.0504746785
  28  18        0.0004186015       -0.0413544399
  28  17        0.0283509530        0.0122664057
  28  16        0.0076487460       -0.0105318226
  28  15        0.0057639159       -0.0237278970
  28  14        0.0108765583        0.0336407029
  28  13        0.0084859061       -0.0055612791
  28  12        0.0154542837       -0.0004468234
  28  11       -0.0352486614        0.0360550753
  28  10       -0.0163849734       -0.0123555084
  28   9       -0.0032958721        0.0016729933
  28   8       -0.0203766788        0.0016243154
  28   7       -0.0403807147        0.0114232344
  28   6       -0.0164226737        0.0162917596
  28   5        0.0236284188        0.0310026536
  28   4        0.0048408153       -0.0251479397
  28   3        0.0122451929        0.0133493398
  28   2       -0.0357219839        0.0030962810
  28   1       -0.0465480415        0.0415709724
  28   0       -0.0711453788        0.0000000000
  28  -1        0.0465480415        0.0415709724
  28  -2       -0.0357219839       -0.0030962810
  28  -3       -0.0122451929        0.0133493398
  28  -4        0.0048408153        0.0251479397
  28  -5       -0.0236284188        0.0310026536
  28  -6       -0.0164226737       -0.0162917596
  28  -7        0.0403807147        0.0114232344
  28  -8       -0.0203766788       -0.0016243154
  28  -9        0.0032958721        0.0016729933
  28 -10       -0.0163849734        0.0123555084
  28 -11        0.0352486614        0.0360550753
  28 -12        0.0154542837        0.0004468234
  28 -13       -0.0084859061       -0.0055612791
  28 -14        0.0108765583       -0.0336407029
  28 -15       -0.0057639159       -0.0237278970
  28 -16        0.0076487460        0.0105318226
  28 -17       -0.0283509530        0.0122664057
  28 -18        0.0004186015        0.0413544399
  28 -19       -0.0270454382        0.0504746785
  28 -20        0.0271880673       -0.0149064775
  28 -21        0.0083659557       -0.0221328784
  28 -22       -0.0177727538       -0.0863487117
  28 -23        0.0034733046       -0.0220882622
  28 -24       -0.0406953419       -0.0236556548
  28 -25       -0.0162375707       -0.0417368442
  28 -26       -0.0116845626       -0.0066659036
  28 -27       -0.0191455010        0.0161728596
  28 -28        0.0583693638       -0.0179725078
  29  29        0.0766112640       -0.0249991416
  29  28       -0.0458986113       -0.0078717917
  29  27       -0.0358027076       -0.0467656891
  29  26       -0.0417496035        0.0032183897
  29  25       -0.0255842363       -0.0029458521
  29  24       -0.0614522970        0.0245022937
  29  23       -0.0247573189       -0.0273576433
  29  22       -0.0234489926        0.0481199114
  29  21        0.0255018383       -0.0019334043
  29  20       -0.0168652346        0.0261136143
  29  19        0.0140538515        0.0120249392
  29  18       -0.0075180955        0.0106118536
  29  17       -0.0063924474        0.0176348741
  29  16        0.0180742539       -0.0132706066
  29  15       -0.0005365934       -0.0106315851
  29  14       -0.0191713795        0.0578894346
  29  13        0.0066054639       -0.0413569525
  29  12        0.0302680842       -0.0078596055
  29  11        0.0057259846       -0.0250963635
  29  10       -0.0162514601       -0.0077812957
  29   9       -0.0317690327       -0.0310510118
  29   8        0.0222964443        0.0114011525
  29   7        0.0045220494       -0.0208826229
  29   6        0.0404737728       -0.0092827696
  29   5        0.0050111290       -0.0060780918
  29   4       -0.0241429421       -0.0091516702
  29   3       -0.0481672596       -0.0188260922
  29   2       -0.0027912596       -0.0109548912
  29   1        0.0023249706        0.0169311357
  29   0       -0.0000653442        0.0000000000
  29  -1       -0.0023249706        0.0169311357
  29  -2       -0.0027912596        0.0109548912
  29  -3        0.0481672596       -0.0188260922
  29  -4       -0.0241429421        0.0091516702
  29  -5       -0.0050111290       -0.0060780918
  29  -6        0.0404737728        0.0092827696
  29  -7       -0.0045220494       -0.0208826229
  29  -8        0.0222964443       -0.0114011525
  29  -9        0.0317690327       -0.0310510118
  29 -10       -0.0162514601        0.0077812957
  29 -11       -0.0057259846       -0.0250963635
  29 -12        0.0302680842        0.0078596055
  29 -13       -0.0066054639       -0.0413569525
  29 -14       -0.0191713795       -0.0578894346
  29 -15        0.0005365934       -0.0106315851
  29 -16        0.0180742539        0.0132706066
  29 -17        0.0063924474        0.0176348741
  29 -18       -0.0075180955       -0.0106118536
  29 -19       -0.0140538515        0.0120249392
  29 -20       -0.0168652346       -0.0261136143
  29 -21       -0.0255018383       -0.0019334043
  29 -22       -0.0234489926       -0.0481199114
  29 -23        0.0247573189       -0.0273576433
  29 -24       -0.0614522970       -0.0245022937
  29 -25        0.0255842363       -0.0029458521
  29 -26       -0.0417496035       -0.0032183897
  29 -27        0.0358027076       -0.0467656891
  29 -28       -0.0458986113        0.0078717917
  29 -29       -0.0766112640       -0.0249991416
  30  30        0.0104545126       -0.0412577876
  30  29        0.0251507063       -0.0460723212
  30  28       -0.0364820389       -0.0049144366
  30  27       -0.0050329580       -0.0214571776
  30  26       -0.0290233886        0.0517588771
  30  25       -0.0016786973       -0.0229483510
  30  24       -0.0029446108        0.0365458613
  30  23        0.0178145613       -0.0036680803
  30  22        0.0072729247        0.0014208634
  30  21        0.0270386382       -0.0194143458
  30  20       -0.0447498503       -0.0321800361
  30  19        0.0069614919       -0.0292365938
  30  18        0.0127697730        0.0194711552
  30  17       -0.0582912096       -0.0009233811
  30  16        0.0204079341       -0.0089562824
  30  15        0.0217298675       -0.0074820657
  30  14       -0.0139468490        0.0023050467
  30  13       -0.0016795505        0.0100146095
  30  12       -0.0025145756        0.0068780251
  30  11        0.0202753511       -0.0156401150
  30  10       -0.0033916536        0.0346443750
  30   9       -0.0042135609        0.0069200202
  30   8        0.0383516248        0.0184408445
  30   7        0.0008687481       -0.0243994902
  30   6        0.0340134841       -0.0302745564
  30   5       -0.0303089237        0.0342382632
  30   4        0.0095217814       -0.0117290794
  30   3       -0.0131715247        0.0301818267
  30   2        0.0137805236        0.0093886806
  30   1        0.0113794063       -0.0272853679
  30   0        0.0307092960        0.0000000000
  30  -1       -0.0113794063       -0.0272853679
  30  -2        0.0137805236       -0.0093886806
  30  -3        0.0131715247        0.0301818267
  30  -4        0.0095217814        0.0117290794
  30  -5        0.0303089237        0.0342382632
  30  -6        0.0340134841        0.0302745564
  30  -7       -0.0008687481       -0.0243994902
  30  -8        0.0383516248       -0.0184408445
  30  -9        0.0042135609        0.0069200202
  30 -10       -0.0033916536       -0.0346443750
  30 -11       -0.0202753511       -0.0156401150
  30 -12       -0.0025145756       -0.0068780251
  30 -13        0.0016795505        0.0100146095
  30 -14       -0.0139468490       -0.0023050467
  30 -15       -0.0217298675       -0.0074820657
  30 -16        0.0204079341        0.0089562824
  30 -17        0.0582912096       -0.0009233811
  30 -18        0.0127697730       -0.0194711552
  30 -19       -0.0069614919       -0.0292365938
  30 -20       -0.0447498503        0.0321800361
  30 -21       -0.0270386382       -0.0194143458
  30 -22        0.0072729247       -0.0014208634
  30 -23       -0.0178145613       -0.0036680803
  30 -24       -0.0029446108       -0.0365458613
  30 -25        0.0016786973       -0.0229483510
  30 -26       -0.0290233886       -0.0517588771
  30 -27        0.0050329580       -0.0214571776
  30 -28       -0.0364820389        0.0049144366
  30 -29       -0.0251507063       -0.0460723212
  30 -30        0.0104545126        0.0412577876
