   0   0       10.5475578127        0.0000000000
   1   1        0.0390288078        0.0541188292
   1   0       -0.0903860942        0.0000000000
   1  -1       -0.0390288078        0.0541188292
   2   2        0.8679333234       -1.1538101223
   2   1       -0.1642858341       -0.1840266026
   2   0        1.3778405857        0.0000000000
   2  -1        0.1642858341       -0.1840266026
   2  -2        0.8679333234        1.1538101223
   3   3        0.0016377317        0.0254840075
   3   2       -0.0220127888       -0.0553074623
   3   1        0.1124862394       -0.2062720413
   3   0        0.2116050849        0.0000000000
   3  -1       -0.1124862394       -0.2062720413
   3  -2       -0.0220127888        0.0553074623
   3  -3       -0.0016377317        0.0254840075
   4   4       -0.0976862615       -0.1342688261
   4   3       -0.1314888667        0.0488080041
   4   2       -0.0878025414        0.0870685380
   4   1       -0.1520179452        0.0914709090
   4   0        0.5404136347        0.0000000000
   4  -1        0.1520179452        0.0914709090
   4  -2       -0.0878025414       -0.0870685380
   4  -3        0.1314888667        0.0488080041
   4  -4       -0.0976862615        0.1342688261
   5   5       -0.0154662392       -0.0303891935
   5   4       -0.0183075893        0.0493898971
   5   3       -0.0642937351       -0.1555790974
   5   2       -0.0483218423       -0.0680160706
   5   1       -0.0446523316       -0.0732983006
   5   0        0.0249113219        0.0000000000
   5  -1        0.0446523316       -0.0732983006
   5  -2       -0.0483218423        0.0680160706
   5  -3        0.0642937351       -0.1555790974
   5  -4       -0.0183075893       -0.0493898971
   5  -5        0.0154662392       -0.0303891935
   6   6        0.0706880811        0.0688893979
   6   5        0.0379836948        0.1187664334
   6   4        0.0452537714        0.1571671700
   6   3        0.0372556133        0.0665885968
   6   2       -0.0535422048        0.0070264308
   6   1       -0.0552304060        0.0110600112
   6   0       -0.0709890427        0.0000000000
   6  -1        0.0552304060        0.0110600112
   6  -2       -0.0535422048       -0.0070264308
   6  -3       -0.0372556133        0.0665885968
   6  -4        0.0452537714       -0.1571671700
   6  -5       -0.0379836948        0.1187664334
   6  -6        0.0706880811       -0.0688893979
   7   7       -0.0386353313        0.0195406038
   7   6        0.0466961076        0.0629782068
   7   5       -0.0452680437       -0.0119686505
   7   4       -0.0272474510        0.0382163152
   7   3       -0.0397501996       -0.0544105690
   7   2       -0.0925545515        0.0194478007
   7   1       -0.0263898405       -0.0661971271
   7   0        0.0140081804        0.0000000000
   7  -1        0.0263898405       -0.0661971271
   7  -2       -0.0925545515       -0.0194478007
   7  -3        0.0397501996       -0.0544105690
   7  -4       -0.0272474510       -0.0382163152
   7  -5        0.0452680437       -0.0119686505
   7  -6        0.0466961076       -0.0629782068
   7  -7        0.0386353313        0.0195406038
   8   8        0.0466709428       -0.0133850192
   8   7        0.0490613522       -0.0043122559
   8   6        0.0501433280        0.0233853781
   8   5        0.0332417332       -0.0115687132
   8   4       -0.0120601548        0.0559929023
   8   3       -0.0143010727       -0.0033910124
   8   2       -0.0505590712        0.0750092668
   8   1        0.0034788987       -0.0370178068
   8   0       -0.0283484957        0.0000000000
   8  -1       -0.0034788987       -0.0370178068
   8  -2       -0.0505590712       -0.0750092668
   8  -3        0.0143010727       -0.0033910124
   8  -4       -0.0120601548       -0.0559929023
   8  -5       -0.0332417332       -0.0115687132
   8  -6        0.0501433280       -0.0233853781
   8  -7       -0.0490613522       -0.0043122559
   8  -8        0.0466709428        0.0133850192
   9   9       -0.0031986599        0.0226260732
   9   8        0.0466793641       -0.0175839972
   9   7        0.0068066685       -0.0096017480
   9   6        0.0196232490        0.0089016670
   9   5        0.0145739009        0.0206257301
   9   4        0.0038275164        0.0572634631
   9   3       -0.0007027820       -0.0342328062
   9   2       -0.0116294019        0.0019148576
   9   1       -0.0259058930       -0.0211757512
   9   0       -0.0300772870        0.0000000000
   9  -1        0.0259058930       -0.0211757512
   9  -2       -0.0116294019       -0.0019148576
   9  -3        0.0007027820       -0.0342328062
   9  -4        0.0038275164       -0.0572634631
   9  -5       -0.0145739009        0.0206257301
   9  -6        0.0196232490       -0.0089016670
   9  -7       -0.0068066685       -0.0096017480
   9  -8        0.0466793641        0.0175839972
   9  -9        0.0031986599        0.0226260732
  10  10        0.0189541813        0.0035351246
  10   9       -0.0104027745       -0.0106699720
  10   8       -0.0008693432       -0.0095387559
  10   7       -0.0140823652       -0.0160855476
  10   6       -0.0115049664        0.0449777780
  10   5       -0.0229460442        0.0098430097
  10   4        0.0264400169        0.0419571337
  10   3        0.0084368002       -0.0271792227
  10   2       -0.0087541949        0.0137764233
  10   1       -0.0259149459       -0.0320631814
  10   0       -0.0278150551        0.0000000000
  10  -1        0.0259149459       -0.0320631814
  10  -2       -0.0087541949       -0.0137764233
  10  -3       -0.0084368002       -0.0271792227
  10  -4        0.0264400169       -0.0419571337
  10  -5        0.0229460442        0.0098430097
  10  -6       -0.0115049664       -0.0449777780
  10  -7        0.0140823652       -0.0160855476
  10  -8       -0.0008693432        0.0095387559
  10  -9        0.0104027745       -0.0106699720
  10 -10        0.0189541813       -0.0035351246
  11  11        0.0043976330        0.0103219222
  11  10        0.0012174889       -0.0177203737
  11   9        0.0027030537       -0.0167552601
  11   8       -0.0101825313       -0.0255250553
  11   7        0.0303214333       -0.0083614221
  11   6        0.0000273794        0.0043839520
  11   5        0.0065671272       -0.0265816397
  11   4        0.0195911304        0.0104220097
  11   3        0.0006997269        0.0278102980
  11   2        0.0037314491       -0.0126689199
  11   1        0.0018900247       -0.0038632156
  11   0        0.0092972503        0.0000000000
  11  -1       -0.0018900247       -0.0038632156
  11  -2        0.0037314491        0.0126689199
  11  -3       -0.0006997269        0.0278102980
  11  -4        0.0195911304       -0.0104220097
  11  -5       -0.0065671272       -0.0265816397
  11  -6        0.0000273794       -0.0043839520
  11  -7       -0.0303214333       -0.0083614221
  11  -8       -0.0101825313        0.0255250553
  11  -9       -0.0027030537       -0.0167552601
  11 -10        0.0012174889        0.0177203737
  11 -11       -0.0043976330        0.0103219222
  12  12        0.0095095055       -0.0082770370
  12  11       -0.0042801807        0.0190361654
  12  10       -0.0111233709        0.0115811900
  12   9       -0.0048139542        0.0043162142
  12   8        0.0016032354        0.0182000912
  12   7       -0.0057999712        0.0080873068
  12   6        0.0153138977        0.0063529363
  12   5       -0.0088228924       -0.0143753576
  12   4        0.0086836338       -0.0125223980
  12   3       -0.0077726655       -0.0025022138
  12   2       -0.0098372064        0.0046265732
  12   1        0.0079474077        0.0021692469
  12   0        0.0179551593        0.0000000000
  12  -1       -0.0079474077        0.0021692469
  12  -2       -0.0098372064       -0.0046265732
  12  -3        0.0077726655       -0.0025022138
  12  -4        0.0086836338        0.0125223980
  12  -5        0.0088228924       -0.0143753576
  12  -6        0.0153138977       -0.0063529363
  12  -7        0.0057999712        0.0080873068
  12  -8        0.0016032354       -0.0182000912
  12  -9        0.0048139542        0.0043162142
  12 -10       -0.0111233709       -0.0115811900
  12 -11        0.0042801807        0.0190361654
  12 -12        0.0095095055        0.0082770370
  13  13        0.0069101696       -0.0021846704
  13  12       -0.0034727035       -0.0023434921
  13  11       -0.0047661913       -0.0079995415
  13  10       -0.0236779523        0.0048061670
  13   9        0.0099140108       -0.0051026417
  13   8        0.0002721112        0.0089749149
  13   7        0.0019526090       -0.0198922904
  13   6       -0.0133457531       -0.0107718113
  13   5        0.0222596425       -0.0002124983
  13   4       -0.0150070965        0.0040158035
  13   3        0.0156362207       -0.0023493560
  13   2        0.0208689366       -0.0090613484
  13   1       -0.0328141172        0.0328062918
  13   0       -0.0143376580        0.0000000000
  13  -1        0.0328141172        0.0328062918
  13  -2        0.0208689366        0.0090613484
  13  -3       -0.0156362207       -0.0023493560
  13  -4       -0.0150070965       -0.0040158035
  13  -5       -0.0222596425       -0.0002124983
  13  -6       -0.0133457531        0.0107718113
  13  -7       -0.0019526090       -0.0198922904
  13  -8        0.0002721112       -0.0089749149
  13  -9       -0.0099140108       -0.0051026417
  13 -10       -0.0236779523       -0.0048061670
  13 -11        0.0047661913       -0.0079995415
  13 -12       -0.0034727035        0.0023434921
  13 -13       -0.0069101696       -0.0021846704
  14  14       -0.0078316830       -0.0076880114
  14  13        0.0159254729        0.0021735236
  14  12       -0.0017564921        0.0145407862
  14  11        0.0089425990       -0.0139049866
  14  10        0.0018044993        0.0013752743
  14   9       -0.0035159769        0.0074592107
  14   8       -0.0112963660       -0.0082030557
  14   7       -0.0068148764       -0.0104232693
  14   6       -0.0064998253        0.0061878022
  14   5       -0.0124710168       -0.0038484883
  14   4        0.0204218154       -0.0105790428
  14   3        0.0005237441        0.0031757182
  14   2        0.0011019138       -0.0161026023
  14   1        0.0206888169       -0.0054948937
  14   0       -0.0189855298        0.0000000000
  14  -1       -0.0206888169       -0.0054948937
  14  -2        0.0011019138        0.0161026023
  14  -3       -0.0005237441        0.0031757182
  14  -4        0.0204218154        0.0105790428
  14  -5        0.0124710168       -0.0038484883
  14  -6       -0.0064998253       -0.0061878022
  14  -7        0.0068148764       -0.0104232693
  14  -8       -0.0112963660        0.0082030557
  14  -9        0.0035159769        0.0074592107
  14 -10        0.0018044993       -0.0013752743
  14 -11       -0.0089425990       -0.0139049866
  14 -12       -0.0017564921       -0.0145407862
  14 -13       -0.0159254729        0.0021735236
  14 -14       -0.0078316830        0.0076880114
  15  15       -0.0162220344       -0.0092378570
  15  14        0.0062511060        0.0078413161
  15  13       -0.0020755696       -0.0031986857
  15  12        0.0108091732        0.0104690727
  15  11        0.0204623145        0.0008054085
  15  10        0.0044206247        0.0015578998
  15   9        0.0070055223       -0.0108266327
  15   8        0.0007109727        0.0076811553
  15   7       -0.0048366526       -0.0126462685
  15   6       -0.0163036086        0.0035089248
  15   5        0.0134236528        0.0040267369
  15   4       -0.0071361796       -0.0149985844
  15   3       -0.0001640437        0.0049426792
  15   2       -0.0016108821        0.0085130020
  15   1       -0.0240825420        0.0184625878
  15   0        0.0349624822        0.0000000000
  15  -1        0.0240825420        0.0184625878
  15  -2       -0.0016108821       -0.0085130020
  15  -3        0.0001640437        0.0049426792
  15  -4       -0.0071361796        0.0149985844
  15  -5       -0.0134236528        0.0040267369
  15  -6       -0.0163036086       -0.0035089248
  15  -7        0.0048366526       -0.0126462685
  15  -8        0.0007109727       -0.0076811553
  15  -9       -0.0070055223       -0.0108266327
  15 -10        0.0044206247       -0.0015578998
  15 -11       -0.0204623145        0.0008054085
  15 -12        0.0108091732       -0.0104690727
  15 -13        0.0020755696       -0.0031986857
  15 -14        0.0062511060       -0.0078413161
  15 -15        0.0162220344       -0.0092378570
  16  16       -0.0028980393        0.0113542367
  16  15       -0.0063932508        0.0031650314
  16  14        0.0096204291       -0.0008232740
  16  13       -0.0051095452       -0.0161865420
  16  12        0.0033086804        0.0053089580
  16  11       -0.0018215491        0.0053733042
  16  10       -0.0094027428        0.0053993373
  16   9       -0.0031762417        0.0017064208
  16   8       -0.0042243123        0.0060868940
  16   7        0.0023273376        0.0073167531
  16   6       -0.0043327140       -0.0052508160
  16   5        0.0015003223       -0.0050373495
  16   4        0.0024545404       -0.0035137948
  16   3       -0.0077711345       -0.0056366483
  16   2        0.0098394812       -0.0084063029
  16   1        0.0084341254        0.0021557043
  16   0        0.0120760761        0.0000000000
  16  -1       -0.0084341254        0.0021557043
  16  -2        0.0098394812        0.0084063029
  16  -3        0.0077711345       -0.0056366483
  16  -4        0.0024545404        0.0035137948
  16  -5       -0.0015003223       -0.0050373495
  16  -6       -0.0043327140        0.0052508160
  16  -7       -0.0023273376        0.0073167531
  16  -8       -0.0042243123       -0.0060868940
  16  -9        0.0031762417        0.0017064208
  16 -10       -0.0094027428       -0.0053993373
  16 -11        0.0018215491        0.0053733042
  16 -12        0.0033086804       -0.0053089580
  16 -13        0.0051095452       -0.0161865420
  16 -14        0.0096204291        0.0008232740
  16 -15        0.0063932508        0.0031650314
  16 -16       -0.0028980393       -0.0113542367
  17  17       -0.0095097876        0.0201387723
  17  16       -0.0010181240       -0.0035997411
  17  15       -0.0022600405       -0.0008780693
  17  14        0.0084298039       -0.0080405265
  17  13        0.0123382098       -0.0044475007
  17  12        0.0005842318       -0.0067909879
  17  11        0.0034776635       -0.0115227331
  17  10        0.0016541609       -0.0016767009
  17   9        0.0005897978        0.0042681114
  17   8        0.0012163348        0.0171643645
  17   7        0.0003391140       -0.0094913944
  17   6       -0.0081094209       -0.0022956867
  17   5       -0.0072491939        0.0063459318
  17   4        0.0074304612       -0.0118044268
  17   3        0.0042933668        0.0158838282
  17   2        0.0007978802       -0.0281083185
  17   1        0.0206916341        0.0049412945
  17   0        0.0067666518        0.0000000000
  17  -1       -0.0206916341        0.0049412945
  17  -2        0.0007978802        0.0281083185
  17  -3       -0.0042933668        0.0158838282
  17  -4        0.0074304612        0.0118044268
  17  -5        0.0072491939        0.0063459318
  17  -6       -0.0081094209        0.0022956867
  17  -7       -0.0003391140       -0.0094913944
  17  -8        0.0012163348       -0.0171643645
  17  -9       -0.0005897978        0.0042681114
  17 -10        0.0016541609        0.0016767009
  17 -11       -0.0034776635       -0.0115227331
  17 -12        0.0005842318        0.0067909879
  17 -13       -0.0123382098       -0.0044475007
  17 -14        0.0084298039        0.0080405265
  17 -15        0.0022600405       -0.0008780693
  17 -16       -0.0010181240        0.0035997411
  17 -17        0.0095097876        0.0201387723
  18  18        0.0022709596        0.0000777919
  18  17        0.0019684516        0.0058967735
  18  16       -0.0078348446       -0.0012679961
  18  15       -0.0110842686        0.0016320444
  18  14        0.0008797585       -0.0029432163
  18  13        0.0043552347       -0.0019789351
  18  12       -0.0073059377        0.0051965807
  18  11        0.0035899205       -0.0013771756
  18  10        0.0019732456        0.0056313745
  18   9        0.0040153794       -0.0039677294
  18   8       -0.0002518982       -0.0015029959
  18   7       -0.0005810574        0.0079121176
  18   6        0.0013547427       -0.0074292502
  18   5        0.0140676905       -0.0050601983
  18   4       -0.0221745719        0.0013677152
  18   3        0.0015129119       -0.0042767248
  18   2        0.0188560865        0.0297601504
  18   1       -0.0085929509        0.0081837404
  18   0        0.0095401401        0.0000000000
  18  -1        0.0085929509        0.0081837404
  18  -2        0.0188560865       -0.0297601504
  18  -3       -0.0015129119       -0.0042767248
  18  -4       -0.0221745719       -0.0013677152
  18  -5       -0.0140676905       -0.0050601983
  18  -6        0.0013547427        0.0074292502
  18  -7        0.0005810574        0.0079121176
  18  -8       -0.0002518982        0.0015029959
  18  -9       -0.0040153794       -0.0039677294
  18 -10        0.0019732456       -0.0056313745
  18 -11       -0.0035899205       -0.0013771756
  18 -12       -0.0073059377       -0.0051965807
  18 -13       -0.0043552347       -0.0019789351
  18 -14        0.0008797585        0.0029432163
  18 -15        0.0110842686        0.0016320444
  18 -16       -0.0078348446        0.0012679961
  18 -17       -0.0019684516        0.0058967735
  18 -18        0.0022709596       -0.0000777919
  19  19       -0.0004320962        0.0004836986
  19  18        0.0020631390        0.0019064402
  19  17        0.0003160748        0.0008335617
  19  16       -0.0093757428       -0.0015794657
  19  15       -0.0016516896       -0.0017985861
  19  14       -0.0008334408       -0.0033986311
  19  13       -0.0024081476       -0.0024736933
  19  12        0.0015380059       -0.0018276159
  19  11        0.0043987215       -0.0061983678
  19  10        0.0026626314       -0.0043656999
  19   9       -0.0002652911        0.0015751877
  19   8       -0.0101191208        0.0044895246
  19   7        0.0048740692        0.0000707055
  19   6       -0.0023676684        0.0029296184
  19   5       -0.0102256801       -0.0077459817
  19   4        0.0003037549        0.0175000469
  19   3       -0.0184130704        0.0131304880
  19   2        0.0223721707       -0.0319239859
  19   1        0.0029770713        0.0030638232
  19   0       -0.0337474260        0.0000000000
  19  -1       -0.0029770713        0.0030638232
  19  -2        0.0223721707        0.0319239859
  19  -3        0.0184130704        0.0131304880
  19  -4        0.0003037549       -0.0175000469
  19  -5        0.0102256801       -0.0077459817
  19  -6       -0.0023676684       -0.0029296184
  19  -7       -0.0048740692        0.0000707055
  19  -8       -0.0101191208       -0.0044895246
  19  -9        0.0002652911        0.0015751877
  19 -10        0.0026626314        0.0043656999
  19 -11       -0.0043987215       -0.0061983678
  19 -12        0.0015380059        0.0018276159
  19 -13        0.0024081476       -0.0024736933
  19 -14       -0.0008334408        0.0033986311
  19 -15        0.0016516896       -0.0017985861
  19 -16       -0.0093757428        0.0015794657
  19 -17       -0.0003160748        0.0008335617
  19 -18        0.0020631390       -0.0019064402
  19 -19        0.0004320962        0.0004836986
  20  20       -0.0025035073       -0.0141556534
  20  19        0.0049137286        0.0060701487
  20  18       -0.0054001302        0.0109613481
  20  17        0.0021642280        0.0006081829
  20  16       -0.0025177088        0.0080279280
  20  15        0.0016891873       -0.0044510100
  20  14        0.0037347786        0.0061958361
  20  13       -0.0036529383       -0.0068345379
  20  12       -0.0079060358       -0.0026661133
  20  11       -0.0029239604       -0.0035277421
  20  10       -0.0053773111        0.0010572816
  20   9        0.0030795780        0.0050374951
  20   8        0.0041947922        0.0041007501
  20   7        0.0050197634       -0.0044993450
  20   6        0.0037955118        0.0107113812
  20   5        0.0072464652       -0.0037297483
  20   4       -0.0065054315        0.0068432394
  20   3       -0.0013863108        0.0106114672
  20   2        0.0166068539        0.0035949625
  20   1        0.0018586663       -0.0195953069
  20   0        0.0090735199        0.0000000000
  20  -1       -0.0018586663       -0.0195953069
  20  -2        0.0166068539       -0.0035949625
  20  -3        0.0013863108        0.0106114672
  20  -4       -0.0065054315       -0.0068432394
  20  -5       -0.0072464652       -0.0037297483
  20  -6        0.0037955118       -0.0107113812
  20  -7       -0.0050197634       -0.0044993450
  20  -8        0.0041947922       -0.0041007501
  20  -9       -0.0030795780        0.0050374951
  20 -10       -0.0053773111       -0.0010572816
  20 -11        0.0029239604       -0.0035277421
  20 -12       -0.0079060358        0.0026661133
  20 -13        0.0036529383       -0.0068345379
  20 -14        0.0037347786       -0.0061958361
  20 -15       -0.0016891873       -0.0044510100
  20 -16       -0.0025177088       -0.0080279280
  20 -17       -0.0021642280        0.0006081829
  20 -18       -0.0054001302       -0.0109613481
  20 -19       -0.0049137286        0.0060701487
  20 -20       -0.0025035073        0.0141556534
  21  21        0.0037201808        0.0117932504
  21  20       -0.0047288459       -0.0002787263
  21  19       -0.0021687870       -0.0015235805
  21  18        0.0043123015        0.0092077323
  21  17        0.0064103132        0.0078244893
  21  16       -0.0000776754        0.0038619566
  21  15        0.0009056621        0.0034449847
  21  14       -0.0000343377       -0.0049736639
  21  13       -0.0048146892       -0.0025798163
  21  12       -0.0059542156        0.0009738976
  21  11       -0.0012129016       -0.0066569420
  21  10        0.0013853068        0.0058522457
  21   9        0.0048980834        0.0024079645
  21   8        0.0032299974       -0.0080010661
  21   7       -0.0046966604       -0.0029225739
  21   6        0.0017853305        0.0183564341
  21   5       -0.0120240667        0.0042388652
  21   4        0.0121901777       -0.0055686058
  21   3       -0.0192678552       -0.0050595359
  21   2        0.0030514989       -0.0129079734
  21   1       -0.0177725300        0.0225852167
  21   0        0.0067357665        0.0000000000
  21  -1        0.0177725300        0.0225852167
  21  -2        0.0030514989        0.0129079734
  21  -3        0.0192678552       -0.0050595359
  21  -4        0.0121901777        0.0055686058
  21  -5        0.0120240667        0.0042388652
  21  -6        0.0017853305       -0.0183564341
  21  -7        0.0046966604       -0.0029225739
  21  -8        0.0032299974        0.0080010661
  21  -9       -0.0048980834        0.0024079645
  21 -10        0.0013853068       -0.0058522457
  21 -11        0.0012129016       -0.0066569420
  21 -12       -0.0059542156       -0.0009738976
  21 -13        0.0048146892       -0.0025798163
  21 -14       -0.0000343377        0.0049736639
  21 -15       -0.0009056621        0.0034449847
  21 -16       -0.0000776754       -0.0038619566
  21 -17       -0.0064103132        0.0078244893
  21 -18        0.0043123015       -0.0092077323
  21 -19        0.0021687870       -0.0015235805
  21 -20       -0.0047288459        0.0002787263
  21 -21       -0.0037201808        0.0117932504
  22  22       -0.0072038914       -0.0007101641
  22  21       -0.0005095977       -0.0089103445
  22  20        0.0034684614        0.0010177559
  22  19       -0.0045674414       -0.0003852937
  22  18        0.0040057307        0.0019160671
  22  17        0.0011065029       -0.0019761247
  22  16        0.0029013228       -0.0002569088
  22  15       -0.0056154536       -0.0005980990
  22  14       -0.0027126182        0.0035814153
  22  13       -0.0039059071       -0.0000749597
  22  12       -0.0066820551        0.0005327922
  22  11        0.0040150566        0.0008746167
  22  10        0.0035334220        0.0010349606
  22   9       -0.0063030257        0.0005283915
  22   8        0.0119664220       -0.0006435485
  22   7        0.0054495339        0.0011173091
  22   6       -0.0020994371        0.0008250101
  22   5       -0.0061343550       -0.0138578621
  22   4       -0.0028980978       -0.0049977919
  22   3       -0.0079019398        0.0269102218
  22   2       -0.0097591600       -0.0171595359
  22   1       -0.0043620998       -0.0009131460
  22   0       -0.0086087943        0.0000000000
  22  -1        0.0043620998       -0.0009131460
  22  -2       -0.0097591600        0.0171595359
  22  -3        0.0079019398        0.0269102218
  22  -4       -0.0028980978        0.0049977919
  22  -5        0.0061343550       -0.0138578621
  22  -6       -0.0020994371       -0.0008250101
  22  -7       -0.0054495339        0.0011173091
  22  -8        0.0119664220        0.0006435485
  22  -9        0.0063030257        0.0005283915
  22 -10        0.0035334220       -0.0010349606
  22 -11       -0.0040150566        0.0008746167
  22 -12       -0.0066820551       -0.0005327922
  22 -13        0.0039059071       -0.0000749597
  22 -14       -0.0027126182       -0.0035814153
  22 -15        0.0056154536       -0.0005980990
  22 -16        0.0029013228        0.0002569088
  22 -17       -0.0011065029       -0.0019761247
  22 -18        0.0040057307       -0.0019160671
  22 -19        0.0045674414       -0.0003852937
  22 -20        0.0034684614       -0.0010177559
  22 -21        0.0005095977       -0.0089103445
  22 -22       -0.0072038914        0.0007101641
  23  23       -0.0088216426       -0.0041443988
  23  22        0.0035586606       -0.0020097008
  23  21        0.0030680521       -0.0017837350
  23  20        0.0009362393       -0.0037177695
  23  19        0.0041096275       -0.0074327149
  23  18        0.0094456787        0.0032021447
  23  17        0.0108813860       -0.0034160807
  23  16        0.0023407157       -0.0015974816
  23  15        0.0004596615       -0.0008226524
  23  14       -0.0051280579       -0.0050803909
  23  13       -0.0088979259        0.0037882701
  23  12       -0.0039441598        0.0039727981
  23  11        0.0014356202       -0.0054463586
  23  10       -0.0018357386       -0.0024765461
  23   9       -0.0106295697       -0.0000087776
  23   8        0.0090866666       -0.0011696029
  23   7       -0.0054382647        0.0202009595
  23   6        0.0031467396       -0.0060983750
  23   5        0.0155313517        0.0013962258
  23   4        0.0019336191       -0.0145106594
  23   3        0.0047391561       -0.0049401628
  23   2       -0.0357725172        0.0228162613
  23   1       -0.0062179348       -0.0116277057
  23   0        0.0607780761        0.0000000000
  23  -1        0.0062179348       -0.0116277057
  23  -2       -0.0357725172       -0.0228162613
  23  -3       -0.0047391561       -0.0049401628
  23  -4        0.0019336191        0.0145106594
  23  -5       -0.0155313517        0.0013962258
  23  -6        0.0031467396        0.0060983750
  23  -7        0.0054382647        0.0202009595
  23  -8        0.0090866666        0.0011696029
  23  -9        0.0106295697       -0.0000087776
  23 -10       -0.0018357386        0.0024765461
  23 -11       -0.0014356202       -0.0054463586
  23 -12       -0.0039441598       -0.0039727981
  23 -13        0.0088979259        0.0037882701
  23 -14       -0.0051280579        0.0050803909
  23 -15       -0.0004596615       -0.0008226524
  23 -16        0.0023407157        0.0015974816
  23 -17       -0.0108813860       -0.0034160807
  23 -18        0.0094456787       -0.0032021447
  23 -19       -0.0041096275       -0.0074327149
  23 -20        0.0009362393        0.0037177695
  23 -21       -0.0030680521       -0.0017837350
  23 -22        0.0035586606        0.0020097008
  23 -23        0.0088216426       -0.0041443988
  24  24       -0.0029793673        0.0053405712
  24  23       -0.0019408765        0.0047667147
  24  22        0.0047160742       -0.0015811619
  24  21       -0.0054219529       -0.0009303096
  24  20       -0.0063080016       -0.0055087036
  24  19       -0.0012162068        0.0009434739
  24  18        0.0046792023        0.0036923572
  24  17        0.0011595018        0.0039135289
  24  16        0.0037978418       -0.0043550784
  24  15        0.0007253696       -0.0010508792
  24  14       -0.0085494329        0.0035533032
  24  13        0.0041646998        0.0001995071
  24  12        0.0003072439       -0.0016723512
  24  11        0.0007013718       -0.0024993763
  24  10       -0.0017743842       -0.0018000863
  24   9       -0.0019333679        0.0028374046
  24   8        0.0009428560       -0.0003031125
  24   7       -0.0116530478       -0.0013365119
  24   6       -0.0038264221       -0.0003529471
  24   5        0.0077776355        0.0165612752
  24   4       -0.0002316148        0.0120505796
  24   3        0.0102036818        0.0001658706
  24   2       -0.0226081775       -0.0194055955
  24   1       -0.0252590075        0.0157470742
  24   0        0.0222023320        0.0000000000
  24  -1        0.0252590075        0.0157470742
  24  -2       -0.0226081775        0.0194055955
  24  -3       -0.0102036818        0.0001658706
  24  -4       -0.0002316148       -0.0120505796
  24  -5       -0.0077776355        0.0165612752
  24  -6       -0.0038264221        0.0003529471
  24  -7        0.0116530478       -0.0013365119
  24  -8        0.0009428560        0.0003031125
  24  -9        0.0019333679        0.0028374046
  24 -10       -0.0017743842        0.0018000863
  24 -11       -0.0007013718       -0.0024993763
  24 -12        0.0003072439        0.0016723512
  24 -13       -0.0041646998        0.0001995071
  24 -14       -0.0085494329       -0.0035533032
  24 -15       -0.0007253696       -0.0010508792
  24 -16        0.0037978418        0.0043550784
  24 -17       -0.0011595018        0.0039135289
  24 -18        0.0046792023       -0.0036923572
  24 -19        0.0012162068        0.0009434739
  24 -20       -0.0063080016        0.0055087036
  24 -21        0.0054219529       -0.0009303096
  24 -22        0.0047160742        0.0015811619
  24 -23        0.0019408765        0.0047667147
  24 -24       -0.0029793673       -0.0053405712
  25  25        0.0167320516       -0.0026972375
  25  24       -0.0041951602        0.0034916458
  25  23       -0.0149504678        0.0008799708
  25  22        0.0035826628       -0.0025176762
  25  21       -0.0006117707       -0.0044735481
  25  20       -0.0023746160       -0.0098107774
  25  19       -0.0053530777       -0.0033201578
  25  18        0.0003566938        0.0008780058
  25  17        0.0120270327        0.0003501768
  25  16        0.0006426955        0.0055877602
  25  15        0.0025495611        0.0030403228
  25  14        0.0000039336       -0.0011187163
  25  13       -0.0025737498       -0.0005199071
  25  12       -0.0041472852       -0.0002508939
  25  11       -0.0030124404        0.0089288662
  25  10       -0.0022854438       -0.0004695468
  25   9        0.0048936676       -0.0036781836
  25   8       -0.0084605835       -0.0034591242
  25   7       -0.0008864079        0.0100936158
  25   6       -0.0024381351       -0.0054455791
  25   5        0.0276403715       -0.0199975210
  25   4       -0.0038229227        0.0340832397
  25   3       -0.0265411884       -0.0182120713
  25   2        0.0124558567       -0.0196562937
  25   1       -0.0069487598        0.0020878051
  25   0       -0.0245224971        0.0000000000
  25  -1        0.0069487598        0.0020878051
  25  -2        0.0124558567        0.0196562937
  25  -3        0.0265411884       -0.0182120713
  25  -4       -0.0038229227       -0.0340832397
  25  -5       -0.0276403715       -0.0199975210
  25  -6       -0.0024381351        0.0054455791
  25  -7        0.0008864079        0.0100936158
  25  -8       -0.0084605835        0.0034591242
  25  -9       -0.0048936676       -0.0036781836
  25 -10       -0.0022854438        0.0004695468
  25 -11        0.0030124404        0.0089288662
  25 -12       -0.0041472852        0.0002508939
  25 -13        0.0025737498       -0.0005199071
  25 -14        0.0000039336        0.0011187163
  25 -15       -0.0025495611        0.0030403228
  25 -16        0.0006426955       -0.0055877602
  25 -17       -0.0120270327        0.0003501768
  25 -18        0.0003566938       -0.0008780058
  25 -19        0.0053530777       -0.0033201578
  25 -20       -0.0023746160        0.0098107774
  25 -21        0.0006117707       -0.0044735481
  25 -22        0.0035826628        0.0025176762
  25 -23        0.0149504678        0.0008799708
  25 -24       -0.0041951602       -0.0034916458
  25 -25       -0.0167320516       -0.0026972375
  26  26       -0.0038984403       -0.0177921231
  26  25       -0.0047377860       -0.0035526455
  26  24       -0.0102497548        0.0064699637
  26  23       -0.0012724598        0.0103848281
  26  22        0.0008078783        0.0002429961
  26  21        0.0042492523       -0.0034867859
  26  20       -0.0058895141       -0.0029569608
  26  19        0.0018136559       -0.0037235592
  26  18       -0.0003108444        0.0041564251
  26  17       -0.0045736902        0.0017710949
  26  16        0.0007285373        0.0034296441
  26  15        0.0032322238       -0.0018919980
  26  14       -0.0036081659       -0.0024175684
  26  13       -0.0045580433       -0.0000022174
  26  12       -0.0003761465       -0.0002137527
  26  11        0.0056042589        0.0070528348
  26  10       -0.0075508660        0.0019062957
  26   9        0.0019086173       -0.0078033470
  26   8        0.0064457461       -0.0005080485
  26   7       -0.0060540432       -0.0005874519
  26   6        0.0010138216       -0.0111068092
  26   5        0.0059938182        0.0056948052
  26   4       -0.0003738336        0.0279725583
  26   3        0.0074672171        0.0142543293
  26   2        0.0071400265       -0.0511981939
  26   1        0.0290302524       -0.0094904712
  26   0       -0.0220015217        0.0000000000
  26  -1       -0.0290302524       -0.0094904712
  26  -2        0.0071400265        0.0511981939
  26  -3       -0.0074672171        0.0142543293
  26  -4       -0.0003738336       -0.0279725583
  26  -5       -0.0059938182        0.0056948052
  26  -6        0.0010138216        0.0111068092
  26  -7        0.0060540432       -0.0005874519
  26  -8        0.0064457461        0.0005080485
  26  -9       -0.0019086173       -0.0078033470
  26 -10       -0.0075508660       -0.0019062957
  26 -11       -0.0056042589        0.0070528348
  26 -12       -0.0003761465        0.0002137527
  26 -13        0.0045580433       -0.0000022174
  26 -14       -0.0036081659        0.0024175684
  26 -15       -0.0032322238       -0.0018919980
  26 -16        0.0007285373       -0.0034296441
  26 -17        0.0045736902        0.0017710949
  26 -18       -0.0003108444       -0.0041564251
  26 -19       -0.0018136559       -0.0037235592
  26 -20       -0.0058895141        0.0029569608
  26 -21       -0.0042492523       -0.0034867859
  26 -22        0.0008078783       -0.0002429961
  26 -23        0.0012724598        0.0103848281
  26 -24       -0.0102497548       -0.0064699637
  26 -25        0.0047377860       -0.0035526455
  26 -26       -0.0038984403        0.0177921231
  27  27       -0.0012020228        0.0077729189
  27  26        0.0062789900       -0.0072951319
  27  25        0.0020201278       -0.0031171577
  27  24       -0.0004913095       -0.0012112742
  27  23       -0.0052078840       -0.0040369796
  27  22        0.0024982207        0.0041198678
  27  21       -0.0016995149        0.0003567559
  27  20        0.0019486988       -0.0058032734
  27  19        0.0028942140       -0.0048421491
  27  18       -0.0011676654       -0.0026875900
  27  17        0.0065816170        0.0023071091
  27  16        0.0022722039        0.0054774165
  27  15        0.0017102601       -0.0017768074
  27  14       -0.0003734742       -0.0011351738
  27  13        0.0098049896       -0.0030851046
  27  12       -0.0011404347        0.0019110664
  27  11       -0.0055113295       -0.0047723840
  27  10       -0.0090013357        0.0051168405
  27   9       -0.0008904664       -0.0047787971
  27   8        0.0085415556        0.0042719019
  27   7       -0.0102067309       -0.0049422562
  27   6        0.0126961497       -0.0051624576
  27   5       -0.0027144180        0.0156688527
  27   4       -0.0167408236        0.0005533927
  27   3        0.0154864659        0.0017702036
  27   2       -0.0133265342        0.0271063297
  27   1        0.0094383595       -0.0140361331
  27   0        0.0239684788        0.0000000000
  27  -1       -0.0094383595       -0.0140361331
  27  -2       -0.0133265342       -0.0271063297
  27  -3       -0.0154864659        0.0017702036
  27  -4       -0.0167408236       -0.0005533927
  27  -5        0.0027144180        0.0156688527
  27  -6        0.0126961497        0.0051624576
  27  -7        0.0102067309       -0.0049422562
  27  -8        0.0085415556       -0.0042719019
  27  -9        0.0008904664       -0.0047787971
  27 -10       -0.0090013357       -0.0051168405
  27 -11        0.0055113295       -0.0047723840
  27 -12       -0.0011404347       -0.0019110664
  27 -13       -0.0098049896       -0.0030851046
  27 -14       -0.0003734742        0.0011351738
  27 -15       -0.0017102601       -0.0017768074
  27 -16        0.0022722039       -0.0054774165
  27 -17       -0.0065816170        0.0023071091
  27 -18       -0.0011676654        0.0026875900
  27 -19       -0.0028942140       -0.0048421491
  27 -20        0.0019486988        0.0058032734
  27 -21        0.0016995149        0.0003567559
  27 -22        0.0024982207       -0.0041198678
  27 -23        0.0052078840       -0.0040369796
  27 -24       -0.0004913095        0.0012112742
  27 -25       -0.0020201278       -0.0031171577
  27 -26        0.0062789900        0.0072951319
  27 -27        0.0012020228        0.0077729189
  28  28        0.0123242160        0.0006294142
  28  27        0.0018450538        0.0043460442
  28  26       -0.0035740705       -0.0142619894
  28  25        0.0034466872        0.0082766008
  28  24       -0.0053001258        0.0072151525
  28  23        0.0011248192        0.0048035575
  28  22        0.0042581641       -0.0017629305
  28  21        0.0029695420       -0.0082699562
  28  20       -0.0005750418        0.0004094331
  28  19       -0.0029553386        0.0002098535
  28  18       -0.0032289348        0.0045961754
  28  17        0.0000363123        0.0042849554
  28  16       -0.0024718738        0.0035379062
  28  15        0.0015524320       -0.0036903452
  28  14        0.0045614225        0.0014481923
  28  13       -0.0018623060        0.0000655332
  28  12        0.0015759907        0.0049060210
  28  11       -0.0046781024        0.0025066527
  28  10       -0.0013350372       -0.0055289405
  28   9        0.0110631207        0.0010706863
  28   8       -0.0087035998        0.0012935725
  28   7       -0.0060014592       -0.0076661534
  28   6        0.0192384130        0.0074579083
  28   5       -0.0005065238        0.0106478894
  28   4       -0.0070724124       -0.0162629366
  28   3        0.0100122090       -0.0040213333
  28   2       -0.0130064554       -0.0021597212
  28   1        0.0114023869       -0.0076201287
  28   0        0.0218816350        0.0000000000
  28  -1       -0.0114023869       -0.0076201287
  28  -2       -0.0130064554        0.0021597212
  28  -3       -0.0100122090       -0.0040213333
  28  -4       -0.0070724124        0.0162629366
  28  -5        0.0005065238        0.0106478894
  28  -6        0.0192384130       -0.0074579083
  28  -7        0.0060014592       -0.0076661534
  28  -8       -0.0087035998       -0.0012935725
  28  -9       -0.0110631207        0.0010706863
  28 -10       -0.0013350372        0.0055289405
  28 -11        0.0046781024        0.0025066527
  28 -12        0.0015759907       -0.0049060210
  28 -13        0.0018623060        0.0000655332
  28 -14        0.0045614225       -0.0014481923
  28 -15       -0.0015524320       -0.0036903452
  28 -16       -0.0024718738       -0.0035379062
  28 -17       -0.0000363123        0.0042849554
  28 -18       -0.0032289348       -0.0045961754
  28 -19        0.0029553386        0.0002098535
  28 -20       -0.0005750418       -0.0004094331
  28 -21       -0.0029695420       -0.0082699562
  28 -22        0.0042581641        0.0017629305
  28 -23       -0.0011248192        0.0048035575
  28 -24       -0.0053001258       -0.0072151525
  28 -25       -0.0034466872        0.0082766008
  28 -26       -0.0035740705        0.0142619894
  28 -27       -0.0018450538        0.0043460442
  28 -28        0.0123242160       -0.0006294142
  29  29       -0.0120347121       -0.0049928145
  29  28       -0.0045646820       -0.0017047253
  29  27       -0.0089248516        0.0130894388
  29  26       -0.0033206620       -0.0015197882
  29  25        0.0058358626       -0.0032131766
  29  24        0.0024629814       -0.0000549632
  29  23        0.0035241347       -0.0005677620
  29  22        0.0047867859       -0.0021266388
  29  21        0.0001473668       -0.0007941687
  29  20        0.0010219924       -0.0021216002
  29  19        0.0039066272       -0.0025867255
  29  18        0.0013323235       -0.0084271773
  29  17       -0.0030665628        0.0042163394
  29  16       -0.0003377002        0.0044792559
  29  15        0.0024189947       -0.0007028879
  29  14        0.0049003485        0.0005839571
  29  13        0.0074450059       -0.0050861955
  29  12       -0.0011967599        0.0053692277
  29  11       -0.0094835420       -0.0019835416
  29  10        0.0098431147       -0.0066764592
  29   9       -0.0030692719        0.0102116614
  29   8       -0.0069750802       -0.0037227774
  29   7        0.0137314463        0.0009799796
  29   6       -0.0041481622       -0.0028471634
  29   5       -0.0095858327       -0.0090101902
  29   4        0.0028195366        0.0201995817
  29   3        0.0083702275        0.0063411758
  29   2        0.0067756201       -0.0145787170
  29   1        0.0138545023        0.0012119355
  29   0       -0.0124986906        0.0000000000
  29  -1       -0.0138545023        0.0012119355
  29  -2        0.0067756201        0.0145787170
  29  -3       -0.0083702275        0.0063411758
  29  -4        0.0028195366       -0.0201995817
  29  -5        0.0095858327       -0.0090101902
  29  -6       -0.0041481622        0.0028471634
  29  -7       -0.0137314463        0.0009799796
  29  -8       -0.0069750802        0.0037227774
  29  -9        0.0030692719        0.0102116614
  29 -10        0.0098431147        0.0066764592
  29 -11        0.0094835420       -0.0019835416
  29 -12       -0.0011967599       -0.0053692277
  29 -13       -0.0074450059       -0.0050861955
  29 -14        0.0049003485       -0.0005839571
  29 -15       -0.0024189947       -0.0007028879
  29 -16       -0.0003377002       -0.0044792559
  29 -17        0.0030665628        0.0042163394
  29 -18        0.0013323235        0.0084271773
  29 -19       -0.0039066272       -0.0025867255
  29 -20        0.0010219924        0.0021216002
  29 -21       -0.0001473668       -0.0007941687
  29 -22        0.0047867859        0.0021266388
  29 -23       -0.0035241347       -0.0005677620
  29 -24        0.0024629814        0.0000549632
  29 -25       -0.0058358626       -0.0032131766
  29 -26       -0.0033206620        0.0015197882
  29 -27        0.0089248516        0.0130894388
  29 -28       -0.0045646820        0.0017047253
  29 -29        0.0120347121       -0.0049928145
  30  30       -0.0028017478        0.0016935906
  30  29        0.0056660385        0.0008264605
  30  28        0.0071675186        0.0017280782
  30  27        0.0033441549        0.0001749933
  30  26       -0.0060397695       -0.0052714054
  30  25       -0.0005933610        0.0077375394
  30  24        0.0006737267        0.0121896122
  30  23        0.0045197536        0.0037317142
  30  22        0.0052714119       -0.0043396126
  30  21        0.0015479591       -0.0036942473
  30  20        0.0003974030        0.0035466946
  30  19        0.0006934255       -0.0003340186
  30  18       -0.0029868285        0.0012191281
  30  17       -0.0022702263        0.0052473252
  30  16        0.0029632579       -0.0020572579
  30  15        0.0009286320       -0.0012802413
  30  14        0.0042800815       -0.0013339054
  30  13       -0.0015969546        0.0063619219
  30  12       -0.0013254750        0.0039844151
  30  11        0.0043695560       -0.0021482825
  30  10        0.0041000137       -0.0028598732
  30   9       -0.0014123993        0.0039413599
  30   8       -0.0054956497        0.0020146777
  30   7        0.0090374623       -0.0045356794
  30   6       -0.0002156363        0.0018626388
  30   5       -0.0067678614        0.0010369027
  30   4        0.0064664465       -0.0026527417
  30   3        0.0015362884       -0.0008954357
  30   2       -0.0035286037        0.0037975712
  30   1        0.0080372951        0.0021935233
  30   0       -0.0061158490        0.0000000000
  30  -1       -0.0080372951        0.0021935233
  30  -2       -0.0035286037       -0.0037975712
  30  -3       -0.0015362884       -0.0008954357
  30  -4        0.0064664465        0.0026527417
  30  -5        0.0067678614        0.0010369027
  30  -6       -0.0002156363       -0.0018626388
  30  -7       -0.0090374623       -0.0045356794
  30  -8       -0.0054956497       -0.0020146777
  30  -9        0.0014123993        0.0039413599
  30 -10        0.0041000137        0.0028598732
  30 -11       -0.0043695560       -0.0021482825
  30 -12       -0.0013254750       -0.0039844151
  30 -13        0.0015969546        0.0063619219
  30 -14        0.0042800815        0.0013339054
  30 -15       -0.0009286320       -0.0012802413
  30 -16        0.0029632579        0.0020572579
  30 -17        0.0022702263        0.0052473252
  30 -18       -0.0029868285       -0.0012191281
  30 -19       -0.0006934255       -0.0003340186
  30 -20        0.0003974030       -0.0035466946
  30 -21       -0.0015479591       -0.0036942473
  30 -22        0.0052714119        0.0043396126
  30 -23       -0.0045197536        0.0037317142
  30 -24        0.0006737267       -0.0121896122
  30 -25        0.0005933610        0.0077375394
  30 -26       -0.0060397695        0.0052714054
  30 -27       -0.0033441549        0.0001749933
  30 -28        0.0071675186       -0.0017280782
  30 -29       -0.0056660385        0.0008264605
  30 -30       -0.0028017478       -0.0016935906
