   0   0      662.3014222021        0.0000000000
   1   1        0.9564937372        0.0047705561
   1   0        0.5357052292        0.0000000000
   1  -1       -0.9564937372        0.0047705561
   2   2       -6.9619224711        9.1460074043
   2   1       16.1401992077      -15.9610673770
   2   0       20.8101953387        0.0000000000
   2  -1      -16.1401992077      -15.9610673770
   2  -2       -6.9619224711       -9.1460074043
   3   3       -3.5780363584       -2.6589763900
   3   2      -10.3964530014       -3.6085103581
   3   1       -3.6631007055        9.6960104425
   3   0        2.2960272813        0.0000000000
   3  -1        3.6631007055        9.6960104425
   3  -2      -10.3964530014        3.6085103581
   3  -3        3.5780363584       -2.6589763900
   4   4       -3.4174275375       -2.3364783629
   4   3        0.1895034092        9.5323419910
   4   2       -9.7966184919       -1.1765774946
   4   1        5.3488788132        6.7227394765
   4   0        1.3345452252        0.0000000000
   4  -1       -5.3488788132        6.7227394765
   4  -2       -9.7966184919        1.1765774946
   4  -3       -0.1895034092        9.5323419910
   4  -4       -3.4174275375        2.3364783629
   5   5        5.2554906699       -0.8439515377
   5   4        5.0278254599       -4.6475966635
   5   3        0.2311742845       -1.5467214894
   5   2        2.8620324108        2.4550242821
   5   1       -0.8432440335       -2.8150003437
   5   0        1.8035963233        0.0000000000
   5  -1        0.8432440335       -2.8150003437
   5  -2        2.8620324108       -2.4550242821
   5  -3       -0.2311742845       -1.5467214894
   5  -4        5.0278254599        4.6475966635
   5  -5       -5.2554906699       -0.8439515377
   6   6        0.4427716872       -0.6608808017
   6   5       -1.0843097826        0.7828291690
   6   4       -0.1291747384       -0.1562311907
   6   3       -3.4012498406        0.5446570732
   6   2       -1.4173530193        1.5116314672
   6   1       -1.8596470881        1.6314641054
   6   0       -3.7807925336        0.0000000000
   6  -1        1.8596470881        1.6314641054
   6  -2       -1.4173530193       -1.5116314672
   6  -3        3.4012498406        0.5446570732
   6  -4       -0.1291747384        0.1562311907
   6  -5        1.0843097826        0.7828291690
   6  -6        0.4427716872        0.6608808017
   7   7        0.4880492872        0.2577672249
   7   6        0.2350435711        0.1149203666
   7   5       -0.9284354709        0.6134632590
   7   4       -0.7213206567       -0.5612871727
   7   3        0.2090323861       -0.4337960912
   7   2       -0.0257362834        0.5165457994
   7   1        0.4459630025        1.5821320373
   7   0        0.2728680313        0.0000000000
   7  -1       -0.4459630025        1.5821320373
   7  -2       -0.0257362834       -0.5165457994
   7  -3       -0.2090323861       -0.4337960912
   7  -4       -0.7213206567        0.5612871727
   7  -5        0.9284354709        0.6134632590
   7  -6        0.2350435711       -0.1149203666
   7  -7       -0.4880492872        0.2577672249
   8   8        0.2172620302        0.5443977730
   8   7       -1.6407704403        0.4860193625
   8   6        1.2082507327       -1.1429509347
   8   5        1.0952471471       -1.0114604210
   8   4        1.0341140784       -0.9224339925
   8   3        0.2433036393        0.0221145413
   8   2        1.5854278999        0.2229546708
   8   1        0.2020572512       -0.1066130680
   8   0        1.9800148449        0.0000000000
   8  -1       -0.2020572512       -0.1066130680
   8  -2        1.5854278999       -0.2229546708
   8  -3       -0.2433036393        0.0221145413
   8  -4        1.0341140784        0.9224339925
   8  -5       -1.0952471471       -1.0114604210
   8  -6        1.2082507327        1.1429509347
   8  -7        1.6407704403        0.4860193625
   8  -8        0.2172620302       -0.5443977730
   9   9       -1.0638952115        0.2683108721
   9   8       -0.2436682336       -1.2852327291
   9   7        0.4551677594       -0.3574979120
   9   6       -0.0552658688        0.1446102948
   9   5        0.6900273279        0.4956307510
   9   4       -0.1399254759       -0.2500022699
   9   3       -0.8168810463        0.7817533397
   9   2       -0.0796108180        0.2725455492
   9   1       -0.2004121042       -1.3371208963
   9   0       -0.7306508026        0.0000000000
   9  -1        0.2004121042       -1.3371208963
   9  -2       -0.0796108180       -0.2725455492
   9  -3        0.8168810463        0.7817533397
   9  -4       -0.1399254759        0.2500022699
   9  -5       -0.6900273279        0.4956307510
   9  -6       -0.0552658688       -0.1446102948
   9  -7       -0.4551677594       -0.3574979120
   9  -8       -0.2436682336        1.2852327291
   9  -9        1.0638952115        0.2683108721
  10  10        0.1714462564       -0.1833756743
  10   9        0.6613445852       -0.3797163439
  10   8        0.3628318342        0.9953228854
  10   7       -0.3714778787        0.3655978713
  10   6       -0.1459680229        0.3300099867
  10   5       -0.6230334609       -0.2004491056
  10   4       -1.0824482601       -0.5469989056
  10   3       -0.7509536864       -0.2219269348
  10   2       -0.5766063009       -0.4057176810
  10   1       -0.6532615967       -0.4056771705
  10   0       -0.5282289269        0.0000000000
  10  -1        0.6532615967       -0.4056771705
  10  -2       -0.5766063009        0.4057176810
  10  -3        0.7509536864       -0.2219269348
  10  -4       -1.0824482601        0.5469989056
  10  -5        0.6230334609       -0.2004491056
  10  -6       -0.1459680229       -0.3300099867
  10  -7        0.3714778787        0.3655978713
  10  -8        0.3628318342       -0.9953228854
  10  -9       -0.6613445852       -0.3797163439
  10 -10        0.1714462564        0.1833756743
  11  11        0.2871456412       -0.3508704416
  11  10        0.9490743466        0.5584371698
  11   9       -0.7013092189        0.9597041846
  11   8       -0.3215919580       -0.8048788003
  11   7       -0.0010716994        0.3185994649
  11   6        0.2223454341       -0.2552483001
  11   5        0.1218172160       -0.1706429800
  11   4        0.6279768836       -0.3055261157
  11   3        0.4325638310        0.5686580473
  11   2        0.3997741639       -0.0265712415
  11   1        0.2624256625        1.1818263693
  11   0        0.8530401253        0.0000000000
  11  -1       -0.2624256625        1.1818263693
  11  -2        0.3997741639        0.0265712415
  11  -3       -0.4325638310        0.5686580473
  11  -4        0.6279768836        0.3055261157
  11  -5       -0.1218172160       -0.1706429800
  11  -6        0.2223454341        0.2552483001
  11  -7        0.0010716994        0.3185994649
  11  -8       -0.3215919580        0.8048788003
  11  -9        0.7013092189        0.9597041846
  11 -10        0.9490743466       -0.5584371698
  11 -11       -0.2871456412       -0.3508704416
  12  12        0.3994010438       -0.3490114976
  12  11       -0.2239916336        0.3600339775
  12  10       -0.5245927170       -0.1362682513
  12   9        0.5993902434       -0.0615701127
  12   8       -0.3900283529       -0.2638054318
  12   7        0.5665865037       -0.2031339691
  12   6        0.4506759814        0.3186669821
  12   5        0.5448261658       -0.2383200856
  12   4       -0.4892087837        0.1401739023
  12   3       -0.2893218433        0.0306249339
  12   2       -0.6344914121        0.2155798993
  12   1       -0.3442430926       -0.1512519020
  12   0        0.1070115195        0.0000000000
  12  -1        0.3442430926       -0.1512519020
  12  -2       -0.6344914121       -0.2155798993
  12  -3        0.2893218433        0.0306249339
  12  -4       -0.4892087837       -0.1401739023
  12  -5       -0.5448261658       -0.2383200856
  12  -6        0.4506759814       -0.3186669821
  12  -7       -0.5665865037       -0.2031339691
  12  -8       -0.3900283529        0.2638054318
  12  -9       -0.5993902434       -0.0615701127
  12 -10       -0.5245927170        0.1362682513
  12 -11        0.2239916336        0.3600339775
  12 -12        0.3994010438        0.3490114976
  13  13        0.3935212889        0.1807000079
  13  12       -0.2476746722        0.0525516279
  13  11        0.6594217212       -0.6331865515
  13  10        0.5053856607        0.2005656097
  13   9       -0.2065943816        0.0414784910
  13   8        0.2439593135        0.3673354393
  13   7       -0.4209054849        0.3269279867
  13   6       -0.2659052170        0.0354894766
  13   5       -0.6863439886       -0.2930078508
  13   4       -0.1547805038        0.2550802801
  13   3       -0.4237925398       -0.4608713272
  13   2        0.3958762737       -0.0154778330
  13   1       -0.4076262280       -0.5882570120
  13   0        0.1241228241        0.0000000000
  13  -1        0.4076262280       -0.5882570120
  13  -2        0.3958762737        0.0154778330
  13  -3        0.4237925398       -0.4608713272
  13  -4       -0.1547805038       -0.2550802801
  13  -5        0.6863439886       -0.2930078508
  13  -6       -0.2659052170       -0.0354894766
  13  -7        0.4209054849        0.3269279867
  13  -8        0.2439593135       -0.3673354393
  13  -9        0.2065943816        0.0414784910
  13 -10        0.5053856607       -0.2005656097
  13 -11       -0.6594217212       -0.6331865515
  13 -12       -0.2476746722       -0.0525516279
  13 -13       -0.3935212889        0.1807000079
  14  14        0.0652766036        0.2098954865
  14  13       -0.3249214868       -0.5439369962
  14  12        0.4200066296       -0.1163904596
  14  11       -0.1462594746        0.5664406048
  14  10       -0.0019756731        0.0060487390
  14   9       -0.1207153821        0.1132054761
  14   8       -0.1453298231       -0.6187138815
  14   7       -0.0360345159        0.3965903498
  14   6        0.3777102951       -0.1611567117
  14   5        0.2557148924        0.1980405936
  14   4        0.0920614488       -0.2472424383
  14   3        0.3415471541        0.6115844762
  14   2       -0.0419803373       -0.1479372797
  14   1       -0.1623691503        0.6500105268
  14   0        0.0962156720        0.0000000000
  14  -1        0.1623691503        0.6500105268
  14  -2       -0.0419803373        0.1479372797
  14  -3       -0.3415471541        0.6115844762
  14  -4        0.0920614488        0.2472424383
  14  -5       -0.2557148924        0.1980405936
  14  -6        0.3777102951        0.1611567117
  14  -7        0.0360345159        0.3965903498
  14  -8       -0.1453298231        0.6187138815
  14  -9        0.1207153821        0.1132054761
  14 -10       -0.0019756731       -0.0060487390
  14 -11        0.1462594746        0.5664406048
  14 -12        0.4200066296        0.1163904596
  14 -13        0.3249214868       -0.5439369962
  14 -14        0.0652766036       -0.2098954865
  15  15       -0.1290778838        0.0740310296
  15  14        0.3794105004       -0.1313615189
  15  13       -0.0722860769        0.4573016645
  15  12       -0.4404424819       -0.2965511836
  15  11        0.2461539381       -0.1524496908
  15  10       -0.6535803536        0.0534377812
  15   9        0.6813503941       -0.1292394962
  15   8        0.3047300063        0.2434751832
  15   7        0.4777763564        0.1786680308
  15   6       -0.1515360111       -0.0103141110
  15   5        0.2137596348       -0.0376924204
  15   4        0.0483472363        0.2453863164
  15   3        0.1045239294       -0.3512178898
  15   2        0.0602888280        0.1904442877
  15   1       -0.0186251593       -0.0559426468
  15   0        0.0026862949        0.0000000000
  15  -1        0.0186251593       -0.0559426468
  15  -2        0.0602888280       -0.1904442877
  15  -3       -0.1045239294       -0.3512178898
  15  -4        0.0483472363       -0.2453863164
  15  -5       -0.2137596348       -0.0376924204
  15  -6       -0.1515360111        0.0103141110
  15  -7       -0.4777763564        0.1786680308
  15  -8        0.3047300063       -0.2434751832
  15  -9       -0.6813503941       -0.1292394962
  15 -10       -0.6535803536       -0.0534377812
  15 -11       -0.2461539381       -0.1524496908
  15 -12       -0.4404424819        0.2965511836
  15 -13        0.0722860769        0.4573016645
  15 -14        0.3794105004        0.1313615189
  15 -15        0.1290778838        0.0740310296
  16  16        0.1983159428        0.0548964998
  16  15        0.5277442764        0.0409441278
  16  14       -0.4819711958        0.4003459166
  16  13       -0.0295905468       -0.2437817197
  16  12        0.0279902804        0.1567671943
  16  11       -0.0368476105       -0.2819164702
  16  10        0.5694520648        0.4650394240
  16   9       -0.2197455491        0.0336950078
  16   8        0.0200859784        0.0694865832
  16   7       -0.0629659280        0.0246336188
  16   6        0.3794508822       -0.1337283161
  16   5       -0.2539568202       -0.5095544552
  16   4       -0.0089415681       -0.3140367665
  16   3       -0.2018843806       -0.1981143955
  16   2       -0.0928346140       -0.3508918501
  16   1        0.3072118607       -0.2179647782
  16   0        0.3117629850        0.0000000000
  16  -1       -0.3072118607       -0.2179647782
  16  -2       -0.0928346140        0.3508918501
  16  -3        0.2018843806       -0.1981143955
  16  -4       -0.0089415681        0.3140367665
  16  -5        0.2539568202       -0.5095544552
  16  -6        0.3794508822        0.1337283161
  16  -7        0.0629659280        0.0246336188
  16  -8        0.0200859784       -0.0694865832
  16  -9        0.2197455491        0.0336950078
  16 -10        0.5694520648       -0.4650394240
  16 -11        0.0368476105       -0.2819164702
  16 -12        0.0279902804       -0.1567671943
  16 -13        0.0295905468       -0.2437817197
  16 -14       -0.4819711958       -0.4003459166
  16 -15       -0.5277442764        0.0409441278
  16 -16        0.1983159428       -0.0548964998
  17  17        0.2352034009       -0.1882207312
  17  16        0.1015074743        0.3455662210
  17  15       -0.5689449757        0.0726598613
  17  14        0.3520593407       -0.1813737674
  17  13       -0.1056960237        0.1994255939
  17  12        0.1101023135       -0.2159827757
  17  11        0.0247273314        0.4343245413
  17  10       -0.0765496349       -0.5960765162
  17   9       -0.1361216456        0.3430232286
  17   8       -0.1393265435       -0.3945669554
  17   7        0.2066950569       -0.2804446465
  17   6       -0.2161674748       -0.1998638656
  17   5       -0.0219900913        0.1790560541
  17   4       -0.2100344805       -0.3335972110
  17   3        0.0173905214        0.2496195105
  17   2        0.3897897434        0.0104573820
  17   1       -0.0742867129        0.1210362944
  17   0       -0.2892534825        0.0000000000
  17  -1        0.0742867129        0.1210362944
  17  -2        0.3897897434       -0.0104573820
  17  -3       -0.0173905214        0.2496195105
  17  -4       -0.2100344805        0.3335972110
  17  -5        0.0219900913        0.1790560541
  17  -6       -0.2161674748        0.1998638656
  17  -7       -0.2066950569       -0.2804446465
  17  -8       -0.1393265435        0.3945669554
  17  -9        0.1361216456        0.3430232286
  17 -10       -0.0765496349        0.5960765162
  17 -11       -0.0247273314        0.4343245413
  17 -12        0.1101023135        0.2159827757
  17 -13        0.1056960237        0.1994255939
  17 -14        0.3520593407        0.1813737674
  17 -15        0.5689449757        0.0726598613
  17 -16        0.1015074743       -0.3455662210
  17 -17       -0.2352034009       -0.1882207312
  18  18       -0.1472510386        0.1050695589
  18  17       -0.1594359473       -0.1150140694
  18  16        0.0231834800       -0.3070894156
  18  15        0.4811001839        0.4041227097
  18  14       -0.2438417274       -0.0230430105
  18  13        0.1959638066       -0.2558543654
  18  12       -0.4765638531       -0.3362835816
  18  11       -0.0163962505        0.0056794180
  18  10       -0.0952666239        0.2646098787
  18   9       -0.0869315963       -0.3825432349
  18   8       -0.1904745352        0.1479533476
  18   7        0.1630292362        0.3069683126
  18   6        0.2913129294        0.2713875842
  18   5        0.4545028901       -0.0402612681
  18   4        0.0178427251        0.3986423241
  18   3        0.1947356893        0.0039298399
  18   2       -0.4759810247       -0.1159926046
  18   1        0.0104450984       -0.1123329369
  18   0       -0.3698990864        0.0000000000
  18  -1       -0.0104450984       -0.1123329369
  18  -2       -0.4759810247        0.1159926046
  18  -3       -0.1947356893        0.0039298399
  18  -4        0.0178427251       -0.3986423241
  18  -5       -0.4545028901       -0.0402612681
  18  -6        0.2913129294       -0.2713875842
  18  -7       -0.1630292362        0.3069683126
  18  -8       -0.1904745352       -0.1479533476
  18  -9        0.0869315963       -0.3825432349
  18 -10       -0.0952666239       -0.2646098787
  18 -11        0.0163962505        0.0056794180
  18 -12       -0.4765638531        0.3362835816
  18 -13       -0.1959638066       -0.2558543654
  18 -14       -0.2438417274        0.0230430105
  18 -15       -0.4811001839        0.4041227097
  18 -16        0.0231834800        0.3070894156
  18 -17        0.1594359473       -0.1150140694
  18 -18       -0.1472510386       -0.1050695589
  19  19        0.0560526862       -0.0457017805
  19  18       -0.2333160446       -0.1936781418
  19  17        0.1733040172       -0.0238532728
  19  16       -0.2176693752        0.3590586985
  19  15        0.0990687141       -0.3481011618
  19  14        0.0164112035        0.1460303433
  19  13       -0.0610143404       -0.0093351623
  19  12        0.2872180737       -0.0003140603
  19  11       -0.3627676787       -0.2212831912
  19  10        0.1060778347       -0.0089506669
  19   9       -0.1362490735        0.0588531942
  19   8        0.2778088464        0.1572768720
  19   7       -0.4013983412       -0.1261845128
  19   6       -0.0321658140        0.2409182073
  19   5       -0.0138281141       -0.0423798499
  19   4        0.0338794041       -0.2104368329
  19   3        0.2617259749       -0.0660120975
  19   2        0.2026140886        0.0258646024
  19   1       -0.1089807686        0.2901019981
  19   0        0.1961231005        0.0000000000
  19  -1        0.1089807686        0.2901019981
  19  -2        0.2026140886       -0.0258646024
  19  -3       -0.2617259749       -0.0660120975
  19  -4        0.0338794041        0.2104368329
  19  -5        0.0138281141       -0.0423798499
  19  -6       -0.0321658140       -0.2409182073
  19  -7        0.4013983412       -0.1261845128
  19  -8        0.2778088464       -0.1572768720
  19  -9        0.1362490735        0.0588531942
  19 -10        0.1060778347        0.0089506669
  19 -11        0.3627676787       -0.2212831912
  19 -12        0.2872180737        0.0003140603
  19 -13        0.0610143404       -0.0093351623
  19 -14        0.0164112035       -0.1460303433
  19 -15       -0.0990687141       -0.3481011618
  19 -16       -0.2176693752       -0.3590586985
  19 -17       -0.1733040172       -0.0238532728
  19 -18       -0.2333160446        0.1936781418
  19 -19       -0.0560526862       -0.0457017805
  20  20        0.0188581722        0.2240970698
  20  19        0.0425086420       -0.0762740369
  20  18        0.1362486424        0.1392945466
  20  17       -0.3360829687       -0.2413826839
  20  16       -0.0141006684       -0.1944678758
  20  15       -0.0322809998        0.0410866864
  20  14       -0.0572410686        0.1065191897
  20  13       -0.0720221525       -0.0200985206
  20  12       -0.1772186250        0.1155138961
  20  11        0.1765047625        0.2360107412
  20  10       -0.1527452697       -0.1579417714
  20   9        0.0419791121       -0.0707081019
  20   8       -0.3225350060        0.2093467409
  20   7        0.0493077665        0.2647873238
  20   6       -0.0167010520       -0.1829934495
  20   5        0.1092924791        0.3263309211
  20   4        0.1942545607       -0.3269456728
  20   3       -0.1805594092        0.0372099819
  20   2        0.0849119322        0.0458255012
  20   1       -0.1188936272       -0.1017868958
  20   0        0.2012207759        0.0000000000
  20  -1        0.1188936272       -0.1017868958
  20  -2        0.0849119322       -0.0458255012
  20  -3        0.1805594092        0.0372099819
  20  -4        0.1942545607        0.3269456728
  20  -5       -0.1092924791        0.3263309211
  20  -6       -0.0167010520        0.1829934495
  20  -7       -0.0493077665        0.2647873238
  20  -8       -0.3225350060       -0.2093467409
  20  -9       -0.0419791121       -0.0707081019
  20 -10       -0.1527452697        0.1579417714
  20 -11       -0.1765047625        0.2360107412
  20 -12       -0.1772186250       -0.1155138961
  20 -13        0.0720221525       -0.0200985206
  20 -14       -0.0572410686       -0.1065191897
  20 -15        0.0322809998        0.0410866864
  20 -16       -0.0141006684        0.1944678758
  20 -17        0.3360829687       -0.2413826839
  20 -18        0.1362486424       -0.1392945466
  20 -19       -0.0425086420       -0.0762740369
  20 -20        0.0188581722       -0.2240970698
  21  21       -0.0718107028       -0.2100407659
  21  20        0.1583715580       -0.0585205064
  21  19       -0.1728765107        0.3132565875
  21  18       -0.0517834734       -0.1977230507
  21  17        0.2173078575        0.0003575121
  21  16       -0.0901599737        0.1775824139
  21  15        0.0062868804       -0.1094251764
  21  14       -0.1445700975        0.2755660067
  21  13       -0.0231520171        0.0777877289
  21  12       -0.2128121899        0.0584135598
  21  11        0.0485750422       -0.2724933305
  21  10       -0.1085007012        0.0634828276
  21   9       -0.0326102600        0.2359326433
  21   8        0.2115985564       -0.1115192755
  21   7        0.1953913289       -0.2766218280
  21   6       -0.0613763579        0.1932689318
  21   5        0.2045316813       -0.1046397304
  21   4       -0.2692191558        0.1665424772
  21   3        0.3114315204       -0.0104843423
  21   2        0.0865063234        0.0992256986
  21   1        0.2445717808       -0.0016501534
  21   0       -0.5466678832        0.0000000000
  21  -1       -0.2445717808       -0.0016501534
  21  -2        0.0865063234       -0.0992256986
  21  -3       -0.3114315204       -0.0104843423
  21  -4       -0.2692191558       -0.1665424772
  21  -5       -0.2045316813       -0.1046397304
  21  -6       -0.0613763579       -0.1932689318
  21  -7       -0.1953913289       -0.2766218280
  21  -8        0.2115985564        0.1115192755
  21  -9        0.0326102600        0.2359326433
  21 -10       -0.1085007012       -0.0634828276
  21 -11       -0.0485750422       -0.2724933305
  21 -12       -0.2128121899       -0.0584135598
  21 -13        0.0231520171        0.0777877289
  21 -14       -0.1445700975       -0.2755660067
  21 -15       -0.0062868804       -0.1094251764
  21 -16       -0.0901599737       -0.1775824139
  21 -17       -0.2173078575        0.0003575121
  21 -18       -0.0517834734        0.1977230507
  21 -19        0.1728765107        0.3132565875
  21 -20        0.1583715580        0.0585205064
  21 -21        0.0718107028       -0.2100407659
  22  22       -0.1154739306       -0.1940775364
  22  21        0.2372803132       -0.0392328491
  22  20       -0.1392670098        0.1708432133
  22  19        0.0294570076       -0.1425351768
  22  18       -0.0272935112        0.0561207061
  22  17        0.1067740283       -0.1379203042
  22  16        0.3847413084        0.0813270544
  22  15       -0.0546748485        0.1549742157
  22  14       -0.1442081156        0.0677936077
  22  13        0.0315856588       -0.0523620568
  22  12        0.0723196034        0.2507033063
  22  11       -0.0179194654        0.2365998791
  22  10        0.2319122873       -0.1037400431
  22   9       -0.2371839817       -0.1014494469
  22   8       -0.0590376225        0.2651288066
  22   7       -0.1436170979        0.2133231817
  22   6        0.0894606343        0.1303947989
  22   5       -0.2292886379        0.1146757671
  22   4        0.3125118399        0.2341299283
  22   3       -0.2078076174        0.2116304634
  22   2       -0.0496553438       -0.1311179244
  22   1       -0.0830506199        0.1520547181
  22   0        0.1135702515        0.0000000000
  22  -1        0.0830506199        0.1520547181
  22  -2       -0.0496553438        0.1311179244
  22  -3        0.2078076174        0.2116304634
  22  -4        0.3125118399       -0.2341299283
  22  -5        0.2292886379        0.1146757671
  22  -6        0.0894606343       -0.1303947989
  22  -7        0.1436170979        0.2133231817
  22  -8       -0.0590376225       -0.2651288066
  22  -9        0.2371839817       -0.1014494469
  22 -10        0.2319122873        0.1037400431
  22 -11        0.0179194654        0.2365998791
  22 -12        0.0723196034       -0.2507033063
  22 -13       -0.0315856588       -0.0523620568
  22 -14       -0.1442081156       -0.0677936077
  22 -15        0.0546748485        0.1549742157
  22 -16        0.3847413084       -0.0813270544
  22 -17       -0.1067740283       -0.1379203042
  22 -18       -0.0272935112       -0.0561207061
  22 -19       -0.0294570076       -0.1425351768
  22 -20       -0.1392670098       -0.1708432133
  22 -21       -0.2372803132       -0.0392328491
  22 -22       -0.1154739306        0.1940775364
  23  23        0.0631736425        0.0736904337
  23  22       -0.0071874360        0.2674485864
  23  21       -0.1881530541        0.0960098837
  23  20        0.1037291786        0.0070420740
  23  19        0.0083840617       -0.1702428146
  23  18        0.1486940104       -0.1557713357
  23  17        0.1406957049        0.0090499587
  23  16        0.0344922821       -0.0670697233
  23  15       -0.0424359338       -0.0280811005
  23  14        0.1066395363       -0.0345266155
  23  13        0.0109861447        0.2358576651
  23  12        0.1877307674       -0.1840840697
  23  11        0.0062165144       -0.1300781445
  23  10       -0.0165124966        0.1363881490
  23   9        0.2991727603        0.1936392089
  23   8        0.2115974593       -0.4557803943
  23   7       -0.2178345959       -0.0835312046
  23   6        0.2055462489       -0.2654988857
  23   5       -0.1679284343       -0.0690395697
  23   4       -0.0867104570       -0.1163175492
  23   3        0.0111312300       -0.0650320898
  23   2       -0.1465047051       -0.1985337224
  23   1        0.1712922110        0.2256591287
  23   0        0.2742789879        0.0000000000
  23  -1       -0.1712922110        0.2256591287
  23  -2       -0.1465047051        0.1985337224
  23  -3       -0.0111312300       -0.0650320898
  23  -4       -0.0867104570        0.1163175492
  23  -5        0.1679284343       -0.0690395697
  23  -6        0.2055462489        0.2654988857
  23  -7        0.2178345959       -0.0835312046
  23  -8        0.2115974593        0.4557803943
  23  -9       -0.2991727603        0.1936392089
  23 -10       -0.0165124966       -0.1363881490
  23 -11       -0.0062165144       -0.1300781445
  23 -12        0.1877307674        0.1840840697
  23 -13       -0.0109861447        0.2358576651
  23 -14        0.1066395363        0.0345266155
  23 -15        0.0424359338       -0.0280811005
  23 -16        0.0344922821        0.0670697233
  23 -17       -0.1406957049        0.0090499587
  23 -18        0.1486940104        0.1557713357
  23 -19       -0.0083840617       -0.1702428146
  23 -20        0.1037291786       -0.0070420740
  23 -21        0.1881530541        0.0960098837
  23 -22       -0.0071874360       -0.2674485864
  23 -23       -0.0631736425        0.0736904337
  24  24       -0.1082154940       -0.1909660630
  24  23        0.0522447367        0.1967931781
  24  22       -0.1326254319        0.0248234810
  24  21       -0.0167123474        0.0453225174
  24  20       -0.1039341268       -0.1142025421
  24  19       -0.0305488653        0.1864272179
  24  18       -0.1722511450       -0.1186538462
  24  17       -0.1578175308       -0.0490229045
  24  16        0.0680784242        0.2333137699
  24  15        0.1066891944       -0.0978544971
  24  14       -0.0630505839       -0.1042355627
  24  13       -0.0822780537       -0.1421024021
  24  12       -0.1016841935        0.0323084319
  24  11        0.1100703257       -0.1728230626
  24  10        0.0508228261       -0.1701103523
  24   9       -0.0878948903       -0.0958631334
  24   8       -0.0677960545       -0.0037407282
  24   7       -0.0241453338       -0.0698468732
  24   6        0.0111521203        0.1137350996
  24   5       -0.1571911075        0.1531472822
  24   4        0.0202446269       -0.1152202299
  24   3        0.0388295110        0.1770890303
  24   2        0.2634449993        0.2236913528
  24   1       -0.1390326066       -0.2579916162
  24   0        0.1618084452        0.0000000000
  24  -1        0.1390326066       -0.2579916162
  24  -2        0.2634449993       -0.2236913528
  24  -3       -0.0388295110        0.1770890303
  24  -4        0.0202446269        0.1152202299
  24  -5        0.1571911075        0.1531472822
  24  -6        0.0111521203       -0.1137350996
  24  -7        0.0241453338       -0.0698468732
  24  -8       -0.0677960545        0.0037407282
  24  -9        0.0878948903       -0.0958631334
  24 -10        0.0508228261        0.1701103523
  24 -11       -0.1100703257       -0.1728230626
  24 -12       -0.1016841935       -0.0323084319
  24 -13        0.0822780537       -0.1421024021
  24 -14       -0.0630505839        0.1042355627
  24 -15       -0.1066891944       -0.0978544971
  24 -16        0.0680784242       -0.2333137699
  24 -17        0.1578175308       -0.0490229045
  24 -18       -0.1722511450        0.1186538462
  24 -19        0.0305488653        0.1864272179
  24 -20       -0.1039341268        0.1142025421
  24 -21        0.0167123474        0.0453225174
  24 -22       -0.1326254319       -0.0248234810
  24 -23       -0.0522447367        0.1967931781
  24 -24       -0.1082154940        0.1909660630
  25  25       -0.0759217269        0.0794452007
  25  24        0.0424654263        0.0461974007
  25  23        0.1548100986       -0.0681677483
  25  22        0.1955557205        0.0044814266
  25  21        0.0307378746        0.1304863685
  25  20        0.0835725053        0.2045930894
  25  19       -0.2013918086       -0.0217914952
  25  18        0.0902887527       -0.0276862747
  25  17        0.0056236478       -0.0675115046
  25  16        0.0161530189        0.0292642269
  25  15        0.0128602073        0.0471824005
  25  14        0.1298746835        0.1750238102
  25  13       -0.0477264090        0.0284754343
  25  12        0.0106917011       -0.1613852912
  25  11       -0.1977352448        0.0258967406
  25  10        0.0626917719        0.2324272598
  25   9        0.0359661013       -0.0886192330
  25   8       -0.0721779015        0.0274258637
  25   7       -0.0978641530       -0.1651696232
  25   6        0.0076628530       -0.1071101361
  25   5       -0.1582929790        0.1290640229
  25   4       -0.1611245534       -0.1534772704
  25   3       -0.0857080768       -0.0170956926
  25   2       -0.2683697224       -0.0785159237
  25   1       -0.0591779807       -0.1205439727
  25   0       -0.3082278385        0.0000000000
  25  -1        0.0591779807       -0.1205439727
  25  -2       -0.2683697224        0.0785159237
  25  -3        0.0857080768       -0.0170956926
  25  -4       -0.1611245534        0.1534772704
  25  -5        0.1582929790        0.1290640229
  25  -6        0.0076628530        0.1071101361
  25  -7        0.0978641530       -0.1651696232
  25  -8       -0.0721779015       -0.0274258637
  25  -9       -0.0359661013       -0.0886192330
  25 -10        0.0626917719       -0.2324272598
  25 -11        0.1977352448        0.0258967406
  25 -12        0.0106917011        0.1613852912
  25 -13        0.0477264090        0.0284754343
  25 -14        0.1298746835       -0.1750238102
  25 -15       -0.0128602073        0.0471824005
  25 -16        0.0161530189       -0.0292642269
  25 -17       -0.0056236478       -0.0675115046
  25 -18        0.0902887527        0.0276862747
  25 -19        0.2013918086       -0.0217914952
  25 -20        0.0835725053       -0.2045930894
  25 -21       -0.0307378746        0.1304863685
  25 -22        0.1955557205       -0.0044814266
  25 -23       -0.1548100986       -0.0681677483
  25 -24        0.0424654263       -0.0461974007
  25 -25        0.0759217269        0.0794452007
  26  26        0.1687208105       -0.0020120726
  26  25        0.0426124483       -0.0962939159
  26  24        0.1942315496        0.2456513655
  26  23       -0.0450990920        0.1082267608
  26  22       -0.0630060316       -0.2088403167
  26  21        0.0357139921        0.0260475895
  26  20        0.2269020937       -0.1042476092
  26  19       -0.0549008662        0.0281914180
  26  18       -0.0042895987        0.0017111962
  26  17        0.0650750478       -0.0634880233
  26  16       -0.1604973599       -0.0294117243
  26  15        0.1381447563       -0.0611243023
  26  14       -0.2295509553       -0.1022963817
  26  13        0.0237940310        0.0023427746
  26  12       -0.2120766146        0.0682488096
  26  11        0.0517816448       -0.1087215418
  26  10       -0.0769841515        0.0601369759
  26   9       -0.0216575629        0.0656437997
  26   8       -0.1725497006       -0.1054522950
  26   7       -0.0072926798        0.0329938931
  26   6       -0.0758174606        0.0920328043
  26   5        0.0569163408        0.1699848152
  26   4        0.1028608861        0.1408248537
  26   3        0.2260662370        0.2681575248
  26   2        0.0345206278        0.0265346094
  26   1       -0.0428274983        0.1643805557
  26   0        0.0595816406        0.0000000000
  26  -1        0.0428274983        0.1643805557
  26  -2        0.0345206278       -0.0265346094
  26  -3       -0.2260662370        0.2681575248
  26  -4        0.1028608861       -0.1408248537
  26  -5       -0.0569163408        0.1699848152
  26  -6       -0.0758174606       -0.0920328043
  26  -7        0.0072926798        0.0329938931
  26  -8       -0.1725497006        0.1054522950
  26  -9        0.0216575629        0.0656437997
  26 -10       -0.0769841515       -0.0601369759
  26 -11       -0.0517816448       -0.1087215418
  26 -12       -0.2120766146       -0.0682488096
  26 -13       -0.0237940310        0.0023427746
  26 -14       -0.2295509553        0.1022963817
  26 -15       -0.1381447563       -0.0611243023
  26 -16       -0.1604973599        0.0294117243
  26 -17       -0.0650750478       -0.0634880233
  26 -18       -0.0042895987       -0.0017111962
  26 -19        0.0549008662        0.0281914180
  26 -20        0.2269020937        0.1042476092
  26 -21       -0.0357139921        0.0260475895
  26 -22       -0.0630060316        0.2088403167
  26 -23        0.0450990920        0.1082267608
  26 -24        0.1942315496       -0.2456513655
  26 -25       -0.0426124483       -0.0962939159
  26 -26        0.1687208105        0.0020120726
  27  27       -0.0341042570       -0.0597206434
  27  26        0.0676017438        0.0710719605
  27  25       -0.0201785163        0.0905011631
  27  24       -0.0061933624       -0.1370639221
  27  23        0.0328230862       -0.1264754951
  27  22        0.0167938210        0.0542136432
  27  21        0.0983486824        0.0372861074
  27  20       -0.1623745759       -0.1724014027
  27  19        0.0841026987       -0.1230396739
  27  18        0.0893399916        0.2343853514
  27  17       -0.1125250039       -0.2071360258
  27  16        0.0589050351       -0.0066069175
  27  15        0.0030751406       -0.0257042060
  27  14        0.0694459459        0.2445051195
  27  13        0.2422005122       -0.0087173201
  27  12       -0.0024071182       -0.0515306384
  27  11       -0.1202200642        0.0891505465
  27  10        0.2574403702        0.1007447507
  27   9        0.1486998695       -0.1097953018
  27   8        0.1567703449        0.2154039529
  27   7       -0.0150822341        0.0371544126
  27   6       -0.0152969855       -0.2059998463
  27   5       -0.0031089419        0.0061687403
  27   4        0.0153352882       -0.1207654098
  27   3       -0.0159232533       -0.0715927838
  27   2        0.0623667968        0.0376409274
  27   1        0.0926343207       -0.0429815064
  27   0        0.2585002875        0.0000000000
  27  -1       -0.0926343207       -0.0429815064
  27  -2        0.0623667968       -0.0376409274
  27  -3        0.0159232533       -0.0715927838
  27  -4        0.0153352882        0.1207654098
  27  -5        0.0031089419        0.0061687403
  27  -6       -0.0152969855        0.2059998463
  27  -7        0.0150822341        0.0371544126
  27  -8        0.1567703449       -0.2154039529
  27  -9       -0.1486998695       -0.1097953018
  27 -10        0.2574403702       -0.1007447507
  27 -11        0.1202200642        0.0891505465
  27 -12       -0.0024071182        0.0515306384
  27 -13       -0.2422005122       -0.0087173201
  27 -14        0.0694459459       -0.2445051195
  27 -15       -0.0030751406       -0.0257042060
  27 -16        0.0589050351        0.0066069175
  27 -17        0.1125250039       -0.2071360258
  27 -18        0.0893399916       -0.2343853514
  27 -19       -0.0841026987       -0.1230396739
  27 -20       -0.1623745759        0.1724014027
  27 -21       -0.0983486824        0.0372861074
  27 -22        0.0167938210       -0.0542136432
  27 -23       -0.0328230862       -0.1264754951
  27 -24       -0.0061933624        0.1370639221
  27 -25        0.0201785163        0.0905011631
  27 -26        0.0676017438       -0.0710719605
  27 -27        0.0341042570       -0.0597206434
  28  28       -0.0778749556       -0.0373117611
  28  27        0.1537809994        0.1080750008
  28  26       -0.0175651176        0.0313841073
  28  25        0.0978816128       -0.1408685856
  28  24        0.2271540231        0.0432009574
  28  23       -0.0972695232       -0.0768913785
  28  22        0.0854445753        0.0621240009
  28  21       -0.0995675874       -0.0154692136
  28  20       -0.0995942795        0.3240805477
  28  19       -0.1062540086       -0.1439929408
  28  18       -0.0053963648       -0.1312480824
  28  17        0.0147591479        0.1281305622
  28  16        0.0493726415        0.0252960414
  28  15       -0.0734015394       -0.0372253087
  28  14       -0.1517899890       -0.1523880034
  28  13       -0.1720616220        0.1025158120
  28  12        0.0060370139        0.0004377695
  28  11        0.1003413021       -0.1639264099
  28  10       -0.1331125053       -0.0649451315
  28   9        0.0343640756       -0.1894808347
  28   8       -0.0637592298       -0.0496134286
  28   7        0.0694259222       -0.0044866274
  28   6       -0.0165323222       -0.0884638497
  28   5       -0.1089639346       -0.1285117780
  28   4        0.0917313701        0.1063736472
  28   3       -0.0157441213       -0.1302392415
  28   2        0.0303470032        0.0030879321
  28   1       -0.0560046737        0.2048498258
  28   0       -0.0315782040        0.0000000000
  28  -1        0.0560046737        0.2048498258
  28  -2        0.0303470032       -0.0030879321
  28  -3        0.0157441213       -0.1302392415
  28  -4        0.0917313701       -0.1063736472
  28  -5        0.1089639346       -0.1285117780
  28  -6       -0.0165323222        0.0884638497
  28  -7       -0.0694259222       -0.0044866274
  28  -8       -0.0637592298        0.0496134286
  28  -9       -0.0343640756       -0.1894808347
  28 -10       -0.1331125053        0.0649451315
  28 -11       -0.1003413021       -0.1639264099
  28 -12        0.0060370139       -0.0004377695
  28 -13        0.1720616220        0.1025158120
  28 -14       -0.1517899890        0.1523880034
  28 -15        0.0734015394       -0.0372253087
  28 -16        0.0493726415       -0.0252960414
  28 -17       -0.0147591479        0.1281305622
  28 -18       -0.0053963648        0.1312480824
  28 -19        0.1062540086       -0.1439929408
  28 -20       -0.0995942795       -0.3240805477
  28 -21        0.0995675874       -0.0154692136
  28 -22        0.0854445753       -0.0621240009
  28 -23        0.0972695232       -0.0768913785
  28 -24        0.2271540231       -0.0432009574
  28 -25       -0.0978816128       -0.1408685856
  28 -26       -0.0175651176       -0.0313841073
  28 -27       -0.1537809994        0.1080750008
  28 -28       -0.0778749556        0.0373117611
  29  29       -0.0276462959       -0.0534343055
  29  28       -0.0203052117       -0.0044492767
  29  27       -0.0693653063       -0.0224306995
  29  26        0.2386393143       -0.0427206948
  29  25        0.1458117969        0.2708599532
  29  24       -0.1131414694        0.0178262615
  29  23        0.0552936043       -0.1100673565
  29  22        0.1273478650       -0.1925115776
  29  21        0.0761172226        0.1336295837
  29  20       -0.0221868847       -0.0470165948
  29  19        0.1562070672        0.1745900086
  29  18       -0.0902315417       -0.0479816088
  29  17        0.0001366038       -0.3199498613
  29  16       -0.1246225826        0.0584868243
  29  15        0.0390138848        0.0372397370
  29  14       -0.0431592067        0.0477681413
  29  13        0.1512207933       -0.2927371707
  29  12        0.1445676170        0.0611072009
  29  11        0.0025326302       -0.0841137150
  29  10       -0.1785065671        0.1571944580
  29   9        0.1936487121       -0.0083733524
  29   8       -0.0395450810        0.2724551822
  29   7        0.0937315959        0.0207860270
  29   6       -0.1569817834        0.0856493314
  29   5       -0.1150241274        0.1296365466
  29   4       -0.1385777035        0.0308179521
  29   3       -0.0526599105       -0.1026125645
  29   2        0.0347662049        0.1744345244
  29   1       -0.0996873049       -0.0452596126
  29   0        0.2286270415        0.0000000000
  29  -1        0.0996873049       -0.0452596126
  29  -2        0.0347662049       -0.1744345244
  29  -3        0.0526599105       -0.1026125645
  29  -4       -0.1385777035       -0.0308179521
  29  -5        0.1150241274        0.1296365466
  29  -6       -0.1569817834       -0.0856493314
  29  -7       -0.0937315959        0.0207860270
  29  -8       -0.0395450810       -0.2724551822
  29  -9       -0.1936487121       -0.0083733524
  29 -10       -0.1785065671       -0.1571944580
  29 -11       -0.0025326302       -0.0841137150
  29 -12        0.1445676170       -0.0611072009
  29 -13       -0.1512207933       -0.2927371707
  29 -14       -0.0431592067       -0.0477681413
  29 -15       -0.0390138848        0.0372397370
  29 -16       -0.1246225826       -0.0584868243
  29 -17       -0.0001366038       -0.3199498613
  29 -18       -0.0902315417        0.0479816088
  29 -19       -0.1562070672        0.1745900086
  29 -20       -0.0221868847        0.0470165948
  29 -21       -0.0761172226        0.1336295837
  29 -22        0.1273478650        0.1925115776
  29 -23       -0.0552936043       -0.1100673565
  29 -24       -0.1131414694       -0.0178262615
  29 -25       -0.1458117969        0.2708599532
  29 -26        0.2386393143        0.0427206948
  29 -27        0.0693653063       -0.0224306995
  29 -28       -0.0203052117        0.0044492767
  29 -29        0.0276462959       -0.0534343055
  30  30        0.0460382765        0.0593044609
  30  29        0.0489551898        0.0244086682
  30  28        0.0511593930       -0.0000306456
  30  27       -0.0888873044        0.2118320131
  30  26       -0.1333107636       -0.1314608247
  30  25       -0.1873957485       -0.1689576523
  30  24        0.0207498051       -0.1101680679
  30  23        0.0354810265       -0.1400706398
  30  22        0.0181809343       -0.0727308843
  30  21        0.0916237827       -0.0583276993
  30  20        0.1895867903        0.0624146515
  30  19        0.0670584771       -0.1087390624
  30  18        0.0985967809       -0.1679694303
  30  17        0.1111383865        0.1246479083
  30  16        0.0067696507        0.0403919382
  30  15        0.2177596383       -0.0881428318
  30  14        0.0334737360        0.0387147851
  30  13       -0.0297501245        0.2149324193
  30  12        0.1774525819        0.1651000799
  30  11        0.0336688620        0.0670118497
  30  10        0.1511082204        0.0497999844
  30   9       -0.1122617366        0.1494312847
  30   8        0.0358431784       -0.0844854359
  30   7       -0.0837220939       -0.0946117294
  30   6        0.1740623495        0.0691653738
  30   5        0.1074711275       -0.0663394849
  30   4        0.0231280109        0.3319254947
  30   3        0.0170033049       -0.0202894848
  30   2        0.0881777412        0.0540599147
  30   1        0.1939807869       -0.0229733443
  30   0        0.0597163673        0.0000000000
  30  -1       -0.1939807869       -0.0229733443
  30  -2        0.0881777412       -0.0540599147
  30  -3       -0.0170033049       -0.0202894848
  30  -4        0.0231280109       -0.3319254947
  30  -5       -0.1074711275       -0.0663394849
  30  -6        0.1740623495       -0.0691653738
  30  -7        0.0837220939       -0.0946117294
  30  -8        0.0358431784        0.0844854359
  30  -9        0.1122617366        0.1494312847
  30 -10        0.1511082204       -0.0497999844
  30 -11       -0.0336688620        0.0670118497
  30 -12        0.1774525819       -0.1651000799
  30 -13        0.0297501245        0.2149324193
  30 -14        0.0334737360       -0.0387147851
  30 -15       -0.2177596383       -0.0881428318
  30 -16        0.0067696507       -0.0403919382
  30 -17       -0.1111383865        0.1246479083
  30 -18        0.0985967809        0.1679694303
  30 -19       -0.0670584771       -0.1087390624
  30 -20        0.1895867903       -0.0624146515
  30 -21       -0.0916237827       -0.0583276993
  30 -22        0.0181809343        0.0727308843
  30 -23       -0.0354810265       -0.1400706398
  30 -24        0.0207498051        0.1101680679
  30 -25        0.1873957485       -0.1689576523
  30 -26       -0.1333107636        0.1314608247
  30 -27        0.0888873044        0.2118320131
  30 -28        0.0511593930        0.0000306456
  30 -29       -0.0489551898        0.0244086682
  30 -30        0.0460382765       -0.0593044609
