   0   0      446.9561693968        0.0000000000
   1   1      -15.2222744287       -2.6404925529
   1   0       -0.2060125433        0.0000000000
   1  -1       15.2222744287       -2.6404925529
   2   2      -39.0360033125        8.3617862963
   2   1      -30.5262778324        2.2975166049
   2   0       59.5060179346        0.0000000000
   2  -1       30.5262778324        2.2975166049
   2  -2      -39.0360033125       -8.3617862963
   3   3      -13.7919565383       -6.4171326739
   3   2      -13.0752544313       -6.2745753627
   3   1       20.6281698163       -5.4223266806
   3   0       -1.3216031695        0.0000000000
   3  -1      -20.6281698163       -5.4223266806
   3  -2      -13.0752544313        6.2745753627
   3  -3       13.7919565383       -6.4171326739
   4   4        1.5682871170        1.0110584761
   4   3        9.9039326175        3.3935540681
   4   2       -5.7551324035       11.6851443394
   4   1        1.0507014725       -4.8977566462
   4   0        2.9658510947        0.0000000000
   4  -1       -1.0507014725       -4.8977566462
   4  -2       -5.7551324035      -11.6851443394
   4  -3       -9.9039326175        3.3935540681
   4  -4        1.5682871170       -1.0110584761
   5   5        7.4473914519        0.1489346142
   5   4        2.3933572188       -3.8145848278
   5   3       -1.3004977602        2.3039162235
   5   2       -4.2957223175       -0.8986095961
   5   1       -0.0693837733       -0.1700505464
   5   0        5.9111479672        0.0000000000
   5  -1        0.0693837733       -0.1700505464
   5  -2       -4.2957223175        0.8986095961
   5  -3        1.3004977602        2.3039162235
   5  -4        2.3933572188        3.8145848278
   5  -5       -7.4473914519        0.1489346142
   6   6        3.2749804645        4.0229483336
   6   5        1.3121522633        2.9423613483
   6   4       -0.9879941864        0.5771849656
   6   3       -1.7174970897        0.4949479557
   6   2       -3.0464427617       -0.0953338084
   6   1        4.1084569907       -0.7837796875
   6   0        0.0525729690        0.0000000000
   6  -1       -4.1084569907       -0.7837796875
   6  -2       -3.0464427617        0.0953338084
   6  -3        1.7174970897        0.4949479557
   6  -4       -0.9879941864       -0.5771849656
   6  -5       -1.3121522633        2.9423613483
   6  -6        3.2749804645       -4.0229483336
   7   7       -2.5162479018       -0.9650904631
   7   6       -2.8796141229        1.5164902817
   7   5       -0.3897635133        2.8181340305
   7   4       -2.0464954620       -2.8390433404
   7   3       -2.1197203310       -0.1774832677
   7   2       -0.2616411753        0.1154302936
   7   1        2.1766438403       -1.3383657239
   7   0        1.4038661480        0.0000000000
   7  -1       -2.1766438403       -1.3383657239
   7  -2       -0.2616411753       -0.1154302936
   7  -3        2.1197203310       -0.1774832677
   7  -4       -2.0464954620        2.8390433404
   7  -5        0.3897635133        2.8181340305
   7  -6       -2.8796141229       -1.5164902817
   7  -7        2.5162479018       -0.9650904631
   8   8       -0.4417157426       -1.7972909843
   8   7       -3.4934802201        0.0490721850
   8   6        1.2454630564       -2.5784520933
   8   5        2.5909405190       -1.0300470200
   8   4        1.2853829734        0.4809776019
   8   3       -2.3672469062       -0.1158729090
   8   2        1.0140521527        0.6387226793
   8   1        0.9591690371        0.1419454710
   8   0       -0.0176808727        0.0000000000
   8  -1       -0.9591690371        0.1419454710
   8  -2        1.0140521527       -0.6387226793
   8  -3        2.3672469062       -0.1158729090
   8  -4        1.2853829734       -0.4809776019
   8  -5       -2.5909405190       -1.0300470200
   8  -6        1.2454630564        2.5784520933
   8  -7        3.4934802201        0.0490721850
   8  -8       -0.4417157426        1.7972909843
   9   9        0.1271053678       -0.5887700227
   9   8        1.3573806441       -1.2309675819
   9   7        0.8089701171       -1.1606526234
   9   6        0.6778143036        1.9024861029
   9   5       -0.7896012232        0.9120541703
   9   4        0.2396276534       -0.0329065924
   9   3       -1.2593206476        2.2500401603
   9   2        0.5567813174       -0.7560766417
   9   1        0.2294165890       -1.8074269941
   9   0        0.5894754628        0.0000000000
   9  -1       -0.2294165890       -1.8074269941
   9  -2        0.5567813174        0.7560766417
   9  -3        1.2593206476        2.2500401603
   9  -4        0.2396276534        0.0329065924
   9  -5        0.7896012232        0.9120541703
   9  -6        0.6778143036       -1.9024861029
   9  -7       -0.8089701171       -1.1606526234
   9  -8        1.3573806441        1.2309675819
   9  -9       -0.1271053678       -0.5887700227
  10  10        0.0967904623       -0.1867203174
  10   9        0.4323376407        0.8831756672
  10   8        0.5894354651        0.0072945892
  10   7       -1.0053077231        0.3870865134
  10   6       -1.9499827388        1.3765253604
  10   5        0.0212615643       -1.6127718906
  10   4       -0.8219015725       -0.2858270902
  10   3       -0.6991190196       -0.7779956894
  10   2        0.0047515768        0.1138613031
  10   1        0.1152105172        0.9920849160
  10   0        1.1309024197        0.0000000000
  10  -1       -0.1152105172        0.9920849160
  10  -2        0.0047515768       -0.1138613031
  10  -3        0.6991190196       -0.7779956894
  10  -4       -0.8219015725        0.2858270902
  10  -5       -0.0212615643       -1.6127718906
  10  -6       -1.9499827388       -1.3765253604
  10  -7        1.0053077231        0.3870865134
  10  -8        0.5894354651       -0.0072945892
  10  -9       -0.4323376407        0.8831756672
  10 -10        0.0967904623        0.1867203174
  11  11        0.5786675891        0.0947670408
  11  10        0.2844230206        1.2794360596
  11   9        0.0715213479       -0.8478512023
  11   8       -0.4133911787       -0.7426627536
  11   7       -0.2364809250        0.1922380747
  11   6        0.5325749528       -0.4492784655
  11   5        0.8858631968       -0.3770615480
  11   4       -0.5056785923       -0.4810303164
  11   3       -0.6101103339       -0.3507445860
  11   2        1.3758748158        0.3502571085
  11   1       -0.5435463765       -0.9413648649
  11   0       -0.7496023308        0.0000000000
  11  -1        0.5435463765       -0.9413648649
  11  -2        1.3758748158       -0.3502571085
  11  -3        0.6101103339       -0.3507445860
  11  -4       -0.5056785923        0.4810303164
  11  -5       -0.8858631968       -0.3770615480
  11  -6        0.5325749528        0.4492784655
  11  -7        0.2364809250        0.1922380747
  11  -8       -0.4133911787        0.7426627536
  11  -9       -0.0715213479       -0.8478512023
  11 -10        0.2844230206       -1.2794360596
  11 -11       -0.5786675891        0.0947670408
  12  12       -0.1454790633        0.7040535736
  12  11        0.6939314732        0.5116976815
  12  10        0.1081686728        0.0475064743
  12   9       -0.4130578639        0.9851066634
  12   8        0.6049255061       -1.4444912466
  12   7        0.1369423861       -0.8195724418
  12   6        1.0154300807        0.8544028846
  12   5        0.0871011472       -0.3085213948
  12   4       -0.5030318264        0.4968205143
  12   3        0.7287967198        0.6323493292
  12   2       -0.1625362824       -0.4247504102
  12   1       -0.2726165476        0.4097137712
  12   0        1.0465733829        0.0000000000
  12  -1        0.2726165476        0.4097137712
  12  -2       -0.1625362824        0.4247504102
  12  -3       -0.7287967198        0.6323493292
  12  -4       -0.5030318264       -0.4968205143
  12  -5       -0.0871011472       -0.3085213948
  12  -6        1.0154300807       -0.8544028846
  12  -7       -0.1369423861       -0.8195724418
  12  -8        0.6049255061        1.4444912466
  12  -9        0.4130578639        0.9851066634
  12 -10        0.1081686728       -0.0475064743
  12 -11       -0.6939314732        0.5116976815
  12 -12       -0.1454790633       -0.7040535736
  13  13       -0.2452191050        0.6558073737
  13  12       -0.1590478795        0.1514835796
  13  11       -1.2020193544       -0.1404930566
  13  10       -0.0425118506        0.6280000732
  13   9        0.8513018681       -0.5034306508
  13   8        0.0609228356        0.2287285408
  13   7       -0.1381977001        0.9235668668
  13   6        0.3755974351       -0.2629335005
  13   5        0.7661159724        0.7555548705
  13   4       -0.6164035610        0.2388535170
  13   3       -0.5435753378       -0.7224799155
  13   2       -0.0973281452       -0.0898150017
  13   1       -0.1125405586       -0.0820964778
  13   0       -0.4887625517        0.0000000000
  13  -1        0.1125405586       -0.0820964778
  13  -2       -0.0973281452        0.0898150017
  13  -3        0.5435753378       -0.7224799155
  13  -4       -0.6164035610       -0.2388535170
  13  -5       -0.7661159724        0.7555548705
  13  -6        0.3755974351        0.2629335005
  13  -7        0.1381977001        0.9235668668
  13  -8        0.0609228356       -0.2287285408
  13  -9       -0.8513018681       -0.5034306508
  13 -10       -0.0425118506       -0.6280000732
  13 -11        1.2020193544       -0.1404930566
  13 -12       -0.1590478795       -0.1514835796
  13 -13        0.2452191050        0.6558073737
  14  14       -0.2073047078       -0.1082562472
  14  13        0.2784737209       -0.2881716145
  14  12       -0.8411799081       -0.4934271438
  14  11        0.7836783407       -0.5760661689
  14  10        0.7091867622        0.3948687827
  14   9       -0.8711832761        0.3307572456
  14   8       -0.1424139234       -0.3699379672
  14   7       -0.9158833534       -0.4267277218
  14   6        0.4178764385       -0.0443255316
  14   5       -0.6893554692       -0.2949454175
  14   4       -0.6206279907       -0.3639997603
  14   3        0.3283860331       -0.0532949913
  14   2        0.1641261016        0.4610835355
  14   1       -0.4014144738        0.0886801536
  14   0       -0.6142241286        0.0000000000
  14  -1        0.4014144738        0.0886801536
  14  -2        0.1641261016       -0.4610835355
  14  -3       -0.3283860331       -0.0532949913
  14  -4       -0.6206279907        0.3639997603
  14  -5        0.6893554692       -0.2949454175
  14  -6        0.4178764385        0.0443255316
  14  -7        0.9158833534       -0.4267277218
  14  -8       -0.1424139234        0.3699379672
  14  -9        0.8711832761        0.3307572456
  14 -10        0.7091867622       -0.3948687827
  14 -11       -0.7836783407       -0.5760661689
  14 -12       -0.8411799081        0.4934271438
  14 -13       -0.2784737209       -0.2881716145
  14 -14       -0.2073047078        0.1082562472
  15  15        0.3688270788       -0.3344975263
  15  14        0.1859096907       -0.2168709481
  15  13        0.1127954153        0.3013753111
  15  12        0.8469810465        0.3716265010
  15  11       -0.6561015782        0.6302200575
  15  10       -0.5517070319       -0.2212040764
  15   9        0.2381637835       -0.8655908335
  15   8        0.0031194161       -0.0883867655
  15   7       -0.5215425211       -0.5770049607
  15   6        1.3740996793       -0.6429882922
  15   5       -0.4680521678        0.4081080783
  15   4        0.2575737611       -0.2003046565
  15   3        0.5076455210        0.1057819521
  15   2        0.4401729595        0.5115948915
  15   1       -0.3524984330       -0.7664971535
  15   0        0.4059316057        0.0000000000
  15  -1        0.3524984330       -0.7664971535
  15  -2        0.4401729595       -0.5115948915
  15  -3       -0.5076455210        0.1057819521
  15  -4        0.2575737611        0.2003046565
  15  -5        0.4680521678        0.4081080783
  15  -6        1.3740996793        0.6429882922
  15  -7        0.5215425211       -0.5770049607
  15  -8        0.0031194161        0.0883867655
  15  -9       -0.2381637835       -0.8655908335
  15 -10       -0.5517070319        0.2212040764
  15 -11        0.6561015782        0.6302200575
  15 -12        0.8469810465       -0.3716265010
  15 -13       -0.1127954153        0.3013753111
  15 -14        0.1859096907        0.2168709481
  15 -15       -0.3688270788       -0.3344975263
  16  16       -0.0634014955        0.0473889527
  16  15        0.1074465395        0.2233941578
  16  14       -0.1930503988        0.0521858251
  16  13        0.4736550897        0.1602947876
  16  12       -0.1283578117        0.0371589283
  16  11        0.1906744964       -0.0467228367
  16  10       -0.3056016514       -0.2270331177
  16   9        0.0035612028       -0.7421688363
  16   8        0.1734013278        0.1998746669
  16   7        0.6370631669        0.0587045294
  16   6        0.3146374340        0.2309683118
  16   5       -0.1059849993        0.5030223303
  16   4        0.0576152345        0.2386726697
  16   3        0.0981000929       -0.2132570664
  16   2        0.3042699093       -0.5934795777
  16   1       -0.1462352428        0.2101488228
  16   0       -0.3520747970        0.0000000000
  16  -1        0.1462352428        0.2101488228
  16  -2        0.3042699093        0.5934795777
  16  -3       -0.0981000929       -0.2132570664
  16  -4        0.0576152345       -0.2386726697
  16  -5        0.1059849993        0.5030223303
  16  -6        0.3146374340       -0.2309683118
  16  -7       -0.6370631669        0.0587045294
  16  -8        0.1734013278       -0.1998746669
  16  -9       -0.0035612028       -0.7421688363
  16 -10       -0.3056016514        0.2270331177
  16 -11       -0.1906744964       -0.0467228367
  16 -12       -0.1283578117       -0.0371589283
  16 -13       -0.4736550897        0.1602947876
  16 -14       -0.1930503988       -0.0521858251
  16 -15       -0.1074465395        0.2233941578
  16 -16       -0.0634014955       -0.0473889527
  17  17       -0.3782296194        0.0783453838
  17  16        0.3342658757        0.2611135578
  17  15       -0.2144127431        0.0695839826
  17  14       -0.0082060189       -0.1802030933
  17  13        0.1379671840       -0.1799358299
  17  12       -0.2366821081        0.4570452177
  17  11       -0.0569649382        0.5180060158
  17  10       -0.4034100096       -0.4116984336
  17   9        0.3994391681        0.3521720626
  17   8       -0.4770175248        0.5114703779
  17   7       -0.0469347862       -0.5194556351
  17   6        0.5325941760        0.7352462562
  17   5       -0.7251754990        0.2894880334
  17   4       -0.2270047451        0.2705470401
  17   3       -0.0448462865       -0.2944044209
  17   2        0.0843793150        0.6764500976
  17   1        0.0685638526       -0.1371299066
  17   0       -0.2359679745        0.0000000000
  17  -1       -0.0685638526       -0.1371299066
  17  -2        0.0843793150       -0.6764500976
  17  -3        0.0448462865       -0.2944044209
  17  -4       -0.2270047451       -0.2705470401
  17  -5        0.7251754990        0.2894880334
  17  -6        0.5325941760       -0.7352462562
  17  -7        0.0469347862       -0.5194556351
  17  -8       -0.4770175248       -0.5114703779
  17  -9       -0.3994391681        0.3521720626
  17 -10       -0.4034100096        0.4116984336
  17 -11        0.0569649382        0.5180060158
  17 -12       -0.2366821081       -0.4570452177
  17 -13       -0.1379671840       -0.1799358299
  17 -14       -0.0082060189        0.1802030933
  17 -15        0.2144127431        0.0695839826
  17 -16        0.3342658757       -0.2611135578
  17 -17        0.3782296194        0.0783453838
  18  18       -0.0646744224        0.3196823507
  18  17        0.0205477911       -0.2713297131
  18  16        0.1612453790        0.1916809712
  18  15        0.2802138656       -0.1501006998
  18  14       -0.4390347357       -0.3569687490
  18  13       -0.4769667943       -0.0995257051
  18  12        0.3863129295       -0.1793023250
  18  11        0.1902993794        0.2836388012
  18  10       -0.1453620687        0.0534361683
  18   9        0.0060570292        0.2025556593
  18   8       -0.3919000653       -0.0831130772
  18   7        0.6709229661       -0.2259986635
  18   6       -0.3127196817       -0.2804460606
  18   5       -0.3929737297       -0.3260716336
  18   4       -0.1725021114       -0.1041294731
  18   3        0.2388408455       -0.1516224964
  18   2        0.3813765279       -0.3315654065
  18   1       -0.1828280310        0.1902397277
  18   0       -0.5099227405        0.0000000000
  18  -1        0.1828280310        0.1902397277
  18  -2        0.3813765279        0.3315654065
  18  -3       -0.2388408455       -0.1516224964
  18  -4       -0.1725021114        0.1041294731
  18  -5        0.3929737297       -0.3260716336
  18  -6       -0.3127196817        0.2804460606
  18  -7       -0.6709229661       -0.2259986635
  18  -8       -0.3919000653        0.0831130772
  18  -9       -0.0060570292        0.2025556593
  18 -10       -0.1453620687       -0.0534361683
  18 -11       -0.1902993794        0.2836388012
  18 -12        0.3863129295        0.1793023250
  18 -13        0.4769667943       -0.0995257051
  18 -14       -0.4390347357        0.3569687490
  18 -15       -0.2802138656       -0.1501006998
  18 -16        0.1612453790       -0.1916809712
  18 -17       -0.0205477911       -0.2713297131
  18 -18       -0.0646744224       -0.3196823507
  19  19        0.0166444764        0.2361798668
  19  18       -0.0282996493       -0.0772815146
  19  17       -0.0592901416       -0.0232217875
  19  16        0.0565897485       -0.4733853693
  19  15       -0.1293785763        0.1453334532
  19  14        0.2976289908        0.0554617521
  19  13       -0.0329950195        0.0963627723
  19  12       -0.6920701156       -0.0138618121
  19  11        0.1135516858       -0.4259842827
  19  10        0.1223327978        0.0110700635
  19   9       -0.2478975890        0.2030491775
  19   8       -0.1284530891       -0.2167071726
  19   7       -0.0509941674       -0.0545110343
  19   6       -0.1315999746        0.1631472156
  19   5       -0.3137903062        0.2492056441
  19   4        0.5489038623        0.7029657144
  19   3        0.3627576251       -0.3623253942
  19   2        0.2188335321        0.1838722758
  19   1       -0.1251470848       -0.0699770686
  19   0        0.2013251800        0.0000000000
  19  -1        0.1251470848       -0.0699770686
  19  -2        0.2188335321       -0.1838722758
  19  -3       -0.3627576251       -0.3623253942
  19  -4        0.5489038623       -0.7029657144
  19  -5        0.3137903062        0.2492056441
  19  -6       -0.1315999746       -0.1631472156
  19  -7        0.0509941674       -0.0545110343
  19  -8       -0.1284530891        0.2167071726
  19  -9        0.2478975890        0.2030491775
  19 -10        0.1223327978       -0.0110700635
  19 -11       -0.1135516858       -0.4259842827
  19 -12       -0.6920701156        0.0138618121
  19 -13        0.0329950195        0.0963627723
  19 -14        0.2976289908       -0.0554617521
  19 -15        0.1293785763        0.1453334532
  19 -16        0.0565897485        0.4733853693
  19 -17        0.0592901416       -0.0232217875
  19 -18       -0.0282996493        0.0772815146
  19 -19       -0.0166444764        0.2361798668
  20  20        0.0120164144       -0.1267374390
  20  19        0.2679012177       -0.2846447910
  20  18        0.0518820525       -0.1919065201
  20  17       -0.0948707837       -0.3785253528
  20  16        0.1984344900        0.3876019038
  20  15        0.2656178317        0.0355229496
  20  14       -0.2059230426       -0.0299764358
  20  13       -0.1414979519       -0.3870393693
  20  12        0.0992380557       -0.2902752956
  20  11       -0.2239006759        0.0308871514
  20  10        0.1072333146       -0.2717982472
  20   9        0.1322888591       -0.1389971847
  20   8        0.0017161071        0.1197507305
  20   7       -0.0283931208       -0.0490592199
  20   6        0.2005333032        0.1218770532
  20   5        0.0597778892       -0.0875188312
  20   4        0.0505232875       -0.1224518673
  20   3        0.0601326802       -0.1205630025
  20   2        0.1566282846       -0.0896896926
  20   1        0.1872311167       -0.1968294525
  20   0       -0.1216462402        0.0000000000
  20  -1       -0.1872311167       -0.1968294525
  20  -2        0.1566282846        0.0896896926
  20  -3       -0.0601326802       -0.1205630025
  20  -4        0.0505232875        0.1224518673
  20  -5       -0.0597778892       -0.0875188312
  20  -6        0.2005333032       -0.1218770532
  20  -7        0.0283931208       -0.0490592199
  20  -8        0.0017161071       -0.1197507305
  20  -9       -0.1322888591       -0.1389971847
  20 -10        0.1072333146        0.2717982472
  20 -11        0.2239006759        0.0308871514
  20 -12        0.0992380557        0.2902752956
  20 -13        0.1414979519       -0.3870393693
  20 -14       -0.2059230426        0.0299764358
  20 -15       -0.2656178317        0.0355229496
  20 -16        0.1984344900       -0.3876019038
  20 -17        0.0948707837       -0.3785253528
  20 -18        0.0518820525        0.1919065201
  20 -19       -0.2679012177       -0.2846447910
  20 -20        0.0120164144        0.1267374390
  21  21       -0.1261479671        0.0477169535
  21  20        0.0244291308       -0.0521139234
  21  19        0.0848378780       -0.2500214714
  21  18        0.2110786118       -0.0136784697
  21  17        0.1053900450        0.5474746156
  21  16       -0.2806009894       -0.0442097908
  21  15        0.1591502969       -0.1691752198
  21  14        0.3605930831       -0.1817524592
  21  13        0.2311792474       -0.0421754612
  21  12       -0.0777343950        0.2462646973
  21  11       -0.2141604350       -0.2562584446
  21  10       -0.0147345811       -0.0724853364
  21   9       -0.3029343493        0.2259205416
  21   8       -0.0550336619       -0.1435581645
  21   7        0.0308511687        0.0613995986
  21   6        0.0528448292       -0.0672607168
  21   5       -0.1314785018       -0.1043422433
  21   4       -0.2578940969       -0.0030292173
  21   3        0.3085208831       -0.1833172698
  21   2        0.0266391983       -0.0019323266
  21   1       -0.3178687346       -0.1718286879
  21   0       -0.6763032332        0.0000000000
  21  -1        0.3178687346       -0.1718286879
  21  -2        0.0266391983        0.0019323266
  21  -3       -0.3085208831       -0.1833172698
  21  -4       -0.2578940969        0.0030292173
  21  -5        0.1314785018       -0.1043422433
  21  -6        0.0528448292        0.0672607168
  21  -7       -0.0308511687        0.0613995986
  21  -8       -0.0550336619        0.1435581645
  21  -9        0.3029343493        0.2259205416
  21 -10       -0.0147345811        0.0724853364
  21 -11        0.2141604350       -0.2562584446
  21 -12       -0.0777343950       -0.2462646973
  21 -13       -0.2311792474       -0.0421754612
  21 -14        0.3605930831        0.1817524592
  21 -15       -0.1591502969       -0.1691752198
  21 -16       -0.2806009894        0.0442097908
  21 -17       -0.1053900450        0.5474746156
  21 -18        0.2110786118        0.0136784697
  21 -19       -0.0848378780       -0.2500214714
  21 -20        0.0244291308        0.0521139234
  21 -21        0.1261479671        0.0477169535
  22  22       -0.2540165128       -0.0569017654
  22  21       -0.0327056330        0.1682920548
  22  20        0.0217756801        0.3068674100
  22  19        0.1418580621        0.2518831020
  22  18       -0.0429079327        0.1367718239
  22  17        0.0080960476       -0.0562087741
  22  16        0.0762027122       -0.0306736455
  22  15       -0.2313223893        0.2200875455
  22  14       -0.0995967688       -0.1637334193
  22  13        0.3080405584        0.0734429394
  22  12       -0.0245291269        0.1276253702
  22  11       -0.0274295743       -0.0219573406
  22  10       -0.1220918559        0.2760658743
  22   9       -0.0803700054       -0.0160090315
  22   8        0.0609299230       -0.0885695924
  22   7        0.1406180322       -0.0593039571
  22   6       -0.0087660692       -0.0387003375
  22   5       -0.1076536667       -0.1074827371
  22   4        0.3090855517       -0.0413622808
  22   3        0.2893757404       -0.0407138197
  22   2        0.0983584443       -0.0689424257
  22   1       -0.0790788260       -0.1003990181
  22   0       -0.0984371041        0.0000000000
  22  -1        0.0790788260       -0.1003990181
  22  -2        0.0983584443        0.0689424257
  22  -3       -0.2893757404       -0.0407138197
  22  -4        0.3090855517        0.0413622808
  22  -5        0.1076536667       -0.1074827371
  22  -6       -0.0087660692        0.0387003375
  22  -7       -0.1406180322       -0.0593039571
  22  -8        0.0609299230        0.0885695924
  22  -9        0.0803700054       -0.0160090315
  22 -10       -0.1220918559       -0.2760658743
  22 -11        0.0274295743       -0.0219573406
  22 -12       -0.0245291269       -0.1276253702
  22 -13       -0.3080405584        0.0734429394
  22 -14       -0.0995967688        0.1637334193
  22 -15        0.2313223893        0.2200875455
  22 -16        0.0762027122        0.0306736455
  22 -17       -0.0080960476       -0.0562087741
  22 -18       -0.0429079327       -0.1367718239
  22 -19       -0.1418580621        0.2518831020
  22 -20        0.0217756801       -0.3068674100
  22 -21        0.0327056330        0.1682920548
  22 -22       -0.2540165128        0.0569017654
  23  23       -0.0823707962        0.3304622588
  23  22       -0.2332237134       -0.0328301972
  23  21        0.0229303584        0.3451019260
  23  20        0.2737112593        0.1621937964
  23  19        0.1584181482        0.1125657513
  23  18       -0.0717165384       -0.1874915386
  23  17       -0.0713889775        0.0251218381
  23  16        0.1406183163       -0.1045209922
  23  15       -0.0369123638        0.1395592721
  23  14        0.1083164876        0.0779831633
  23  13        0.0475862352       -0.1694422940
  23  12        0.0921743742       -0.4286195207
  23  11        0.4003619521        0.1507974972
  23  10       -0.2191262885        0.2127906176
  23   9       -0.1696952651       -0.1756154871
  23   8        0.0249855820        0.0639247592
  23   7        0.0026403273       -0.2483601579
  23   6        0.1423488913        0.0361683666
  23   5        0.1971933061        0.0017023618
  23   4       -0.0881797032        0.1614807660
  23   3        0.1138721813       -0.2897912857
  23   2       -0.1965317175        0.0527231402
  23   1       -0.0512527324        0.0742654856
  23   0        0.6381609103        0.0000000000
  23  -1        0.0512527324        0.0742654856
  23  -2       -0.1965317175       -0.0527231402
  23  -3       -0.1138721813       -0.2897912857
  23  -4       -0.0881797032       -0.1614807660
  23  -5       -0.1971933061        0.0017023618
  23  -6        0.1423488913       -0.0361683666
  23  -7       -0.0026403273       -0.2483601579
  23  -8        0.0249855820       -0.0639247592
  23  -9        0.1696952651       -0.1756154871
  23 -10       -0.2191262885       -0.2127906176
  23 -11       -0.4003619521        0.1507974972
  23 -12        0.0921743742        0.4286195207
  23 -13       -0.0475862352       -0.1694422940
  23 -14        0.1083164876       -0.0779831633
  23 -15        0.0369123638        0.1395592721
  23 -16        0.1406183163        0.1045209922
  23 -17        0.0713889775        0.0251218381
  23 -18       -0.0717165384        0.1874915386
  23 -19       -0.1584181482        0.1125657513
  23 -20        0.2737112593       -0.1621937964
  23 -21       -0.0229303584        0.3451019260
  23 -22       -0.2332237134        0.0328301972
  23 -23        0.0823707962        0.3304622588
  24  24       -0.0385336576       -0.1748579481
  24  23        0.0154180984       -0.1370782279
  24  22        0.0737612766       -0.1446936404
  24  21        0.0651665692        0.1457077051
  24  20       -0.0225923184        0.1033445811
  24  19       -0.1670750124       -0.1036041482
  24  18       -0.0036093284        0.0786455274
  24  17        0.1063423855        0.1466057825
  24  16       -0.1377667127        0.3400234806
  24  15       -0.1047404892        0.0556210495
  24  14        0.1142721560       -0.0762859159
  24  13       -0.0372570752       -0.0401440963
  24  12        0.0924004817       -0.0398011180
  24  11        0.1435663624        0.3070368048
  24  10       -0.0570087155        0.2227708691
  24   9        0.0995137362       -0.1387248221
  24   8        0.2428641341       -0.0073048590
  24   7       -0.0957400832        0.0689433006
  24   6        0.0063430352       -0.0339492107
  24   5       -0.0326337605        0.0949269218
  24   4       -0.1788070712       -0.2164938454
  24   3       -0.1934985464       -0.2337920642
  24   2        0.0509565537        0.0368130695
  24   1        0.3061510948        0.0538359163
  24   0        0.5406286289        0.0000000000
  24  -1       -0.3061510948        0.0538359163
  24  -2        0.0509565537       -0.0368130695
  24  -3        0.1934985464       -0.2337920642
  24  -4       -0.1788070712        0.2164938454
  24  -5        0.0326337605        0.0949269218
  24  -6        0.0063430352        0.0339492107
  24  -7        0.0957400832        0.0689433006
  24  -8        0.2428641341        0.0073048590
  24  -9       -0.0995137362       -0.1387248221
  24 -10       -0.0570087155       -0.2227708691
  24 -11       -0.1435663624        0.3070368048
  24 -12        0.0924004817        0.0398011180
  24 -13        0.0372570752       -0.0401440963
  24 -14        0.1142721560        0.0762859159
  24 -15        0.1047404892        0.0556210495
  24 -16       -0.1377667127       -0.3400234806
  24 -17       -0.1063423855        0.1466057825
  24 -18       -0.0036093284       -0.0786455274
  24 -19        0.1670750124       -0.1036041482
  24 -20       -0.0225923184       -0.1033445811
  24 -21       -0.0651665692        0.1457077051
  24 -22        0.0737612766        0.1446936404
  24 -23       -0.0154180984       -0.1370782279
  24 -24       -0.0385336576        0.1748579481
  25  25        0.1006074814        0.2274434555
  25  24        0.2263606600       -0.0613715117
  25  23        0.2464622784        0.1324369184
  25  22       -0.2290818036       -0.3853315428
  25  21       -0.0818953799       -0.1143845536
  25  20        0.1991901275       -0.3505470172
  25  19        0.1838997215        0.1119272512
  25  18       -0.1785446550        0.1878833269
  25  17       -0.2063606035       -0.3157534327
  25  16        0.0046753204        0.0581527165
  25  15        0.0758048488        0.0067373715
  25  14        0.0190277484        0.0346021529
  25  13        0.1008487630       -0.0413246287
  25  12       -0.1127177774       -0.1386292109
  25  11        0.0793134755        0.1927542571
  25  10        0.1694348600       -0.0314727221
  25   9       -0.1520299904       -0.0380558692
  25   8       -0.0400207550       -0.0880430454
  25   7       -0.0184908688       -0.0723142714
  25   6       -0.0361756278       -0.0360815792
  25   5       -0.1493281569       -0.2707427580
  25   4       -0.2313584011       -0.1228837397
  25   3        0.1441847673       -0.1153140858
  25   2       -0.2056061366        0.1080617639
  25   1       -0.1796474924        0.0869439564
  25   0       -0.3614756467        0.0000000000
  25  -1        0.1796474924        0.0869439564
  25  -2       -0.2056061366       -0.1080617639
  25  -3       -0.1441847673       -0.1153140858
  25  -4       -0.2313584011        0.1228837397
  25  -5        0.1493281569       -0.2707427580
  25  -6       -0.0361756278        0.0360815792
  25  -7        0.0184908688       -0.0723142714
  25  -8       -0.0400207550        0.0880430454
  25  -9        0.1520299904       -0.0380558692
  25 -10        0.1694348600        0.0314727221
  25 -11       -0.0793134755        0.1927542571
  25 -12       -0.1127177774        0.1386292109
  25 -13       -0.1008487630       -0.0413246287
  25 -14        0.0190277484       -0.0346021529
  25 -15       -0.0758048488        0.0067373715
  25 -16        0.0046753204       -0.0581527165
  25 -17        0.2063606035       -0.3157534327
  25 -18       -0.1785446550       -0.1878833269
  25 -19       -0.1838997215        0.1119272512
  25 -20        0.1991901275        0.3505470172
  25 -21        0.0818953799       -0.1143845536
  25 -22       -0.2290818036        0.3853315428
  25 -23       -0.2464622784        0.1324369184
  25 -24        0.2263606600        0.0613715117
  25 -25       -0.1006074814        0.2274434555
  26  26       -0.1291341494       -0.1027764570
  26  25       -0.0373313790        0.0425402546
  26  24        0.3108606234       -0.0435200849
  26  23       -0.1241978750       -0.3743657841
  26  22        0.2228233612       -0.0301211632
  26  21       -0.0007671269       -0.1498014725
  26  20        0.1768796832        0.1559946167
  26  19       -0.0947511640       -0.1509339558
  26  18        0.1364700101       -0.3191235079
  26  17        0.1200888363        0.1002512263
  26  16       -0.1322993184        0.0698546439
  26  15        0.0516950966       -0.1133756561
  26  14        0.0670762323       -0.0271572147
  26  13       -0.1901571854        0.0535543232
  26  12        0.1457069484       -0.2668380982
  26  11       -0.1339619676        0.2498726257
  26  10       -0.1765270011       -0.0942021052
  26   9        0.1410623049       -0.2713919325
  26   8       -0.3207395147        0.1291696039
  26   7        0.0262250067        0.1357102297
  26   6        0.0621233790       -0.0389981862
  26   5        0.0532900388        0.0142742609
  26   4        0.1842243636        0.1234163870
  26   3       -0.2503461596       -0.0220288485
  26   2       -0.3495352354       -0.4329394738
  26   1       -0.0541712276       -0.0953782579
  26   0        0.2939976567        0.0000000000
  26  -1        0.0541712276       -0.0953782579
  26  -2       -0.3495352354        0.4329394738
  26  -3        0.2503461596       -0.0220288485
  26  -4        0.1842243636       -0.1234163870
  26  -5       -0.0532900388        0.0142742609
  26  -6        0.0621233790        0.0389981862
  26  -7       -0.0262250067        0.1357102297
  26  -8       -0.3207395147       -0.1291696039
  26  -9       -0.1410623049       -0.2713919325
  26 -10       -0.1765270011        0.0942021052
  26 -11        0.1339619676        0.2498726257
  26 -12        0.1457069484        0.2668380982
  26 -13        0.1901571854        0.0535543232
  26 -14        0.0670762323        0.0271572147
  26 -15       -0.0516950966       -0.1133756561
  26 -16       -0.1322993184       -0.0698546439
  26 -17       -0.1200888363        0.1002512263
  26 -18        0.1364700101        0.3191235079
  26 -19        0.0947511640       -0.1509339558
  26 -20        0.1768796832       -0.1559946167
  26 -21        0.0007671269       -0.1498014725
  26 -22        0.2228233612        0.0301211632
  26 -23        0.1241978750       -0.3743657841
  26 -24        0.3108606234        0.0435200849
  26 -25        0.0373313790        0.0425402546
  26 -26       -0.1291341494        0.1027764570
  27  27       -0.1140113696       -0.2978147708
  27  26       -0.2204465460        0.0138025785
  27  25        0.1810054616       -0.1175670205
  27  24       -0.1437172770       -0.0503964921
  27  23        0.0073195444        0.2035386916
  27  22        0.2049263701       -0.0212674621
  27  21       -0.1317631647       -0.2323339605
  27  20        0.0791374139       -0.0744371611
  27  19        0.0365642514       -0.1374294566
  27  18        0.0624972332        0.0947482648
  27  17       -0.0570558210        0.0782895564
  27  16        0.0515937508        0.2645722090
  27  15        0.1264475767        0.0117332642
  27  14        0.0734314919        0.0411612301
  27  13        0.1353309693       -0.1208362129
  27  12        0.1478442628        0.1424339487
  27  11        0.0880641091        0.2192387903
  27  10        0.0183801370       -0.0319176357
  27   9        0.0146214154       -0.1432506237
  27   8        0.0448209100       -0.0554026925
  27   7        0.2561177619       -0.2253205795
  27   6       -0.1922252167        0.0516877171
  27   5       -0.2028806220       -0.2082215469
  27   4       -0.1310315321        0.3262505575
  27   3       -0.1171316120        0.1451607301
  27   2       -0.2023082698       -0.0627404547
  27   1        0.3073055226       -0.0358459314
  27   0        0.3123605030        0.0000000000
  27  -1       -0.3073055226       -0.0358459314
  27  -2       -0.2023082698        0.0627404547
  27  -3        0.1171316120        0.1451607301
  27  -4       -0.1310315321       -0.3262505575
  27  -5        0.2028806220       -0.2082215469
  27  -6       -0.1922252167       -0.0516877171
  27  -7       -0.2561177619       -0.2253205795
  27  -8        0.0448209100        0.0554026925
  27  -9       -0.0146214154       -0.1432506237
  27 -10        0.0183801370        0.0319176357
  27 -11       -0.0880641091        0.2192387903
  27 -12        0.1478442628       -0.1424339487
  27 -13       -0.1353309693       -0.1208362129
  27 -14        0.0734314919       -0.0411612301
  27 -15       -0.1264475767        0.0117332642
  27 -16        0.0515937508       -0.2645722090
  27 -17        0.0570558210        0.0782895564
  27 -18        0.0624972332       -0.0947482648
  27 -19       -0.0365642514       -0.1374294566
  27 -20        0.0791374139        0.0744371611
  27 -21        0.1317631647       -0.2323339605
  27 -22        0.2049263701        0.0212674621
  27 -23       -0.0073195444        0.2035386916
  27 -24       -0.1437172770        0.0503964921
  27 -25       -0.1810054616       -0.1175670205
  27 -26       -0.2204465460       -0.0138025785
  27 -27        0.1140113696       -0.2978147708
  28  28       -0.0867527874        0.0245887005
  28  27        0.0388447721       -0.1113095468
  28  26       -0.0782327321       -0.0678931526
  28  25       -0.0681346271        0.1654575854
  28  24        0.1594524164        0.2620917894
  28  23        0.0561939443       -0.0563065733
  28  22       -0.1264912695        0.1743275695
  28  21       -0.0385980088        0.2965105977
  28  20       -0.2197480647       -0.0123133235
  28  19        0.0916585809       -0.2948251139
  28  18        0.1134901840        0.0001256418
  28  17        0.2961193731        0.1656250520
  28  16        0.1071412415        0.0627547005
  28  15        0.0524089282       -0.1395851138
  28  14        0.0434512319       -0.0128105427
  28  13       -0.0069747479       -0.1831404890
  28  12       -0.0330254534        0.0940086526
  28  11       -0.3119905345        0.2112939052
  28  10        0.1136026949        0.0711237639
  28   9       -0.2867577746       -0.1225642188
  28   8        0.2225839071        0.0091969933
  28   7       -0.1275927499        0.2439176564
  28   6       -0.0639812543       -0.2705903371
  28   5        0.0557820533       -0.0111306872
  28   4        0.1319995536        0.0811841068
  28   3       -0.1986016807       -0.0660879823
  28   2       -0.1356311710       -0.0019195660
  28   1       -0.0319673613        0.0354991361
  28   0        0.2723763233        0.0000000000
  28  -1        0.0319673613        0.0354991361
  28  -2       -0.1356311710        0.0019195660
  28  -3        0.1986016807       -0.0660879823
  28  -4        0.1319995536       -0.0811841068
  28  -5       -0.0557820533       -0.0111306872
  28  -6       -0.0639812543        0.2705903371
  28  -7        0.1275927499        0.2439176564
  28  -8        0.2225839071       -0.0091969933
  28  -9        0.2867577746       -0.1225642188
  28 -10        0.1136026949       -0.0711237639
  28 -11        0.3119905345        0.2112939052
  28 -12       -0.0330254534       -0.0940086526
  28 -13        0.0069747479       -0.1831404890
  28 -14        0.0434512319        0.0128105427
  28 -15       -0.0524089282       -0.1395851138
  28 -16        0.1071412415       -0.0627547005
  28 -17       -0.2961193731        0.1656250520
  28 -18        0.1134901840       -0.0001256418
  28 -19       -0.0916585809       -0.2948251139
  28 -20       -0.2197480647        0.0123133235
  28 -21        0.0385980088        0.2965105977
  28 -22       -0.1264912695       -0.1743275695
  28 -23       -0.0561939443       -0.0563065733
  28 -24        0.1594524164       -0.2620917894
  28 -25        0.0681346271        0.1654575854
  28 -26       -0.0782327321        0.0678931526
  28 -27       -0.0388447721       -0.1113095468
  28 -28       -0.0867527874       -0.0245887005
  29  29       -0.1253147728       -0.1714662042
  29  28        0.3045404526        0.0644902489
  29  27        0.0648729145       -0.1131417309
  29  26       -0.1174594869        0.2674753142
  29  25        0.1848327764        0.0408328028
  29  24       -0.2226088545       -0.0737221732
  29  23       -0.3339089307       -0.1252980043
  29  22        0.0547239992        0.0560647582
  29  21        0.1307276763        0.0077691735
  29  20        0.0846425104        0.1213262297
  29  19       -0.1522108925       -0.0281350052
  29  18        0.0797774966       -0.1132379352
  29  17        0.2768232558        0.0893691017
  29  16        0.0627252304       -0.0625766875
  29  15       -0.2303731038       -0.0397034482
  29  14       -0.0931499111        0.0415091633
  29  13       -0.0624751532       -0.0388041656
  29  12        0.0900938664        0.1279555841
  29  11        0.0025136614       -0.0997632761
  29  10        0.1832536823       -0.1472823420
  29   9       -0.0356135063       -0.2008398602
  29   8       -0.2431441029        0.0440985035
  29   7       -0.1193096549       -0.1312046570
  29   6       -0.1873012357        0.2558656557
  29   5        0.1205098475       -0.2107536163
  29   4        0.0786302717        0.0096348677
  29   3       -0.1678328086       -0.0900552701
  29   2       -0.0204784368       -0.1536934924
  29   1        0.2331117913       -0.0680170115
  29   0       -0.5751484773        0.0000000000
  29  -1       -0.2331117913       -0.0680170115
  29  -2       -0.0204784368        0.1536934924
  29  -3        0.1678328086       -0.0900552701
  29  -4        0.0786302717       -0.0096348677
  29  -5       -0.1205098475       -0.2107536163
  29  -6       -0.1873012357       -0.2558656557
  29  -7        0.1193096549       -0.1312046570
  29  -8       -0.2431441029       -0.0440985035
  29  -9        0.0356135063       -0.2008398602
  29 -10        0.1832536823        0.1472823420
  29 -11       -0.0025136614       -0.0997632761
  29 -12        0.0900938664       -0.1279555841
  29 -13        0.0624751532       -0.0388041656
  29 -14       -0.0931499111       -0.0415091633
  29 -15        0.2303731038       -0.0397034482
  29 -16        0.0627252304        0.0625766875
  29 -17       -0.2768232558        0.0893691017
  29 -18        0.0797774966        0.1132379352
  29 -19        0.1522108925       -0.0281350052
  29 -20        0.0846425104       -0.1213262297
  29 -21       -0.1307276763        0.0077691735
  29 -22        0.0547239992       -0.0560647582
  29 -23        0.3339089307       -0.1252980043
  29 -24       -0.2226088545        0.0737221732
  29 -25       -0.1848327764        0.0408328028
  29 -26       -0.1174594869       -0.2674753142
  29 -27       -0.0648729145       -0.1131417309
  29 -28        0.3045404526       -0.0644902489
  29 -29        0.1253147728       -0.1714662042
  30  30       -0.0549399930       -0.1928377467
  30  29        0.0727695605       -0.1065522432
  30  28        0.0853469377       -0.0846662728
  30  27       -0.1112104303        0.1033153738
  30  26        0.3725044655       -0.0970414337
  30  25       -0.1743796168       -0.0552760925
  30  24       -0.1557685714        0.0539214434
  30  23        0.0838346452        0.0334394534
  30  22       -0.1193827509        0.2704490870
  30  21       -0.0243008987        0.2455062112
  30  20       -0.1786484519       -0.0775863709
  30  19       -0.0042382342       -0.1604490166
  30  18        0.0231803229        0.0302081158
  30  17       -0.0698561121        0.0681667956
  30  16       -0.0845142047        0.1927044087
  30  15        0.0106465204        0.0734469810
  30  14       -0.1200187296       -0.2156472765
  30  13        0.0939584764       -0.1393466896
  30  12        0.1902985875        0.3725682256
  30  11       -0.0708608750       -0.1218803397
  30  10        0.0958527398        0.0936055228
  30   9       -0.1769433323        0.1247069786
  30   8       -0.0258566531        0.0607440752
  30   7        0.0539575219       -0.1346191741
  30   6       -0.0644260298        0.1025155324
  30   5       -0.1711006025        0.0810415944
  30   4       -0.0904642262        0.1359402177
  30   3       -0.2774386151        0.2545753086
  30   2        0.2290297167        0.0723775442
  30   1        0.2702739385       -0.0400087437
  30   0       -0.1821031112        0.0000000000
  30  -1       -0.2702739385       -0.0400087437
  30  -2        0.2290297167       -0.0723775442
  30  -3        0.2774386151        0.2545753086
  30  -4       -0.0904642262       -0.1359402177
  30  -5        0.1711006025        0.0810415944
  30  -6       -0.0644260298       -0.1025155324
  30  -7       -0.0539575219       -0.1346191741
  30  -8       -0.0258566531       -0.0607440752
  30  -9        0.1769433323        0.1247069786
  30 -10        0.0958527398       -0.0936055228
  30 -11        0.0708608750       -0.1218803397
  30 -12        0.1902985875       -0.3725682256
  30 -13       -0.0939584764       -0.1393466896
  30 -14       -0.1200187296        0.2156472765
  30 -15       -0.0106465204        0.0734469810
  30 -16       -0.0845142047       -0.1927044087
  30 -17        0.0698561121        0.0681667956
  30 -18        0.0231803229       -0.0302081158
  30 -19        0.0042382342       -0.1604490166
  30 -20       -0.1786484519        0.0775863709
  30 -21        0.0243008987        0.2455062112
  30 -22       -0.1193827509       -0.2704490870
  30 -23       -0.0838346452        0.0334394534
  30 -24       -0.1557685714       -0.0539214434
  30 -25        0.1743796168       -0.0552760925
  30 -26        0.3725044655        0.0970414337
  30 -27        0.1112104303        0.1033153738
  30 -28        0.0853469377        0.0846662728
  30 -29       -0.0727695605       -0.1065522432
  30 -30       -0.0549399930        0.1928377467
