   0   0      526.1808512926        0.0000000000
   1   1        0.4450275712       -5.6533781300
   1   0       -4.9703917762        0.0000000000
   1  -1       -0.4450275712       -5.6533781300
   2   2       16.3073240490       10.1343518140
   2   1      -32.8160712425      -19.6349655787
   2   0       55.4739918170        0.0000000000
   2  -1       32.8160712425      -19.6349655787
   2  -2       16.3073240490      -10.1343518140
   3   3      -11.7791867669       -6.2263473426
   3   2      -13.1272985265       -0.5719708712
   3   1      -12.6143423275       11.5935921468
   3   0       22.6736418350        0.0000000000
   3  -1       12.6143423275       11.5935921468
   3  -2      -13.1272985265        0.5719708712
   3  -3       11.7791867669       -6.2263473426
   4   4        2.4085414436       -6.1666754362
   4   3       -5.7333619195       -5.4053531656
   4   2        5.8187376402       -6.1839392373
   4   1       -6.1606921529       -6.9076261760
   4   0       -5.7771648503        0.0000000000
   4  -1        6.1606921529       -6.9076261760
   4  -2        5.8187376402        6.1839392373
   4  -3        5.7333619195       -5.4053531656
   4  -4        2.4085414436        6.1666754362
   5   5       -1.7909356074       -1.9506560896
   5   4        0.4691103455        0.7465995934
   5   3       -1.4958965871       -1.4404613787
   5   2        1.8633117701        0.4471605592
   5   1       -0.7292171310        8.4275327646
   5   0        8.8352027222        0.0000000000
   5  -1        0.7292171310        8.4275327646
   5  -2        1.8633117701       -0.4471605592
   5  -3        1.4958965871       -1.4404613787
   5  -4        0.4691103455       -0.7465995934
   5  -5        1.7909356074       -1.9506560896
   6   6        4.1908437313        0.1025370439
   6   5       -1.2965853109        0.9027962874
   6   4        3.3399952442       -2.0020028629
   6   3       -4.8975503970       -1.3836311429
   6   2       -3.7096551345       -2.0159713961
   6   1        1.8213972526       -2.0936204734
   6   0        1.3378303873        0.0000000000
   6  -1       -1.8213972526       -2.0936204734
   6  -2       -3.7096551345        2.0159713961
   6  -3        4.8975503970       -1.3836311429
   6  -4        3.3399952442        2.0020028629
   6  -5        1.2965853109        0.9027962874
   6  -6        4.1908437313       -0.1025370439
   7   7       -1.2482175455        0.7635217560
   7   6       -1.9787627861        1.4714996332
   7   5       -0.2943506357        1.4451022518
   7   4        1.4161215312       -0.1608611161
   7   3        0.8324252614       -0.3285822499
   7   2        0.3985543397       -1.2619680924
   7   1        1.2177751392       -0.7556113924
   7   0       -1.9767061961        0.0000000000
   7  -1       -1.2177751392       -0.7556113924
   7  -2        0.3985543397        1.2619680924
   7  -3       -0.8324252614       -0.3285822499
   7  -4        1.4161215312        0.1608611161
   7  -5        0.2943506357        1.4451022518
   7  -6       -1.9787627861       -1.4714996332
   7  -7        1.2482175455        0.7635217560
   8   8       -0.1748314173        0.4806715333
   8   7       -1.3032995882        1.4797614362
   8   6        0.1044287272       -0.0840100475
   8   5       -2.1279455204        1.0605473195
   8   4        0.2529383930       -1.6432162837
   8   3       -0.3083648663       -0.4063838405
   8   2       -3.3339212458        1.0127506889
   8   1        0.0443454350        2.9614669233
   8   0       -1.3428047444        0.0000000000
   8  -1       -0.0443454350        2.9614669233
   8  -2       -3.3339212458       -1.0127506889
   8  -3        0.3083648663       -0.4063838405
   8  -4        0.2529383930        1.6432162837
   8  -5        2.1279455204        1.0605473195
   8  -6        0.1044287272        0.0840100475
   8  -7        1.3032995882        1.4797614362
   8  -8       -0.1748314173       -0.4806715333
   9   9       -0.1224526600       -0.0547710117
   9   8        0.6150952700       -1.1938247113
   9   7        0.2188238978        1.8660706605
   9   6        1.6405860407       -0.4411049208
   9   5       -0.7749988489        0.6402409231
   9   4       -0.2430520165       -0.7327834225
   9   3        0.3230346732       -1.3264698796
   9   2       -1.0554893418       -0.9036944296
   9   1        0.8185462613       -0.5450448208
   9   0        0.9454431487        0.0000000000
   9  -1       -0.8185462613       -0.5450448208
   9  -2       -1.0554893418        0.9036944296
   9  -3       -0.3230346732       -1.3264698796
   9  -4       -0.2430520165        0.7327834225
   9  -5        0.7749988489        0.6402409231
   9  -6        1.6405860407        0.4411049208
   9  -7       -0.2188238978        1.8660706605
   9  -8        0.6150952700        1.1938247113
   9  -9        0.1224526600       -0.0547710117
  10  10        0.1542416770       -1.3591748168
  10   9       -0.8395386727       -0.0394890392
  10   8        0.2774164588       -0.8189685860
  10   7       -0.3000908557       -0.8093440126
  10   6        0.2650939782        0.3265121380
  10   5       -0.7341590010        0.7183468438
  10   4        0.2858712633       -0.8436696358
  10   3        0.3323718626       -0.2909225839
  10   2        1.5956747136        0.4903016414
  10   1        0.5871576134        1.1494171879
  10   0       -1.4619829092        0.0000000000
  10  -1       -0.5871576134        1.1494171879
  10  -2        1.5956747136       -0.4903016414
  10  -3       -0.3323718626       -0.2909225839
  10  -4        0.2858712633        0.8436696358
  10  -5        0.7341590010        0.7183468438
  10  -6        0.2650939782       -0.3265121380
  10  -7        0.3000908557       -0.8093440126
  10  -8        0.2774164588        0.8189685860
  10  -9        0.8395386727       -0.0394890392
  10 -10        0.1542416770        1.3591748168
  11  11       -0.6615965085        0.4044280159
  11  10        0.6881443217        0.0297619339
  11   9       -0.1369997949        0.1956400778
  11   8        0.8035808756       -0.0915523143
  11   7       -0.2388570974        0.8400138119
  11   6       -0.4559112895       -0.1728859930
  11   5       -0.3994309592        0.5216613205
  11   4       -0.6667137663       -0.8580727666
  11   3       -0.5166801212       -0.9301967127
  11   2        0.0715535804        0.0013684598
  11   1       -1.0136721714        0.2137933222
  11   0       -1.7630038514        0.0000000000
  11  -1        1.0136721714        0.2137933222
  11  -2        0.0715535804       -0.0013684598
  11  -3        0.5166801212       -0.9301967127
  11  -4       -0.6667137663        0.8580727666
  11  -5        0.3994309592        0.5216613205
  11  -6       -0.4559112895        0.1728859930
  11  -7        0.2388570974        0.8400138119
  11  -8        0.8035808756        0.0915523143
  11  -9        0.1369997949        0.1956400778
  11 -10        0.6881443217       -0.0297619339
  11 -11        0.6615965085        0.4044280159
  12  12        0.1083606533       -0.0518173333
  12  11        0.0983659443       -0.0726106639
  12  10        0.3998987878       -0.0639568544
  12   9        0.1551011077        0.3513349727
  12   8       -0.2033828231       -0.2998172284
  12   7        0.5957046743        0.1029932249
  12   6        0.5120447820        0.4363860727
  12   5       -0.1658032549       -0.1105712990
  12   4        0.5176523757       -0.3464936495
  12   3        0.1314833202       -0.5149951302
  12   2        0.3568913939        0.0251366653
  12   1        0.8818170267        0.8700320296
  12   0       -0.0536768789        0.0000000000
  12  -1       -0.8818170267        0.8700320296
  12  -2        0.3568913939       -0.0251366653
  12  -3       -0.1314833202       -0.5149951302
  12  -4        0.5176523757        0.3464936495
  12  -5        0.1658032549       -0.1105712990
  12  -6        0.5120447820       -0.4363860727
  12  -7       -0.5957046743        0.1029932249
  12  -8       -0.2033828231        0.2998172284
  12  -9       -0.1551011077        0.3513349727
  12 -10        0.3998987878        0.0639568544
  12 -11       -0.0983659443       -0.0726106639
  12 -12        0.1083606533        0.0518173333
  13  13        0.1967337856        0.1349903614
  13  12        0.3425781793        0.2382386143
  13  11        0.4687759813        0.0483038533
  13  10        0.0626219983       -0.3477469454
  13   9       -0.0188257207       -0.1023458057
  13   8        0.1690036626       -0.6169895334
  13   7       -0.2864826762        0.1495425835
  13   6        0.0388901974        0.4394324380
  13   5       -0.6861605515       -0.2071200435
  13   4       -0.4569230653       -0.3786849189
  13   3       -0.7683362381       -0.3458731872
  13   2        0.4819921793        0.5326860570
  13   1        0.0580571377        0.2396028870
  13   0       -1.1232725994        0.0000000000
  13  -1       -0.0580571377        0.2396028870
  13  -2        0.4819921793       -0.5326860570
  13  -3        0.7683362381       -0.3458731872
  13  -4       -0.4569230653        0.3786849189
  13  -5        0.6861605515       -0.2071200435
  13  -6        0.0388901974       -0.4394324380
  13  -7        0.2864826762        0.1495425835
  13  -8        0.1690036626        0.6169895334
  13  -9        0.0188257207       -0.1023458057
  13 -10        0.0626219983        0.3477469454
  13 -11       -0.4687759813        0.0483038533
  13 -12        0.3425781793       -0.2382386143
  13 -13       -0.1967337856        0.1349903614
  14  14        0.0515556538       -0.0733375352
  14  13        0.2565687463        0.2931807793
  14  12       -0.1617940022       -0.2724658605
  14  11       -0.1350695298       -0.2324880312
  14  10       -0.1139080893       -0.1198686474
  14   9        0.4649795015        0.3707606371
  14   8       -0.0022344645        0.3453766433
  14   7        0.3240585429        0.1033186894
  14   6       -0.3961315854        0.1617147563
  14   5        0.0350610712       -0.5630787381
  14   4        0.6829705118       -0.4459008495
  14   3        0.3712601324       -0.2976875241
  14   2       -0.1393107070       -0.1008605257
  14   1       -0.6562798510        0.3146893257
  14   0       -0.6762886521        0.0000000000
  14  -1        0.6562798510        0.3146893257
  14  -2       -0.1393107070        0.1008605257
  14  -3       -0.3712601324       -0.2976875241
  14  -4        0.6829705118        0.4459008495
  14  -5       -0.0350610712       -0.5630787381
  14  -6       -0.3961315854       -0.1617147563
  14  -7       -0.3240585429        0.1033186894
  14  -8       -0.0022344645       -0.3453766433
  14  -9       -0.4649795015        0.3707606371
  14 -10       -0.1139080893        0.1198686474
  14 -11        0.1350695298       -0.2324880312
  14 -12       -0.1617940022        0.2724658605
  14 -13       -0.2565687463        0.2931807793
  14 -14        0.0515556538        0.0733375352
  15  15       -0.0153678755        0.0041947354
  15  14        0.2143658727        0.2241223413
  15  13       -0.0654161269        0.2869058009
  15  12       -0.4314055946       -0.3560742640
  15  11       -0.0059249561        0.1126415719
  15  10       -0.2173530343       -0.2133670752
  15   9        0.0157140035        0.2019497252
  15   8        0.1979755991        0.4955525206
  15   7        0.0832315266       -0.0853619577
  15   6        0.0999520233        0.0365174927
  15   5       -0.3415697562        0.1924643641
  15   4        0.0596934471       -0.0589371032
  15   3        0.0694914287        0.5959264471
  15   2       -0.1766154573        0.4866479513
  15   1       -0.1473115470        0.4018244884
  15   0       -0.3304289642        0.0000000000
  15  -1        0.1473115470        0.4018244884
  15  -2       -0.1766154573       -0.4866479513
  15  -3       -0.0694914287        0.5959264471
  15  -4        0.0596934471        0.0589371032
  15  -5        0.3415697562        0.1924643641
  15  -6        0.0999520233       -0.0365174927
  15  -7       -0.0832315266       -0.0853619577
  15  -8        0.1979755991       -0.4955525206
  15  -9       -0.0157140035        0.2019497252
  15 -10       -0.2173530343        0.2133670752
  15 -11        0.0059249561        0.1126415719
  15 -12       -0.4314055946        0.3560742640
  15 -13        0.0654161269        0.2869058009
  15 -14        0.2143658727       -0.2241223413
  15 -15        0.0153678755        0.0041947354
  16  16        0.0619680067       -0.2491957147
  16  15        0.1037439565        0.0489224691
  16  14       -0.2264602851       -0.3094459640
  16  13       -0.1907764927       -0.0083655446
  16  12       -0.2376987080        0.1266153994
  16  11        0.3437402945        0.1563209349
  16  10       -0.1600368655        0.0019178628
  16   9        0.3363659530        0.2937202956
  16   8       -0.2181615749       -0.2520036466
  16   7       -0.0551718916       -0.2079875860
  16   6        0.1497902838        0.1565228548
  16   5        0.1836602165       -0.0122605893
  16   4       -0.0869909331       -0.1221590420
  16   3       -0.0748477973        0.2672379136
  16   2        0.2693102832       -0.2833897990
  16   1       -0.1397413405        0.0790192440
  16   0       -0.0727406218        0.0000000000
  16  -1        0.1397413405        0.0790192440
  16  -2        0.2693102832        0.2833897990
  16  -3        0.0748477973        0.2672379136
  16  -4       -0.0869909331        0.1221590420
  16  -5       -0.1836602165       -0.0122605893
  16  -6        0.1497902838       -0.1565228548
  16  -7        0.0551718916       -0.2079875860
  16  -8       -0.2181615749        0.2520036466
  16  -9       -0.3363659530        0.2937202956
  16 -10       -0.1600368655       -0.0019178628
  16 -11       -0.3437402945        0.1563209349
  16 -12       -0.2376987080       -0.1266153994
  16 -13        0.1907764927       -0.0083655446
  16 -14       -0.2264602851        0.3094459640
  16 -15       -0.1037439565        0.0489224691
  16 -16        0.0619680067        0.2491957147
  17  17       -0.3418387096       -0.1600097438
  17  16       -0.0326738733        0.0199454965
  17  15       -0.4143003721       -0.2133586976
  17  14        0.1092830613       -0.1405062525
  17  13        0.0789919934       -0.0797897297
  17  12       -0.2308548573       -0.1428821426
  17  11       -0.3421613745       -0.0331279948
  17  10       -0.1718181963       -0.2650282104
  17   9        0.0287486065        0.0786262684
  17   8       -0.0096303792        0.0979817687
  17   7       -0.2274305183       -0.0333208630
  17   6        0.0021461349        0.0393710898
  17   5        0.3694949537       -0.1876872001
  17   4        0.2553603363       -0.1406618654
  17   3        0.2303299562        0.3876990296
  17   2        0.1403687520        0.0751245911
  17   1       -0.3537300089       -0.2397330403
  17   0       -0.1954316335        0.0000000000
  17  -1        0.3537300089       -0.2397330403
  17  -2        0.1403687520       -0.0751245911
  17  -3       -0.2303299562        0.3876990296
  17  -4        0.2553603363        0.1406618654
  17  -5       -0.3694949537       -0.1876872001
  17  -6        0.0021461349       -0.0393710898
  17  -7        0.2274305183       -0.0333208630
  17  -8       -0.0096303792       -0.0979817687
  17  -9       -0.0287486065        0.0786262684
  17 -10       -0.1718181963        0.2650282104
  17 -11        0.3421613745       -0.0331279948
  17 -12       -0.2308548573        0.1428821426
  17 -13       -0.0789919934       -0.0797897297
  17 -14        0.1092830613        0.1405062525
  17 -15        0.4143003721       -0.2133586976
  17 -16       -0.0326738733       -0.0199454965
  17 -17        0.3418387096       -0.1600097438
  18  18        0.2346126684        0.0576660556
  18  17       -0.1828881872       -0.0713897437
  18  16       -0.2286038070       -0.1190584756
  18  15        0.1406226779        0.1008741298
  18  14       -0.0047573707       -0.0329844682
  18  13        0.1371125303        0.1727478438
  18  12       -0.2016398434       -0.2346248411
  18  11        0.1879176325       -0.1749766687
  18  10        0.0068132233       -0.1616530804
  18   9       -0.0617642163        0.2006734639
  18   8       -0.0198381368        0.3847162220
  18   7       -0.2718162025        0.1403092838
  18   6       -0.3699976201       -0.3424512985
  18   5        0.1343239407        0.1538632804
  18   4        0.1488255494       -0.0690223736
  18   3        0.1938301012        0.2217951234
  18   2        0.3922266860        0.2498008663
  18   1       -0.0670985388       -0.1128705193
  18   0        0.0118490585        0.0000000000
  18  -1        0.0670985388       -0.1128705193
  18  -2        0.3922266860       -0.2498008663
  18  -3       -0.1938301012        0.2217951234
  18  -4        0.1488255494        0.0690223736
  18  -5       -0.1343239407        0.1538632804
  18  -6       -0.3699976201        0.3424512985
  18  -7        0.2718162025        0.1403092838
  18  -8       -0.0198381368       -0.3847162220
  18  -9        0.0617642163        0.2006734639
  18 -10        0.0068132233        0.1616530804
  18 -11       -0.1879176325       -0.1749766687
  18 -12       -0.2016398434        0.2346248411
  18 -13       -0.1371125303        0.1727478438
  18 -14       -0.0047573707        0.0329844682
  18 -15       -0.1406226779        0.1008741298
  18 -16       -0.2286038070        0.1190584756
  18 -17        0.1828881872       -0.0713897437
  18 -18        0.2346126684       -0.0576660556
  19  19       -0.2501579029        0.3008674026
  19  18       -0.0986717740        0.0024188864
  19  17        0.1920398450       -0.1598944423
  19  16        0.2166644428        0.3362609961
  19  15        0.3061888289        0.2719122226
  19  14       -0.2371714314       -0.0255939434
  19  13        0.0145663711        0.2009822763
  19  12        0.0865984659        0.0726041776
  19  11       -0.1681916183        0.2794984306
  19  10       -0.0253749231       -0.1340434470
  19   9        0.2521247130        0.0586680596
  19   8        0.2059968263       -0.3720766880
  19   7        0.1605344692       -0.2198879301
  19   6        0.3477769623        0.1691005074
  19   5        0.2237780249       -0.2383023835
  19   4       -0.0349290406       -0.0860045215
  19   3       -0.1624000741       -0.0907063122
  19   2       -0.0375813064        0.1856061789
  19   1        0.1837293876       -0.0310621910
  19   0        0.1729964606        0.0000000000
  19  -1       -0.1837293876       -0.0310621910
  19  -2       -0.0375813064       -0.1856061789
  19  -3        0.1624000741       -0.0907063122
  19  -4       -0.0349290406        0.0860045215
  19  -5       -0.2237780249       -0.2383023835
  19  -6        0.3477769623       -0.1691005074
  19  -7       -0.1605344692       -0.2198879301
  19  -8        0.2059968263        0.3720766880
  19  -9       -0.2521247130        0.0586680596
  19 -10       -0.0253749231        0.1340434470
  19 -11        0.1681916183        0.2794984306
  19 -12        0.0865984659       -0.0726041776
  19 -13       -0.0145663711        0.2009822763
  19 -14       -0.2371714314        0.0255939434
  19 -15       -0.3061888289        0.2719122226
  19 -16        0.2166644428       -0.3362609961
  19 -17       -0.1920398450       -0.1598944423
  19 -18       -0.0986717740       -0.0024188864
  19 -19        0.2501579029        0.3008674026
  20  20       -0.1199269924        0.1579103599
  20  19        0.1705454206       -0.0888432655
  20  18       -0.1086702484        0.5293111403
  20  17        0.0245725335        0.2463434411
  20  16       -0.2759465892        0.3295507119
  20  15        0.0503913531       -0.0184230230
  20  14       -0.1637182196       -0.1764904006
  20  13        0.0582377665        0.0260046843
  20  12       -0.1827929823        0.1178225812
  20  11       -0.1238002256        0.0469490659
  20  10        0.0918359417        0.1586978567
  20   9        0.1373185835        0.0652648349
  20   8        0.1075499904       -0.2616357841
  20   7       -0.2556009068        0.1649080380
  20   6       -0.0411636397        0.0852190406
  20   5        0.0898414788       -0.1331764179
  20   4       -0.2852434863        0.0536456110
  20   3       -0.0705707145        0.4103198367
  20   2       -0.0154853321        0.0062279866
  20   1        0.0045759200       -0.2751157316
  20   0        0.3610300038        0.0000000000
  20  -1       -0.0045759200       -0.2751157316
  20  -2       -0.0154853321       -0.0062279866
  20  -3        0.0705707145        0.4103198367
  20  -4       -0.2852434863       -0.0536456110
  20  -5       -0.0898414788       -0.1331764179
  20  -6       -0.0411636397       -0.0852190406
  20  -7        0.2556009068        0.1649080380
  20  -8        0.1075499904        0.2616357841
  20  -9       -0.1373185835        0.0652648349
  20 -10        0.0918359417       -0.1586978567
  20 -11        0.1238002256        0.0469490659
  20 -12       -0.1827929823       -0.1178225812
  20 -13       -0.0582377665        0.0260046843
  20 -14       -0.1637182196        0.1764904006
  20 -15       -0.0503913531       -0.0184230230
  20 -16       -0.2759465892       -0.3295507119
  20 -17       -0.0245725335        0.2463434411
  20 -18       -0.1086702484       -0.5293111403
  20 -19       -0.1705454206       -0.0888432655
  20 -20       -0.1199269924       -0.1579103599
  21  21        0.1571382275       -0.1779437135
  21  20        0.2607176135       -0.0892470084
  21  19       -0.3930688409        0.2566147994
  21  18        0.0503808315       -0.1678760716
  21  17       -0.1421680367        0.0218547834
  21  16        0.1121601751        0.0479914749
  21  15        0.1148261754       -0.1792120146
  21  14        0.0028894904        0.1417618893
  21  13        0.1967257090        0.0039319710
  21  12       -0.1286854770        0.0326959827
  21  11       -0.0167486033        0.0577114160
  21  10        0.0091705429       -0.1444156043
  21   9        0.0645306294        0.2438009171
  21   8       -0.1429309526       -0.0497165363
  21   7       -0.2342460203       -0.1369618540
  21   6       -0.0117209530       -0.1178755054
  21   5        0.0794883951       -0.1448370040
  21   4       -0.1979246382        0.0485891878
  21   3        0.0214073547        0.0258958627
  21   2       -0.0923564167       -0.2437142491
  21   1       -0.2484877678       -0.0790609413
  21   0        0.3010990195        0.0000000000
  21  -1        0.2484877678       -0.0790609413
  21  -2       -0.0923564167        0.2437142491
  21  -3       -0.0214073547        0.0258958627
  21  -4       -0.1979246382       -0.0485891878
  21  -5       -0.0794883951       -0.1448370040
  21  -6       -0.0117209530        0.1178755054
  21  -7        0.2342460203       -0.1369618540
  21  -8       -0.1429309526        0.0497165363
  21  -9       -0.0645306294        0.2438009171
  21 -10        0.0091705429        0.1444156043
  21 -11        0.0167486033        0.0577114160
  21 -12       -0.1286854770       -0.0326959827
  21 -13       -0.1967257090        0.0039319710
  21 -14        0.0028894904       -0.1417618893
  21 -15       -0.1148261754       -0.1792120146
  21 -16        0.1121601751       -0.0479914749
  21 -17        0.1421680367        0.0218547834
  21 -18        0.0503808315        0.1678760716
  21 -19        0.3930688409        0.2566147994
  21 -20        0.2607176135        0.0892470084
  21 -21       -0.1571382275       -0.1779437135
  22  22       -0.1434134019       -0.1457560863
  22  21        0.2699631283        0.0965366523
  22  20       -0.3819647586        0.0802676559
  22  19       -0.0581923058       -0.1153998787
  22  18       -0.0996615318        0.0832239301
  22  17        0.1293211366        0.0038416304
  22  16        0.1507139585        0.0509148412
  22  15       -0.1944458705       -0.0418834277
  22  14       -0.1155624416        0.1035597662
  22  13       -0.0715606704        0.0074836320
  22  12       -0.0040140190        0.0138014318
  22  11       -0.0286811205        0.0586220061
  22  10       -0.0821209717        0.0012604947
  22   9        0.1797603129        0.1074368892
  22   8        0.1066511483       -0.0032304525
  22   7        0.0805684511        0.0112268525
  22   6        0.2300698245        0.0867521345
  22   5        0.1691638580        0.2046721257
  22   4        0.1212202068        0.0394611006
  22   3        0.0307576389        0.1494564625
  22   2        0.0547149108       -0.0545019761
  22   1       -0.0262147505        0.1572524836
  22   0       -0.0352699446        0.0000000000
  22  -1        0.0262147505        0.1572524836
  22  -2        0.0547149108        0.0545019761
  22  -3       -0.0307576389        0.1494564625
  22  -4        0.1212202068       -0.0394611006
  22  -5       -0.1691638580        0.2046721257
  22  -6        0.2300698245       -0.0867521345
  22  -7       -0.0805684511        0.0112268525
  22  -8        0.1066511483        0.0032304525
  22  -9       -0.1797603129        0.1074368892
  22 -10       -0.0821209717       -0.0012604947
  22 -11        0.0286811205        0.0586220061
  22 -12       -0.0040140190       -0.0138014318
  22 -13        0.0715606704        0.0074836320
  22 -14       -0.1155624416       -0.1035597662
  22 -15        0.1944458705       -0.0418834277
  22 -16        0.1507139585       -0.0509148412
  22 -17       -0.1293211366        0.0038416304
  22 -18       -0.0996615318       -0.0832239301
  22 -19        0.0581923058       -0.1153998787
  22 -20       -0.3819647586       -0.0802676559
  22 -21       -0.2699631283        0.0965366523
  22 -22       -0.1434134019        0.1457560863
  23  23       -0.0489020863        0.0422000502
  23  22       -0.0638662893        0.0513621920
  23  21        0.4214778899       -0.3214701854
  23  20       -0.0768673393       -0.0066674560
  23  19        0.2388080015        0.0177519437
  23  18        0.0647987609       -0.0417987828
  23  17        0.0387318928       -0.1151616642
  23  16       -0.0607229139        0.1417510427
  23  15       -0.2620667199       -0.0462344885
  23  14        0.0107025674       -0.3900708971
  23  13       -0.0092614479       -0.2245188275
  23  12        0.0035513825       -0.2161390697
  23  11        0.0024885075       -0.0839368113
  23  10        0.0654125004        0.1099668522
  23   9       -0.0955927919       -0.0354975571
  23   8       -0.2036170740       -0.1638913024
  23   7       -0.0825904883        0.1059435853
  23   6        0.0301433982        0.0001080578
  23   5        0.0582234426       -0.0834923066
  23   4        0.0337221610        0.1620880247
  23   3       -0.0556654435        0.2103507536
  23   2       -0.0254735190       -0.0505728965
  23   1        0.0099147979        0.0192329002
  23   0        0.1816960603        0.0000000000
  23  -1       -0.0099147979        0.0192329002
  23  -2       -0.0254735190        0.0505728965
  23  -3        0.0556654435        0.2103507536
  23  -4        0.0337221610       -0.1620880247
  23  -5       -0.0582234426       -0.0834923066
  23  -6        0.0301433982       -0.0001080578
  23  -7        0.0825904883        0.1059435853
  23  -8       -0.2036170740        0.1638913024
  23  -9        0.0955927919       -0.0354975571
  23 -10        0.0654125004       -0.1099668522
  23 -11       -0.0024885075       -0.0839368113
  23 -12        0.0035513825        0.2161390697
  23 -13        0.0092614479       -0.2245188275
  23 -14        0.0107025674        0.3900708971
  23 -15        0.2620667199       -0.0462344885
  23 -16       -0.0607229139       -0.1417510427
  23 -17       -0.0387318928       -0.1151616642
  23 -18        0.0647987609        0.0417987828
  23 -19       -0.2388080015        0.0177519437
  23 -20       -0.0768673393        0.0066674560
  23 -21       -0.4214778899       -0.3214701854
  23 -22       -0.0638662893       -0.0513621920
  23 -23        0.0489020863        0.0422000502
  24  24        0.0999956391       -0.1811071343
  24  23       -0.0925218476       -0.0333102370
  24  22        0.0941014455        0.2029298702
  24  21       -0.0900714220       -0.1584352030
  24  20        0.0514372760        0.0457135601
  24  19        0.0338468982       -0.1407332150
  24  18        0.0524126056        0.0960800939
  24  17       -0.1420349149       -0.0248824322
  24  16       -0.0110715787        0.0858470911
  24  15        0.0404896070        0.1262590010
  24  14        0.0819775987        0.1142137194
  24  13        0.1066584360        0.0772449622
  24  12       -0.1765912588       -0.0012302827
  24  11        0.0837523232        0.0235377946
  24  10       -0.0761284841        0.1558131259
  24   9       -0.1506127514       -0.0503464343
  24   8        0.1314977573       -0.0871577676
  24   7        0.0982818775       -0.0053474455
  24   6        0.0189509933        0.0241452041
  24   5       -0.0024852522       -0.1041993067
  24   4       -0.1205228255        0.0635516694
  24   3       -0.1683490928       -0.0429983528
  24   2       -0.0645851997       -0.0726868704
  24   1       -0.0676460257        0.1806871861
  24   0        0.1961230776        0.0000000000
  24  -1        0.0676460257        0.1806871861
  24  -2       -0.0645851997        0.0726868704
  24  -3        0.1683490928       -0.0429983528
  24  -4       -0.1205228255       -0.0635516694
  24  -5        0.0024852522       -0.1041993067
  24  -6        0.0189509933       -0.0241452041
  24  -7       -0.0982818775       -0.0053474455
  24  -8        0.1314977573        0.0871577676
  24  -9        0.1506127514       -0.0503464343
  24 -10       -0.0761284841       -0.1558131259
  24 -11       -0.0837523232        0.0235377946
  24 -12       -0.1765912588        0.0012302827
  24 -13       -0.1066584360        0.0772449622
  24 -14        0.0819775987       -0.1142137194
  24 -15       -0.0404896070        0.1262590010
  24 -16       -0.0110715787       -0.0858470911
  24 -17        0.1420349149       -0.0248824322
  24 -18        0.0524126056       -0.0960800939
  24 -19       -0.0338468982       -0.1407332150
  24 -20        0.0514372760       -0.0457135601
  24 -21        0.0900714220       -0.1584352030
  24 -22        0.0941014455       -0.2029298702
  24 -23        0.0925218476       -0.0333102370
  24 -24        0.0999956391        0.1811071343
  25  25        0.1564467159        0.2322379132
  25  24       -0.1158800041        0.0641600878
  25  23       -0.1498462237        0.1765191031
  25  22       -0.2228608087        0.0080445332
  25  21        0.0145393395       -0.2547796356
  25  20       -0.1901950129       -0.0465268995
  25  19       -0.0821923996        0.1037195677
  25  18        0.0434023781       -0.1214124666
  25  17       -0.0034010745       -0.2995873761
  25  16        0.0618979769       -0.0464014965
  25  15       -0.0288198935        0.1245696847
  25  14       -0.0394153189       -0.0679266363
  25  13       -0.0160157281       -0.0731813485
  25  12       -0.1360881571       -0.0073488744
  25  11       -0.0018672264        0.0155579136
  25  10       -0.0624299965       -0.0411453511
  25   9        0.0164528899        0.0312444523
  25   8       -0.0767520970        0.1719908035
  25   7       -0.1088321602        0.1082832640
  25   6        0.0268839732        0.0433312310
  25   5       -0.0244876479        0.0439467278
  25   4        0.0634204836        0.1001768996
  25   3       -0.1546931809       -0.0343029030
  25   2        0.0965824707       -0.0519428809
  25   1        0.0982406375        0.0071855395
  25   0        0.3104136653        0.0000000000
  25  -1       -0.0982406375        0.0071855395
  25  -2        0.0965824707        0.0519428809
  25  -3        0.1546931809       -0.0343029030
  25  -4        0.0634204836       -0.1001768996
  25  -5        0.0244876479        0.0439467278
  25  -6        0.0268839732       -0.0433312310
  25  -7        0.1088321602        0.1082832640
  25  -8       -0.0767520970       -0.1719908035
  25  -9       -0.0164528899        0.0312444523
  25 -10       -0.0624299965        0.0411453511
  25 -11        0.0018672264        0.0155579136
  25 -12       -0.1360881571        0.0073488744
  25 -13        0.0160157281       -0.0731813485
  25 -14       -0.0394153189        0.0679266363
  25 -15        0.0288198935        0.1245696847
  25 -16        0.0618979769        0.0464014965
  25 -17        0.0034010745       -0.2995873761
  25 -18        0.0434023781        0.1214124666
  25 -19        0.0821923996        0.1037195677
  25 -20       -0.1901950129        0.0465268995
  25 -21       -0.0145393395       -0.2547796356
  25 -22       -0.2228608087       -0.0080445332
  25 -23        0.1498462237        0.1765191031
  25 -24       -0.1158800041       -0.0641600878
  25 -25       -0.1564467159        0.2322379132
  26  26        0.0536189945       -0.0805790579
  26  25        0.1014578561        0.0116667009
  26  24       -0.0449055509       -0.0648978647
  26  23       -0.0394458578       -0.0578766943
  26  22       -0.0449636968       -0.0817580933
  26  21        0.0241519138       -0.2623473462
  26  20       -0.0135577903       -0.1315256649
  26  19        0.0155462752       -0.0172290594
  26  18        0.1397015350       -0.0042107063
  26  17       -0.0519417424       -0.0459185843
  26  16       -0.1631976099       -0.1967576511
  26  15        0.0462037121        0.0968615912
  26  14       -0.1879108164       -0.1524224456
  26  13        0.1894734828        0.1041780946
  26  12       -0.0379345732       -0.0942999832
  26  11       -0.1451657791        0.1240156253
  26  10       -0.0142220393       -0.0083594924
  26   9        0.1286572751       -0.0950617143
  26   8       -0.0421799548       -0.0518915574
  26   7        0.0329273781        0.0526052200
  26   6        0.0370141971       -0.0572386107
  26   5       -0.2368655556       -0.0260144311
  26   4       -0.0946147502        0.0711156994
  26   3        0.0540171234       -0.2513405733
  26   2        0.0312864447        0.0894782354
  26   1        0.0586387339        0.0096022823
  26   0        0.1110463686        0.0000000000
  26  -1       -0.0586387339        0.0096022823
  26  -2        0.0312864447       -0.0894782354
  26  -3       -0.0540171234       -0.2513405733
  26  -4       -0.0946147502       -0.0711156994
  26  -5        0.2368655556       -0.0260144311
  26  -6        0.0370141971        0.0572386107
  26  -7       -0.0329273781        0.0526052200
  26  -8       -0.0421799548        0.0518915574
  26  -9       -0.1286572751       -0.0950617143
  26 -10       -0.0142220393        0.0083594924
  26 -11        0.1451657791        0.1240156253
  26 -12       -0.0379345732        0.0942999832
  26 -13       -0.1894734828        0.1041780946
  26 -14       -0.1879108164        0.1524224456
  26 -15       -0.0462037121        0.0968615912
  26 -16       -0.1631976099        0.1967576511
  26 -17        0.0519417424       -0.0459185843
  26 -18        0.1397015350        0.0042107063
  26 -19       -0.0155462752       -0.0172290594
  26 -20       -0.0135577903        0.1315256649
  26 -21       -0.0241519138       -0.2623473462
  26 -22       -0.0449636968        0.0817580933
  26 -23        0.0394458578       -0.0578766943
  26 -24       -0.0449055509        0.0648978647
  26 -25       -0.1014578561        0.0116667009
  26 -26        0.0536189945        0.0805790579
  27  27        0.2034977347        0.0624531035
  27  26       -0.0997354459        0.0494362443
  27  25       -0.0694119999        0.0960872418
  27  24        0.1266376001       -0.0471816782
  27  23       -0.1129893874       -0.1178955591
  27  22       -0.0275950297        0.0433262013
  27  21       -0.2060838008       -0.1476917495
  27  20        0.2207569217        0.2016896031
  27  19        0.0318507143        0.2801542870
  27  18       -0.0010253685        0.0274089170
  27  17       -0.0188657672       -0.0187323232
  27  16       -0.1870925763       -0.0937014737
  27  15       -0.0736119028        0.0148958513
  27  14       -0.0346750764        0.0787248042
  27  13       -0.1174650942       -0.0209778837
  27  12       -0.1489283232       -0.0065147228
  27  11        0.0589635132        0.0188454951
  27  10        0.0252612321        0.0539039188
  27   9       -0.0772793143       -0.0368982707
  27   8       -0.0674378146       -0.0792946276
  27   7        0.0765069472        0.1313209159
  27   6        0.0311403625        0.0073090968
  27   5       -0.1192606585        0.0672388115
  27   4        0.1280018609        0.1123035461
  27   3        0.1711675479       -0.1519028294
  27   2       -0.1210801544       -0.1742601220
  27   1       -0.1199694854       -0.0687208700
  27   0       -0.1685766977        0.0000000000
  27  -1        0.1199694854       -0.0687208700
  27  -2       -0.1210801544        0.1742601220
  27  -3       -0.1711675479       -0.1519028294
  27  -4        0.1280018609       -0.1123035461
  27  -5        0.1192606585        0.0672388115
  27  -6        0.0311403625       -0.0073090968
  27  -7       -0.0765069472        0.1313209159
  27  -8       -0.0674378146        0.0792946276
  27  -9        0.0772793143       -0.0368982707
  27 -10        0.0252612321       -0.0539039188
  27 -11       -0.0589635132        0.0188454951
  27 -12       -0.1489283232        0.0065147228
  27 -13        0.1174650942       -0.0209778837
  27 -14       -0.0346750764       -0.0787248042
  27 -15        0.0736119028        0.0148958513
  27 -16       -0.1870925763        0.0937014737
  27 -17        0.0188657672       -0.0187323232
  27 -18       -0.0010253685       -0.0274089170
  27 -19       -0.0318507143        0.2801542870
  27 -20        0.2207569217       -0.2016896031
  27 -21        0.2060838008       -0.1476917495
  27 -22       -0.0275950297       -0.0433262013
  27 -23        0.1129893874       -0.1178955591
  27 -24        0.1266376001        0.0471816782
  27 -25        0.0694119999        0.0960872418
  27 -26       -0.0997354459       -0.0494362443
  27 -27       -0.2034977347        0.0624531035
  28  28       -0.2125191094        0.0786588358
  28  27       -0.0155449375        0.1371374509
  28  26        0.0329180625        0.2156495892
  28  25        0.0207305930       -0.0166340218
  28  24        0.1006333127       -0.0300574123
  28  23        0.1224414803        0.0303023774
  28  22       -0.0343523306        0.3308610438
  28  21        0.1289561062        0.0961447501
  28  20       -0.1030469760        0.0605937883
  28  19       -0.0145941189       -0.0803575174
  28  18       -0.1592467146       -0.1215622924
  28  17        0.0573278454       -0.0307572952
  28  16       -0.0026877620       -0.0801859172
  28  15        0.1390714788       -0.0579642727
  28  14       -0.0561663626        0.1191648819
  28  13        0.0549449810        0.1269461913
  28  12        0.1970540739        0.0958004732
  28  11       -0.0649926127        0.0860557350
  28  10        0.1618092886       -0.0621943829
  28   9       -0.0062757955       -0.0486249348
  28   8       -0.0171291112       -0.0726723782
  28   7       -0.0909645031        0.1395756248
  28   6        0.1428395102       -0.0512524167
  28   5       -0.0168601995        0.1028318827
  28   4       -0.0196698458       -0.0486619113
  28   3        0.0666402635       -0.0803246978
  28   2        0.0774267993       -0.0487581724
  28   1        0.1622831804       -0.0298672307
  28   0        0.2152006835        0.0000000000
  28  -1       -0.1622831804       -0.0298672307
  28  -2        0.0774267993        0.0487581724
  28  -3       -0.0666402635       -0.0803246978
  28  -4       -0.0196698458        0.0486619113
  28  -5        0.0168601995        0.1028318827
  28  -6        0.1428395102        0.0512524167
  28  -7        0.0909645031        0.1395756248
  28  -8       -0.0171291112        0.0726723782
  28  -9        0.0062757955       -0.0486249348
  28 -10        0.1618092886        0.0621943829
  28 -11        0.0649926127        0.0860557350
  28 -12        0.1970540739       -0.0958004732
  28 -13       -0.0549449810        0.1269461913
  28 -14       -0.0561663626       -0.1191648819
  28 -15       -0.1390714788       -0.0579642727
  28 -16       -0.0026877620        0.0801859172
  28 -17       -0.0573278454       -0.0307572952
  28 -18       -0.1592467146        0.1215622924
  28 -19        0.0145941189       -0.0803575174
  28 -20       -0.1030469760       -0.0605937883
  28 -21       -0.1289561062        0.0961447501
  28 -22       -0.0343523306       -0.3308610438
  28 -23       -0.1224414803        0.0303023774
  28 -24        0.1006333127        0.0300574123
  28 -25       -0.0207305930       -0.0166340218
  28 -26        0.0329180625       -0.2156495892
  28 -27        0.0155449375        0.1371374509
  28 -28       -0.2125191094       -0.0786588358
  29  29        0.1541515638        0.0877519387
  29  28        0.0062992294       -0.2192034121
  29  27       -0.2014209725       -0.0064569570
  29  26       -0.1791433429       -0.2230820347
  29  25       -0.0344179636       -0.2869122429
  29  24        0.0810210869        0.0510398896
  29  23       -0.1684697399       -0.0412115885
  29  22       -0.0393684995        0.0354319174
  29  21        0.0642306828        0.0490518662
  29  20       -0.1033246803       -0.0390264108
  29  19        0.0707275860        0.0550780190
  29  18        0.0353733525       -0.0483320726
  29  17        0.1291573048       -0.1188983173
  29  16        0.0309634073       -0.0448855725
  29  15        0.0194381904        0.1336957292
  29  14       -0.1600925306        0.0693595164
  29  13        0.0534326796       -0.0254174179
  29  12       -0.0789391675        0.0857476857
  29  11       -0.2999486589       -0.0060141363
  29  10       -0.0506836113       -0.0243004576
  29   9        0.0506013396       -0.3131161267
  29   8        0.0687453925       -0.0236724070
  29   7        0.0594334952        0.0755266244
  29   6       -0.1063822348       -0.0092514514
  29   5        0.0102536154       -0.1332677991
  29   4       -0.1149252542        0.0278229966
  29   3       -0.0997785195       -0.2283771884
  29   2        0.0761006888        0.1273040355
  29   1        0.0281033848        0.0278375575
  29   0       -0.0020636876        0.0000000000
  29  -1       -0.0281033848        0.0278375575
  29  -2        0.0761006888       -0.1273040355
  29  -3        0.0997785195       -0.2283771884
  29  -4       -0.1149252542       -0.0278229966
  29  -5       -0.0102536154       -0.1332677991
  29  -6       -0.1063822348        0.0092514514
  29  -7       -0.0594334952        0.0755266244
  29  -8        0.0687453925        0.0236724070
  29  -9       -0.0506013396       -0.3131161267
  29 -10       -0.0506836113        0.0243004576
  29 -11        0.2999486589       -0.0060141363
  29 -12       -0.0789391675       -0.0857476857
  29 -13       -0.0534326796       -0.0254174179
  29 -14       -0.1600925306       -0.0693595164
  29 -15       -0.0194381904        0.1336957292
  29 -16        0.0309634073        0.0448855725
  29 -17       -0.1291573048       -0.1188983173
  29 -18        0.0353733525        0.0483320726
  29 -19       -0.0707275860        0.0550780190
  29 -20       -0.1033246803        0.0390264108
  29 -21       -0.0642306828        0.0490518662
  29 -22       -0.0393684995       -0.0354319174
  29 -23        0.1684697399       -0.0412115885
  29 -24        0.0810210869       -0.0510398896
  29 -25        0.0344179636       -0.2869122429
  29 -26       -0.1791433429        0.2230820347
  29 -27        0.2014209725       -0.0064569570
  29 -28        0.0062992294        0.2192034121
  29 -29       -0.1541515638        0.0877519387
  30  30        0.2285110238       -0.0927737068
  30  29       -0.1950941175       -0.1634024439
  30  28       -0.0083092419       -0.2219554376
  30  27       -0.1518485636       -0.2663944260
  30  26        0.1608749840       -0.0676034935
  30  25        0.0066600657       -0.0055186183
  30  24        0.0352314285        0.0294552279
  30  23       -0.0748545090       -0.0485193362
  30  22        0.0653838172        0.0317208699
  30  21       -0.0768713497       -0.0035220240
  30  20        0.0900176169       -0.2300311120
  30  19       -0.0068444987       -0.1021737880
  30  18        0.1350626805       -0.1065421234
  30  17        0.0462131271        0.0127365613
  30  16       -0.0665242859        0.1597274512
  30  15        0.0479380328       -0.0845573464
  30  14        0.0207000263       -0.0919002111
  30  13        0.0368475944        0.0034943626
  30  12       -0.1192536435       -0.0256644283
  30  11        0.0252476332        0.0182151240
  30  10        0.0634459151        0.0769081235
  30   9       -0.0650073316       -0.0085606875
  30   8        0.0675169178       -0.1185718255
  30   7       -0.0068958967        0.0376900643
  30   6       -0.0099664854        0.0320649579
  30   5       -0.0783821269        0.0006916828
  30   4        0.0526626845       -0.0617302357
  30   3       -0.1841355748        0.0444745278
  30   2       -0.1420170397        0.0053777174
  30   1       -0.0918073150        0.0145755870
  30   0       -0.0494118424        0.0000000000
  30  -1        0.0918073150        0.0145755870
  30  -2       -0.1420170397       -0.0053777174
  30  -3        0.1841355748        0.0444745278
  30  -4        0.0526626845        0.0617302357
  30  -5        0.0783821269        0.0006916828
  30  -6       -0.0099664854       -0.0320649579
  30  -7        0.0068958967        0.0376900643
  30  -8        0.0675169178        0.1185718255
  30  -9        0.0650073316       -0.0085606875
  30 -10        0.0634459151       -0.0769081235
  30 -11       -0.0252476332        0.0182151240
  30 -12       -0.1192536435        0.0256644283
  30 -13       -0.0368475944        0.0034943626
  30 -14        0.0207000263        0.0919002111
  30 -15       -0.0479380328       -0.0845573464
  30 -16       -0.0665242859       -0.1597274512
  30 -17       -0.0462131271        0.0127365613
  30 -18        0.1350626805        0.1065421234
  30 -19        0.0068444987       -0.1021737880
  30 -20        0.0900176169        0.2300311120
  30 -21        0.0768713497       -0.0035220240
  30 -22        0.0653838172       -0.0317208699
  30 -23        0.0748545090       -0.0485193362
  30 -24        0.0352314285       -0.0294552279
  30 -25       -0.0066600657       -0.0055186183
  30 -26        0.1608749840        0.0676034935
  30 -27        0.1518485636       -0.2663944260
  30 -28       -0.0083092419        0.2219554376
  30 -29        0.1950941175       -0.1634024439
  30 -30        0.2285110238        0.0927737068
