   0   0      220.1957491186        0.0000000000
   1   1       -4.5842830779       -2.5866243501
   1   0       -6.7422794730        0.0000000000
   1  -1        4.5842830779       -2.5866243501
   2   2       23.4619424317       12.8322028566
   2   1       -8.7752265009      -20.8725715010
   2   0       12.5900852821        0.0000000000
   2  -1        8.7752265009      -20.8725715010
   2  -2       23.4619424317      -12.8322028566
   3   3        4.1064016620        6.1409364924
   3   2        4.0631757302        4.2672346057
   3   1       -4.6256583350       -4.9998568372
   3   0       -0.5424142617        0.0000000000
   3  -1        4.6256583350       -4.9998568372
   3  -2        4.0631757302       -4.2672346057
   3  -3       -4.1064016620        6.1409364924
   4   4        5.9543334843        4.3161973365
   4   3       -0.4789108895       -5.1147271057
   4   2       -3.4254980422       -1.7754682242
   4   1        2.2032580117       -7.8569602722
   4   0        6.1512371311        0.0000000000
   4  -1       -2.2032580117       -7.8569602722
   4  -2       -3.4254980422        1.7754682242
   4  -3        0.4789108895       -5.1147271057
   4  -4        5.9543334843       -4.3161973365
   5   5        1.2103479160        5.1905925359
   5   4        2.1961992786        0.6406914363
   5   3        2.7126405524       -6.0364056602
   5   2       -0.0741384098        1.2268487140
   5   1        0.7610949370       -0.3818081844
   5   0       -5.4689638457        0.0000000000
   5  -1       -0.7610949370       -0.3818081844
   5  -2       -0.0741384098       -1.2268487140
   5  -3       -2.7126405524       -6.0364056602
   5  -4        2.1961992786       -0.6406914363
   5  -5       -1.2103479160        5.1905925359
   6   6        1.8832450904        2.6497522110
   6   5       -1.0578980115       -0.0795380590
   6   4       -1.5102375066       -2.9293903412
   6   3       -1.6311224520       -0.2751337574
   6   2       -0.4764050006        2.2754571953
   6   1       -0.1683918514       -2.6783252219
   6   0        0.1252483819        0.0000000000
   6  -1        0.1683918514       -2.6783252219
   6  -2       -0.4764050006       -2.2754571953
   6  -3        1.6311224520       -0.2751337574
   6  -4       -1.5102375066        2.9293903412
   6  -5        1.0578980115       -0.0795380590
   6  -6        1.8832450904       -2.6497522110
   7   7       -0.2421254888        2.9760363904
   7   6        0.7927124391       -0.0670370465
   7   5        1.4591087858       -1.1444865385
   7   4       -0.6345530842       -1.3116599845
   7   3        1.8749391130       -0.4337037103
   7   2        0.1155816254       -0.1086847834
   7   1       -1.2789649401        0.6682691894
   7   0       -2.5458881456        0.0000000000
   7  -1        1.2789649401        0.6682691894
   7  -2        0.1155816254        0.1086847834
   7  -3       -1.8749391130       -0.4337037103
   7  -4       -0.6345530842        1.3116599845
   7  -5       -1.4591087858       -1.1444865385
   7  -6        0.7927124391        0.0670370465
   7  -7        0.2421254888        2.9760363904
   8   8       -0.1040892632        1.2709554060
   8   7       -1.2232190009       -0.4167252313
   8   6        0.9024507427       -0.9919541664
   8   5       -0.3225616736       -0.5025695115
   8   4        0.0152561035        1.4688990776
   8   3       -0.6305442728       -0.6723398927
   8   2       -0.3426774377        0.7180016050
   8   1       -0.8804804699       -0.0540117981
   8   0        1.0583461633        0.0000000000
   8  -1        0.8804804699       -0.0540117981
   8  -2       -0.3426774377       -0.7180016050
   8  -3        0.6305442728       -0.6723398927
   8  -4        0.0152561035       -1.4688990776
   8  -5        0.3225616736       -0.5025695115
   8  -6        0.9024507427        0.9919541664
   8  -7        1.2232190009       -0.4167252313
   8  -8       -0.1040892632       -1.2709554060
   9   9       -0.0722837012        1.6089464827
   9   8        0.2385489340        0.4386466885
   9   7        0.7143306891       -1.8113055448
   9   6        0.9347978246       -0.3981330563
   9   5       -1.0709038033        0.6103697565
   9   4       -0.4771972813       -0.7437060803
   9   3        0.5310761505       -0.7841295703
   9   2        0.4004993254       -0.7482807173
   9   1        0.4207193433        1.4255901603
   9   0       -1.9856069806        0.0000000000
   9  -1       -0.4207193433        1.4255901603
   9  -2        0.4004993254        0.7482807173
   9  -3       -0.5310761505       -0.7841295703
   9  -4       -0.4771972813        0.7437060803
   9  -5        1.0709038033        0.6103697565
   9  -6        0.9347978246        0.3981330563
   9  -7       -0.7143306891       -1.8113055448
   9  -8        0.2385489340       -0.4386466885
   9  -9        0.0722837012        1.6089464827
  10  10       -0.5742138748        0.8954659783
  10   9       -0.4742260859       -0.0983108238
  10   8        1.2837200180        0.2099901795
  10   7        0.2375999086       -0.6959223133
  10   6       -0.2545658349        0.5564112983
  10   5        0.6626437920       -1.2617846378
  10   4       -0.0140127725        0.2040830727
  10   3       -0.4509188191        0.0248793120
  10   2        0.7583421620        0.5578476113
  10   1        0.2085140112       -0.4956011531
  10   0        0.7675587331        0.0000000000
  10  -1       -0.2085140112       -0.4956011531
  10  -2        0.7583421620       -0.5578476113
  10  -3        0.4509188191        0.0248793120
  10  -4       -0.0140127725       -0.2040830727
  10  -5       -0.6626437920       -1.2617846378
  10  -6       -0.2545658349       -0.5564112983
  10  -7       -0.2375999086       -0.6959223133
  10  -8        1.2837200180       -0.2099901795
  10  -9        0.4742260859       -0.0983108238
  10 -10       -0.5742138748       -0.8954659783
  11  11       -0.3209042218        0.5073040997
  11  10       -0.3206181952       -0.1410129627
  11   9        0.5573656734       -0.3747270039
  11   8        0.4817630066       -0.0450991099
  11   7       -0.7616308386       -0.2071492283
  11   6        0.2959294343        0.7825536368
  11   5       -0.1562425922       -0.1684910557
  11   4       -0.7853300482       -0.5940891331
  11   3       -0.1685397560       -0.0083499181
  11   2        0.0252133767       -0.7013271786
  11   1       -0.2415668060        0.5922805491
  11   0       -0.4378862563        0.0000000000
  11  -1        0.2415668060        0.5922805491
  11  -2        0.0252133767        0.7013271786
  11  -3        0.1685397560       -0.0083499181
  11  -4       -0.7853300482        0.5940891331
  11  -5        0.1562425922       -0.1684910557
  11  -6        0.2959294343       -0.7825536368
  11  -7        0.7616308386       -0.2071492283
  11  -8        0.4817630066        0.0450991099
  11  -9       -0.5573656734       -0.3747270039
  11 -10       -0.3206181952        0.1410129627
  11 -11        0.3209042218        0.5073040997
  12  12       -0.3208325923        0.1802484369
  12  11       -0.4941738971       -0.0746392947
  12  10        0.7773347579        0.1187104780
  12   9        0.4661942261       -0.5844450123
  12   8       -0.0289617359        0.4832406462
  12   7        0.0970124470       -0.3114644313
  12   6        0.5729567434       -0.5600502989
  12   5       -0.4246323302       -0.4365722188
  12   4        0.1102363643        0.1630218955
  12   3        0.2867019855        0.4387318904
  12   2       -0.9154498919       -0.0319055163
  12   1        0.4875386843       -0.9556380464
  12   0        0.2559442662        0.0000000000
  12  -1       -0.4875386843       -0.9556380464
  12  -2       -0.9154498919        0.0319055163
  12  -3       -0.2867019855        0.4387318904
  12  -4        0.1102363643       -0.1630218955
  12  -5        0.4246323302       -0.4365722188
  12  -6        0.5729567434        0.5600502989
  12  -7       -0.0970124470       -0.3114644313
  12  -8       -0.0289617359       -0.4832406462
  12  -9       -0.4661942261       -0.5844450123
  12 -10        0.7773347579       -0.1187104780
  12 -11        0.4941738971       -0.0746392947
  12 -12       -0.3208325923       -0.1802484369
  13  13       -0.2955511806       -0.2077064463
  13  12       -0.0560415533       -0.2753594127
  13  11        0.3503381288        0.0430158730
  13  10        0.3554025016       -0.0180397381
  13   9       -0.3501650073       -0.5112779786
  13   8       -0.6237619729       -0.2036193023
  13   7        0.6526117214       -0.3237141881
  13   6       -0.1666789489        0.0771903935
  13   5       -0.2393345585        0.9971748606
  13   4       -0.4023846729       -1.0372803128
  13   3        0.0536256794        0.1748996649
  13   2       -0.6643745273       -0.6245830600
  13   1        0.3458755296        0.4805349994
  13   0       -0.5754884792        0.0000000000
  13  -1       -0.3458755296        0.4805349994
  13  -2       -0.6643745273        0.6245830600
  13  -3       -0.0536256794        0.1748996649
  13  -4       -0.4023846729        1.0372803128
  13  -5        0.2393345585        0.9971748606
  13  -6       -0.1666789489       -0.0771903935
  13  -7       -0.6526117214       -0.3237141881
  13  -8       -0.6237619729        0.2036193023
  13  -9        0.3501650073       -0.5112779786
  13 -10        0.3554025016        0.0180397381
  13 -11       -0.3503381288        0.0430158730
  13 -12       -0.0560415533        0.2753594127
  13 -13        0.2955511806       -0.2077064463
  14  14       -0.3218448392       -0.0255048086
  14  13       -0.4276175141       -0.3211275401
  14  12        0.3715835926        0.5246652627
  14  11        0.4308911190        0.5619281478
  14  10       -0.4685584371       -0.2852344977
  14   9        0.4939383382       -0.5912142233
  14   8       -0.0162376055        0.0570990821
  14   7       -0.0331604564       -0.8223090085
  14   6       -0.6626918315       -0.6930448436
  14   5        0.3755840936        0.3316581593
  14   4       -0.4994667611        0.3365374330
  14   3       -0.1285976040        0.2277403114
  14   2       -0.4344553163        0.3183081293
  14   1       -0.5393874617       -0.1504108218
  14   0       -0.1395722399        0.0000000000
  14  -1        0.5393874617       -0.1504108218
  14  -2       -0.4344553163       -0.3183081293
  14  -3        0.1285976040        0.2277403114
  14  -4       -0.4994667611       -0.3365374330
  14  -5       -0.3755840936        0.3316581593
  14  -6       -0.6626918315        0.6930448436
  14  -7        0.0331604564       -0.8223090085
  14  -8       -0.0162376055       -0.0570990821
  14  -9       -0.4939383382       -0.5912142233
  14 -10       -0.4685584371        0.2852344977
  14 -11       -0.4308911190        0.5619281478
  14 -12        0.3715835926       -0.5246652627
  14 -13        0.4276175141       -0.3211275401
  14 -14       -0.3218448392        0.0255048086
  15  15       -0.2216193916        0.2146814233
  15  14       -0.2009077916       -0.1730207238
  15  13       -0.0863422777        0.4383221749
  15  12        0.3286743988        0.0163489033
  15  11       -0.0361023766        0.0600219375
  15  10       -0.4708030889       -0.3728449189
  15   9       -0.1390440417       -0.3578282512
  15   8       -0.0530243828       -0.0059244060
  15   7        0.0472990221       -0.2274990491
  15   6        0.4210152733        0.0835018077
  15   5       -0.0717746675        0.6322310545
  15   4        0.0974166496       -0.6341078627
  15   3       -0.0931938368        0.3538880960
  15   2       -0.2938853741        0.1186204038
  15   1       -0.0354956872        0.9781470420
  15   0       -0.0075500269        0.0000000000
  15  -1        0.0354956872        0.9781470420
  15  -2       -0.2938853741       -0.1186204038
  15  -3        0.0931938368        0.3538880960
  15  -4        0.0974166496        0.6341078627
  15  -5        0.0717746675        0.6322310545
  15  -6        0.4210152733       -0.0835018077
  15  -7       -0.0472990221       -0.2274990491
  15  -8       -0.0530243828        0.0059244060
  15  -9        0.1390440417       -0.3578282512
  15 -10       -0.4708030889        0.3728449189
  15 -11        0.0361023766        0.0600219375
  15 -12        0.3286743988       -0.0163489033
  15 -13        0.0863422777        0.4383221749
  15 -14       -0.2009077916        0.1730207238
  15 -15        0.2216193916        0.2146814233
  16  16       -0.0617106169       -0.3092203246
  16  15        0.0660842212       -0.3464604542
  16  14        0.0052491664       -0.0042289793
  16  13        0.1692900919        0.2754778786
  16  12        0.3074105493       -0.4158473378
  16  11        0.0249348734       -0.4321364850
  16  10        0.0325687337        0.2591096077
  16   9        0.0873353572       -0.0990136323
  16   8        0.0064876615        0.2659635757
  16   7       -0.3664598268        0.2943677680
  16   6       -0.1989418118        0.0844338414
  16   5       -0.0959099643        0.0352407619
  16   4       -0.3613358646       -0.1428275158
  16   3       -0.4939898388       -0.1411445150
  16   2        0.1785703760       -0.1002735913
  16   1       -0.6566730213        0.1551494790
  16   0        0.1796928890        0.0000000000
  16  -1        0.6566730213        0.1551494790
  16  -2        0.1785703760        0.1002735913
  16  -3        0.4939898388       -0.1411445150
  16  -4       -0.3613358646        0.1428275158
  16  -5        0.0959099643        0.0352407619
  16  -6       -0.1989418118       -0.0844338414
  16  -7        0.3664598268        0.2943677680
  16  -8        0.0064876615       -0.2659635757
  16  -9       -0.0873353572       -0.0990136323
  16 -10        0.0325687337       -0.2591096077
  16 -11       -0.0249348734       -0.4321364850
  16 -12        0.3074105493        0.4158473378
  16 -13       -0.1692900919        0.2754778786
  16 -14        0.0052491664        0.0042289793
  16 -15       -0.0660842212       -0.3464604542
  16 -16       -0.0617106169        0.3092203246
  17  17       -0.0773806087       -0.0780768332
  17  16       -0.2753510805       -0.4576506293
  17  15       -0.1252847849        0.3414246031
  17  14       -0.6259739209        0.2718802873
  17  13        0.2403517040        0.0626615017
  17  12        0.4265500153       -0.2448267852
  17  11        0.0993112200        0.1959811106
  17  10        0.1343858865        0.3117568089
  17   9        0.2734994322       -0.2521760274
  17   8        0.1536959668       -0.3246883732
  17   7        0.4896901441        0.2915704769
  17   6        0.2412444049       -0.2526579729
  17   5       -0.2477501326        0.4400277391
  17   4        0.1373652578       -0.2931550746
  17   3        0.1119020999        0.3109909887
  17   2        0.3465598791       -0.1929007662
  17   1       -0.1120025774        0.4880951775
  17   0       -0.4740808767        0.0000000000
  17  -1        0.1120025774        0.4880951775
  17  -2        0.3465598791        0.1929007662
  17  -3       -0.1119020999        0.3109909887
  17  -4        0.1373652578        0.2931550746
  17  -5        0.2477501326        0.4400277391
  17  -6        0.2412444049        0.2526579729
  17  -7       -0.4896901441        0.2915704769
  17  -8        0.1536959668        0.3246883732
  17  -9       -0.2734994322       -0.2521760274
  17 -10        0.1343858865       -0.3117568089
  17 -11       -0.0993112200        0.1959811106
  17 -12        0.4265500153        0.2448267852
  17 -13       -0.2403517040        0.0626615017
  17 -14       -0.6259739209       -0.2718802873
  17 -15        0.1252847849        0.3414246031
  17 -16       -0.2753510805        0.4576506293
  17 -17        0.0773806087       -0.0780768332
  18  18       -0.2390483509       -0.0176250095
  18  17        0.3426223417       -0.0803692974
  18  16        0.0481965247       -0.3972845214
  18  15        0.0021452584        0.4674340049
  18  14        0.1597776882       -0.2884478039
  18  13       -0.1489254573       -0.4879423306
  18  12       -0.1567240191       -0.0617547808
  18  11       -0.3365440790        0.1944000051
  18  10       -0.0855018641        0.0053513697
  18   9       -0.0325210972        0.2037077398
  18   8       -0.0571876637        0.2059326030
  18   7        0.3790388417        0.3057105992
  18   6       -0.1716247583       -0.0375173794
  18   5       -0.0746640195       -0.1106864710
  18   4       -0.5403322684        0.2386682089
  18   3       -0.1009673690        0.2887690633
  18   2        0.2119492199        0.2073679965
  18   1       -0.0629242745       -0.2287904376
  18   0       -0.0697820240        0.0000000000
  18  -1        0.0629242745       -0.2287904376
  18  -2        0.2119492199       -0.2073679965
  18  -3        0.1009673690        0.2887690633
  18  -4       -0.5403322684       -0.2386682089
  18  -5        0.0746640195       -0.1106864710
  18  -6       -0.1716247583        0.0375173794
  18  -7       -0.3790388417        0.3057105992
  18  -8       -0.0571876637       -0.2059326030
  18  -9        0.0325210972        0.2037077398
  18 -10       -0.0855018641       -0.0053513697
  18 -11        0.3365440790        0.1944000051
  18 -12       -0.1567240191        0.0617547808
  18 -13        0.1489254573       -0.4879423306
  18 -14        0.1597776882        0.2884478039
  18 -15       -0.0021452584        0.4674340049
  18 -16        0.0481965247        0.3972845214
  18 -17       -0.3426223417       -0.0803692974
  18 -18       -0.2390483509        0.0176250095
  19  19        0.1917157904       -0.4771903015
  19  18        0.3957386951       -0.0248326805
  19  17       -0.0840591943       -0.0063628998
  19  16       -0.5390071940        0.5410522702
  19  15       -0.3541108707       -0.1585841579
  19  14        0.5267672032       -0.0631323644
  19  13       -0.2349217508       -0.1435669300
  19  12        0.0480722991        0.5879847463
  19  11       -0.0507943148       -0.0482345303
  19  10        0.2478540927        0.0916092967
  19   9       -0.1018647740        0.2051035392
  19   8        0.1215855860       -0.3150466366
  19   7       -0.0316273875        0.3065808029
  19   6       -0.2896250464        0.1107872422
  19   5        0.0411111815        0.1738029850
  19   4        0.0295178159       -0.0578006924
  19   3       -0.3665067069        0.1824891569
  19   2       -0.1053411546        0.0086535521
  19   1        0.2130151740        0.0371020986
  19   0        0.2272294894        0.0000000000
  19  -1       -0.2130151740        0.0371020986
  19  -2       -0.1053411546       -0.0086535521
  19  -3        0.3665067069        0.1824891569
  19  -4        0.0295178159        0.0578006924
  19  -5       -0.0411111815        0.1738029850
  19  -6       -0.2896250464       -0.1107872422
  19  -7        0.0316273875        0.3065808029
  19  -8        0.1215855860        0.3150466366
  19  -9        0.1018647740        0.2051035392
  19 -10        0.2478540927       -0.0916092967
  19 -11        0.0507943148       -0.0482345303
  19 -12        0.0480722991       -0.5879847463
  19 -13        0.2349217508       -0.1435669300
  19 -14        0.5267672032        0.0631323644
  19 -15        0.3541108707       -0.1585841579
  19 -16       -0.5390071940       -0.5410522702
  19 -17        0.0840591943       -0.0063628998
  19 -18        0.3957386951        0.0248326805
  19 -19       -0.1917157904       -0.4771903015
  20  20       -0.0430652360       -0.4463015818
  20  19        0.6542070709       -0.1413881508
  20  18        0.2145159406        0.3158870298
  20  17       -0.2117003345        0.1423988574
  20  16       -0.3263177811        0.1427911160
  20  15       -0.0375374511       -0.2257218345
  20  14       -0.1716173076       -0.0713769995
  20  13       -0.3105207384        0.2049969044
  20  12        0.1869620411       -0.2235588247
  20  11        0.1633640472       -0.2492176468
  20  10       -0.5052862730        0.0895397117
  20   9        0.5190074914        0.1117935787
  20   8       -0.2894287606       -0.0511584400
  20   7       -0.0222677601        0.4283135833
  20   6       -0.4925555202       -0.1420830922
  20   5       -0.2311338804       -0.1450553773
  20   4       -0.4650192249       -0.1196840404
  20   3       -0.3859952364       -0.2268730997
  20   2       -0.0507405553        0.2311187240
  20   1       -0.1046131953       -0.1544770160
  20   0       -0.2025581887        0.0000000000
  20  -1        0.1046131953       -0.1544770160
  20  -2       -0.0507405553       -0.2311187240
  20  -3        0.3859952364       -0.2268730997
  20  -4       -0.4650192249        0.1196840404
  20  -5        0.2311338804       -0.1450553773
  20  -6       -0.4925555202        0.1420830922
  20  -7        0.0222677601        0.4283135833
  20  -8       -0.2894287606        0.0511584400
  20  -9       -0.5190074914        0.1117935787
  20 -10       -0.5052862730       -0.0895397117
  20 -11       -0.1633640472       -0.2492176468
  20 -12        0.1869620411        0.2235588247
  20 -13        0.3105207384        0.2049969044
  20 -14       -0.1716173076        0.0713769995
  20 -15        0.0375374511       -0.2257218345
  20 -16       -0.3263177811       -0.1427911160
  20 -17        0.2117003345        0.1423988574
  20 -18        0.2145159406       -0.3158870298
  20 -19       -0.6542070709       -0.1413881508
  20 -20       -0.0430652360        0.4463015818
  21  21        0.1443417263       -0.8553625753
  21  20        0.1969505219       -0.1189380954
  21  19        0.4286314403        0.1125957378
  21  18        0.1969691122        0.0278952362
  21  17        0.0043224345        0.1495105866
  21  16        0.1637710863        0.1637638728
  21  15       -0.0851346518       -0.5088279417
  21  14       -0.2398869851        0.1008810830
  21  13       -0.2523482540       -0.2186830351
  21  12        0.1455671106        0.0614482003
  21  11        0.0361193315       -0.0881481232
  21  10       -0.0545501328       -0.1044905093
  21   9        0.2823713697       -0.1802634220
  21   8       -0.0472968313       -0.3984501291
  21   7        0.1148105167        0.0241008337
  21   6       -0.0677916447       -0.1211379617
  21   5       -0.2422644783       -0.2691543920
  21   4        0.0978008431       -0.2149867312
  21   3        0.2250699717        0.0711137562
  21   2       -0.2231671887       -0.1648239318
  21   1        0.2885593825       -0.0823853009
  21   0        0.1790765075        0.0000000000
  21  -1       -0.2885593825       -0.0823853009
  21  -2       -0.2231671887        0.1648239318
  21  -3       -0.2250699717        0.0711137562
  21  -4        0.0978008431        0.2149867312
  21  -5        0.2422644783       -0.2691543920
  21  -6       -0.0677916447        0.1211379617
  21  -7       -0.1148105167        0.0241008337
  21  -8       -0.0472968313        0.3984501291
  21  -9       -0.2823713697       -0.1802634220
  21 -10       -0.0545501328        0.1044905093
  21 -11       -0.0361193315       -0.0881481232
  21 -12        0.1455671106       -0.0614482003
  21 -13        0.2523482540       -0.2186830351
  21 -14       -0.2398869851       -0.1008810830
  21 -15        0.0851346518       -0.5088279417
  21 -16        0.1637710863       -0.1637638728
  21 -17       -0.0043224345        0.1495105866
  21 -18        0.1969691122       -0.0278952362
  21 -19       -0.4286314403        0.1125957378
  21 -20        0.1969505219        0.1189380954
  21 -21       -0.1443417263       -0.8553625753
  22  22        0.1046895942       -0.5542855592
  22  21        0.1050143142       -0.1607929386
  22  20        0.1195393193       -0.0408478776
  22  19       -0.4037173929       -0.1849368650
  22  18       -0.0547344739       -0.1251832832
  22  17        0.4192624410       -0.0949306760
  22  16       -0.0889852718        0.1451186059
  22  15        0.0896257253        0.1865924306
  22  14       -0.0917902540        0.3194964608
  22  13       -0.2604360830       -0.3737086637
  22  12       -0.2482564211       -0.1335273303
  22  11        0.0976301532        0.2166585725
  22  10       -0.0459588759       -0.1368136786
  22   9        0.2327941204        0.0017531205
  22   8        0.0147880393        0.3190392936
  22   7       -0.0027116759       -0.2842923875
  22   6       -0.2128090440        0.2532987344
  22   5       -0.2093798019       -0.3686997677
  22   4       -0.0198872451        0.1453968827
  22   3       -0.1642920953       -0.3725669473
  22   2       -0.4451507746        0.6782882691
  22   1       -0.1778004084       -0.2123649329
  22   0        0.3005981180        0.0000000000
  22  -1        0.1778004084       -0.2123649329
  22  -2       -0.4451507746       -0.6782882691
  22  -3        0.1642920953       -0.3725669473
  22  -4       -0.0198872451       -0.1453968827
  22  -5        0.2093798019       -0.3686997677
  22  -6       -0.2128090440       -0.2532987344
  22  -7        0.0027116759       -0.2842923875
  22  -8        0.0147880393       -0.3190392936
  22  -9       -0.2327941204        0.0017531205
  22 -10       -0.0459588759        0.1368136786
  22 -11       -0.0976301532        0.2166585725
  22 -12       -0.2482564211        0.1335273303
  22 -13        0.2604360830       -0.3737086637
  22 -14       -0.0917902540       -0.3194964608
  22 -15       -0.0896257253        0.1865924306
  22 -16       -0.0889852718       -0.1451186059
  22 -17       -0.4192624410       -0.0949306760
  22 -18       -0.0547344739        0.1251832832
  22 -19        0.4037173929       -0.1849368650
  22 -20        0.1195393193        0.0408478776
  22 -21       -0.1050143142       -0.1607929386
  22 -22        0.1046895942        0.5542855592
  23  23       -0.1416941978       -0.5021468634
  23  22       -0.4246105524        0.2826105628
  23  21       -0.1933735121       -0.1201899766
  23  20        0.0599975577        0.0711351577
  23  19       -0.1685905924        0.3665056324
  23  18        0.0967246883        0.1841379451
  23  17        0.1664663772       -0.3839356623
  23  16        0.0970611162       -0.0136588738
  23  15       -0.1874883964       -0.2148495439
  23  14        0.2603237765       -0.2150426677
  23  13       -0.1796183742       -0.0255282690
  23  12       -0.1724963528       -0.0792455677
  23  11        0.5156478718       -0.1580771760
  23  10        0.0010583971       -0.1296730199
  23   9        0.3638088047       -0.1996679632
  23   8        0.0233565152        0.0508316724
  23   7       -0.0858114573        0.0793712060
  23   6       -0.1388660099        0.1144680216
  23   5        0.0598948172        0.0469652279
  23   4       -0.1929635025        0.0630419341
  23   3       -0.0316393807       -0.1346602823
  23   2        0.0499007694       -0.2395984961
  23   1        0.2707848015       -0.1023220028
  23   0       -0.2691920934        0.0000000000
  23  -1       -0.2707848015       -0.1023220028
  23  -2        0.0499007694        0.2395984961
  23  -3        0.0316393807       -0.1346602823
  23  -4       -0.1929635025       -0.0630419341
  23  -5       -0.0598948172        0.0469652279
  23  -6       -0.1388660099       -0.1144680216
  23  -7        0.0858114573        0.0793712060
  23  -8        0.0233565152       -0.0508316724
  23  -9       -0.3638088047       -0.1996679632
  23 -10        0.0010583971        0.1296730199
  23 -11       -0.5156478718       -0.1580771760
  23 -12       -0.1724963528        0.0792455677
  23 -13        0.1796183742       -0.0255282690
  23 -14        0.2603237765        0.2150426677
  23 -15        0.1874883964       -0.2148495439
  23 -16        0.0970611162        0.0136588738
  23 -17       -0.1664663772       -0.3839356623
  23 -18        0.0967246883       -0.1841379451
  23 -19        0.1685905924        0.3665056324
  23 -20        0.0599975577       -0.0711351577
  23 -21        0.1933735121       -0.1201899766
  23 -22       -0.4246105524       -0.2826105628
  23 -23        0.1416941978       -0.5021468634
  24  24       -0.1283159408       -0.6048884934
  24  23       -0.1573347029        0.0628628653
  24  22        0.2757971763       -0.0038255500
  24  21        0.0228787837       -0.0237963237
  24  20        0.2075210721        0.0225432571
  24  19       -0.1505852409        0.0581089568
  24  18       -0.3585162850       -0.3110692681
  24  17        0.0122758127        0.0229155338
  24  16        0.0788703034        0.0835377163
  24  15       -0.2872142984       -0.2307625442
  24  14       -0.1274946571       -0.0894602322
  24  13        0.3428182666       -0.1051286513
  24  12        0.2099506452        0.2062379131
  24  11        0.3492183752        0.1263791961
  24  10       -0.1968973396       -0.0778582808
  24   9       -0.2568842004        0.0748035109
  24   8       -0.0148400035       -0.1303155964
  24   7       -0.0931565849       -0.0659308987
  24   6       -0.0562813214        0.1042013300
  24   5       -0.1992557345       -0.1553475143
  24   4        0.0394367528        0.2534163605
  24   3        0.0182768557       -0.0865952491
  24   2        0.3978395873       -0.0052736575
  24   1       -0.2046906766       -0.2736497625
  24   0        0.2513659065        0.0000000000
  24  -1        0.2046906766       -0.2736497625
  24  -2        0.3978395873        0.0052736575
  24  -3       -0.0182768557       -0.0865952491
  24  -4        0.0394367528       -0.2534163605
  24  -5        0.1992557345       -0.1553475143
  24  -6       -0.0562813214       -0.1042013300
  24  -7        0.0931565849       -0.0659308987
  24  -8       -0.0148400035        0.1303155964
  24  -9        0.2568842004        0.0748035109
  24 -10       -0.1968973396        0.0778582808
  24 -11       -0.3492183752        0.1263791961
  24 -12        0.2099506452       -0.2062379131
  24 -13       -0.3428182666       -0.1051286513
  24 -14       -0.1274946571        0.0894602322
  24 -15        0.2872142984       -0.2307625442
  24 -16        0.0788703034       -0.0835377163
  24 -17       -0.0122758127        0.0229155338
  24 -18       -0.3585162850        0.3110692681
  24 -19        0.1505852409        0.0581089568
  24 -20        0.2075210721       -0.0225432571
  24 -21       -0.0228787837       -0.0237963237
  24 -22        0.2757971763        0.0038255500
  24 -23        0.1573347029        0.0628628653
  24 -24       -0.1283159408        0.6048884934
  25  25        0.1131581951       -0.4317123600
  25  24        0.0935828524        0.4787557545
  25  23       -0.2388879458       -0.0580717042
  25  22       -0.0994544753       -0.2061239741
  25  21        0.3877771156       -0.2708337855
  25  20        0.0442002457       -0.1833648956
  25  19       -0.0205877074        0.1544498539
  25  18       -0.0812991187        0.1161235267
  25  17        0.0300498257       -0.3281413465
  25  16        0.2411524471       -0.1775990247
  25  15       -0.0648098651       -0.0261920707
  25  14       -0.1096082084        0.2377939974
  25  13        0.0424447030        0.0105197728
  25  12       -0.0243760202       -0.1997402329
  25  11        0.2456896381        0.0635027479
  25  10        0.0597022481        0.2664799561
  25   9       -0.1361521353       -0.0088029929
  25   8        0.0757444852        0.2048403483
  25   7        0.1533570844       -0.2517669835
  25   6       -0.0395912302        0.0735851531
  25   5       -0.1002224931       -0.1451858093
  25   4       -0.0443996341       -0.0450373845
  25   3        0.0956696806       -0.1158313676
  25   2        0.1492903337       -0.4218873356
  25   1       -0.4371253408        0.1561742797
  25   0        0.4048772175        0.0000000000
  25  -1        0.4371253408        0.1561742797
  25  -2        0.1492903337        0.4218873356
  25  -3       -0.0956696806       -0.1158313676
  25  -4       -0.0443996341        0.0450373845
  25  -5        0.1002224931       -0.1451858093
  25  -6       -0.0395912302       -0.0735851531
  25  -7       -0.1533570844       -0.2517669835
  25  -8        0.0757444852       -0.2048403483
  25  -9        0.1361521353       -0.0088029929
  25 -10        0.0597022481       -0.2664799561
  25 -11       -0.2456896381        0.0635027479
  25 -12       -0.0243760202        0.1997402329
  25 -13       -0.0424447030        0.0105197728
  25 -14       -0.1096082084       -0.2377939974
  25 -15        0.0648098651       -0.0261920707
  25 -16        0.2411524471        0.1775990247
  25 -17       -0.0300498257       -0.3281413465
  25 -18       -0.0812991187       -0.1161235267
  25 -19        0.0205877074        0.1544498539
  25 -20        0.0442002457        0.1833648956
  25 -21       -0.3877771156       -0.2708337855
  25 -22       -0.0994544753        0.2061239741
  25 -23        0.2388879458       -0.0580717042
  25 -24        0.0935828524       -0.4787557545
  25 -25       -0.1131581951       -0.4317123600
  26  26       -0.2526013933       -0.4716327405
  26  25        0.2716036189       -0.0380173869
  26  24       -0.1384617747       -0.2674494650
  26  23       -0.1533829267        0.1850792390
  26  22        0.2087165655       -0.0836696013
  26  21       -0.1474584384        0.0191347202
  26  20       -0.1878686662        0.0420154119
  26  19        0.0693503595       -0.0993059883
  26  18       -0.0503987734        0.1229982277
  26  17        0.0053312527       -0.1081921250
  26  16        0.0302469541        0.0509281270
  26  15       -0.2115236045        0.0665256935
  26  14        0.2269494201       -0.2561742846
  26  13        0.4226015757       -0.1294874312
  26  12       -0.0190800108        0.0891034847
  26  11        0.0360767329        0.1907704310
  26  10       -0.1415750616       -0.0892543771
  26   9        0.0585736421        0.0205427623
  26   8        0.1609415331        0.0108185969
  26   7        0.0501207732        0.0452477903
  26   6       -0.1696142289       -0.0629866288
  26   5        0.2421996100       -0.2019869450
  26   4        0.2075691217        0.0930371713
  26   3       -0.0067793859        0.0627225333
  26   2        0.4673572415       -0.0007328799
  26   1        0.2886918513        0.0868462409
  26   0        0.1745914637        0.0000000000
  26  -1       -0.2886918513        0.0868462409
  26  -2        0.4673572415        0.0007328799
  26  -3        0.0067793859        0.0627225333
  26  -4        0.2075691217       -0.0930371713
  26  -5       -0.2421996100       -0.2019869450
  26  -6       -0.1696142289        0.0629866288
  26  -7       -0.0501207732        0.0452477903
  26  -8        0.1609415331       -0.0108185969
  26  -9       -0.0585736421        0.0205427623
  26 -10       -0.1415750616        0.0892543771
  26 -11       -0.0360767329        0.1907704310
  26 -12       -0.0190800108       -0.0891034847
  26 -13       -0.4226015757       -0.1294874312
  26 -14        0.2269494201        0.2561742846
  26 -15        0.2115236045        0.0665256935
  26 -16        0.0302469541       -0.0509281270
  26 -17       -0.0053312527       -0.1081921250
  26 -18       -0.0503987734       -0.1229982277
  26 -19       -0.0693503595       -0.0993059883
  26 -20       -0.1878686662       -0.0420154119
  26 -21        0.1474584384        0.0191347202
  26 -22        0.2087165655        0.0836696013
  26 -23        0.1533829267        0.1850792390
  26 -24       -0.1384617747        0.2674494650
  26 -25       -0.2716036189       -0.0380173869
  26 -26       -0.2526013933        0.4716327405
  27  27       -0.1342568152       -0.5122680383
  27  26        0.4276516483        0.1505492150
  27  25       -0.4114092078       -0.1559419759
  27  24       -0.0045883670       -0.1981448552
  27  23        0.1468295836       -0.0244791570
  27  22        0.0910248586       -0.1295771057
  27  21       -0.1406193190        0.2636701339
  27  20       -0.0549928711       -0.1518519512
  27  19        0.0925752865       -0.1291707570
  27  18        0.1974002047        0.0388959992
  27  17       -0.1180540119       -0.0832702289
  27  16        0.1087389510        0.2728927021
  27  15        0.0533013291        0.0924060323
  27  14       -0.0155846200        0.2446996622
  27  13        0.2498235059        0.1722172520
  27  12        0.0253452421       -0.0317979782
  27  11        0.0220317386       -0.3290747526
  27  10        0.4062195946        0.0764365935
  27   9       -0.2156032106        0.0285443504
  27   8       -0.0197393289        0.1681558317
  27   7       -0.0996655298       -0.1554546090
  27   6        0.2049053118       -0.0986629328
  27   5       -0.1976822528        0.1414787303
  27   4        0.1669369815        0.0052903951
  27   3       -0.2877643686        0.0040047741
  27   2        0.1785810138        0.2319572382
  27   1        0.1089768321        0.1260591077
  27   0        0.1315846500        0.0000000000
  27  -1       -0.1089768321        0.1260591077
  27  -2        0.1785810138       -0.2319572382
  27  -3        0.2877643686        0.0040047741
  27  -4        0.1669369815       -0.0052903951
  27  -5        0.1976822528        0.1414787303
  27  -6        0.2049053118        0.0986629328
  27  -7        0.0996655298       -0.1554546090
  27  -8       -0.0197393289       -0.1681558317
  27  -9        0.2156032106        0.0285443504
  27 -10        0.4062195946       -0.0764365935
  27 -11       -0.0220317386       -0.3290747526
  27 -12        0.0253452421        0.0317979782
  27 -13       -0.2498235059        0.1722172520
  27 -14       -0.0155846200       -0.2446996622
  27 -15       -0.0533013291        0.0924060323
  27 -16        0.1087389510       -0.2728927021
  27 -17        0.1180540119       -0.0832702289
  27 -18        0.1974002047       -0.0388959992
  27 -19       -0.0925752865       -0.1291707570
  27 -20       -0.0549928711        0.1518519512
  27 -21        0.1406193190        0.2636701339
  27 -22        0.0910248586        0.1295771057
  27 -23       -0.1468295836       -0.0244791570
  27 -24       -0.0045883670        0.1981448552
  27 -25        0.4114092078       -0.1559419759
  27 -26        0.4276516483       -0.1505492150
  27 -27        0.1342568152       -0.5122680383
  28  28       -0.1068364506       -0.0502435605
  28  27        0.0483264069        0.0527331641
  28  26       -0.3797123377       -0.4645965053
  28  25       -0.0717933601        0.0548414145
  28  24        0.0026891558       -0.0472894084
  28  23       -0.1181061065        0.0894694672
  28  22        0.0695107737       -0.2351931464
  28  21        0.3358892973        0.1354648951
  28  20       -0.0409445428        0.0560142156
  28  19       -0.1057818820        0.0516864129
  28  18        0.0898747048        0.0298228607
  28  17        0.2065738929       -0.1179386182
  28  16        0.1466894953        0.0376839023
  28  15       -0.0596124086        0.0232387869
  28  14       -0.0784567161        0.2240016488
  28  13       -0.2314693461        0.1408644101
  28  12       -0.0132585649       -0.1683271340
  28  11        0.0618032993        0.1076347793
  28  10        0.1774631492        0.3674836166
  28   9       -0.0414257043        0.0018708027
  28   8        0.0886411574       -0.3014367071
  28   7        0.0204161459       -0.0703417966
  28   6        0.0828621244        0.1678388401
  28   5        0.2448296904        0.1475261504
  28   4       -0.1448720193       -0.0801058469
  28   3        0.0757071911       -0.0580039416
  28   2       -0.1338732654       -0.0142938591
  28   1        0.0231588395       -0.0331400727
  28   0       -0.1775897540        0.0000000000
  28  -1       -0.0231588395       -0.0331400727
  28  -2       -0.1338732654        0.0142938591
  28  -3       -0.0757071911       -0.0580039416
  28  -4       -0.1448720193        0.0801058469
  28  -5       -0.2448296904        0.1475261504
  28  -6        0.0828621244       -0.1678388401
  28  -7       -0.0204161459       -0.0703417966
  28  -8        0.0886411574        0.3014367071
  28  -9        0.0414257043        0.0018708027
  28 -10        0.1774631492       -0.3674836166
  28 -11       -0.0618032993        0.1076347793
  28 -12       -0.0132585649        0.1683271340
  28 -13        0.2314693461        0.1408644101
  28 -14       -0.0784567161       -0.2240016488
  28 -15        0.0596124086        0.0232387869
  28 -16        0.1466894953       -0.0376839023
  28 -17       -0.2065738929       -0.1179386182
  28 -18        0.0898747048       -0.0298228607
  28 -19        0.1057818820        0.0516864129
  28 -20       -0.0409445428       -0.0560142156
  28 -21       -0.3358892973        0.1354648951
  28 -22        0.0695107737        0.2351931464
  28 -23        0.1181061065        0.0894694672
  28 -24        0.0026891558        0.0472894084
  28 -25        0.0717933601        0.0548414145
  28 -26       -0.3797123377        0.4645965053
  28 -27       -0.0483264069        0.0527331641
  28 -28       -0.1068364506        0.0502435605
  29  29       -0.0176287923       -0.2284233044
  29  28        0.2179453876       -0.0850037840
  29  27       -0.1514309181       -0.0716765822
  29  26       -0.0294954484       -0.1303608582
  29  25        0.1556527325       -0.0489003294
  29  24       -0.1986010761        0.0584861082
  29  23       -0.2108754980        0.1651293144
  29  22        0.2025791257       -0.1309826417
  29  21        0.0008475643       -0.0500714509
  29  20        0.2083300959        0.2807201167
  29  19       -0.0265505006        0.1057551383
  29  18       -0.0626109834       -0.0374601473
  29  17       -0.1221114701       -0.0825642338
  29  16        0.2160540554        0.1851950234
  29  15        0.2036074015        0.1040846527
  29  14        0.0298091166       -0.1192992716
  29  13        0.1488849227       -0.0841505848
  29  12        0.2184514684        0.2341846762
  29  11       -0.1935606259       -0.1124867965
  29  10        0.3228519929       -0.0245646872
  29   9       -0.1355074615        0.1660485087
  29   8        0.1219739730       -0.0208247712
  29   7        0.0092673950        0.1297130419
  29   6       -0.0686987016       -0.0374842791
  29   5       -0.2853859190        0.0767383542
  29   4        0.0320881008       -0.1810579469
  29   3       -0.3175795930       -0.0130426430
  29   2        0.0434451586       -0.1543297673
  29   1       -0.1115181482       -0.1121050437
  29   0        0.4973995602        0.0000000000
  29  -1        0.1115181482       -0.1121050437
  29  -2        0.0434451586        0.1543297673
  29  -3        0.3175795930       -0.0130426430
  29  -4        0.0320881008        0.1810579469
  29  -5        0.2853859190        0.0767383542
  29  -6       -0.0686987016        0.0374842791
  29  -7       -0.0092673950        0.1297130419
  29  -8        0.1219739730        0.0208247712
  29  -9        0.1355074615        0.1660485087
  29 -10        0.3228519929        0.0245646872
  29 -11        0.1935606259       -0.1124867965
  29 -12        0.2184514684       -0.2341846762
  29 -13       -0.1488849227       -0.0841505848
  29 -14        0.0298091166        0.1192992716
  29 -15       -0.2036074015        0.1040846527
  29 -16        0.2160540554       -0.1851950234
  29 -17        0.1221114701       -0.0825642338
  29 -18       -0.0626109834        0.0374601473
  29 -19        0.0265505006        0.1057551383
  29 -20        0.2083300959       -0.2807201167
  29 -21       -0.0008475643       -0.0500714509
  29 -22        0.2025791257        0.1309826417
  29 -23        0.2108754980        0.1651293144
  29 -24       -0.1986010761       -0.0584861082
  29 -25       -0.1556527325       -0.0489003294
  29 -26       -0.0294954484        0.1303608582
  29 -27        0.1514309181       -0.0716765822
  29 -28        0.2179453876        0.0850037840
  29 -29        0.0176287923       -0.2284233044
  30  30        0.3655912869       -0.1246825625
  30  29       -0.0998130197        0.2254774792
  30  28       -0.0939928880       -0.2644643427
  30  27        0.0641282307        0.0736306127
  30  26       -0.0881655633       -0.2330180820
  30  25        0.0318538263        0.1988748360
  30  24       -0.0008823616        0.0115079774
  30  23        0.0770231298       -0.1108502758
  30  22        0.0697325262       -0.2276125063
  30  21        0.0278351692        0.0084795059
  30  20        0.1746717458        0.1260612848
  30  19       -0.0419921357        0.0615308824
  30  18       -0.0172482662       -0.0089147962
  30  17        0.0988526582        0.0773834927
  30  16       -0.0638111673        0.3142090634
  30  15        0.1494935882       -0.0475773859
  30  14        0.0696470789       -0.0345368886
  30  13       -0.0282289703       -0.0025436397
  30  12        0.2756760156        0.1649631905
  30  11        0.0079541526        0.0448158075
  30  10        0.0665143773       -0.1121526773
  30   9        0.2285525212        0.0314341757
  30   8       -0.0165463963        0.2400846535
  30   7       -0.0204401430       -0.3184627848
  30   6        0.2374450061        0.2147582885
  30   5        0.1007570724        0.2267951879
  30   4        0.0275618909        0.0019759501
  30   3        0.2549157178       -0.0953724073
  30   2       -0.0741438701        0.1549231995
  30   1       -0.0635281633        0.1301083857
  30   0        0.2981753365        0.0000000000
  30  -1        0.0635281633        0.1301083857
  30  -2       -0.0741438701       -0.1549231995
  30  -3       -0.2549157178       -0.0953724073
  30  -4        0.0275618909       -0.0019759501
  30  -5       -0.1007570724        0.2267951879
  30  -6        0.2374450061       -0.2147582885
  30  -7        0.0204401430       -0.3184627848
  30  -8       -0.0165463963       -0.2400846535
  30  -9       -0.2285525212        0.0314341757
  30 -10        0.0665143773        0.1121526773
  30 -11       -0.0079541526        0.0448158075
  30 -12        0.2756760156       -0.1649631905
  30 -13        0.0282289703       -0.0025436397
  30 -14        0.0696470789        0.0345368886
  30 -15       -0.1494935882       -0.0475773859
  30 -16       -0.0638111673       -0.3142090634
  30 -17       -0.0988526582        0.0773834927
  30 -18       -0.0172482662        0.0089147962
  30 -19        0.0419921357        0.0615308824
  30 -20        0.1746717458       -0.1260612848
  30 -21       -0.0278351692        0.0084795059
  30 -22        0.0697325262        0.2276125063
  30 -23       -0.0770231298       -0.1108502758
  30 -24       -0.0008823616       -0.0115079774
  30 -25       -0.0318538263        0.1988748360
  30 -26       -0.0881655633        0.2330180820
  30 -27       -0.0641282307        0.0736306127
  30 -28       -0.0939928880        0.2644643427
  30 -29        0.0998130197        0.2254774792
  30 -30        0.3655912869        0.1246825625
