   0   0      466.5158803619        0.0000000000
   1   1       -0.2350427535        1.2238208159
   1   0       -6.2282663972        0.0000000000
   1  -1        0.2350427535        1.2238208159
   2   2      -41.9349578370       43.5961881016
   2   1       20.4694254609      -36.5916069231
   2   0      -31.9839766961        0.0000000000
   2  -1      -20.4694254609      -36.5916069231
   2  -2      -41.9349578370      -43.5961881016
   3   3        1.6714023089        1.1462202615
   3   2       -1.5678335615        4.3776529248
   3   1       -3.8256292791        1.0593094730
   3   0      -11.6788368579        0.0000000000
   3  -1        3.8256292791        1.0593094730
   3  -2       -1.5678335615       -4.3776529248
   3  -3       -1.6714023089        1.1462202615
   4   4        1.7340122608       -9.7635025443
   4   3        3.8445937475        2.8947364532
   4   2        3.2514714081      -12.0324239256
   4   1        0.2176220372        3.0189960781
   4   0      -11.3324412739        0.0000000000
   4  -1       -0.2176220372        3.0189960781
   4  -2        3.2514714081       12.0324239256
   4  -3       -3.8445937475        2.8947364532
   4  -4        1.7340122608        9.7635025443
   5   5        0.3802585536       -1.4020231415
   5   4        0.5311765019        0.7656195220
   5   3        3.0622823272       -0.6768442242
   5   2        2.0177534572       -1.8522148260
   5   1       -0.5472962124        9.1212197334
   5   0        3.2107026922        0.0000000000
   5  -1        0.5472962124        9.1212197334
   5  -2        2.0177534572        1.8522148260
   5  -3       -3.0622823272       -0.6768442242
   5  -4        0.5311765019       -0.7656195220
   5  -5       -0.3802585536       -1.4020231415
   6   6       -0.7729660599       -0.1359362905
   6   5        0.5681573404        0.6206716440
   6   4        0.5760133800        3.6433400274
   6   3       -2.1357487421       -1.5341774471
   6   2        0.5789548396        0.1238747763
   6   1       -2.6267412252        3.8080244105
   6   0        0.2360064437        0.0000000000
   6  -1        2.6267412252        3.8080244105
   6  -2        0.5789548396       -0.1238747763
   6  -3        2.1357487421       -1.5341774471
   6  -4        0.5760133800       -3.6433400274
   6  -5       -0.5681573404        0.6206716440
   6  -6       -0.7729660599        0.1359362905
   7   7        0.1113338824        0.4446403861
   7   6       -0.5796261728       -1.6710047332
   7   5        0.3005123487        0.7454682538
   7   4        1.1667073264       -0.5776949078
   7   3       -1.7601579683       -1.6527938930
   7   2        0.9971079215        0.9181071461
   7   1       -1.6534218540       -2.8914051510
   7   0        4.4727666773        0.0000000000
   7  -1        1.6534218540       -2.8914051510
   7  -2        0.9971079215       -0.9181071461
   7  -3        1.7601579683       -1.6527938930
   7  -4        1.1667073264        0.5776949078
   7  -5       -0.3005123487        0.7454682538
   7  -6       -0.5796261728        1.6710047332
   7  -7       -0.1113338824        0.4446403861
   8   8        0.8079151267        0.4719443009
   8   7        0.3678822142       -0.3247442872
   8   6       -1.8551536746       -0.6030295950
   8   5       -0.0713848350        0.5044854481
   8   4       -1.5547807914       -0.5893272823
   8   3       -0.7150304468        0.0082740458
   8   2        1.6932514445       -0.1176618124
   8   1       -0.1390318326       -1.7702522415
   8   0        3.7876190980        0.0000000000
   8  -1        0.1390318326       -1.7702522415
   8  -2        1.6932514445        0.1176618124
   8  -3        0.7150304468        0.0082740458
   8  -4       -1.5547807914        0.5893272823
   8  -5        0.0713848350        0.5044854481
   8  -6       -1.8551536746        0.6030295950
   8  -7       -0.3678822142       -0.3247442872
   8  -8        0.8079151267       -0.4719443009
   9   9       -0.3379287807        0.1859588811
   9   8        0.2577401287        1.1913751686
   9   7        0.9523310554        0.3690480168
   9   6        0.2901434215        1.4688646479
   9   5       -0.2363950835       -0.1384632606
   9   4       -0.7622537541        0.0451641219
   9   3        0.3606909205       -0.4167266526
   9   2       -1.5627779649        0.9151714357
   9   1        2.1303769077        0.1255843920
   9   0       -0.4979967608        0.0000000000
   9  -1       -2.1303769077        0.1255843920
   9  -2       -1.5627779649       -0.9151714357
   9  -3       -0.3606909205       -0.4167266526
   9  -4       -0.7622537541       -0.0451641219
   9  -5        0.2363950835       -0.1384632606
   9  -6        0.2901434215       -1.4688646479
   9  -7       -0.9523310554        0.3690480168
   9  -8        0.2577401287       -1.1913751686
   9  -9        0.3379287807        0.1859588811
  10  10       -0.5781730613       -0.1074461750
  10   9       -1.0134511945        0.4614156008
  10   8        0.3546809241        0.4371527733
  10   7       -0.7624288031        0.2924379561
  10   6        0.6038409730       -0.9521946264
  10   5       -0.4548507365        0.1418593982
  10   4        0.7322464061        0.9397607552
  10   3        0.9458184624        0.0057585244
  10   2       -1.6277645243        1.0887345471
  10   1       -0.0082285208       -0.4688987848
  10   0       -3.5936917877        0.0000000000
  10  -1        0.0082285208       -0.4688987848
  10  -2       -1.6277645243       -1.0887345471
  10  -3       -0.9458184624        0.0057585244
  10  -4        0.7322464061       -0.9397607552
  10  -5        0.4548507365        0.1418593982
  10  -6        0.6038409730        0.9521946264
  10  -7        0.7624288031        0.2924379561
  10  -8        0.3546809241       -0.4371527733
  10  -9        1.0134511945        0.4614156008
  10 -10       -0.5781730613        0.1074461750
  11  11        0.0764809518       -0.0567927145
  11  10       -0.2122878924       -0.2954392672
  11   9       -0.0755185599       -0.3204089910
  11   8       -0.2409042344       -0.8453739195
  11   7        0.4873661482       -0.2894853840
  11   6       -0.4005217634       -0.4026861822
  11   5        0.4331022178        0.5716861859
  11   4       -0.2327567219       -0.9617829464
  11   3       -0.3935813811        0.7414579703
  11   2        0.2358484692       -0.4650891369
  11   1       -0.0338095755       -0.0269176618
  11   0       -1.3317932516        0.0000000000
  11  -1        0.0338095755       -0.0269176618
  11  -2        0.2358484692        0.4650891369
  11  -3        0.3935813811        0.7414579703
  11  -4       -0.2327567219        0.9617829464
  11  -5       -0.4331022178        0.5716861859
  11  -6       -0.4005217634        0.4026861822
  11  -7       -0.4873661482       -0.2894853840
  11  -8       -0.2409042344        0.8453739195
  11  -9        0.0755185599       -0.3204089910
  11 -10       -0.2122878924        0.2954392672
  11 -11       -0.0764809518       -0.0567927145
  12  12        0.9758597359        0.2335650091
  12  11       -0.5030074880       -0.3455706280
  12  10       -0.4678381045       -0.6221351698
  12   9        0.3505352737       -0.1274734742
  12   8       -0.3955739613        0.4066685104
  12   7       -0.4518193621       -0.5513796361
  12   6       -0.5326724486        0.8302395846
  12   5        0.4279998032       -0.0672807634
  12   4        0.0312477364       -0.8375547292
  12   3        0.2008371008        0.4665204514
  12   2       -0.3947699145       -0.8654448227
  12   1       -0.6416411144        1.4544816534
  12   0       -0.1278965171        0.0000000000
  12  -1        0.6416411144        1.4544816534
  12  -2       -0.3947699145        0.8654448227
  12  -3       -0.2008371008        0.4665204514
  12  -4        0.0312477364        0.8375547292
  12  -5       -0.4279998032       -0.0672807634
  12  -6       -0.5326724486       -0.8302395846
  12  -7        0.4518193621       -0.5513796361
  12  -8       -0.3955739613       -0.4066685104
  12  -9       -0.3505352737       -0.1274734742
  12 -10       -0.4678381045        0.6221351698
  12 -11        0.5030074880       -0.3455706280
  12 -12        0.9758597359       -0.2335650091
  13  13        0.0998200335        0.2325228011
  13  12       -0.5089664982        0.3452112345
  13  11        0.1554940502        0.3030853088
  13  10        0.9214161620       -0.3019761706
  13   9       -0.2045796667        0.0732073221
  13   8        0.6286610449        0.2543445950
  13   7        0.4290859315       -0.1155540028
  13   6        0.3984145486        0.6710992266
  13   5        0.0170067349       -0.4744557163
  13   4       -0.1250180069        0.4389281127
  13   3       -0.2754609255       -0.0893583778
  13   2        0.8408537268       -0.1200829006
  13   1        0.2308331373        0.5823385762
  13   0        0.6097743935        0.0000000000
  13  -1       -0.2308331373        0.5823385762
  13  -2        0.8408537268        0.1200829006
  13  -3        0.2754609255       -0.0893583778
  13  -4       -0.1250180069       -0.4389281127
  13  -5       -0.0170067349       -0.4744557163
  13  -6        0.3984145486       -0.6710992266
  13  -7       -0.4290859315       -0.1155540028
  13  -8        0.6286610449       -0.2543445950
  13  -9        0.2045796667        0.0732073221
  13 -10        0.9214161620        0.3019761706
  13 -11       -0.1554940502        0.3030853088
  13 -12       -0.5089664982       -0.3452112345
  13 -13       -0.0998200335        0.2325228011
  14  14       -0.6010471229       -0.2128622490
  14  13        0.4982000392       -0.7626111031
  14  12        0.4126580447        0.8144665723
  14  11       -0.4409868282        0.0462386784
  14  10        0.3396740899       -0.5574798850
  14   9       -0.0837272152        0.3929673156
  14   8       -0.3673371825       -0.7292782374
  14   7        0.2935318649        0.2441797244
  14   6       -0.1517845525       -0.6520495336
  14   5       -0.0030071628       -0.2170792763
  14   4        0.7266825212       -0.1296855027
  14   3       -0.8345171622        0.0457920711
  14   2        0.5881354491        0.3474571671
  14   1       -0.7467301382       -0.0763796219
  14   0        0.5754715647        0.0000000000
  14  -1        0.7467301382       -0.0763796219
  14  -2        0.5881354491       -0.3474571671
  14  -3        0.8345171622        0.0457920711
  14  -4        0.7266825212        0.1296855027
  14  -5        0.0030071628       -0.2170792763
  14  -6       -0.1517845525        0.6520495336
  14  -7       -0.2935318649        0.2441797244
  14  -8       -0.3673371825        0.7292782374
  14  -9        0.0837272152        0.3929673156
  14 -10        0.3396740899        0.5574798850
  14 -11        0.4409868282        0.0462386784
  14 -12        0.4126580447       -0.8144665723
  14 -13       -0.4982000392       -0.7626111031
  14 -14       -0.6010471229        0.2128622490
  15  15       -0.0820047260       -0.2963320009
  15  14        0.3740320983       -0.3059045938
  15  13       -0.1077706471       -0.7214198926
  15  12        0.5698174664        0.2760156675
  15  11       -0.2077762924       -0.3926891973
  15  10       -0.1265931595        0.2850783860
  15   9       -0.1979916627        0.1378775937
  15   8       -0.3937359668       -0.5261613988
  15   7       -0.1093612396        0.3231152769
  15   6       -0.2805139122       -0.1585824115
  15   5       -0.4246240409        0.2238971909
  15   4       -0.2664567105       -0.2952795198
  15   3       -0.3923301741       -0.2332408616
  15   2        0.4164674044       -0.1861564319
  15   1       -0.2122403408       -0.6422939336
  15   0        0.7613775806        0.0000000000
  15  -1        0.2122403408       -0.6422939336
  15  -2        0.4164674044        0.1861564319
  15  -3        0.3923301741       -0.2332408616
  15  -4       -0.2664567105        0.2952795198
  15  -5        0.4246240409        0.2238971909
  15  -6       -0.2805139122        0.1585824115
  15  -7        0.1093612396        0.3231152769
  15  -8       -0.3937359668        0.5261613988
  15  -9        0.1979916627        0.1378775937
  15 -10       -0.1265931595       -0.2850783860
  15 -11        0.2077762924       -0.3926891973
  15 -12        0.5698174664       -0.2760156675
  15 -13        0.1077706471       -0.7214198926
  15 -14        0.3740320983        0.3059045938
  15 -15        0.0820047260       -0.2963320009
  16  16        0.3515387110       -0.1503615865
  16  15        0.0813074897        0.3180261366
  16  14       -0.3831774417       -0.2859282787
  16  13        0.4550385050        0.0447502999
  16  12        0.0538816444        0.5876021217
  16  11       -0.0356158376       -0.1995764523
  16  10        0.3020179679        0.3922107413
  16   9       -0.3190685115       -0.0828449173
  16   8        0.3030814335        0.5853905377
  16   7       -0.4780420244       -0.2303938031
  16   6       -0.1244686025        0.1331424607
  16   5       -0.2719067504       -0.2781897017
  16   4        0.0517702122        0.0934935116
  16   3        0.4503197122       -0.3919871522
  16   2       -0.1129332264        0.3332607419
  16   1        0.2515518642        0.2570355065
  16   0        0.1757206005        0.0000000000
  16  -1       -0.2515518642        0.2570355065
  16  -2       -0.1129332264       -0.3332607419
  16  -3       -0.4503197122       -0.3919871522
  16  -4        0.0517702122       -0.0934935116
  16  -5        0.2719067504       -0.2781897017
  16  -6       -0.1244686025       -0.1331424607
  16  -7        0.4780420244       -0.2303938031
  16  -8        0.3030814335       -0.5853905377
  16  -9        0.3190685115       -0.0828449173
  16 -10        0.3020179679       -0.3922107413
  16 -11        0.0356158376       -0.1995764523
  16 -12        0.0538816444       -0.5876021217
  16 -13       -0.4550385050        0.0447502999
  16 -14       -0.3831774417        0.2859282787
  16 -15       -0.0813074897        0.3180261366
  16 -16        0.3515387110        0.1503615865
  17  17        0.3936329343        0.1891493675
  17  16       -0.2550858825        0.6315824648
  17  15        0.1396650843       -0.1862048514
  17  14       -0.1783032199       -0.0021774816
  17  13       -0.1214405274        0.3198295875
  17  12       -0.0280814126       -0.2309622208
  17  11        0.2196758035       -0.1386988498
  17  10       -0.5058714738        0.1771629969
  17   9        0.0896621182       -0.0332047037
  17   8       -0.0737894454       -0.3383952961
  17   7        0.1223648401        0.0677016241
  17   6        0.4266971194        0.1248680008
  17   5       -0.2120268909        0.3319520150
  17   4        0.0082051642        0.5386568556
  17   3        0.1815855747        0.0964402832
  17   2       -0.4099481940        0.2580068943
  17   1        0.2367029211       -0.1164461770
  17   0       -0.9944363278        0.0000000000
  17  -1       -0.2367029211       -0.1164461770
  17  -2       -0.4099481940       -0.2580068943
  17  -3       -0.1815855747        0.0964402832
  17  -4        0.0082051642       -0.5386568556
  17  -5        0.2120268909        0.3319520150
  17  -6        0.4266971194       -0.1248680008
  17  -7       -0.1223648401        0.0677016241
  17  -8       -0.0737894454        0.3383952961
  17  -9       -0.0896621182       -0.0332047037
  17 -10       -0.5058714738       -0.1771629969
  17 -11       -0.2196758035       -0.1386988498
  17 -12       -0.0280814126        0.2309622208
  17 -13        0.1214405274        0.3198295875
  17 -14       -0.1783032199        0.0021774816
  17 -15       -0.1396650843       -0.1862048514
  17 -16       -0.2550858825       -0.6315824648
  17 -17       -0.3936329343        0.1891493675
  18  18        0.5950292389       -0.1570335028
  18  17        0.1377501465        0.0437932144
  18  16        0.0453858102        0.2627040893
  18  15       -0.3441128155        0.3639474960
  18  14       -0.1058848608        0.3910779442
  18  13        0.0478759390       -0.1048290874
  18  12       -0.1393022182       -0.2183175487
  18  11        0.2625586513       -0.1176085726
  18  10       -0.2868979969        0.0244959689
  18   9        0.4665921230        0.0628001279
  18   8       -0.2785734498        0.3203101765
  18   7        0.3054679865        0.0206919180
  18   6       -0.3529465826       -0.0746137850
  18   5       -0.0558220288        0.1604850898
  18   4       -0.4561582971        0.1127832208
  18   3       -0.2638076149        0.0618225898
  18   2       -0.5912297618       -0.3967692280
  18   1       -0.0266864601       -0.2674326376
  18   0        0.1214574373        0.0000000000
  18  -1        0.0266864601       -0.2674326376
  18  -2       -0.5912297618        0.3967692280
  18  -3        0.2638076149        0.0618225898
  18  -4       -0.4561582971       -0.1127832208
  18  -5        0.0558220288        0.1604850898
  18  -6       -0.3529465826        0.0746137850
  18  -7       -0.3054679865        0.0206919180
  18  -8       -0.2785734498       -0.3203101765
  18  -9       -0.4665921230        0.0628001279
  18 -10       -0.2868979969       -0.0244959689
  18 -11       -0.2625586513       -0.1176085726
  18 -12       -0.1393022182        0.2183175487
  18 -13       -0.0478759390       -0.1048290874
  18 -14       -0.1058848608       -0.3910779442
  18 -15        0.3441128155        0.3639474960
  18 -16        0.0453858102       -0.2627040893
  18 -17       -0.1377501465        0.0437932144
  18 -18        0.5950292389        0.1570335028
  19  19        0.1831581548        0.0816170002
  19  18        0.2141295619       -0.3888096141
  19  17       -0.0582204046       -0.0300636753
  19  16       -0.3776096830       -0.0466843988
  19  15        0.1184387634       -0.1935029900
  19  14        0.2601415833        0.1789303124
  19  13       -0.1438817292       -0.1906822717
  19  12        0.0480681484       -0.1597597966
  19  11       -0.2801223854        0.2323611777
  19  10       -0.1188356493        0.3968282523
  19   9       -0.1013156732        0.3293449991
  19   8       -0.2239512683        0.0186737931
  19   7        0.0794243227       -0.0531028766
  19   6       -0.1888904205        0.0282151536
  19   5        0.2692137658       -0.3174540250
  19   4       -0.2519661972       -0.2219293592
  19   3        0.0437513161       -0.1532725498
  19   2        0.3946130949       -0.3781292876
  19   1       -0.0592079464        0.3099286730
  19   0        0.6029881125        0.0000000000
  19  -1        0.0592079464        0.3099286730
  19  -2        0.3946130949        0.3781292876
  19  -3       -0.0437513161       -0.1532725498
  19  -4       -0.2519661972        0.2219293592
  19  -5       -0.2692137658       -0.3174540250
  19  -6       -0.1888904205       -0.0282151536
  19  -7       -0.0794243227       -0.0531028766
  19  -8       -0.2239512683       -0.0186737931
  19  -9        0.1013156732        0.3293449991
  19 -10       -0.1188356493       -0.3968282523
  19 -11        0.2801223854        0.2323611777
  19 -12        0.0480681484        0.1597597966
  19 -13        0.1438817292       -0.1906822717
  19 -14        0.2601415833       -0.1789303124
  19 -15       -0.1184387634       -0.1935029900
  19 -16       -0.3776096830        0.0466843988
  19 -17        0.0582204046       -0.0300636753
  19 -18        0.2141295619        0.3888096141
  19 -19       -0.1831581548        0.0816170002
  20  20       -0.0579196617        0.2388241978
  20  19        0.1698647053       -0.2359346611
  20  18       -0.3384685129       -0.1759655546
  20  17       -0.0631259086       -0.0012092426
  20  16        0.1965649506        0.1282454158
  20  15        0.3648626191       -0.2140439219
  20  14        0.1508468029        0.1179812305
  20  13       -0.0061313455        0.3143640655
  20  12        0.2545692715        0.0464202807
  20  11       -0.5168563643       -0.2082540379
  20  10       -0.0102277184       -0.2248609423
  20   9       -0.0536058806        0.0646004829
  20   8       -0.2496465122        0.1381567526
  20   7        0.1792643807       -0.0479006640
  20   6       -0.0573429260       -0.3873509754
  20   5        0.3244160496       -0.3661778773
  20   4        0.5977850292       -0.1864762419
  20   3        0.1823323432       -0.1266983459
  20   2        0.3094048883        0.3312059304
  20   1       -0.0496292281        0.1154758538
  20   0        0.1695110763        0.0000000000
  20  -1        0.0496292281        0.1154758538
  20  -2        0.3094048883       -0.3312059304
  20  -3       -0.1823323432       -0.1266983459
  20  -4        0.5977850292        0.1864762419
  20  -5       -0.3244160496       -0.3661778773
  20  -6       -0.0573429260        0.3873509754
  20  -7       -0.1792643807       -0.0479006640
  20  -8       -0.2496465122       -0.1381567526
  20  -9        0.0536058806        0.0646004829
  20 -10       -0.0102277184        0.2248609423
  20 -11        0.5168563643       -0.2082540379
  20 -12        0.2545692715       -0.0464202807
  20 -13        0.0061313455        0.3143640655
  20 -14        0.1508468029       -0.1179812305
  20 -15       -0.3648626191       -0.2140439219
  20 -16        0.1965649506       -0.1282454158
  20 -17        0.0631259086       -0.0012092426
  20 -18       -0.3384685129        0.1759655546
  20 -19       -0.1698647053       -0.2359346611
  20 -20       -0.0579196617       -0.2388241978
  21  21       -0.0647899811        0.4301657921
  21  20        0.0853588993        0.2241623925
  21  19        0.0612416231        0.0455802724
  21  18        0.2575023503       -0.3453923054
  21  17        0.4438629747        0.3038867356
  21  16       -0.4042407576        0.0208093288
  21  15       -0.0238452336       -0.3176895724
  21  14       -0.0906093344       -0.3454944834
  21  13        0.0464075430        0.2389856532
  21  12       -0.0478417050       -0.1127039747
  21  11       -0.0077947818       -0.0781731879
  21  10       -0.1338427035        0.1565348349
  21   9        0.1757967998       -0.0256769225
  21   8        0.0673118871        0.1166242822
  21   7        0.0836411617        0.0502658729
  21   6        0.0333411458        0.1178320014
  21   5       -0.1021999123        0.2929092919
  21   4        0.4087408595        0.0150261279
  21   3       -0.2738618967       -0.0912259559
  21   2       -0.1280551833        0.2817464608
  21   1       -0.1504227827       -0.5821742033
  21   0       -0.0953632436        0.0000000000
  21  -1        0.1504227827       -0.5821742033
  21  -2       -0.1280551833       -0.2817464608
  21  -3        0.2738618967       -0.0912259559
  21  -4        0.4087408595       -0.0150261279
  21  -5        0.1021999123        0.2929092919
  21  -6        0.0333411458       -0.1178320014
  21  -7       -0.0836411617        0.0502658729
  21  -8        0.0673118871       -0.1166242822
  21  -9       -0.1757967998       -0.0256769225
  21 -10       -0.1338427035       -0.1565348349
  21 -11        0.0077947818       -0.0781731879
  21 -12       -0.0478417050        0.1127039747
  21 -13       -0.0464075430        0.2389856532
  21 -14       -0.0906093344        0.3454944834
  21 -15        0.0238452336       -0.3176895724
  21 -16       -0.4042407576       -0.0208093288
  21 -17       -0.4438629747        0.3038867356
  21 -18        0.2575023503        0.3453923054
  21 -19       -0.0612416231        0.0455802724
  21 -20        0.0853588993       -0.2241623925
  21 -21        0.0647899811        0.4301657921
  22  22       -0.0108925612        0.0948652802
  22  21        0.1027746144        0.3011933977
  22  20        0.2521414503       -0.1226096930
  22  19       -0.2841334493        0.1539348815
  22  18        0.0913500644       -0.3625388954
  22  17        0.0751645120       -0.3280523931
  22  16       -0.3034413291        0.1075164260
  22  15       -0.2509874892       -0.3501896181
  22  14       -0.0734952476       -0.0079117187
  22  13       -0.0297728512        0.1402828912
  22  12       -0.1439049209        0.2485122699
  22  11       -0.1554900708       -0.0242243503
  22  10       -0.2814985972       -0.0138129571
  22   9       -0.2722092651        0.2088589368
  22   8       -0.0023563985       -0.0590030835
  22   7       -0.2327370633        0.1862357060
  22   6       -0.1321510118        0.0978495110
  22   5       -0.1090340446        0.3085273512
  22   4        0.0611894695       -0.0893799732
  22   3        0.0123054447       -0.3662717380
  22   2        0.3589956432       -0.2137183498
  22   1        0.2705064995       -0.0409249776
  22   0        0.0005283227        0.0000000000
  22  -1       -0.2705064995       -0.0409249776
  22  -2        0.3589956432        0.2137183498
  22  -3       -0.0123054447       -0.3662717380
  22  -4        0.0611894695        0.0893799732
  22  -5        0.1090340446        0.3085273512
  22  -6       -0.1321510118       -0.0978495110
  22  -7        0.2327370633        0.1862357060
  22  -8       -0.0023563985        0.0590030835
  22  -9        0.2722092651        0.2088589368
  22 -10       -0.2814985972        0.0138129571
  22 -11        0.1554900708       -0.0242243503
  22 -12       -0.1439049209       -0.2485122699
  22 -13        0.0297728512        0.1402828912
  22 -14       -0.0734952476        0.0079117187
  22 -15        0.2509874892       -0.3501896181
  22 -16       -0.3034413291       -0.1075164260
  22 -17       -0.0751645120       -0.3280523931
  22 -18        0.0913500644        0.3625388954
  22 -19        0.2841334493        0.1539348815
  22 -20        0.2521414503        0.1226096930
  22 -21       -0.1027746144        0.3011933977
  22 -22       -0.0108925612       -0.0948652802
  23  23        0.0575360729        0.2251517039
  23  22        0.0654643534        0.3936225968
  23  21       -0.0316702925       -0.5180767277
  23  20        0.4761190910       -0.0092653704
  23  19        0.1257698839       -0.0829621788
  23  18       -0.2353704336       -0.0156870089
  23  17        0.1971608924        0.0221878703
  23  16       -0.0631014015        0.0065274859
  23  15        0.0824047877        0.1452790234
  23  14       -0.1057832197        0.3286792441
  23  13       -0.1505826448       -0.0113294890
  23  12        0.0169017853        0.1440355766
  23  11       -0.1373234134        0.0069238943
  23  10       -0.1192251307       -0.3022782550
  23   9        0.2175591081       -0.1417290300
  23   8       -0.4810771481       -0.0877502748
  23   7       -0.1359211407        0.0961642557
  23   6       -0.1395614316        0.1475235047
  23   5        0.0773753591       -0.1909892587
  23   4       -0.0633083872        0.0635731105
  23   3        0.3269419321        0.0569800590
  23   2       -0.1721517918       -0.1121493789
  23   1        0.0897736384        0.1735790871
  23   0       -0.3397166974        0.0000000000
  23  -1       -0.0897736384        0.1735790871
  23  -2       -0.1721517918        0.1121493789
  23  -3       -0.3269419321        0.0569800590
  23  -4       -0.0633083872       -0.0635731105
  23  -5       -0.0773753591       -0.1909892587
  23  -6       -0.1395614316       -0.1475235047
  23  -7        0.1359211407        0.0961642557
  23  -8       -0.4810771481        0.0877502748
  23  -9       -0.2175591081       -0.1417290300
  23 -10       -0.1192251307        0.3022782550
  23 -11        0.1373234134        0.0069238943
  23 -12        0.0169017853       -0.1440355766
  23 -13        0.1505826448       -0.0113294890
  23 -14       -0.1057832197       -0.3286792441
  23 -15       -0.0824047877        0.1452790234
  23 -16       -0.0631014015       -0.0065274859
  23 -17       -0.1971608924        0.0221878703
  23 -18       -0.2353704336        0.0156870089
  23 -19       -0.1257698839       -0.0829621788
  23 -20        0.4761190910        0.0092653704
  23 -21        0.0316702925       -0.5180767277
  23 -22        0.0654643534       -0.3936225968
  23 -23       -0.0575360729        0.2251517039
  24  24       -0.1769766428       -0.1306514239
  24  23        0.0217849832       -0.0212870250
  24  22        0.1221247433        0.0759961272
  24  21       -0.1990523265       -0.1519499116
  24  20       -0.0106343824        0.0706618751
  24  19        0.2198869782       -0.0346428918
  24  18        0.0076081668        0.0273162761
  24  17        0.3218436742        0.2447956203
  24  16       -0.3439182990        0.1487510808
  24  15        0.0735225671        0.0159977722
  24  14       -0.0228891503        0.1361862768
  24  13        0.1537679410       -0.0204334639
  24  12       -0.0193718824       -0.1185899455
  24  11       -0.0054916177       -0.1755136417
  24  10        0.3780095083        0.1023744718
  24   9       -0.0159950203       -0.1367182394
  24   8        0.1080278371        0.0004843823
  24   7        0.1014232720        0.0732272878
  24   6        0.3664216464       -0.0030188499
  24   5        0.0899993362        0.1007889631
  24   4        0.1383634071        0.3396894765
  24   3        0.0867367789        0.2219378267
  24   2       -0.2055021354        0.1931521645
  24   1        0.0931343081        0.2354658117
  24   0       -0.2866267916        0.0000000000
  24  -1       -0.0931343081        0.2354658117
  24  -2       -0.2055021354       -0.1931521645
  24  -3       -0.0867367789        0.2219378267
  24  -4        0.1383634071       -0.3396894765
  24  -5       -0.0899993362        0.1007889631
  24  -6        0.3664216464        0.0030188499
  24  -7       -0.1014232720        0.0732272878
  24  -8        0.1080278371       -0.0004843823
  24  -9        0.0159950203       -0.1367182394
  24 -10        0.3780095083       -0.1023744718
  24 -11        0.0054916177       -0.1755136417
  24 -12       -0.0193718824        0.1185899455
  24 -13       -0.1537679410       -0.0204334639
  24 -14       -0.0228891503       -0.1361862768
  24 -15       -0.0735225671        0.0159977722
  24 -16       -0.3439182990       -0.1487510808
  24 -17       -0.3218436742        0.2447956203
  24 -18        0.0076081668       -0.0273162761
  24 -19       -0.2198869782       -0.0346428918
  24 -20       -0.0106343824       -0.0706618751
  24 -21        0.1990523265       -0.1519499116
  24 -22        0.1221247433       -0.0759961272
  24 -23       -0.0217849832       -0.0212870250
  24 -24       -0.1769766428        0.1306514239
  25  25       -0.2196052404        0.1300109682
  25  24        0.1348434807       -0.0921429483
  25  23        0.0839014351        0.0169915062
  25  22        0.4244314754       -0.1309904083
  25  21       -0.1760536779       -0.0587665924
  25  20        0.0873706808       -0.1752816449
  25  19        0.1689685878        0.1357167668
  25  18        0.0483478943       -0.2821451900
  25  17       -0.3172837967        0.0160636489
  25  16        0.0084087001       -0.1682793627
  25  15       -0.0224109950       -0.0433028981
  25  14        0.0551164756       -0.1504454403
  25  13        0.0350369818        0.0940664236
  25  12       -0.0167152364        0.0968567738
  25  11        0.1634943457        0.1790165057
  25  10        0.0315281042       -0.0688386905
  25   9       -0.0935312377        0.0372147877
  25   8        0.1523718509        0.3818508816
  25   7       -0.1233024421        0.0031874164
  25   6       -0.0753453585       -0.0818475387
  25   5       -0.1769859617       -0.1367400853
  25   4        0.0009687311        0.0157825187
  25   3       -0.2204235061        0.1524054301
  25   2       -0.1610425058       -0.1404566947
  25   1       -0.0310986182       -0.1659979276
  25   0        0.0404242536        0.0000000000
  25  -1        0.0310986182       -0.1659979276
  25  -2       -0.1610425058        0.1404566947
  25  -3        0.2204235061        0.1524054301
  25  -4        0.0009687311       -0.0157825187
  25  -5        0.1769859617       -0.1367400853
  25  -6       -0.0753453585        0.0818475387
  25  -7        0.1233024421        0.0031874164
  25  -8        0.1523718509       -0.3818508816
  25  -9        0.0935312377        0.0372147877
  25 -10        0.0315281042        0.0688386905
  25 -11       -0.1634943457        0.1790165057
  25 -12       -0.0167152364       -0.0968567738
  25 -13       -0.0350369818        0.0940664236
  25 -14        0.0551164756        0.1504454403
  25 -15        0.0224109950       -0.0433028981
  25 -16        0.0084087001        0.1682793627
  25 -17        0.3172837967        0.0160636489
  25 -18        0.0483478943        0.2821451900
  25 -19       -0.1689685878        0.1357167668
  25 -20        0.0873706808        0.1752816449
  25 -21        0.1760536779       -0.0587665924
  25 -22        0.4244314754        0.1309904083
  25 -23       -0.0839014351        0.0169915062
  25 -24        0.1348434807        0.0921429483
  25 -25        0.2196052404        0.1300109682
  26  26       -0.0252408626       -0.1541355919
  26  25        0.0523480873        0.3854442226
  26  24       -0.0994406591        0.0095902272
  26  23        0.1503195793       -0.0182706397
  26  22       -0.0790725262        0.1248231834
  26  21        0.1024502346        0.1772463185
  26  20        0.0161070859        0.0315623571
  26  19        0.1051633686       -0.3094022389
  26  18       -0.0868030328        0.0151467389
  26  17        0.0211501714       -0.0049252222
  26  16        0.2575984610        0.1003682978
  26  15        0.1051206146       -0.0034986848
  26  14        0.1093013937       -0.0792400094
  26  13        0.0718487892        0.1275648613
  26  12        0.1117916874        0.0243544418
  26  11        0.0755594824        0.3019656114
  26  10       -0.1017098366       -0.0756566382
  26   9       -0.0148944065        0.1466168230
  26   8        0.0421311969       -0.1130457284
  26   7        0.0758660527       -0.1009508774
  26   6       -0.0434035713       -0.3462687416
  26   5       -0.0474221320        0.0383411036
  26   4       -0.0117579466        0.0555531629
  26   3        0.1182784736        0.2079725069
  26   2       -0.2820804391       -0.1598876160
  26   1        0.0224213354        0.0242202410
  26   0       -0.1209121371        0.0000000000
  26  -1       -0.0224213354        0.0242202410
  26  -2       -0.2820804391        0.1598876160
  26  -3       -0.1182784736        0.2079725069
  26  -4       -0.0117579466       -0.0555531629
  26  -5        0.0474221320        0.0383411036
  26  -6       -0.0434035713        0.3462687416
  26  -7       -0.0758660527       -0.1009508774
  26  -8        0.0421311969        0.1130457284
  26  -9        0.0148944065        0.1466168230
  26 -10       -0.1017098366        0.0756566382
  26 -11       -0.0755594824        0.3019656114
  26 -12        0.1117916874       -0.0243544418
  26 -13       -0.0718487892        0.1275648613
  26 -14        0.1093013937        0.0792400094
  26 -15       -0.1051206146       -0.0034986848
  26 -16        0.2575984610       -0.1003682978
  26 -17       -0.0211501714       -0.0049252222
  26 -18       -0.0868030328       -0.0151467389
  26 -19       -0.1051633686       -0.3094022389
  26 -20        0.0161070859       -0.0315623571
  26 -21       -0.1024502346        0.1772463185
  26 -22       -0.0790725262       -0.1248231834
  26 -23       -0.1503195793       -0.0182706397
  26 -24       -0.0994406591       -0.0095902272
  26 -25       -0.0523480873        0.3854442226
  26 -26       -0.0252408626        0.1541355919
  27  27        0.0184812842        0.1008202245
  27  26        0.2823787052        0.0954587007
  27  25        0.2292302359       -0.0723989028
  27  24       -0.2890446647       -0.1492215123
  27  23       -0.1694077381       -0.1902611348
  27  22       -0.2175125029        0.0265481636
  27  21        0.0444870691       -0.1060984897
  27  20       -0.2371983746       -0.1782697234
  27  19        0.1452456530       -0.0139470494
  27  18        0.0531096999       -0.0376194546
  27  17        0.0977508803       -0.0682006272
  27  16        0.0004734765        0.0844423095
  27  15        0.1378394927       -0.1076089637
  27  14        0.2132790337        0.0809775928
  27  13       -0.2270085748        0.1494751537
  27  12       -0.1035415179       -0.0014883316
  27  11       -0.0971847399       -0.0357371806
  27  10        0.0952650098        0.1234866029
  27   9        0.2176044846       -0.1030142066
  27   8        0.0782280105        0.0106203085
  27   7       -0.1956820112        0.2890353379
  27   6        0.1718857442        0.1090592265
  27   5       -0.1932284753       -0.0917290391
  27   4       -0.1369424973        0.0474617440
  27   3       -0.0044550206       -0.0055698709
  27   2        0.0414920297       -0.1492332382
  27   1       -0.0472762656        0.0442437563
  27   0       -0.0800517127        0.0000000000
  27  -1        0.0472762656        0.0442437563
  27  -2        0.0414920297        0.1492332382
  27  -3        0.0044550206       -0.0055698709
  27  -4       -0.1369424973       -0.0474617440
  27  -5        0.1932284753       -0.0917290391
  27  -6        0.1718857442       -0.1090592265
  27  -7        0.1956820112        0.2890353379
  27  -8        0.0782280105       -0.0106203085
  27  -9       -0.2176044846       -0.1030142066
  27 -10        0.0952650098       -0.1234866029
  27 -11        0.0971847399       -0.0357371806
  27 -12       -0.1035415179        0.0014883316
  27 -13        0.2270085748        0.1494751537
  27 -14        0.2132790337       -0.0809775928
  27 -15       -0.1378394927       -0.1076089637
  27 -16        0.0004734765       -0.0844423095
  27 -17       -0.0977508803       -0.0682006272
  27 -18        0.0531096999        0.0376194546
  27 -19       -0.1452456530       -0.0139470494
  27 -20       -0.2371983746        0.1782697234
  27 -21       -0.0444870691       -0.1060984897
  27 -22       -0.2175125029       -0.0265481636
  27 -23        0.1694077381       -0.1902611348
  27 -24       -0.2890446647        0.1492215123
  27 -25       -0.2292302359       -0.0723989028
  27 -26        0.2823787052       -0.0954587007
  27 -27       -0.0184812842        0.1008202245
  28  28       -0.0457279243       -0.0598747499
  28  27        0.1429628001       -0.2081506910
  28  26        0.0567452667       -0.1579013320
  28  25        0.0380839032       -0.0512003525
  28  24        0.0032422844       -0.1161043401
  28  23       -0.1401611517       -0.1963172987
  28  22        0.2352489181        0.1305022151
  28  21        0.0703315844       -0.1522426504
  28  20       -0.0161633185        0.1521343970
  28  19        0.0478751384        0.0141790705
  28  18        0.0985236220       -0.2729912302
  28  17       -0.1877508093        0.1357348866
  28  16       -0.0283808707       -0.0136596934
  28  15       -0.0471545554        0.0616914106
  28  14       -0.1112841837        0.0229005839
  28  13       -0.1532195961       -0.3143349931
  28  12        0.1342269914        0.1644901963
  28  11       -0.1406151624       -0.0820330870
  28  10        0.0830023606        0.1041373730
  28   9        0.0949277524       -0.0503537662
  28   8       -0.0552985957       -0.0957410434
  28   7       -0.0634263768       -0.0305344398
  28   6        0.0805000898       -0.1050266906
  28   5       -0.2079804380        0.1527330911
  28   4        0.1578946264        0.0021966360
  28   3       -0.0398304039       -0.0274107399
  28   2        0.1828072187        0.1747181209
  28   1       -0.1374304133       -0.2682233845
  28   0       -0.0190254725        0.0000000000
  28  -1        0.1374304133       -0.2682233845
  28  -2        0.1828072187       -0.1747181209
  28  -3        0.0398304039       -0.0274107399
  28  -4        0.1578946264       -0.0021966360
  28  -5        0.2079804380        0.1527330911
  28  -6        0.0805000898        0.1050266906
  28  -7        0.0634263768       -0.0305344398
  28  -8       -0.0552985957        0.0957410434
  28  -9       -0.0949277524       -0.0503537662
  28 -10        0.0830023606       -0.1041373730
  28 -11        0.1406151624       -0.0820330870
  28 -12        0.1342269914       -0.1644901963
  28 -13        0.1532195961       -0.3143349931
  28 -14       -0.1112841837       -0.0229005839
  28 -15        0.0471545554        0.0616914106
  28 -16       -0.0283808707        0.0136596934
  28 -17        0.1877508093        0.1357348866
  28 -18        0.0985236220        0.2729912302
  28 -19       -0.0478751384        0.0141790705
  28 -20       -0.0161633185       -0.1521343970
  28 -21       -0.0703315844       -0.1522426504
  28 -22        0.2352489181       -0.1305022151
  28 -23        0.1401611517       -0.1963172987
  28 -24        0.0032422844        0.1161043401
  28 -25       -0.0380839032       -0.0512003525
  28 -26        0.0567452667        0.1579013320
  28 -27       -0.1429628001       -0.2081506910
  28 -28       -0.0457279243        0.0598747499
  29  29       -0.1030825695       -0.0110667355
  29  28        0.0642710264       -0.0501326668
  29  27       -0.0912004671       -0.0246513311
  29  26        0.1161137400        0.2116006971
  29  25        0.1454207063       -0.1601953615
  29  24       -0.0442411339        0.0579219180
  29  23       -0.0523143847        0.0637682586
  29  22        0.0121163332        0.1876172273
  29  21       -0.0367313358        0.1260282183
  29  20        0.0069385403        0.1879612776
  29  19       -0.1093422074        0.1706062888
  29  18       -0.2661655382       -0.1105655254
  29  17        0.1262116906        0.0489703867
  29  16       -0.0411539887       -0.1003837206
  29  15        0.0937662938        0.0783425674
  29  14        0.1474120612       -0.0672672804
  29  13       -0.0683417624       -0.1195910437
  29  12        0.3406282776        0.1317919660
  29  11       -0.3761358601        0.1022149157
  29  10        0.1093171934       -0.0361140128
  29   9       -0.2872718637        0.1565436021
  29   8        0.0199966355       -0.1451476565
  29   7        0.0720476475       -0.1219470601
  29   6       -0.2441475649        0.0670500709
  29   5       -0.0324216414        0.2007472730
  29   4       -0.3042403682       -0.3037442618
  29   3       -0.0944849560        0.0113150091
  29   2        0.1384457263       -0.0110748712
  29   1        0.1382564874        0.2495204432
  29   0        0.1427178095        0.0000000000
  29  -1       -0.1382564874        0.2495204432
  29  -2        0.1384457263        0.0110748712
  29  -3        0.0944849560        0.0113150091
  29  -4       -0.3042403682        0.3037442618
  29  -5        0.0324216414        0.2007472730
  29  -6       -0.2441475649       -0.0670500709
  29  -7       -0.0720476475       -0.1219470601
  29  -8        0.0199966355        0.1451476565
  29  -9        0.2872718637        0.1565436021
  29 -10        0.1093171934        0.0361140128
  29 -11        0.3761358601        0.1022149157
  29 -12        0.3406282776       -0.1317919660
  29 -13        0.0683417624       -0.1195910437
  29 -14        0.1474120612        0.0672672804
  29 -15       -0.0937662938        0.0783425674
  29 -16       -0.0411539887        0.1003837206
  29 -17       -0.1262116906        0.0489703867
  29 -18       -0.2661655382        0.1105655254
  29 -19        0.1093422074        0.1706062888
  29 -20        0.0069385403       -0.1879612776
  29 -21        0.0367313358        0.1260282183
  29 -22        0.0121163332       -0.1876172273
  29 -23        0.0523143847        0.0637682586
  29 -24       -0.0442411339       -0.0579219180
  29 -25       -0.1454207063       -0.1601953615
  29 -26        0.1161137400       -0.2116006971
  29 -27        0.0912004671       -0.0246513311
  29 -28        0.0642710264        0.0501326668
  29 -29        0.1030825695       -0.0110667355
  30  30       -0.1333820511       -0.0736220799
  30  29       -0.1528582780        0.1697749916
  30  28       -0.2979577748       -0.0633496580
  30  27       -0.0212289105        0.0008633200
  30  26        0.1113468724       -0.0207725476
  30  25       -0.0791607203        0.0021485163
  30  24       -0.2259883122       -0.0191848680
  30  23       -0.0455889492        0.0018206372
  30  22       -0.0707027682        0.1157436396
  30  21       -0.0737942221       -0.0804353603
  30  20       -0.0644805149        0.0017420247
  30  19       -0.0536240195       -0.0769172785
  30  18        0.0821541117       -0.2519629996
  30  17       -0.1818691881        0.0095051475
  30  16        0.1201060813        0.0165025947
  30  15       -0.0322287615       -0.0665530801
  30  14        0.1091024655       -0.0092724282
  30  13       -0.0945354517       -0.0034736131
  30  12       -0.0995815568        0.0217556837
  30  11        0.0209188470        0.1227841650
  30  10        0.0329943844        0.0829814385
  30   9       -0.1072063316        0.0661824652
  30   8        0.0653970366       -0.1470651907
  30   7       -0.0960243536       -0.0130632823
  30   6       -0.0246067974        0.0429938328
  30   5        0.1217741702        0.0064800635
  30   4       -0.2721524885       -0.1655829199
  30   3        0.0827776339        0.0269320019
  30   2        0.0125441761       -0.2749505621
  30   1       -0.0619920347        0.0465905982
  30   0        0.2637741416        0.0000000000
  30  -1        0.0619920347        0.0465905982
  30  -2        0.0125441761        0.2749505621
  30  -3       -0.0827776339        0.0269320019
  30  -4       -0.2721524885        0.1655829199
  30  -5       -0.1217741702        0.0064800635
  30  -6       -0.0246067974       -0.0429938328
  30  -7        0.0960243536       -0.0130632823
  30  -8        0.0653970366        0.1470651907
  30  -9        0.1072063316        0.0661824652
  30 -10        0.0329943844       -0.0829814385
  30 -11       -0.0209188470        0.1227841650
  30 -12       -0.0995815568       -0.0217556837
  30 -13        0.0945354517       -0.0034736131
  30 -14        0.1091024655        0.0092724282
  30 -15        0.0322287615       -0.0665530801
  30 -16        0.1201060813       -0.0165025947
  30 -17        0.1818691881        0.0095051475
  30 -18        0.0821541117        0.2519629996
  30 -19        0.0536240195       -0.0769172785
  30 -20       -0.0644805149       -0.0017420247
  30 -21        0.0737942221       -0.0804353603
  30 -22       -0.0707027682       -0.1157436396
  30 -23        0.0455889492        0.0018206372
  30 -24       -0.2259883122        0.0191848680
  30 -25        0.0791607203        0.0021485163
  30 -26        0.1113468724        0.0207725476
  30 -27        0.0212289105        0.0008633200
  30 -28       -0.2979577748        0.0633496580
  30 -29        0.1528582780        0.1697749916
  30 -30       -0.1333820511        0.0736220799
