   0   0       61.5975078815        0.0000000000
   1   1        0.2079367702       -0.9639350969
   1   0       -1.4301222644        0.0000000000
   1  -1       -0.2079367702       -0.9639350969
   2   2        0.1744299501        2.8029092528
   2   1        5.0879700094        3.2251125338
   2   0        7.1643705105        0.0000000000
   2  -1       -5.0879700094        3.2251125338
   2  -2        0.1744299501       -2.8029092528
   3   3        1.5362950648        3.0411363146
   3   2       -1.0839430728       -0.8269804836
   3   1       -0.0759992862        3.0746426043
   3   0        2.2618819250        0.0000000000
   3  -1        0.0759992862        3.0746426043
   3  -2       -1.0839430728        0.8269804836
   3  -3       -1.5362950648        3.0411363146
   4   4        0.2794841450        0.6245517001
   4   3        0.1374546831        0.8803152627
   4   2        0.1154069511        2.1116839349
   4   1        0.6723474309        1.3555835273
   4   0       -1.5649813430        0.0000000000
   4  -1       -0.6723474309        1.3555835273
   4  -2        0.1154069511       -2.1116839349
   4  -3       -0.1374546831        0.8803152627
   4  -4        0.2794841450       -0.6245517001
   5   5       -0.8912280145        0.0660909757
   5   4        0.1105935281        1.0017981382
   5   3       -1.2691817847        0.5177161841
   5   2       -1.5186680460        0.2680697203
   5   1        0.1467166615       -0.1732220187
   5   0       -0.4231132988        0.0000000000
   5  -1       -0.1467166615       -0.1732220187
   5  -2       -1.5186680460       -0.2680697203
   5  -3        1.2691817847        0.5177161841
   5  -4        0.1105935281       -1.0017981382
   5  -5        0.8912280145        0.0660909757
   6   6       -0.7280906986        0.3268063873
   6   5       -0.3303804830       -0.0211569262
   6   4       -0.0889734879        0.4643171068
   6   3        0.1339660865        0.4175242570
   6   2       -0.0886471427        0.2890712966
   6   1       -0.4184269268        0.5285801053
   6   0       -0.0259632803        0.0000000000
   6  -1        0.4184269268        0.5285801053
   6  -2       -0.0886471427       -0.2890712966
   6  -3       -0.1339660865        0.4175242570
   6  -4       -0.0889734879       -0.4643171068
   6  -5        0.3303804830       -0.0211569262
   6  -6       -0.7280906986       -0.3268063873
   7   7       -0.3065901931        0.1281741240
   7   6       -0.4662860217       -0.1149247751
   7   5       -0.1303769976       -0.1051288931
   7   4       -0.5916765933       -0.2202710366
   7   3       -0.6221090416       -0.2527892622
   7   2       -0.0594694226       -0.2244969674
   7   1        0.2751478301        0.0611032642
   7   0       -0.1618112003        0.0000000000
   7  -1       -0.2751478301        0.0611032642
   7  -2       -0.0594694226        0.2244969674
   7  -3        0.6221090416       -0.2527892622
   7  -4       -0.5916765933        0.2202710366
   7  -5        0.1303769976       -0.1051288931
   7  -6       -0.4662860217        0.1149247751
   7  -7        0.3065901931        0.1281741240
   8   8       -0.1396045286       -0.2598572137
   8   7       -0.2749144191        0.2091579100
   8   6       -0.2604745446       -0.2433997065
   8   5        0.0184449884       -0.0967517536
   8   4        0.1077306837       -0.0634377983
   8   3       -0.0541161581       -0.0355181696
   8   2        0.1666159034        0.0252369065
   8   1       -0.1213023973       -0.3982539249
   8   0        0.3147910918        0.0000000000
   8  -1        0.1213023973       -0.3982539249
   8  -2        0.1666159034       -0.0252369065
   8  -3        0.0541161581       -0.0355181696
   8  -4        0.1077306837        0.0634377983
   8  -5       -0.0184449884       -0.0967517536
   8  -6       -0.2604745446        0.2433997065
   8  -7        0.2749144191        0.2091579100
   8  -8       -0.1396045286        0.2598572137
   9   9       -0.2868643793       -0.2652759643
   9   8       -0.1878908259       -0.0149753603
   9   7        0.0476577651        0.1068309126
   9   6       -0.0096264024       -0.1961864400
   9   5       -0.2691072316       -0.4729896410
   9   4       -0.1278079534        0.0573558559
   9   3        0.3284200487        0.0127148703
   9   2        0.2033375402       -0.2314840595
   9   1       -0.1970019377        0.2091517384
   9   0        0.0835558339        0.0000000000
   9  -1        0.1970019377        0.2091517384
   9  -2        0.2033375402        0.2314840595
   9  -3       -0.3284200487        0.0127148703
   9  -4       -0.1278079534       -0.0573558559
   9  -5        0.2691072316       -0.4729896410
   9  -6       -0.0096264024        0.1961864400
   9  -7       -0.0476577651        0.1068309126
   9  -8       -0.1878908259        0.0149753603
   9  -9        0.2868643793       -0.2652759643
  10  10       -0.0934493574       -0.1453758967
  10   9       -0.0279463261       -0.2082311554
  10   8       -0.0146340864        0.0362022147
  10   7        0.0274614682       -0.2645795778
  10   6       -0.0129167149       -0.1149469424
  10   5        0.1615329096        0.3172100103
  10   4       -0.0833255167        0.3390919473
  10   3        0.1104752957        0.1110579232
  10   2        0.0254706576        0.1071028163
  10   1        0.0981002302        0.0625486689
  10   0        0.5705910858        0.0000000000
  10  -1       -0.0981002302        0.0625486689
  10  -2        0.0254706576       -0.1071028163
  10  -3       -0.1104752957        0.1110579232
  10  -4       -0.0833255167       -0.3390919473
  10  -5       -0.1615329096        0.3172100103
  10  -6       -0.0129167149        0.1149469424
  10  -7       -0.0274614682       -0.2645795778
  10  -8       -0.0146340864       -0.0362022147
  10  -9        0.0279463261       -0.2082311554
  10 -10       -0.0934493574        0.1453758967
  11  11        0.1084157262       -0.0703323778
  11  10       -0.1502846718       -0.1831057193
  11   9        0.0279872346       -0.1346458522
  11   8        0.2165782075        0.0517076491
  11   7        0.0500911310       -0.1249282327
  11   6       -0.0995318514       -0.2129556592
  11   5       -0.0921100205       -0.0353219230
  11   4        0.1717847095       -0.1940526375
  11   3        0.0311427945       -0.0962800520
  11   2       -0.0826029582       -0.0584558686
  11   1       -0.0569645445        0.1323717569
  11   0        0.0652746793        0.0000000000
  11  -1        0.0569645445        0.1323717569
  11  -2       -0.0826029582        0.0584558686
  11  -3       -0.0311427945       -0.0962800520
  11  -4        0.1717847095        0.1940526375
  11  -5        0.0921100205       -0.0353219230
  11  -6       -0.0995318514        0.2129556592
  11  -7       -0.0500911310       -0.1249282327
  11  -8        0.2165782075       -0.0517076491
  11  -9       -0.0279872346       -0.1346458522
  11 -10       -0.1502846718        0.1831057193
  11 -11       -0.1084157262       -0.0703323778
  12  12        0.1391474367       -0.1317091408
  12  11        0.0765218099       -0.1070843397
  12  10        0.0465537926       -0.0342724320
  12   9        0.1900456777        0.0013961596
  12   8        0.1031581793       -0.0915662536
  12   7       -0.0422734964        0.0844686670
  12   6        0.0599765101        0.1956622917
  12   5       -0.1085836984        0.0494324895
  12   4       -0.2113705346        0.1208739997
  12   3        0.0537024305        0.1393692167
  12   2        0.1419836227        0.0058445259
  12   1        0.0169435361        0.0206557392
  12   0        0.0878950785        0.0000000000
  12  -1       -0.0169435361        0.0206557392
  12  -2        0.1419836227       -0.0058445259
  12  -3       -0.0537024305        0.1393692167
  12  -4       -0.2113705346       -0.1208739997
  12  -5        0.1085836984        0.0494324895
  12  -6        0.0599765101       -0.1956622917
  12  -7        0.0422734964        0.0844686670
  12  -8        0.1031581793        0.0915662536
  12  -9       -0.1900456777        0.0013961596
  12 -10        0.0465537926        0.0342724320
  12 -11       -0.0765218099       -0.1070843397
  12 -12        0.1391474367        0.1317091408
  13  13        0.0428203823       -0.0741349052
  13  12        0.1014110166       -0.0564866709
  13  11        0.0037595647       -0.0776950058
  13  10        0.1612375313       -0.0592221649
  13   9        0.1396264239        0.0161450686
  13   8       -0.0457310530        0.0239274554
  13   7       -0.1444899073       -0.1472592464
  13   6       -0.0584460109       -0.0109208288
  13   5        0.0222641750        0.0384711419
  13   4        0.0208416996        0.0884549435
  13   3       -0.0114963753       -0.0029643488
  13   2       -0.1893916300       -0.0497462468
  13   1        0.0237918466       -0.0530092397
  13   0        0.0082531926        0.0000000000
  13  -1       -0.0237918466       -0.0530092397
  13  -2       -0.1893916300        0.0497462468
  13  -3        0.0114963753       -0.0029643488
  13  -4        0.0208416996       -0.0884549435
  13  -5       -0.0222641750        0.0384711419
  13  -6       -0.0584460109        0.0109208288
  13  -7        0.1444899073       -0.1472592464
  13  -8       -0.0457310530       -0.0239274554
  13  -9       -0.1396264239        0.0161450686
  13 -10        0.1612375313        0.0592221649
  13 -11       -0.0037595647       -0.0776950058
  13 -12        0.1014110166        0.0564866709
  13 -13       -0.0428203823       -0.0741349052
  14  14        0.0529074938        0.0341017541
  14  13        0.0656956589       -0.0484497190
  14  12        0.0934231726        0.0232931506
  14  11        0.0006445396        0.1243791121
  14  10        0.0478365271        0.0397550326
  14   9        0.0711151606        0.0009893416
  14   8        0.0104717685        0.0645015888
  14   7        0.0252441746        0.1066454832
  14   6       -0.0715790804       -0.0563223290
  14   5       -0.1408975538       -0.0478971147
  14   4       -0.0846788953        0.0580097384
  14   3        0.1438642321        0.0300926971
  14   2        0.0457008537       -0.0612587886
  14   1       -0.1221432151        0.0093176645
  14   0        0.0920246596        0.0000000000
  14  -1        0.1221432151        0.0093176645
  14  -2        0.0457008537        0.0612587886
  14  -3       -0.1438642321        0.0300926971
  14  -4       -0.0846788953       -0.0580097384
  14  -5        0.1408975538       -0.0478971147
  14  -6       -0.0715790804        0.0563223290
  14  -7       -0.0252441746        0.1066454832
  14  -8        0.0104717685       -0.0645015888
  14  -9       -0.0711151606        0.0009893416
  14 -10        0.0478365271       -0.0397550326
  14 -11       -0.0006445396        0.1243791121
  14 -12        0.0934231726       -0.0232931506
  14 -13       -0.0656956589       -0.0484497190
  14 -14        0.0529074938       -0.0341017541
  15  15        0.0870900038        0.0989633780
  15  14        0.0988262774        0.0278118224
  15  13        0.0341034893        0.0256782124
  15  12        0.0455742030        0.0591349248
  15  11        0.0554289063        0.0028085328
  15  10        0.0014739906       -0.0101345163
  15   9        0.0073398042       -0.0310824385
  15   8       -0.1137513540       -0.1312268594
  15   7       -0.0395180180       -0.0351986429
  15   6        0.0977725318        0.0399565035
  15   5        0.0194448535        0.0110969889
  15   4        0.0248725032       -0.1121203465
  15   3       -0.0528801882       -0.0053066381
  15   2       -0.0429142929       -0.0268723657
  15   1        0.1382736383        0.0108404185
  15   0       -0.0734887780        0.0000000000
  15  -1       -0.1382736383        0.0108404185
  15  -2       -0.0429142929        0.0268723657
  15  -3        0.0528801882       -0.0053066381
  15  -4        0.0248725032        0.1121203465
  15  -5       -0.0194448535        0.0110969889
  15  -6        0.0977725318       -0.0399565035
  15  -7        0.0395180180       -0.0351986429
  15  -8       -0.1137513540        0.1312268594
  15  -9       -0.0073398042       -0.0310824385
  15 -10        0.0014739906        0.0101345163
  15 -11       -0.0554289063        0.0028085328
  15 -12        0.0455742030       -0.0591349248
  15 -13       -0.0341034893        0.0256782124
  15 -14        0.0988262774       -0.0278118224
  15 -15       -0.0870900038        0.0989633780
  16  16        0.0512578120        0.0558001498
  16  15        0.0399378000        0.0389178122
  16  14       -0.0197898766        0.0233621910
  16  13        0.0164459960        0.0835283332
  16  12       -0.0350366026        0.0840808827
  16  11       -0.0732875506       -0.0351609740
  16  10       -0.0336773927       -0.0278011614
  16   9       -0.0185432452        0.0539029433
  16   8        0.0212579064        0.0357585997
  16   7       -0.0752969352       -0.0445674865
  16   6       -0.1389360214       -0.0610299434
  16   5       -0.0597540422        0.0458950711
  16   4        0.0218376766        0.1168482101
  16   3       -0.0301419236        0.0476211692
  16   2       -0.0699610914       -0.0528254093
  16   1        0.0033167265       -0.0035900561
  16   0        0.0484055403        0.0000000000
  16  -1       -0.0033167265       -0.0035900561
  16  -2       -0.0699610914        0.0528254093
  16  -3        0.0301419236        0.0476211692
  16  -4        0.0218376766       -0.1168482101
  16  -5        0.0597540422        0.0458950711
  16  -6       -0.1389360214        0.0610299434
  16  -7        0.0752969352       -0.0445674865
  16  -8        0.0212579064       -0.0357585997
  16  -9        0.0185432452        0.0539029433
  16 -10       -0.0336773927        0.0278011614
  16 -11        0.0732875506       -0.0351609740
  16 -12       -0.0350366026       -0.0840808827
  16 -13       -0.0164459960        0.0835283332
  16 -14       -0.0197898766       -0.0233621910
  16 -15       -0.0399378000        0.0389178122
  16 -16        0.0512578120       -0.0558001498
  17  17        0.0216613576        0.0408322007
  17  16        0.0304267133        0.0567754124
  17  15       -0.0355101144        0.0358295768
  17  14       -0.0808284535       -0.0251852988
  17  13       -0.0110579640        0.0383472653
  17  12        0.0045600289        0.0118948881
  17  11       -0.0470759845        0.0516786568
  17  10       -0.0328221595        0.0052249915
  17   9        0.0279429331       -0.0708293496
  17   8        0.0083581513       -0.0653096109
  17   7       -0.0083090712        0.0294561242
  17   6        0.0565663912        0.0355216526
  17   5        0.0069613166       -0.0439311830
  17   4       -0.0175214317       -0.0375752456
  17   3        0.0127117296        0.0598584747
  17   2        0.0280850122        0.0197031813
  17   1       -0.0442159132       -0.0354757905
  17   0       -0.1014312560        0.0000000000
  17  -1        0.0442159132       -0.0354757905
  17  -2        0.0280850122       -0.0197031813
  17  -3       -0.0127117296        0.0598584747
  17  -4       -0.0175214317        0.0375752456
  17  -5       -0.0069613166       -0.0439311830
  17  -6        0.0565663912       -0.0355216526
  17  -7        0.0083090712        0.0294561242
  17  -8        0.0083581513        0.0653096109
  17  -9       -0.0279429331       -0.0708293496
  17 -10       -0.0328221595       -0.0052249915
  17 -11        0.0470759845        0.0516786568
  17 -12        0.0045600289       -0.0118948881
  17 -13        0.0110579640        0.0383472653
  17 -14       -0.0808284535        0.0251852988
  17 -15        0.0355101144        0.0358295768
  17 -16        0.0304267133       -0.0567754124
  17 -17       -0.0216613576        0.0408322007
  18  18       -0.0004809074       -0.0058414146
  18  17       -0.0240162660        0.0249107951
  18  16       -0.0355885637        0.0102404481
  18  15       -0.0209936656        0.0072079401
  18  14       -0.0013090445        0.0183228079
  18  13        0.0001003285        0.0441399062
  18  12       -0.0038365604       -0.0413364006
  18  11       -0.0021672216       -0.0452234831
  18  10        0.0166817593        0.0642179661
  18   9        0.0207040099       -0.0000827104
  18   8       -0.0664324305       -0.0532740699
  18   7       -0.0184406100       -0.0461003140
  18   6       -0.0412659151        0.0277600784
  18   5        0.0264517133        0.0383233471
  18   4       -0.0033951062        0.0527917273
  18   3       -0.0296799665       -0.0054734924
  18   2       -0.0047672104        0.0162841917
  18   1       -0.0001147980       -0.0015247742
  18   0        0.0084907656        0.0000000000
  18  -1        0.0001147980       -0.0015247742
  18  -2       -0.0047672104       -0.0162841917
  18  -3        0.0296799665       -0.0054734924
  18  -4       -0.0033951062       -0.0527917273
  18  -5       -0.0264517133        0.0383233471
  18  -6       -0.0412659151       -0.0277600784
  18  -7        0.0184406100       -0.0461003140
  18  -8       -0.0664324305        0.0532740699
  18  -9       -0.0207040099       -0.0000827104
  18 -10        0.0166817593       -0.0642179661
  18 -11        0.0021672216       -0.0452234831
  18 -12       -0.0038365604        0.0413364006
  18 -13       -0.0001003285        0.0441399062
  18 -14       -0.0013090445       -0.0183228079
  18 -15        0.0209936656        0.0072079401
  18 -16       -0.0355885637       -0.0102404481
  18 -17        0.0240162660        0.0249107951
  18 -18       -0.0004809074        0.0058414146
  19  19       -0.0223767340       -0.0211513332
  19  18       -0.0723353282       -0.0053095453
  19  17       -0.0306182006        0.0058545747
  19  16        0.0288364518       -0.0061232370
  19  15       -0.0505149333       -0.0734525718
  19  14       -0.0284045647       -0.0383652230
  19  13       -0.0010348053       -0.0355947244
  19  12       -0.0221693379        0.0181302804
  19  11        0.0399317744       -0.0328821612
  19  10        0.0276002645       -0.0516233485
  19   9        0.0444532062       -0.0253983409
  19   8       -0.0110995661        0.0507224452
  19   7       -0.0235830793       -0.0217419925
  19   6       -0.0173612639       -0.0076899868
  19   5       -0.0170763091        0.0090845984
  19   4       -0.0043415412        0.0378835267
  19   3       -0.0015460546        0.0305836869
  19   2       -0.0170992549       -0.0453312923
  19   1       -0.0206534774       -0.0218035814
  19   0       -0.0105707079        0.0000000000
  19  -1        0.0206534774       -0.0218035814
  19  -2       -0.0170992549        0.0453312923
  19  -3        0.0015460546        0.0305836869
  19  -4       -0.0043415412       -0.0378835267
  19  -5        0.0170763091        0.0090845984
  19  -6       -0.0173612639        0.0076899868
  19  -7        0.0235830793       -0.0217419925
  19  -8       -0.0110995661       -0.0507224452
  19  -9       -0.0444532062       -0.0253983409
  19 -10        0.0276002645        0.0516233485
  19 -11       -0.0399317744       -0.0328821612
  19 -12       -0.0221693379       -0.0181302804
  19 -13        0.0010348053       -0.0355947244
  19 -14       -0.0284045647        0.0383652230
  19 -15        0.0505149333       -0.0734525718
  19 -16        0.0288364518        0.0061232370
  19 -17        0.0306182006        0.0058545747
  19 -18       -0.0723353282        0.0053095453
  19 -19        0.0223767340       -0.0211513332
  20  20       -0.0354553292       -0.0027072149
  20  19       -0.0198305008       -0.0015034576
  20  18       -0.0234882882        0.0155821282
  20  17       -0.0118921619       -0.0211167219
  20  16       -0.0036321309       -0.0364639398
  20  15       -0.0097219377       -0.0392647338
  20  14       -0.0396523614       -0.0495187349
  20  13       -0.0091146786       -0.0017357286
  20  12        0.0716065019       -0.0156416020
  20  11        0.0003283263       -0.0033716258
  20  10       -0.0133571968       -0.0017312157
  20   9       -0.0013458668        0.0079807860
  20   8       -0.0001329095       -0.0696675901
  20   7       -0.0139702786        0.0300565550
  20   6       -0.0492755587        0.0604218740
  20   5       -0.0405068603       -0.0056868263
  20   4       -0.0565657440        0.0087684805
  20   3        0.0143159682        0.0101518561
  20   2        0.0570216205       -0.0043534821
  20   1        0.0341152285        0.0208462676
  20   0        0.0447924365        0.0000000000
  20  -1       -0.0341152285        0.0208462676
  20  -2        0.0570216205        0.0043534821
  20  -3       -0.0143159682        0.0101518561
  20  -4       -0.0565657440       -0.0087684805
  20  -5        0.0405068603       -0.0056868263
  20  -6       -0.0492755587       -0.0604218740
  20  -7        0.0139702786        0.0300565550
  20  -8       -0.0001329095        0.0696675901
  20  -9        0.0013458668        0.0079807860
  20 -10       -0.0133571968        0.0017312157
  20 -11       -0.0003283263       -0.0033716258
  20 -12        0.0716065019        0.0156416020
  20 -13        0.0091146786       -0.0017357286
  20 -14       -0.0396523614        0.0495187349
  20 -15        0.0097219377       -0.0392647338
  20 -16       -0.0036321309        0.0364639398
  20 -17        0.0118921619       -0.0211167219
  20 -18       -0.0234882882       -0.0155821282
  20 -19        0.0198305008       -0.0015034576
  20 -20       -0.0354553292        0.0027072149
  21  21       -0.0397748831       -0.0213312032
  21  20       -0.0451120887       -0.0124748828
  21  19       -0.0013964021        0.0065985285
  21  18       -0.0032101565        0.0118737659
  21  17        0.0099133602       -0.0001292913
  21  16        0.0020613271       -0.0517624182
  21  15        0.0258230378       -0.0339182497
  21  14        0.0277182633       -0.0537625489
  21  13        0.0128162048        0.0239792512
  21  12        0.0206103120       -0.0549333490
  21  11       -0.0209565172       -0.0386455869
  21  10        0.0338861096        0.0339496249
  21   9        0.0092622020        0.0137720444
  21   8        0.0099604723       -0.0167406191
  21   7       -0.0245429426       -0.0241273466
  21   6        0.0144046105        0.0085841000
  21   5        0.0297004795       -0.0273147074
  21   4       -0.0026410723       -0.0244056056
  21   3       -0.0015561039        0.0229966891
  21   2        0.0036012351       -0.0488989359
  21   1       -0.0405165099        0.0051384262
  21   0       -0.0163205670        0.0000000000
  21  -1        0.0405165099        0.0051384262
  21  -2        0.0036012351        0.0488989359
  21  -3        0.0015561039        0.0229966891
  21  -4       -0.0026410723        0.0244056056
  21  -5       -0.0297004795       -0.0273147074
  21  -6        0.0144046105       -0.0085841000
  21  -7        0.0245429426       -0.0241273466
  21  -8        0.0099604723        0.0167406191
  21  -9       -0.0092622020        0.0137720444
  21 -10        0.0338861096       -0.0339496249
  21 -11        0.0209565172       -0.0386455869
  21 -12        0.0206103120        0.0549333490
  21 -13       -0.0128162048        0.0239792512
  21 -14        0.0277182633        0.0537625489
  21 -15       -0.0258230378       -0.0339182497
  21 -16        0.0020613271        0.0517624182
  21 -17       -0.0099133602       -0.0001292913
  21 -18       -0.0032101565       -0.0118737659
  21 -19        0.0013964021        0.0065985285
  21 -20       -0.0451120887        0.0124748828
  21 -21        0.0397748831       -0.0213312032
  22  22       -0.0158733237       -0.0238530303
  22  21       -0.0016523939       -0.0221218102
  22  20        0.0241231001       -0.0099788411
  22  19        0.0319934041        0.0162394585
  22  18        0.0363268593       -0.0100443936
  22  17        0.0713529566       -0.0310438006
  22  16        0.0415058567       -0.0282978044
  22  15       -0.0275414483       -0.0197085361
  22  14        0.0608406633       -0.0065120627
  22  13        0.0350080022        0.0228243256
  22  12        0.0081834806        0.0439622641
  22  11        0.0076823942        0.0097162394
  22  10       -0.0014199329       -0.0260711644
  22   9       -0.0143897208       -0.0322567955
  22   8        0.0008526768        0.0324779247
  22   7       -0.0305086317        0.0082045023
  22   6       -0.0380145339       -0.0352857170
  22   5       -0.0235955887       -0.0551985576
  22   4        0.0210854399        0.0392748563
  22   3        0.0339884677        0.0082958693
  22   2       -0.0263214502       -0.0222709547
  22   1       -0.0383444966        0.0021708354
  22   0        0.0033619022        0.0000000000
  22  -1        0.0383444966        0.0021708354
  22  -2       -0.0263214502        0.0222709547
  22  -3       -0.0339884677        0.0082958693
  22  -4        0.0210854399       -0.0392748563
  22  -5        0.0235955887       -0.0551985576
  22  -6       -0.0380145339        0.0352857170
  22  -7        0.0305086317        0.0082045023
  22  -8        0.0008526768       -0.0324779247
  22  -9        0.0143897208       -0.0322567955
  22 -10       -0.0014199329        0.0260711644
  22 -11       -0.0076823942        0.0097162394
  22 -12        0.0081834806       -0.0439622641
  22 -13       -0.0350080022        0.0228243256
  22 -14        0.0608406633        0.0065120627
  22 -15        0.0275414483       -0.0197085361
  22 -16        0.0415058567        0.0282978044
  22 -17       -0.0713529566       -0.0310438006
  22 -18        0.0363268593        0.0100443936
  22 -19       -0.0319934041        0.0162394585
  22 -20        0.0241231001        0.0099788411
  22 -21        0.0016523939       -0.0221218102
  22 -22       -0.0158733237        0.0238530303
  23  23        0.0063213954        0.0054506348
  23  22       -0.0134031606       -0.0228557052
  23  21        0.0254980895       -0.0401302065
  23  20        0.0389738840        0.0163462302
  23  19        0.0171995313        0.0016893018
  23  18        0.0501873042        0.0099736858
  23  17        0.0325189803       -0.0177197615
  23  16        0.0367034079        0.0377536664
  23  15        0.0338339674        0.0311143270
  23  14       -0.0345126612        0.0288322509
  23  13       -0.0133982579       -0.0124043659
  23  12        0.0158822176       -0.0224881615
  23  11        0.0020232506       -0.0178912508
  23  10       -0.0052471844       -0.0156388070
  23   9        0.0015480412        0.0070941650
  23   8        0.0071321476       -0.0180076912
  23   7       -0.0018205766        0.0253833859
  23   6        0.0205097732        0.0294112760
  23   5       -0.0217983537       -0.0062030813
  23   4       -0.0018646883       -0.0125483894
  23   3       -0.0032626872       -0.0019436757
  23   2        0.0065777342        0.0058806563
  23   1        0.0294072832       -0.0061139880
  23   0       -0.0410933276        0.0000000000
  23  -1       -0.0294072832       -0.0061139880
  23  -2        0.0065777342       -0.0058806563
  23  -3        0.0032626872       -0.0019436757
  23  -4       -0.0018646883        0.0125483894
  23  -5        0.0217983537       -0.0062030813
  23  -6        0.0205097732       -0.0294112760
  23  -7        0.0018205766        0.0253833859
  23  -8        0.0071321476        0.0180076912
  23  -9       -0.0015480412        0.0070941650
  23 -10       -0.0052471844        0.0156388070
  23 -11       -0.0020232506       -0.0178912508
  23 -12        0.0158822176        0.0224881615
  23 -13        0.0133982579       -0.0124043659
  23 -14       -0.0345126612       -0.0288322509
  23 -15       -0.0338339674        0.0311143270
  23 -16        0.0367034079       -0.0377536664
  23 -17       -0.0325189803       -0.0177197615
  23 -18        0.0501873042       -0.0099736858
  23 -19       -0.0171995313        0.0016893018
  23 -20        0.0389738840       -0.0163462302
  23 -21       -0.0254980895       -0.0401302065
  23 -22       -0.0134031606        0.0228557052
  23 -23       -0.0063213954        0.0054506348
  24  24        0.0208292191        0.0262179543
  24  23       -0.0063841034       -0.0187038358
  24  22        0.0156177499       -0.0202455501
  24  21        0.0000073095       -0.0167677058
  24  20        0.0275466571        0.0330238396
  24  19        0.0279182550        0.0129439674
  24  18        0.0436475750        0.0122263961
  24  17       -0.0057318959        0.0329050163
  24  16       -0.0122675319        0.0268153394
  24  15        0.0095739771       -0.0000401651
  24  14       -0.0144845356        0.0181961481
  24  13       -0.0247276888        0.0176295676
  24  12       -0.0187731299        0.0112922408
  24  11       -0.0346684600       -0.0222106609
  24  10       -0.0056448207       -0.0196378752
  24   9        0.0099647365        0.0256867372
  24   8       -0.0195199655       -0.0255345401
  24   7       -0.0084896798       -0.0364929050
  24   6       -0.0221623283       -0.0054972499
  24   5        0.0125649070        0.0425379273
  24   4        0.0262061367        0.0046809494
  24   3       -0.0004817935       -0.0091708933
  24   2       -0.0238042400        0.0090407714
  24   1        0.0293185704       -0.0081750299
  24   0       -0.0150282807        0.0000000000
  24  -1       -0.0293185704       -0.0081750299
  24  -2       -0.0238042400       -0.0090407714
  24  -3        0.0004817935       -0.0091708933
  24  -4        0.0262061367       -0.0046809494
  24  -5       -0.0125649070        0.0425379273
  24  -6       -0.0221623283        0.0054972499
  24  -7        0.0084896798       -0.0364929050
  24  -8       -0.0195199655        0.0255345401
  24  -9       -0.0099647365        0.0256867372
  24 -10       -0.0056448207        0.0196378752
  24 -11        0.0346684600       -0.0222106609
  24 -12       -0.0187731299       -0.0112922408
  24 -13        0.0247276888        0.0176295676
  24 -14       -0.0144845356       -0.0181961481
  24 -15       -0.0095739771       -0.0000401651
  24 -16       -0.0122675319       -0.0268153394
  24 -17        0.0057318959        0.0329050163
  24 -18        0.0436475750       -0.0122263961
  24 -19       -0.0279182550        0.0129439674
  24 -20        0.0275466571       -0.0330238396
  24 -21       -0.0000073095       -0.0167677058
  24 -22        0.0156177499        0.0202455501
  24 -23        0.0063841034       -0.0187038358
  24 -24        0.0208292191       -0.0262179543
  25  25        0.0011781533        0.0002163650
  25  24        0.0090270373       -0.0020263588
  25  23        0.0214518733        0.0052367112
  25  22        0.0265253935        0.0008759668
  25  21        0.0026787760        0.0052877376
  25  20        0.0065571715        0.0166482212
  25  19        0.0124104435        0.0019332174
  25  18        0.0063778186       -0.0008207841
  25  17        0.0056122273        0.0295550726
  25  16       -0.0205562886        0.0243672988
  25  15       -0.0350057088        0.0196165875
  25  14        0.0005245866       -0.0332167031
  25  13        0.0109634818       -0.0216704638
  25  12       -0.0032490778        0.0259838079
  25  11        0.0137223219       -0.0025602013
  25  10       -0.0081478915       -0.0492271278
  25   9        0.0069957049       -0.0279540045
  25   8        0.0198230130        0.0280972330
  25   7        0.0027466496        0.0050098296
  25   6       -0.0035278559       -0.0054444023
  25   5        0.0320805936       -0.0174094821
  25   4       -0.0022829401       -0.0281489295
  25   3        0.0006820167        0.0236294882
  25   2        0.0163686167        0.0159486671
  25   1       -0.0383180876       -0.0340851645
  25   0       -0.0426661584        0.0000000000
  25  -1        0.0383180876       -0.0340851645
  25  -2        0.0163686167       -0.0159486671
  25  -3       -0.0006820167        0.0236294882
  25  -4       -0.0022829401        0.0281489295
  25  -5       -0.0320805936       -0.0174094821
  25  -6       -0.0035278559        0.0054444023
  25  -7       -0.0027466496        0.0050098296
  25  -8        0.0198230130       -0.0280972330
  25  -9       -0.0069957049       -0.0279540045
  25 -10       -0.0081478915        0.0492271278
  25 -11       -0.0137223219       -0.0025602013
  25 -12       -0.0032490778       -0.0259838079
  25 -13       -0.0109634818       -0.0216704638
  25 -14        0.0005245866        0.0332167031
  25 -15        0.0350057088        0.0196165875
  25 -16       -0.0205562886       -0.0243672988
  25 -17       -0.0056122273        0.0295550726
  25 -18        0.0063778186        0.0008207841
  25 -19       -0.0124104435        0.0019332174
  25 -20        0.0065571715       -0.0166482212
  25 -21       -0.0026787760        0.0052877376
  25 -22        0.0265253935       -0.0008759668
  25 -23       -0.0214518733        0.0052367112
  25 -24        0.0090270373        0.0020263588
  25 -25       -0.0011781533        0.0002163650
  26  26        0.0065859503       -0.0326147475
  26  25       -0.0168251281        0.0404685381
  26  24        0.0034029075        0.0095715949
  26  23       -0.0108028915        0.0294508418
  26  22        0.0002158285       -0.0121328097
  26  21       -0.0113923129       -0.0004473750
  26  20        0.0364920868       -0.0014889303
  26  19        0.0036880437        0.0179230807
  26  18       -0.0283711138        0.0007668827
  26  17       -0.0339230331        0.0049843168
  26  16        0.0099972110       -0.0038086532
  26  15       -0.0068363655        0.0063389223
  26  14       -0.0249518273        0.0081740515
  26  13        0.0150635571       -0.0030335356
  26  12        0.0033468428       -0.0106461915
  26  11        0.0259956083       -0.0058957426
  26  10       -0.0083478106       -0.0174051961
  26   9       -0.0065540486       -0.0176870162
  26   8        0.0027011166       -0.0473957517
  26   7       -0.0367187425       -0.0050220216
  26   6       -0.0161183022        0.0664248902
  26   5        0.0088635906       -0.0044748660
  26   4       -0.0227283904       -0.0222552051
  26   3       -0.0303010637        0.0176696279
  26   2        0.0255431858       -0.0131402368
  26   1       -0.0221819837       -0.0342150472
  26   0        0.0388873543        0.0000000000
  26  -1        0.0221819837       -0.0342150472
  26  -2        0.0255431858        0.0131402368
  26  -3        0.0303010637        0.0176696279
  26  -4       -0.0227283904        0.0222552051
  26  -5       -0.0088635906       -0.0044748660
  26  -6       -0.0161183022       -0.0664248902
  26  -7        0.0367187425       -0.0050220216
  26  -8        0.0027011166        0.0473957517
  26  -9        0.0065540486       -0.0176870162
  26 -10       -0.0083478106        0.0174051961
  26 -11       -0.0259956083       -0.0058957426
  26 -12        0.0033468428        0.0106461915
  26 -13       -0.0150635571       -0.0030335356
  26 -14       -0.0249518273       -0.0081740515
  26 -15        0.0068363655        0.0063389223
  26 -16        0.0099972110        0.0038086532
  26 -17        0.0339230331        0.0049843168
  26 -18       -0.0283711138       -0.0007668827
  26 -19       -0.0036880437        0.0179230807
  26 -20        0.0364920868        0.0014889303
  26 -21        0.0113923129       -0.0004473750
  26 -22        0.0002158285        0.0121328097
  26 -23        0.0108028915        0.0294508418
  26 -24        0.0034029075       -0.0095715949
  26 -25        0.0168251281        0.0404685381
  26 -26        0.0065859503        0.0326147475
  27  27       -0.0160686039       -0.0171999667
  27  26       -0.0128581211        0.0236323680
  27  25        0.0085155894        0.0046932818
  27  24        0.0228372059        0.0069150737
  27  23       -0.0084678907        0.0285265849
  27  22       -0.0109556319        0.0145185717
  27  21       -0.0005521382        0.0116682483
  27  20       -0.0046951225       -0.0071247838
  27  19       -0.0392118612        0.0213540983
  27  18        0.0096091889       -0.0226049877
  27  17       -0.0199384848       -0.0350810080
  27  16       -0.0220724348       -0.0357703803
  27  15        0.0232182611       -0.0307155577
  27  14        0.0257102225        0.0128863976
  27  13        0.0076200054        0.0102650820
  27  12       -0.0170064454        0.0090557924
  27  11        0.0199154711       -0.0278000010
  27  10       -0.0038091876       -0.0014161637
  27   9        0.0134935233        0.0276785279
  27   8        0.0071589438        0.0286036947
  27   7        0.0225604565       -0.0172631996
  27   6        0.0054846323        0.0012868437
  27   5       -0.0201311349        0.0031745207
  27   4       -0.0078559618        0.0107254073
  27   3       -0.0070580429       -0.0112765996
  27   2       -0.0186256270       -0.0272102087
  27   1       -0.0051337072       -0.0077542012
  27   0        0.0391986484        0.0000000000
  27  -1        0.0051337072       -0.0077542012
  27  -2       -0.0186256270        0.0272102087
  27  -3        0.0070580429       -0.0112765996
  27  -4       -0.0078559618       -0.0107254073
  27  -5        0.0201311349        0.0031745207
  27  -6        0.0054846323       -0.0012868437
  27  -7       -0.0225604565       -0.0172631996
  27  -8        0.0071589438       -0.0286036947
  27  -9       -0.0134935233        0.0276785279
  27 -10       -0.0038091876        0.0014161637
  27 -11       -0.0199154711       -0.0278000010
  27 -12       -0.0170064454       -0.0090557924
  27 -13       -0.0076200054        0.0102650820
  27 -14        0.0257102225       -0.0128863976
  27 -15       -0.0232182611       -0.0307155577
  27 -16       -0.0220724348        0.0357703803
  27 -17        0.0199384848       -0.0350810080
  27 -18        0.0096091889        0.0226049877
  27 -19        0.0392118612        0.0213540983
  27 -20       -0.0046951225        0.0071247838
  27 -21        0.0005521382        0.0116682483
  27 -22       -0.0109556319       -0.0145185717
  27 -23        0.0084678907        0.0285265849
  27 -24        0.0228372059       -0.0069150737
  27 -25       -0.0085155894        0.0046932818
  27 -26       -0.0128581211       -0.0236323680
  27 -27        0.0160686039       -0.0171999667
  28  28        0.0170994977        0.0204474588
  28  27       -0.0066427579       -0.0000762042
  28  26        0.0049278129       -0.0016032050
  28  25        0.0054635810        0.0112460963
  28  24       -0.0122875901        0.0228108738
  28  23       -0.0236520113        0.0141436349
  28  22       -0.0086843869       -0.0036056457
  28  21        0.0162278542       -0.0114124126
  28  20       -0.0338851465       -0.0008482090
  28  19        0.0080365411        0.0116626291
  28  18        0.0069329000       -0.0002382897
  28  17        0.0158605785        0.0007660187
  28  16       -0.0063497348       -0.0213712505
  28  15       -0.0012719088        0.0123078268
  28  14        0.0449694378       -0.0105350918
  28  13        0.0027311624       -0.0345670489
  28  12        0.0208313414        0.0112639035
  28  11       -0.0052206829        0.0114835448
  28  10        0.0077645159        0.0076019488
  28   9        0.0349703974       -0.0355156121
  28   8        0.0039229895       -0.0134229003
  28   7        0.0063060028        0.0049771904
  28   6        0.0023533307       -0.0031988787
  28   5        0.0085696472       -0.0051822610
  28   4        0.0052390904       -0.0007983333
  28   3        0.0044258022       -0.0037544842
  28   2        0.0315283823       -0.0083817984
  28   1       -0.0014933303        0.0125510494
  28   0       -0.0184323250        0.0000000000
  28  -1        0.0014933303        0.0125510494
  28  -2        0.0315283823        0.0083817984
  28  -3       -0.0044258022       -0.0037544842
  28  -4        0.0052390904        0.0007983333
  28  -5       -0.0085696472       -0.0051822610
  28  -6        0.0023533307        0.0031988787
  28  -7       -0.0063060028        0.0049771904
  28  -8        0.0039229895        0.0134229003
  28  -9       -0.0349703974       -0.0355156121
  28 -10        0.0077645159       -0.0076019488
  28 -11        0.0052206829        0.0114835448
  28 -12        0.0208313414       -0.0112639035
  28 -13       -0.0027311624       -0.0345670489
  28 -14        0.0449694378        0.0105350918
  28 -15        0.0012719088        0.0123078268
  28 -16       -0.0063497348        0.0213712505
  28 -17       -0.0158605785        0.0007660187
  28 -18        0.0069329000        0.0002382897
  28 -19       -0.0080365411        0.0116626291
  28 -20       -0.0338851465        0.0008482090
  28 -21       -0.0162278542       -0.0114124126
  28 -22       -0.0086843869        0.0036056457
  28 -23        0.0236520113        0.0141436349
  28 -24       -0.0122875901       -0.0228108738
  28 -25       -0.0054635810        0.0112460963
  28 -26        0.0049278129        0.0016032050
  28 -27        0.0066427579       -0.0000762042
  28 -28        0.0170994977       -0.0204474588
  29  29        0.0099692345        0.0042165509
  29  28       -0.0103523753       -0.0081069685
  29  27       -0.0153930246       -0.0081416365
  29  26       -0.0046671172        0.0184801334
  29  25       -0.0053556837       -0.0013977689
  29  24        0.0028276453       -0.0181416142
  29  23        0.0101098783       -0.0010145529
  29  22        0.0050120878        0.0058831795
  29  21       -0.0169507041       -0.0278587808
  29  20       -0.0122094983        0.0151363839
  29  19        0.0304978742       -0.0018142056
  29  18       -0.0029679570       -0.0293617228
  29  17        0.0032296835       -0.0167098440
  29  16        0.0398995612        0.0021010298
  29  15        0.0406083241        0.0051258977
  29  14        0.0003013556       -0.0157044179
  29  13       -0.0027126477       -0.0092868533
  29  12        0.0499833525       -0.0059332054
  29  11        0.0319143137       -0.0003023509
  29  10       -0.0123798444        0.0128553993
  29   9       -0.0193560571       -0.0008767269
  29   8        0.0191385641        0.0045060213
  29   7        0.0068948558       -0.0038596388
  29   6        0.0041068079        0.0107038326
  29   5        0.0008353356        0.0056734435
  29   4        0.0053515354       -0.0404634388
  29   3       -0.0166224817       -0.0017596126
  29   2        0.0294641109       -0.0091359552
  29   1        0.0198421657       -0.0087562716
  29   0       -0.0212964611        0.0000000000
  29  -1       -0.0198421657       -0.0087562716
  29  -2        0.0294641109        0.0091359552
  29  -3        0.0166224817       -0.0017596126
  29  -4        0.0053515354        0.0404634388
  29  -5       -0.0008353356        0.0056734435
  29  -6        0.0041068079       -0.0107038326
  29  -7       -0.0068948558       -0.0038596388
  29  -8        0.0191385641       -0.0045060213
  29  -9        0.0193560571       -0.0008767269
  29 -10       -0.0123798444       -0.0128553993
  29 -11       -0.0319143137       -0.0003023509
  29 -12        0.0499833525        0.0059332054
  29 -13        0.0027126477       -0.0092868533
  29 -14        0.0003013556        0.0157044179
  29 -15       -0.0406083241        0.0051258977
  29 -16        0.0398995612       -0.0021010298
  29 -17       -0.0032296835       -0.0167098440
  29 -18       -0.0029679570        0.0293617228
  29 -19       -0.0304978742       -0.0018142056
  29 -20       -0.0122094983       -0.0151363839
  29 -21        0.0169507041       -0.0278587808
  29 -22        0.0050120878       -0.0058831795
  29 -23       -0.0101098783       -0.0010145529
  29 -24        0.0028276453        0.0181416142
  29 -25        0.0053556837       -0.0013977689
  29 -26       -0.0046671172       -0.0184801334
  29 -27        0.0153930246       -0.0081416365
  29 -28       -0.0103523753        0.0081069685
  29 -29       -0.0099692345        0.0042165509
  30  30        0.0026192265       -0.0379309927
  30  29        0.0123130819        0.0076401081
  30  28        0.0044891225       -0.0251533266
  30  27       -0.0178109077        0.0248552313
  30  26       -0.0264277555       -0.0054506698
  30  25        0.0140227143       -0.0157691566
  30  24        0.0061741074       -0.0062739755
  30  23       -0.0128490940       -0.0143842052
  30  22        0.0009854266        0.0030035806
  30  21        0.0286643612       -0.0059325782
  30  20       -0.0166258656        0.0151781126
  30  19        0.0137117687       -0.0127654666
  30  18        0.0072458790       -0.0340164056
  30  17        0.0101164934       -0.0133401388
  30  16        0.0234463585        0.0041619760
  30  15        0.0061030105        0.0019951543
  30  14       -0.0125294690        0.0160494110
  30  13        0.0020525470        0.0266328413
  30  12       -0.0102126804        0.0253182215
  30  11       -0.0062652785       -0.0077888688
  30  10        0.0075209711       -0.0281390165
  30   9       -0.0017425030        0.0024195639
  30   8       -0.0149335348       -0.0021489229
  30   7        0.0043667030       -0.0030066501
  30   6       -0.0227322932       -0.0181057403
  30   5       -0.0015553339       -0.0170842500
  30   4       -0.0014304124       -0.0043011315
  30   3        0.0091481844        0.0142739369
  30   2       -0.0027732420       -0.0076244030
  30   1       -0.0324175133       -0.0212484831
  30   0        0.0128916431        0.0000000000
  30  -1        0.0324175133       -0.0212484831
  30  -2       -0.0027732420        0.0076244030
  30  -3       -0.0091481844        0.0142739369
  30  -4       -0.0014304124        0.0043011315
  30  -5        0.0015553339       -0.0170842500
  30  -6       -0.0227322932        0.0181057403
  30  -7       -0.0043667030       -0.0030066501
  30  -8       -0.0149335348        0.0021489229
  30  -9        0.0017425030        0.0024195639
  30 -10        0.0075209711        0.0281390165
  30 -11        0.0062652785       -0.0077888688
  30 -12       -0.0102126804       -0.0253182215
  30 -13       -0.0020525470        0.0266328413
  30 -14       -0.0125294690       -0.0160494110
  30 -15       -0.0061030105        0.0019951543
  30 -16        0.0234463585       -0.0041619760
  30 -17       -0.0101164934       -0.0133401388
  30 -18        0.0072458790        0.0340164056
  30 -19       -0.0137117687       -0.0127654666
  30 -20       -0.0166258656       -0.0151781126
  30 -21       -0.0286643612       -0.0059325782
  30 -22        0.0009854266       -0.0030035806
  30 -23        0.0128490940       -0.0143842052
  30 -24        0.0061741074        0.0062739755
  30 -25       -0.0140227143       -0.0157691566
  30 -26       -0.0264277555        0.0054506698
  30 -27        0.0178109077        0.0248552313
  30 -28        0.0044891225        0.0251533266
  30 -29       -0.0123130819        0.0076401081
  30 -30        0.0026192265        0.0379309927
