   0   0       45.5837100159        0.0000000000
   1   1       -1.0958351767        2.4345533033
   1   0       -1.1307350034        0.0000000000
   1  -1        1.0958351767        2.4345533033
   2   2        2.3344743837       -0.9726026793
   2   1        3.3983394761        5.4335876442
   2   0        9.7981536525        0.0000000000
   2  -1       -3.3983394761        5.4335876442
   2  -2        2.3344743837        0.9726026793
   3   3        2.7193707338       -0.4611151763
   3   2        0.5465647137        0.8644548696
   3   1       -0.1814018853       -1.2540148108
   3   0        2.3770752274        0.0000000000
   3  -1        0.1814018853       -1.2540148108
   3  -2        0.5465647137       -0.8644548696
   3  -3       -2.7193707338       -0.4611151763
   4   4       -0.0728967246        0.8888247784
   4   3       -0.0422881241        1.4358997386
   4   2        0.4134162700        0.3346690205
   4   1        1.4145172968        2.1303111900
   4   0       -0.0905252102        0.0000000000
   4  -1       -1.4145172968        2.1303111900
   4  -2        0.4134162700       -0.3346690205
   4  -3        0.0422881241        1.4358997386
   4  -4       -0.0728967246       -0.8888247784
   5   5        0.3919451446       -0.6558463215
   5   4        1.0856297877        0.9867542482
   5   3        0.9876282950        0.6062282710
   5   2        1.3577115886        0.9068030593
   5   1        0.6624411526       -0.3768045662
   5   0        1.6781876918        0.0000000000
   5  -1       -0.6624411526       -0.3768045662
   5  -2        1.3577115886       -0.9068030593
   5  -3       -0.9876282950        0.6062282710
   5  -4        1.0856297877       -0.9867542482
   5  -5       -0.3919451446       -0.6558463215
   6   6        0.2995125032        0.3050402684
   6   5        0.1659571660        0.5393013152
   6   4        0.1094959295        0.0691496354
   6   3        0.3667124250       -0.0716769352
   6   2        0.0169156253       -0.1842082180
   6   1       -0.1938509073       -0.2793866114
   6   0       -0.1754625596        0.0000000000
   6  -1        0.1938509073       -0.2793866114
   6  -2        0.0169156253        0.1842082180
   6  -3       -0.3667124250       -0.0716769352
   6  -4        0.1094959295       -0.0691496354
   6  -5       -0.1659571660        0.5393013152
   6  -6        0.2995125032       -0.3050402684
   7   7       -0.0373388500        0.1571587786
   7   6        0.3263195535        0.4709376733
   7   5        0.1287099774        0.2184165105
   7   4        0.6905059394        0.5574562540
   7   3       -0.2215541551        0.8945925565
   7   2        0.3944146149        0.5092518878
   7   1        0.1440170844       -0.0262603344
   7   0        0.5826507803        0.0000000000
   7  -1       -0.1440170844       -0.0262603344
   7  -2        0.3944146149       -0.5092518878
   7  -3        0.2215541551        0.8945925565
   7  -4        0.6905059394       -0.5574562540
   7  -5       -0.1287099774        0.2184165105
   7  -6        0.3263195535       -0.4709376733
   7  -7        0.0373388500        0.1571587786
   8   8        0.0722659295       -0.1069529589
   8   7        0.2076847394        0.1150081958
   8   6        0.1875886290        0.2141060264
   8   5        0.4188540109        0.1137508198
   8   4        0.3239576122       -0.1654572039
   8   3        0.1475698395        0.0977007711
   8   2        0.2965540967       -0.1303570315
   8   1        0.0811999182       -0.2901694142
   8   0        0.5165331376        0.0000000000
   8  -1       -0.0811999182       -0.2901694142
   8  -2        0.2965540967        0.1303570315
   8  -3       -0.1475698395        0.0977007711
   8  -4        0.3239576122        0.1654572039
   8  -5       -0.4188540109        0.1137508198
   8  -6        0.1875886290       -0.2141060264
   8  -7       -0.2076847394        0.1150081958
   8  -8        0.0722659295        0.1069529589
   9   9        0.1196498107        0.0382968406
   9   8        0.2488707406        0.2713295362
   9   7        0.0543287005        0.1913336484
   9   6        0.1549814407       -0.0939888186
   9   5        0.0966608048        0.1398530032
   9   4        0.1549357189       -0.0695642973
   9   3       -0.1146559543        0.0019063065
   9   2       -0.1944191879       -0.2028654152
   9   1        0.0731752629       -0.2188378927
   9   0       -0.0648022496        0.0000000000
   9  -1       -0.0731752629       -0.2188378927
   9  -2       -0.1944191879        0.2028654152
   9  -3        0.1146559543        0.0019063065
   9  -4        0.1549357189        0.0695642973
   9  -5       -0.0966608048        0.1398530032
   9  -6        0.1549814407        0.0939888186
   9  -7       -0.0543287005        0.1913336484
   9  -8        0.2488707406       -0.2713295362
   9  -9       -0.1196498107        0.0382968406
  10  10        0.0586025130        0.1343868885
  10   9        0.1366909267        0.0091626124
  10   8        0.0646885775        0.0927210276
  10   7        0.1483321758        0.1385465793
  10   6        0.0258430714        0.1858591228
  10   5        0.0181033972        0.1290081333
  10   4       -0.1350093654       -0.0097147206
  10   3       -0.0239315097        0.2728748298
  10   2        0.0106303413       -0.2341906493
  10   1       -0.0223962507        0.0740099415
  10   0        0.2095292397        0.0000000000
  10  -1        0.0223962507        0.0740099415
  10  -2        0.0106303413        0.2341906493
  10  -3        0.0239315097        0.2728748298
  10  -4       -0.1350093654        0.0097147206
  10  -5       -0.0181033972        0.1290081333
  10  -6        0.0258430714       -0.1858591228
  10  -7       -0.1483321758        0.1385465793
  10  -8        0.0646885775       -0.0927210276
  10  -9       -0.1366909267        0.0091626124
  10 -10        0.0586025130       -0.1343868885
  11  11       -0.0006014063        0.0334523222
  11  10        0.0908107409        0.0093823723
  11   9        0.1188522056        0.0787078329
  11   8        0.1982774664       -0.0393944383
  11   7        0.1430653155       -0.1453909444
  11   6        0.2450439845       -0.1314221591
  11   5        0.4083585243       -0.0759661592
  11   4        0.3505638166       -0.0051868464
  11   3        0.0306897330       -0.2473614384
  11   2       -0.0187006607       -0.1313124621
  11   1       -0.0157182936       -0.2571089781
  11   0       -0.0064425521        0.0000000000
  11  -1        0.0157182936       -0.2571089781
  11  -2       -0.0187006607        0.1313124621
  11  -3       -0.0306897330       -0.2473614384
  11  -4        0.3505638166        0.0051868464
  11  -5       -0.4083585243       -0.0759661592
  11  -6        0.2450439845        0.1314221591
  11  -7       -0.1430653155       -0.1453909444
  11  -8        0.1982774664        0.0393944383
  11  -9       -0.1188522056        0.0787078329
  11 -10        0.0908107409       -0.0093823723
  11 -11        0.0006014063        0.0334523222
  12  12        0.0632017723        0.0614657358
  12  11        0.0633227169        0.0461988494
  12  10        0.1695736143        0.0649044559
  12   9       -0.0223357247       -0.0539997653
  12   8        0.0136498554        0.0468856443
  12   7       -0.1263540208       -0.0417799560
  12   6       -0.2810643818       -0.1526081814
  12   5       -0.2359289171       -0.1470780626
  12   4       -0.1774958199       -0.1318272016
  12   3       -0.0102340329       -0.0142772198
  12   2       -0.1526164403       -0.3102773651
  12   1        0.0447637779        0.1123453530
  12   0       -0.1506463362        0.0000000000
  12  -1       -0.0447637779        0.1123453530
  12  -2       -0.1526164403        0.3102773651
  12  -3        0.0102340329       -0.0142772198
  12  -4       -0.1774958199        0.1318272016
  12  -5        0.2359289171       -0.1470780626
  12  -6       -0.2810643818        0.1526081814
  12  -7        0.1263540208       -0.0417799560
  12  -8        0.0136498554       -0.0468856443
  12  -9        0.0223357247       -0.0539997653
  12 -10        0.1695736143       -0.0649044559
  12 -11       -0.0633227169        0.0461988494
  12 -12        0.0632017723       -0.0614657358
  13  13        0.0643433515        0.0582793131
  13  12       -0.0460578609        0.0638548688
  13  11        0.0263513468        0.0206625480
  13  10        0.0644945889        0.0362070568
  13   9        0.1504926858       -0.0310440200
  13   8        0.1009138708       -0.0271809908
  13   7        0.0892686580       -0.0441676006
  13   6        0.2473920320        0.1936888185
  13   5        0.1735190941        0.0541734017
  13   4        0.1350775758        0.1758131536
  13   3       -0.0112554903       -0.0751635408
  13   2        0.0113868043       -0.1157454366
  13   1       -0.0736530542        0.0690011871
  13   0        0.1214224998        0.0000000000
  13  -1        0.0736530542        0.0690011871
  13  -2        0.0113868043        0.1157454366
  13  -3        0.0112554903       -0.0751635408
  13  -4        0.1350775758       -0.1758131536
  13  -5       -0.1735190941        0.0541734017
  13  -6        0.2473920320       -0.1936888185
  13  -7       -0.0892686580       -0.0441676006
  13  -8        0.1009138708        0.0271809908
  13  -9       -0.1504926858       -0.0310440200
  13 -10        0.0644945889       -0.0362070568
  13 -11       -0.0263513468        0.0206625480
  13 -12       -0.0460578609       -0.0638548688
  13 -13       -0.0643433515        0.0582793131
  14  14        0.0399316889        0.0496483372
  14  13        0.0333242949       -0.0172093784
  14  12        0.0775653517        0.0830027820
  14  11        0.0814962237        0.0513775585
  14  10        0.1096121140       -0.1149343272
  14   9        0.0010488738       -0.0966908310
  14   8        0.0221821550       -0.1371202251
  14   7        0.0636410080       -0.1708758097
  14   6       -0.0012571726       -0.1882773737
  14   5        0.2106859057       -0.0818682263
  14   4        0.0188895928       -0.1665204298
  14   3       -0.0070121978       -0.1376213960
  14   2       -0.1909652864       -0.1414143148
  14   1        0.0503921889       -0.0571219685
  14   0       -0.1752308000        0.0000000000
  14  -1       -0.0503921889       -0.0571219685
  14  -2       -0.1909652864        0.1414143148
  14  -3        0.0070121978       -0.1376213960
  14  -4        0.0188895928        0.1665204298
  14  -5       -0.2106859057       -0.0818682263
  14  -6       -0.0012571726        0.1882773737
  14  -7       -0.0636410080       -0.1708758097
  14  -8        0.0221821550        0.1371202251
  14  -9       -0.0010488738       -0.0966908310
  14 -10        0.1096121140        0.1149343272
  14 -11       -0.0814962237        0.0513775585
  14 -12        0.0775653517       -0.0830027820
  14 -13       -0.0333242949       -0.0172093784
  14 -14        0.0399316889       -0.0496483372
  15  15       -0.0142779888        0.0371414104
  15  14        0.0296013664        0.0360412999
  15  13        0.0967111217        0.0004467518
  15  12        0.0175013452       -0.0140303710
  15  11        0.0411584242       -0.0193003076
  15  10       -0.0116355891        0.0189367004
  15   9       -0.0727916541       -0.1274436610
  15   8        0.0117270721       -0.1182421459
  15   7       -0.0700889462       -0.0220347628
  15   6        0.0069260160       -0.0151140781
  15   5       -0.1639730280       -0.0622175916
  15   4       -0.0539952847        0.0380978892
  15   3       -0.1773885025       -0.0401117067
  15   2       -0.0943544383        0.0133352027
  15   1       -0.0149494722        0.1760395389
  15   0       -0.1198914028        0.0000000000
  15  -1        0.0149494722        0.1760395389
  15  -2       -0.0943544383       -0.0133352027
  15  -3        0.1773885025       -0.0401117067
  15  -4       -0.0539952847       -0.0380978892
  15  -5        0.1639730280       -0.0622175916
  15  -6        0.0069260160        0.0151140781
  15  -7        0.0700889462       -0.0220347628
  15  -8        0.0117270721        0.1182421459
  15  -9        0.0727916541       -0.1274436610
  15 -10       -0.0116355891       -0.0189367004
  15 -11       -0.0411584242       -0.0193003076
  15 -12        0.0175013452        0.0140303710
  15 -13       -0.0967111217        0.0004467518
  15 -14        0.0296013664       -0.0360412999
  15 -15        0.0142779888        0.0371414104
  16  16        0.0241817671        0.0366944329
  16  15       -0.0065286654        0.0415863865
  16  14        0.0681380319        0.0331680392
  16  13        0.0882175516        0.0181365768
  16  12        0.0134433767       -0.0222046286
  16  11        0.1007935266       -0.0157212163
  16  10        0.0113477038       -0.1861955850
  16   9        0.1417060582       -0.0441738025
  16   8        0.0804427776        0.0029012221
  16   7        0.1279370802        0.0398432054
  16   6        0.0171145125        0.1091281767
  16   5        0.1927448528       -0.0676496051
  16   4       -0.0675090298        0.0378947133
  16   3       -0.0393300812       -0.0793825430
  16   2        0.0030425835        0.0390236077
  16   1        0.0384673548       -0.0295997497
  16   0        0.1108126308        0.0000000000
  16  -1       -0.0384673548       -0.0295997497
  16  -2        0.0030425835       -0.0390236077
  16  -3        0.0393300812       -0.0793825430
  16  -4       -0.0675090298       -0.0378947133
  16  -5       -0.1927448528       -0.0676496051
  16  -6        0.0171145125       -0.1091281767
  16  -7       -0.1279370802        0.0398432054
  16  -8        0.0804427776       -0.0029012221
  16  -9       -0.1417060582       -0.0441738025
  16 -10        0.0113477038        0.1861955850
  16 -11       -0.1007935266       -0.0157212163
  16 -12        0.0134433767        0.0222046286
  16 -13       -0.0882175516        0.0181365768
  16 -14        0.0681380319       -0.0331680392
  16 -15        0.0065286654        0.0415863865
  16 -16        0.0241817671       -0.0366944329
  17  17        0.0320850396        0.0456376424
  17  16        0.0044768689        0.0003434697
  17  15        0.0302983705       -0.0439772952
  17  14        0.0029845110        0.0280064390
  17  13        0.0858235807       -0.0106049162
  17  12        0.0683869531       -0.0618808767
  17  11       -0.0811614399       -0.1266336095
  17  10       -0.0245356683       -0.1923769016
  17   9       -0.0739104441       -0.1837930098
  17   8        0.0802965967       -0.1437300398
  17   7        0.0105314795       -0.0875171923
  17   6        0.0678897092       -0.1151773192
  17   5       -0.0190901913       -0.1116824413
  17   4       -0.0923620927       -0.0746212420
  17   3       -0.1843868524       -0.0330665102
  17   2       -0.1187798293        0.0085613598
  17   1        0.0128036839       -0.0294729292
  17   0       -0.1671814852        0.0000000000
  17  -1       -0.0128036839       -0.0294729292
  17  -2       -0.1187798293       -0.0085613598
  17  -3        0.1843868524       -0.0330665102
  17  -4       -0.0923620927        0.0746212420
  17  -5        0.0190901913       -0.1116824413
  17  -6        0.0678897092        0.1151773192
  17  -7       -0.0105314795       -0.0875171923
  17  -8        0.0802965967        0.1437300398
  17  -9        0.0739104441       -0.1837930098
  17 -10       -0.0245356683        0.1923769016
  17 -11        0.0811614399       -0.1266336095
  17 -12        0.0683869531        0.0618808767
  17 -13       -0.0858235807       -0.0106049162
  17 -14        0.0029845110       -0.0280064390
  17 -15       -0.0302983705       -0.0439772952
  17 -16        0.0044768689       -0.0003434697
  17 -17       -0.0320850396        0.0456376424
  18  18       -0.0561878848       -0.0147499302
  18  17       -0.0303132935        0.0754228827
  18  16        0.0086648576        0.0311776870
  18  15        0.0785614930        0.0010511695
  18  14        0.0938928194       -0.0659139971
  18  13       -0.0233048252       -0.1035357351
  18  12       -0.0579531863       -0.0376872877
  18  11        0.0158119080       -0.1026790503
  18  10        0.0143508953        0.0268346992
  18   9        0.0178539215        0.0199874354
  18   8       -0.0410205908        0.0497152711
  18   7       -0.0851101294        0.0313998906
  18   6       -0.0762840103        0.0286619350
  18   5       -0.0222459280       -0.0378983222
  18   4       -0.0642052698        0.0144336415
  18   3       -0.1223263227        0.0633406270
  18   2        0.0137796778        0.1200727648
  18   1        0.0060200579        0.0966996749
  18   0        0.1509479158        0.0000000000
  18  -1       -0.0060200579        0.0966996749
  18  -2        0.0137796778       -0.1200727648
  18  -3        0.1223263227        0.0633406270
  18  -4       -0.0642052698       -0.0144336415
  18  -5        0.0222459280       -0.0378983222
  18  -6       -0.0762840103       -0.0286619350
  18  -7        0.0851101294        0.0313998906
  18  -8       -0.0410205908       -0.0497152711
  18  -9       -0.0178539215        0.0199874354
  18 -10        0.0143508953       -0.0268346992
  18 -11       -0.0158119080       -0.1026790503
  18 -12       -0.0579531863        0.0376872877
  18 -13        0.0233048252       -0.1035357351
  18 -14        0.0938928194        0.0659139971
  18 -15       -0.0785614930        0.0010511695
  18 -16        0.0086648576       -0.0311776870
  18 -17        0.0303132935        0.0754228827
  18 -18       -0.0561878848        0.0147499302
  19  19        0.0222408178        0.0368929828
  19  18        0.0550374388        0.0295055636
  19  17        0.0554044006        0.0091172767
  19  16        0.0475047598        0.0396193907
  19  15       -0.0359502574       -0.0466294256
  19  14        0.0330984397       -0.0216952209
  19  13       -0.0404666553       -0.0598993294
  19  12        0.0167920307       -0.1145329912
  19  11       -0.0187352425       -0.0643099625
  19  10        0.0517264621       -0.0721540368
  19   9        0.0423652304        0.0249718077
  19   8        0.0704537839       -0.0121825523
  19   7        0.0124360292       -0.0078033093
  19   6        0.0357435932       -0.0443542840
  19   5        0.0429493080       -0.0382078342
  19   4       -0.0566330998        0.0369654761
  19   3       -0.0386367966       -0.0574546372
  19   2        0.0859420702        0.0010066412
  19   1        0.0794613674       -0.1143268272
  19   0        0.0349702716        0.0000000000
  19  -1       -0.0794613674       -0.1143268272
  19  -2        0.0859420702       -0.0010066412
  19  -3        0.0386367966       -0.0574546372
  19  -4       -0.0566330998       -0.0369654761
  19  -5       -0.0429493080       -0.0382078342
  19  -6        0.0357435932        0.0443542840
  19  -7       -0.0124360292       -0.0078033093
  19  -8        0.0704537839        0.0121825523
  19  -9       -0.0423652304        0.0249718077
  19 -10        0.0517264621        0.0721540368
  19 -11        0.0187352425       -0.0643099625
  19 -12        0.0167920307        0.1145329912
  19 -13        0.0404666553       -0.0598993294
  19 -14        0.0330984397        0.0216952209
  19 -15        0.0359502574       -0.0466294256
  19 -16        0.0475047598       -0.0396193907
  19 -17       -0.0554044006        0.0091172767
  19 -18        0.0550374388       -0.0295055636
  19 -19       -0.0222408178        0.0368929828
  20  20        0.0121724237        0.0244166429
  20  19        0.0203837368       -0.0081995573
  20  18        0.0191997472        0.0400713790
  20  17        0.0534757458       -0.0281262944
  20  16        0.0100590166        0.0023131419
  20  15        0.0416991411       -0.0230842339
  20  14        0.0129209200       -0.0704681094
  20  13       -0.0712782511       -0.1138288533
  20  12        0.0400582719       -0.0488478308
  20  11        0.0378926497       -0.1640187873
  20  10        0.0083311036       -0.0734169749
  20   9        0.0097470517       -0.1258202254
  20   8       -0.0610275345       -0.0330118977
  20   7       -0.0360607349       -0.0618117980
  20   6       -0.0801330993       -0.0982612311
  20   5       -0.0613270846        0.0104223800
  20   4       -0.1179760039        0.0031228303
  20   3       -0.0876371559        0.0407165122
  20   2        0.0029018059       -0.0078957706
  20   1       -0.0319940319        0.0330284450
  20   0        0.0505942312        0.0000000000
  20  -1        0.0319940319        0.0330284450
  20  -2        0.0029018059        0.0078957706
  20  -3        0.0876371559        0.0407165122
  20  -4       -0.1179760039       -0.0031228303
  20  -5        0.0613270846        0.0104223800
  20  -6       -0.0801330993        0.0982612311
  20  -7        0.0360607349       -0.0618117980
  20  -8       -0.0610275345        0.0330118977
  20  -9       -0.0097470517       -0.1258202254
  20 -10        0.0083311036        0.0734169749
  20 -11       -0.0378926497       -0.1640187873
  20 -12        0.0400582719        0.0488478308
  20 -13        0.0712782511       -0.1138288533
  20 -14        0.0129209200        0.0704681094
  20 -15       -0.0416991411       -0.0230842339
  20 -16        0.0100590166       -0.0023131419
  20 -17       -0.0534757458       -0.0281262944
  20 -18        0.0191997472       -0.0400713790
  20 -19       -0.0203837368       -0.0081995573
  20 -20        0.0121724237       -0.0244166429
  21  21       -0.0244667401        0.0105534774
  21  20        0.0264242850        0.0162596577
  21  19        0.0238025933        0.0334281094
  21  18        0.0047766934        0.0470880271
  21  17        0.0216411757        0.0114390847
  21  16        0.0000158924       -0.0256753213
  21  15       -0.0949511471       -0.0200166129
  21  14       -0.0424967498       -0.0504351755
  21  13        0.0214990247       -0.0574592609
  21  12       -0.0565398852       -0.0123153039
  21  11       -0.0261983499        0.0408818844
  21  10       -0.0785574870        0.0390134952
  21   9       -0.0818089454        0.0326391019
  21   8       -0.0493825058        0.0035073657
  21   7       -0.1102069165       -0.0493474386
  21   6       -0.0086747018        0.0678477982
  21   5       -0.0512218502        0.0424721410
  21   4       -0.0022461028        0.0873959816
  21   3       -0.0263999730        0.0332696874
  21   2        0.1250820162        0.0950168088
  21   1        0.0300036863        0.0371711659
  21   0        0.1308140941        0.0000000000
  21  -1       -0.0300036863        0.0371711659
  21  -2        0.1250820162       -0.0950168088
  21  -3        0.0263999730        0.0332696874
  21  -4       -0.0022461028       -0.0873959816
  21  -5        0.0512218502        0.0424721410
  21  -6       -0.0086747018       -0.0678477982
  21  -7        0.1102069165       -0.0493474386
  21  -8       -0.0493825058       -0.0035073657
  21  -9        0.0818089454        0.0326391019
  21 -10       -0.0785574870       -0.0390134952
  21 -11        0.0261983499        0.0408818844
  21 -12       -0.0565398852        0.0123153039
  21 -13       -0.0214990247       -0.0574592609
  21 -14       -0.0424967498        0.0504351755
  21 -15        0.0949511471       -0.0200166129
  21 -16        0.0000158924        0.0256753213
  21 -17       -0.0216411757        0.0114390847
  21 -18        0.0047766934       -0.0470880271
  21 -19       -0.0238025933        0.0334281094
  21 -20        0.0264242850       -0.0162596577
  21 -21        0.0244667401        0.0105534774
  22  22       -0.0541392198        0.0063873433
  22  21       -0.0048710370        0.0432165206
  22  20       -0.0035670129        0.0297865914
  22  19        0.0341115795        0.0100024380
  22  18        0.0319425474       -0.0210217641
  22  17        0.0078139182       -0.0677584932
  22  16       -0.0273178676       -0.0290475099
  22  15       -0.0079348773       -0.0468167135
  22  14       -0.0417388599       -0.0935295895
  22  13        0.0108721196       -0.0820186287
  22  12        0.1035859560       -0.1202487741
  22  11        0.0410413172       -0.1090537252
  22  10        0.0863436783       -0.0132922313
  22   9        0.0455021033       -0.0219787084
  22   8        0.0056145397        0.0513306783
  22   7        0.0454524287       -0.0663918230
  22   6       -0.0771857286       -0.0208847133
  22   5        0.0069691972        0.0313950873
  22   4       -0.0507761006        0.0110494721
  22   3        0.0833435699       -0.0551044046
  22   2        0.0494645750       -0.0602721876
  22   1        0.0404835457       -0.0812016960
  22   0        0.0652940521        0.0000000000
  22  -1       -0.0404835457       -0.0812016960
  22  -2        0.0494645750        0.0602721876
  22  -3       -0.0833435699       -0.0551044046
  22  -4       -0.0507761006       -0.0110494721
  22  -5       -0.0069691972        0.0313950873
  22  -6       -0.0771857286        0.0208847133
  22  -7       -0.0454524287       -0.0663918230
  22  -8        0.0056145397       -0.0513306783
  22  -9       -0.0455021033       -0.0219787084
  22 -10        0.0863436783        0.0132922313
  22 -11       -0.0410413172       -0.1090537252
  22 -12        0.1035859560        0.1202487741
  22 -13       -0.0108721196       -0.0820186287
  22 -14       -0.0417388599        0.0935295895
  22 -15        0.0079348773       -0.0468167135
  22 -16       -0.0273178676        0.0290475099
  22 -17       -0.0078139182       -0.0677584932
  22 -18        0.0319425474        0.0210217641
  22 -19       -0.0341115795        0.0100024380
  22 -20       -0.0035670129       -0.0297865914
  22 -21        0.0048710370        0.0432165206
  22 -22       -0.0541392198       -0.0063873433
  23  23       -0.0116920287        0.0093930993
  23  22        0.0229867972        0.0047212508
  23  21        0.0168484684        0.0298524886
  23  20        0.0195298765       -0.0101196883
  23  19       -0.0116195304       -0.0097590182
  23  18        0.0069139078        0.0268966151
  23  17        0.0459116082       -0.0093692442
  23  16       -0.0299764608       -0.0846227127
  23  15       -0.0022789984       -0.0368053167
  23  14       -0.0662469800       -0.0638873335
  23  13       -0.0245504011       -0.0371422027
  23  12       -0.0501122107       -0.0122608412
  23  11       -0.0555140329       -0.0684611977
  23  10       -0.0646510370       -0.0706989694
  23   9       -0.0862205383       -0.0946748186
  23   8        0.0182032208       -0.0485963825
  23   7       -0.0826595025       -0.0273534283
  23   6       -0.0195955258       -0.0064402560
  23   5       -0.0927943537        0.0708696269
  23   4        0.0229156043        0.0237133877
  23   3       -0.0015002978        0.0432645010
  23   2       -0.0323848762        0.0269723992
  23   1        0.0078940592        0.0582311555
  23   0        0.0139293141        0.0000000000
  23  -1       -0.0078940592        0.0582311555
  23  -2       -0.0323848762       -0.0269723992
  23  -3        0.0015002978        0.0432645010
  23  -4        0.0229156043       -0.0237133877
  23  -5        0.0927943537        0.0708696269
  23  -6       -0.0195955258        0.0064402560
  23  -7        0.0826595025       -0.0273534283
  23  -8        0.0182032208        0.0485963825
  23  -9        0.0862205383       -0.0946748186
  23 -10       -0.0646510370        0.0706989694
  23 -11        0.0555140329       -0.0684611977
  23 -12       -0.0501122107        0.0122608412
  23 -13        0.0245504011       -0.0371422027
  23 -14       -0.0662469800        0.0638873335
  23 -15        0.0022789984       -0.0368053167
  23 -16       -0.0299764608        0.0846227127
  23 -17       -0.0459116082       -0.0093692442
  23 -18        0.0069139078       -0.0268966151
  23 -19        0.0116195304       -0.0097590182
  23 -20        0.0195298765        0.0101196883
  23 -21       -0.0168484684        0.0298524886
  23 -22        0.0229867972       -0.0047212508
  23 -23        0.0116920287        0.0093930993
  24  24        0.0358264761       -0.0091473296
  24  23        0.0199899626       -0.0191671691
  24  22        0.0182468974        0.0625935677
  24  21       -0.0047004672       -0.0078261931
  24  20        0.0206741042        0.0157393210
  24  19        0.0271085950       -0.0112899609
  24  18       -0.0028687536       -0.0591771036
  24  17       -0.0079950990       -0.0385113508
  24  16        0.0028912200       -0.0466493974
  24  15       -0.0433387520       -0.0282489822
  24  14       -0.0232805237       -0.0008524545
  24  13        0.0155006052        0.0313735022
  24  12       -0.0322698298       -0.0047868611
  24  11       -0.0176827915       -0.0030238443
  24  10       -0.0354019250        0.0076772828
  24   9       -0.0036287430        0.0171292500
  24   8       -0.0581917044        0.0471413348
  24   7       -0.0015814566        0.0111608868
  24   6        0.0001172083        0.0615364791
  24   5        0.0206206532        0.0426114749
  24   4        0.0620626462        0.0554373266
  24   3        0.0475297952        0.0488728266
  24   2        0.0661100181        0.0584865813
  24   1        0.0363156191       -0.0098443511
  24   0        0.1315784491        0.0000000000
  24  -1       -0.0363156191       -0.0098443511
  24  -2        0.0661100181       -0.0584865813
  24  -3       -0.0475297952        0.0488728266
  24  -4        0.0620626462       -0.0554373266
  24  -5       -0.0206206532        0.0426114749
  24  -6        0.0001172083       -0.0615364791
  24  -7        0.0015814566        0.0111608868
  24  -8       -0.0581917044       -0.0471413348
  24  -9        0.0036287430        0.0171292500
  24 -10       -0.0354019250       -0.0076772828
  24 -11        0.0176827915       -0.0030238443
  24 -12       -0.0322698298        0.0047868611
  24 -13       -0.0155006052        0.0313735022
  24 -14       -0.0232805237        0.0008524545
  24 -15        0.0433387520       -0.0282489822
  24 -16        0.0028912200        0.0466493974
  24 -17        0.0079950990       -0.0385113508
  24 -18       -0.0028687536        0.0591771036
  24 -19       -0.0271085950       -0.0112899609
  24 -20        0.0206741042       -0.0157393210
  24 -21        0.0047004672       -0.0078261931
  24 -22        0.0182468974       -0.0625935677
  24 -23       -0.0199899626       -0.0191671691
  24 -24        0.0358264761        0.0091473296
  25  25        0.0199383534        0.0116052126
  25  24       -0.0072738308       -0.0026662550
  25  23        0.0125063182        0.0225718232
  25  22        0.0136773243        0.0110329125
  25  21        0.0729294371       -0.0184499190
  25  20        0.0197287235       -0.0667743370
  25  19        0.0121348734       -0.0048407610
  25  18       -0.0369841599       -0.0288983642
  25  17       -0.0257955292       -0.0493650055
  25  16       -0.0318383178       -0.0674412831
  25  15        0.0071762083       -0.0492032117
  25  14       -0.0008473915       -0.0847167081
  25  13        0.0267091070       -0.0489070892
  25  12        0.0432855965       -0.0474821363
  25  11        0.0039173216       -0.0542814656
  25  10        0.0821830703       -0.0780743691
  25   9       -0.0003831169       -0.0419243199
  25   8        0.0157418757       -0.0204424632
  25   7        0.0075408469        0.0069563616
  25   6        0.0155902711       -0.0180704449
  25   5        0.0193445606        0.0008200844
  25   4       -0.0119560778       -0.0155765415
  25   3        0.0257107760       -0.0207208652
  25   2       -0.0409924336       -0.0038177284
  25   1        0.0809221522       -0.0412791938
  25   0       -0.0697448011        0.0000000000
  25  -1       -0.0809221522       -0.0412791938
  25  -2       -0.0409924336        0.0038177284
  25  -3       -0.0257107760       -0.0207208652
  25  -4       -0.0119560778        0.0155765415
  25  -5       -0.0193445606        0.0008200844
  25  -6        0.0155902711        0.0180704449
  25  -7       -0.0075408469        0.0069563616
  25  -8        0.0157418757        0.0204424632
  25  -9        0.0003831169       -0.0419243199
  25 -10        0.0821830703        0.0780743691
  25 -11       -0.0039173216       -0.0542814656
  25 -12        0.0432855965        0.0474821363
  25 -13       -0.0267091070       -0.0489070892
  25 -14       -0.0008473915        0.0847167081
  25 -15       -0.0071762083       -0.0492032117
  25 -16       -0.0318383178        0.0674412831
  25 -17        0.0257955292       -0.0493650055
  25 -18       -0.0369841599        0.0288983642
  25 -19       -0.0121348734       -0.0048407610
  25 -20        0.0197287235        0.0667743370
  25 -21       -0.0729294371       -0.0184499190
  25 -22        0.0136773243       -0.0110329125
  25 -23       -0.0125063182        0.0225718232
  25 -24       -0.0072738308        0.0026662550
  25 -25       -0.0199383534        0.0116052126
  26  26       -0.0242667430       -0.0052432167
  26  25        0.0325205280       -0.0087884897
  26  24        0.0050649693        0.0066448991
  26  23        0.0224048434        0.0006224967
  26  22        0.0487118136       -0.0130084136
  26  21       -0.0190960167       -0.0136092201
  26  20        0.0181538841       -0.0298305261
  26  19       -0.0103585254       -0.0469395868
  26  18       -0.0337776940       -0.0213938794
  26  17       -0.0851799607       -0.0090565690
  26  16       -0.0231947861       -0.0302417487
  26  15       -0.0356275459        0.0019125729
  26  14       -0.0429932577       -0.0157796809
  26  13       -0.0392792492       -0.0542713226
  26  12       -0.0992166474       -0.0396980505
  26  11       -0.0105749795       -0.0702950156
  26  10       -0.0673140194       -0.0141932583
  26   9       -0.0288932346        0.0261041088
  26   8       -0.0874801411        0.0457124042
  26   7       -0.0573221051        0.0256674773
  26   6        0.0218219936        0.0212493184
  26   5       -0.0145430666        0.0588440492
  26   4       -0.0039841403        0.0368796277
  26   3       -0.0371517269        0.0680068368
  26   2        0.0389108468       -0.0389545263
  26   1        0.0268970331        0.0595738403
  26   0       -0.0073711475        0.0000000000
  26  -1       -0.0268970331        0.0595738403
  26  -2        0.0389108468        0.0389545263
  26  -3        0.0371517269        0.0680068368
  26  -4       -0.0039841403       -0.0368796277
  26  -5        0.0145430666        0.0588440492
  26  -6        0.0218219936       -0.0212493184
  26  -7        0.0573221051        0.0256674773
  26  -8       -0.0874801411       -0.0457124042
  26  -9        0.0288932346        0.0261041088
  26 -10       -0.0673140194        0.0141932583
  26 -11        0.0105749795       -0.0702950156
  26 -12       -0.0992166474        0.0396980505
  26 -13        0.0392792492       -0.0542713226
  26 -14       -0.0429932577        0.0157796809
  26 -15        0.0356275459        0.0019125729
  26 -16       -0.0231947861        0.0302417487
  26 -17        0.0851799607       -0.0090565690
  26 -18       -0.0337776940        0.0213938794
  26 -19        0.0103585254       -0.0469395868
  26 -20        0.0181538841        0.0298305261
  26 -21        0.0190960167       -0.0136092201
  26 -22        0.0487118136        0.0130084136
  26 -23       -0.0224048434        0.0006224967
  26 -24        0.0050649693       -0.0066448991
  26 -25       -0.0325205280       -0.0087884897
  26 -26       -0.0242667430        0.0052432167
  27  27        0.0050578071        0.0192910993
  27  26        0.0126040421        0.0417901126
  27  25        0.0330308636       -0.0059775124
  27  24       -0.0021415249       -0.0073592831
  27  23        0.0455251453        0.0399253775
  27  22        0.0297990918        0.0005214804
  27  21        0.0290662110       -0.0234649206
  27  20       -0.0132296112       -0.0126120866
  27  19       -0.0571322511       -0.0078661273
  27  18       -0.0302476754       -0.0057274434
  27  17       -0.0222850489       -0.0180342092
  27  16        0.0139023475       -0.0022228599
  27  15        0.0072364250       -0.0014088819
  27  14       -0.0066434303        0.0228205452
  27  13        0.0092892180        0.0348136704
  27  12       -0.0057720110       -0.0164931890
  27  11        0.0017924456        0.0536695028
  27  10        0.0347511028       -0.0007673149
  27   9       -0.0590523671        0.0987570271
  27   8        0.0472920838        0.0283392614
  27   7        0.0255305555        0.0144720946
  27   6        0.0698724268        0.0222275279
  27   5        0.0452462672        0.0309520312
  27   4        0.0402037596        0.0607405268
  27   3        0.0312458780       -0.0025143582
  27   2        0.0453383272       -0.0048057404
  27   1       -0.0160746169       -0.0696393728
  27   0       -0.0123128221        0.0000000000
  27  -1        0.0160746169       -0.0696393728
  27  -2        0.0453383272        0.0048057404
  27  -3       -0.0312458780       -0.0025143582
  27  -4        0.0402037596       -0.0607405268
  27  -5       -0.0452462672        0.0309520312
  27  -6        0.0698724268       -0.0222275279
  27  -7       -0.0255305555        0.0144720946
  27  -8        0.0472920838       -0.0283392614
  27  -9        0.0590523671        0.0987570271
  27 -10        0.0347511028        0.0007673149
  27 -11       -0.0017924456        0.0536695028
  27 -12       -0.0057720110        0.0164931890
  27 -13       -0.0092892180        0.0348136704
  27 -14       -0.0066434303       -0.0228205452
  27 -15       -0.0072364250       -0.0014088819
  27 -16        0.0139023475        0.0022228599
  27 -17        0.0222850489       -0.0180342092
  27 -18       -0.0302476754        0.0057274434
  27 -19        0.0571322511       -0.0078661273
  27 -20       -0.0132296112        0.0126120866
  27 -21       -0.0290662110       -0.0234649206
  27 -22        0.0297990918       -0.0005214804
  27 -23       -0.0455251453        0.0399253775
  27 -24       -0.0021415249        0.0073592831
  27 -25       -0.0330308636       -0.0059775124
  27 -26        0.0126040421       -0.0417901126
  27 -27       -0.0050578071        0.0192910993
  28  28        0.0110387055       -0.0265894798
  28  27        0.0131491097       -0.0166370333
  28  26        0.0048092608        0.0048972654
  28  25        0.0100475644        0.0019062285
  28  24        0.0594144378       -0.0026515838
  28  23        0.0311397545       -0.0139850891
  28  22        0.0182888455       -0.0302670952
  28  21       -0.0261966414        0.0031467478
  28  20       -0.0184858687        0.0179482386
  28  19       -0.0628991743       -0.0284278519
  28  18       -0.0937541340       -0.0054080015
  28  17       -0.0390649097       -0.0210988150
  28  16       -0.0001679091       -0.0433548989
  28  15       -0.0391989619       -0.0370379087
  28  14       -0.0117499574       -0.0440094016
  28  13        0.0002357379       -0.0564799412
  28  12        0.0197497261       -0.0318964778
  28  11        0.0443557640       -0.0848164790
  28  10        0.0281258357        0.0497649010
  28   9        0.0144129457        0.0278969274
  28   8       -0.0391033433        0.0021886323
  28   7        0.0159337025       -0.0347723713
  28   6        0.0140403826       -0.0242179977
  28   5       -0.0226494521       -0.0174517186
  28   4       -0.0235557442       -0.0797810095
  28   3        0.0254862744        0.0092289824
  28   2       -0.0389616552       -0.0427253264
  28   1       -0.0051664622       -0.0034300627
  28   0       -0.0682027930        0.0000000000
  28  -1        0.0051664622       -0.0034300627
  28  -2       -0.0389616552        0.0427253264
  28  -3       -0.0254862744        0.0092289824
  28  -4       -0.0235557442        0.0797810095
  28  -5        0.0226494521       -0.0174517186
  28  -6        0.0140403826        0.0242179977
  28  -7       -0.0159337025       -0.0347723713
  28  -8       -0.0391033433       -0.0021886323
  28  -9       -0.0144129457        0.0278969274
  28 -10        0.0281258357       -0.0497649010
  28 -11       -0.0443557640       -0.0848164790
  28 -12        0.0197497261        0.0318964778
  28 -13       -0.0002357379       -0.0564799412
  28 -14       -0.0117499574        0.0440094016
  28 -15        0.0391989619       -0.0370379087
  28 -16       -0.0001679091        0.0433548989
  28 -17        0.0390649097       -0.0210988150
  28 -18       -0.0937541340        0.0054080015
  28 -19        0.0628991743       -0.0284278519
  28 -20       -0.0184858687       -0.0179482386
  28 -21        0.0261966414        0.0031467478
  28 -22        0.0182888455        0.0302670952
  28 -23       -0.0311397545       -0.0139850891
  28 -24        0.0594144378        0.0026515838
  28 -25       -0.0100475644        0.0019062285
  28 -26        0.0048092608       -0.0048972654
  28 -27       -0.0131491097       -0.0166370333
  28 -28        0.0110387055        0.0265894798
  29  29        0.0138386888       -0.0191875349
  29  28        0.0134852538        0.0171247022
  29  27        0.0022932198        0.0094422262
  29  26       -0.0161883467        0.0159462440
  29  25        0.0242463046       -0.0398011533
  29  24       -0.0122573281       -0.0329732966
  29  23        0.0069850539       -0.0063254121
  29  22        0.0084829008        0.0383066567
  29  21       -0.0115131432       -0.0234089414
  29  20       -0.0704407965       -0.0088669194
  29  19       -0.0720512933        0.0126813463
  29  18       -0.0501921849       -0.0189658045
  29  17       -0.0567941783        0.0051672093
  29  16       -0.0137209815        0.0232803349
  29  15       -0.0407546666       -0.0135345219
  29  14       -0.0409366342       -0.0163535371
  29  13       -0.0338423879       -0.0038527937
  29  12       -0.0583577703       -0.0504877515
  29  11       -0.0277457596        0.0666687423
  29  10       -0.0105749309        0.0281497975
  29   9       -0.0401411900        0.0882549842
  29   8       -0.0118108158        0.0141575197
  29   7       -0.0283822590        0.0285605078
  29   6        0.0071153546        0.0587916577
  29   5       -0.0337653230        0.0244708853
  29   4        0.0325642042        0.0531033235
  29   3       -0.0405681106        0.0098986424
  29   2        0.0127624886       -0.0313768646
  29   1       -0.0378076775        0.0133811719
  29   0        0.0111043556        0.0000000000
  29  -1        0.0378076775        0.0133811719
  29  -2        0.0127624886        0.0313768646
  29  -3        0.0405681106        0.0098986424
  29  -4        0.0325642042       -0.0531033235
  29  -5        0.0337653230        0.0244708853
  29  -6        0.0071153546       -0.0587916577
  29  -7        0.0283822590        0.0285605078
  29  -8       -0.0118108158       -0.0141575197
  29  -9        0.0401411900        0.0882549842
  29 -10       -0.0105749309       -0.0281497975
  29 -11        0.0277457596        0.0666687423
  29 -12       -0.0583577703        0.0504877515
  29 -13        0.0338423879       -0.0038527937
  29 -14       -0.0409366342        0.0163535371
  29 -15        0.0407546666       -0.0135345219
  29 -16       -0.0137209815       -0.0232803349
  29 -17        0.0567941783        0.0051672093
  29 -18       -0.0501921849        0.0189658045
  29 -19        0.0720512933        0.0126813463
  29 -20       -0.0704407965        0.0088669194
  29 -21        0.0115131432       -0.0234089414
  29 -22        0.0084829008       -0.0383066567
  29 -23       -0.0069850539       -0.0063254121
  29 -24       -0.0122573281        0.0329732966
  29 -25       -0.0242463046       -0.0398011533
  29 -26       -0.0161883467       -0.0159462440
  29 -27       -0.0022932198        0.0094422262
  29 -28        0.0134852538       -0.0171247022
  29 -29       -0.0138386888       -0.0191875349
  30  30       -0.0261733284        0.0285427964
  30  29       -0.0133262104        0.0243714244
  30  28        0.0280271423        0.0165523549
  30  27        0.0201479929       -0.0082866569
  30  26        0.0171879984        0.0225638455
  30  25        0.0375485440        0.0165548824
  30  24        0.0418321937        0.0030072950
  30  23        0.0454999762        0.0343724509
  30  22       -0.0460094317        0.0144981163
  30  21       -0.0364133339        0.0199240080
  30  20       -0.0174141497        0.0095259802
  30  19       -0.1118342320        0.0215593102
  30  18       -0.0262132504        0.0407267874
  30  17       -0.0106889537        0.0131721777
  30  16       -0.0103140109        0.0246580868
  30  15        0.0036370882        0.0125100893
  30  14        0.0194571138        0.0320382702
  30  13       -0.0149787786        0.0236676143
  30  12        0.0297011721       -0.0142222598
  30  11        0.0239122389        0.0675643727
  30  10        0.0176017074        0.0926582189
  30   9        0.0026898216        0.0275259736
  30   8        0.0211158909        0.0100363267
  30   7        0.0390294825        0.0017418946
  30   6        0.0229238386       -0.0040049050
  30   5        0.0484208720       -0.0090580284
  30   4        0.0356618681       -0.0235359356
  30   3        0.0159435802       -0.0302391875
  30   2       -0.0149215409       -0.0201540499
  30   1       -0.0242318435       -0.0439606604
  30   0       -0.0318897551        0.0000000000
  30  -1        0.0242318435       -0.0439606604
  30  -2       -0.0149215409        0.0201540499
  30  -3       -0.0159435802       -0.0302391875
  30  -4        0.0356618681        0.0235359356
  30  -5       -0.0484208720       -0.0090580284
  30  -6        0.0229238386        0.0040049050
  30  -7       -0.0390294825        0.0017418946
  30  -8        0.0211158909       -0.0100363267
  30  -9       -0.0026898216        0.0275259736
  30 -10        0.0176017074       -0.0926582189
  30 -11       -0.0239122389        0.0675643727
  30 -12        0.0297011721        0.0142222598
  30 -13        0.0149787786        0.0236676143
  30 -14        0.0194571138       -0.0320382702
  30 -15       -0.0036370882        0.0125100893
  30 -16       -0.0103140109       -0.0246580868
  30 -17        0.0106889537        0.0131721777
  30 -18       -0.0262132504       -0.0407267874
  30 -19        0.1118342320        0.0215593102
  30 -20       -0.0174141497       -0.0095259802
  30 -21        0.0364133339        0.0199240080
  30 -22       -0.0460094317       -0.0144981163
  30 -23       -0.0454999762        0.0343724509
  30 -24        0.0418321937       -0.0030072950
  30 -25       -0.0375485440        0.0165548824
  30 -26        0.0171879984       -0.0225638455
  30 -27       -0.0201479929       -0.0082866569
  30 -28        0.0280271423       -0.0165523549
  30 -29        0.0133262104        0.0243714244
  30 -30       -0.0261733284       -0.0285427964
