   0   0       19.6116702507        0.0000000000
   1   1       -0.0589968548       -0.3099841923
   1   0        0.3548734935        0.0000000000
   1  -1        0.0589968548       -0.3099841923
   2   2        1.0787216367        0.0047965273
   2   1       -0.1568631042       -0.2620764641
   2   0       -5.3427953131        0.0000000000
   2  -1        0.1568631042       -0.2620764641
   2  -2        1.0787216367       -0.0047965273
   3   3       -1.0056243501       -0.2721065705
   3   2       -0.0897255148        0.1469021147
   3   1       -0.3820993734       -0.6853476053
   3   0       -0.0330015726        0.0000000000
   3  -1        0.3820993734       -0.6853476053
   3  -2       -0.0897255148       -0.1469021147
   3  -3        1.0056243501       -0.2721065705
   4   4        0.1167019625       -0.0120607749
   4   3       -0.0555583397       -0.1071028047
   4   2       -0.1983583318        0.0531418637
   4   1        0.1987485097        0.3954891553
   4   0        1.4952462121        0.0000000000
   4  -1       -0.1987485097        0.3954891553
   4  -2       -0.1983583318       -0.0531418637
   4  -3        0.0555583397       -0.1071028047
   4  -4        0.1167019625        0.0120607749
   5   5       -0.0292859958       -0.1660965521
   5   4        0.1386221722        0.3201668440
   5   3        0.3015723704        0.1544548488
   5   2       -0.1030704157        0.0285461439
   5   1        0.3131256104        0.3246027107
   5   0       -0.6314307373        0.0000000000
   5  -1       -0.3131256104        0.3246027107
   5  -2       -0.1030704157       -0.0285461439
   5  -3       -0.3015723704        0.1544548488
   5  -4        0.1386221722       -0.3201668440
   5  -5        0.0292859958       -0.1660965521
   6   6        0.1552797084        0.3232049633
   6   5        0.0027900664       -0.1528696886
   6   4       -0.0286954947       -0.0227840250
   6   3        0.0478808844       -0.0287408963
   6   2       -0.0141868184       -0.2387237337
   6   1       -0.2656123551       -0.2866120726
   6   0       -0.4258144564        0.0000000000
   6  -1        0.2656123551       -0.2866120726
   6  -2       -0.0141868184        0.2387237337
   6  -3       -0.0478808844       -0.0287408963
   6  -4       -0.0286954947        0.0227840250
   6  -5       -0.0027900664       -0.1528696886
   6  -6        0.1552797084       -0.3232049633
   7   7        0.0679493298       -0.1401852142
   7   6       -0.0390707908       -0.0548457528
   7   5        0.0747575813        0.2000513279
   7   4       -0.1994468740       -0.2032983096
   7   3       -0.0471433597       -0.0782579353
   7   2        0.0850313406        0.0676951728
   7   1       -0.1262970995        0.0538700995
   7   0        0.4993635031        0.0000000000
   7  -1        0.1262970995        0.0538700995
   7  -2        0.0850313406       -0.0676951728
   7  -3        0.0471433597       -0.0782579353
   7  -4       -0.1994468740        0.2032983096
   7  -5       -0.0747575813        0.2000513279
   7  -6       -0.0390707908        0.0548457528
   7  -7       -0.0679493298       -0.1401852142
   8   8       -0.0725552429        0.1408104890
   8   7        0.0207234772       -0.0756079800
   8   6        0.0257032742       -0.0821082387
   8   5       -0.0329399307        0.0597003719
   8   4        0.0342064601       -0.0148212309
   8   3       -0.0166860542        0.0628367331
   8   2        0.0287493846        0.1580445597
   8   1        0.2973009624        0.1230106117
   8   0        0.1374635575        0.0000000000
   8  -1       -0.2973009624        0.1230106117
   8  -2        0.0287493846       -0.1580445597
   8  -3        0.0166860542        0.0628367331
   8  -4        0.0342064601        0.0148212309
   8  -5        0.0329399307        0.0597003719
   8  -6        0.0257032742        0.0821082387
   8  -7       -0.0207234772       -0.0756079800
   8  -8       -0.0725552429       -0.1408104890
   9   9        0.0471319561       -0.0169039851
   9   8       -0.1350428594       -0.0638401926
   9   7        0.0290804666        0.0531161896
   9   6       -0.0014055546       -0.0079225223
   9   5       -0.0234505741       -0.0817467888
   9   4        0.1234850748        0.0930272870
   9   3       -0.0514002765        0.0039385818
   9   2       -0.0465532260       -0.0653123610
   9   1        0.0115743541       -0.2093895057
   9   0       -0.1868616895        0.0000000000
   9  -1       -0.0115743541       -0.2093895057
   9  -2       -0.0465532260        0.0653123610
   9  -3        0.0514002765        0.0039385818
   9  -4        0.1234850748       -0.0930272870
   9  -5        0.0234505741       -0.0817467888
   9  -6       -0.0014055546        0.0079225223
   9  -7       -0.0290804666        0.0531161896
   9  -8       -0.1350428594        0.0638401926
   9  -9       -0.0471319561       -0.0169039851
  10  10       -0.0866791778       -0.0288817459
  10   9       -0.0215304993        0.0109768582
  10   8        0.0521179739        0.0258322752
  10   7       -0.0308425460        0.0179559523
  10   6       -0.0100739533       -0.0241659138
  10   5        0.0722713065        0.0043060545
  10   4       -0.0145301859       -0.0337699330
  10   3        0.0368004897       -0.0308725443
  10   2        0.0010489168       -0.0612082667
  10   1       -0.1416960184       -0.0672986358
  10   0        0.0511067225        0.0000000000
  10  -1        0.1416960184       -0.0672986358
  10  -2        0.0010489168        0.0612082667
  10  -3       -0.0368004897       -0.0308725443
  10  -4       -0.0145301859        0.0337699330
  10  -5       -0.0722713065        0.0043060545
  10  -6       -0.0100739533        0.0241659138
  10  -7        0.0308425460        0.0179559523
  10  -8        0.0521179739       -0.0258322752
  10  -9        0.0215304993        0.0109768582
  10 -10       -0.0866791778        0.0288817459
  11  11        0.0764005063        0.0240126984
  11  10       -0.0497835406       -0.0097157048
  11   9       -0.0103222280       -0.0060978683
  11   8        0.0598254060       -0.0211787911
  11   7       -0.0111113015       -0.0259675534
  11   6        0.0322049716        0.0536128040
  11   5       -0.0119451326       -0.0020911841
  11   4       -0.1043612596       -0.0114584020
  11   3        0.0547898388        0.0035800224
  11   2        0.0072708803        0.0160244278
  11   1        0.0336666228        0.1350503752
  11   0        0.0026626546        0.0000000000
  11  -1       -0.0336666228        0.1350503752
  11  -2        0.0072708803       -0.0160244278
  11  -3       -0.0547898388        0.0035800224
  11  -4       -0.1043612596        0.0114584020
  11  -5        0.0119451326       -0.0020911841
  11  -6        0.0322049716       -0.0536128040
  11  -7        0.0111113015       -0.0259675534
  11  -8        0.0598254060        0.0211787911
  11  -9        0.0103222280       -0.0060978683
  11 -10       -0.0497835406        0.0097157048
  11 -11       -0.0764005063        0.0240126984
  12  12        0.0208501685       -0.0327025571
  12  11       -0.0353224122        0.0275058532
  12  10        0.0203804667        0.0632084194
  12   9        0.0113425806        0.0189704389
  12   8       -0.0327079331       -0.0334526561
  12   7       -0.0038331054        0.0086589724
  12   6        0.0024268626        0.0318980210
  12   5       -0.0848512109       -0.0355818149
  12   4       -0.0019395897        0.0189558996
  12   3       -0.0228382395        0.0207542453
  12   2        0.0083791744        0.0013587911
  12   1        0.0099065384       -0.0434421975
  12   0       -0.1118280207        0.0000000000
  12  -1       -0.0099065384       -0.0434421975
  12  -2        0.0083791744       -0.0013587911
  12  -3        0.0228382395        0.0207542453
  12  -4       -0.0019395897       -0.0189558996
  12  -5        0.0848512109       -0.0355818149
  12  -6        0.0024268626       -0.0318980210
  12  -7        0.0038331054        0.0086589724
  12  -8       -0.0327079331        0.0334526561
  12  -9       -0.0113425806        0.0189704389
  12 -10        0.0203804667       -0.0632084194
  12 -11        0.0353224122        0.0275058532
  12 -12        0.0208501685        0.0327025571
  13  13        0.0093400594        0.0642977248
  13  12        0.0485264221       -0.0600377393
  13  11       -0.0404740512        0.0211515279
  13  10        0.0142454518       -0.0228071546
  13   9       -0.0062388036       -0.0080376435
  13   8        0.0067509135        0.0391054714
  13   7        0.0105351316       -0.0094405563
  13   6       -0.0127339208       -0.0426750099
  13   5        0.0521993233        0.0340840488
  13   4        0.0748300849       -0.0441437057
  13   3       -0.0026117766        0.0029108420
  13   2        0.0384899833       -0.0332286294
  13   1       -0.0382370148       -0.0217524113
  13   0        0.0745940339        0.0000000000
  13  -1        0.0382370148       -0.0217524113
  13  -2        0.0384899833        0.0332286294
  13  -3        0.0026117766        0.0029108420
  13  -4        0.0748300849        0.0441437057
  13  -5       -0.0521993233        0.0340840488
  13  -6       -0.0127339208        0.0426750099
  13  -7       -0.0105351316       -0.0094405563
  13  -8        0.0067509135       -0.0391054714
  13  -9        0.0062388036       -0.0080376435
  13 -10        0.0142454518        0.0228071546
  13 -11        0.0404740512        0.0211515279
  13 -12        0.0485264221        0.0600377393
  13 -13       -0.0093400594        0.0642977248
  14  14        0.0064129194        0.0123408520
  14  13       -0.0499052181       -0.0170095241
  14  12       -0.0012677084        0.0283766866
  14  11       -0.0157563478       -0.0131057258
  14  10       -0.0041103422       -0.0090226711
  14   9       -0.0128293988       -0.0154638061
  14   8        0.0401100418        0.0251515771
  14   7        0.0087745990       -0.0302440585
  14   6       -0.0008217219       -0.0055666124
  14   5        0.0652959770        0.0338349863
  14   4       -0.0073295399       -0.0127344984
  14   3       -0.0023774250       -0.0080993794
  14   2       -0.0453061047        0.0245546924
  14   1        0.0232046936        0.0955525831
  14   0        0.1017391245        0.0000000000
  14  -1       -0.0232046936        0.0955525831
  14  -2       -0.0453061047       -0.0245546924
  14  -3        0.0023774250       -0.0080993794
  14  -4       -0.0073295399        0.0127344984
  14  -5       -0.0652959770        0.0338349863
  14  -6       -0.0008217219        0.0055666124
  14  -7       -0.0087745990       -0.0302440585
  14  -8        0.0401100418       -0.0251515771
  14  -9        0.0128293988       -0.0154638061
  14 -10       -0.0041103422        0.0090226711
  14 -11        0.0157563478       -0.0131057258
  14 -12       -0.0012677084       -0.0283766866
  14 -13        0.0499052181       -0.0170095241
  14 -14        0.0064129194       -0.0123408520
  15  15       -0.0359207928        0.0419257851
  15  14        0.0397525268       -0.0163768127
  15  13       -0.0252917445       -0.0026992730
  15  12        0.0196931241       -0.0033443611
  15  11        0.0216556935       -0.0036201864
  15  10       -0.0038088609        0.0052662932
  15   9        0.0013595910       -0.0066115506
  15   8        0.0029790585       -0.0117240544
  15   7       -0.0093495646        0.0215472550
  15   6       -0.0154318301        0.0256340546
  15   5       -0.0545981539       -0.0100982672
  15   4       -0.0249256300        0.0228438411
  15   3       -0.0313047359        0.0171091536
  15   2       -0.0336665163        0.0413876459
  15   1        0.0089456550       -0.0018024831
  15   0       -0.0842981471        0.0000000000
  15  -1       -0.0089456550       -0.0018024831
  15  -2       -0.0336665163       -0.0413876459
  15  -3        0.0313047359        0.0171091536
  15  -4       -0.0249256300       -0.0228438411
  15  -5        0.0545981539       -0.0100982672
  15  -6       -0.0154318301       -0.0256340546
  15  -7        0.0093495646        0.0215472550
  15  -8        0.0029790585        0.0117240544
  15  -9       -0.0013595910       -0.0066115506
  15 -10       -0.0038088609       -0.0052662932
  15 -11       -0.0216556935       -0.0036201864
  15 -12        0.0196931241        0.0033443611
  15 -13        0.0252917445       -0.0026992730
  15 -14        0.0397525268        0.0163768127
  15 -15        0.0359207928        0.0419257851
  16  16        0.0247770446       -0.0414482257
  16  15       -0.0167767578       -0.0055638016
  16  14        0.0023043110        0.0227559109
  16  13        0.0171500545       -0.0360552493
  16  12       -0.0090382361        0.0182074132
  16  11        0.0025488687        0.0220626758
  16  10       -0.0029453710       -0.0190044799
  16   9        0.0107076701        0.0028572995
  16   8       -0.0337062973        0.0017142832
  16   7       -0.0103610978        0.0092327310
  16   6        0.0090106581       -0.0238488275
  16   5       -0.0268002250       -0.0010570031
  16   4        0.0220223211        0.0013057184
  16   3        0.0201724462       -0.0033953737
  16   2        0.0761590581       -0.0405107145
  16   1       -0.0228793544       -0.0678790165
  16   0       -0.0215673914        0.0000000000
  16  -1        0.0228793544       -0.0678790165
  16  -2        0.0761590581        0.0405107145
  16  -3       -0.0201724462       -0.0033953737
  16  -4        0.0220223211       -0.0013057184
  16  -5        0.0268002250       -0.0010570031
  16  -6        0.0090106581        0.0238488275
  16  -7        0.0103610978        0.0092327310
  16  -8       -0.0337062973       -0.0017142832
  16  -9       -0.0107076701        0.0028572995
  16 -10       -0.0029453710        0.0190044799
  16 -11       -0.0025488687        0.0220626758
  16 -12       -0.0090382361       -0.0182074132
  16 -13       -0.0171500545       -0.0360552493
  16 -14        0.0023043110       -0.0227559109
  16 -15        0.0167767578       -0.0055638016
  16 -16        0.0247770446        0.0414482257
  17  17       -0.0072670268       -0.0044313705
  17  16        0.0268658467        0.0227644225
  17  15       -0.0072802845        0.0006319414
  17  14        0.0212088863       -0.0017559140
  17  13        0.0040732056        0.0075851077
  17  12       -0.0247303202        0.0152777428
  17  11       -0.0188452003       -0.0239134966
  17  10        0.0007576235        0.0069156679
  17   9       -0.0021374542        0.0122053506
  17   8        0.0022225982        0.0044743595
  17   7       -0.0006569176       -0.0142180450
  17   6        0.0236816026        0.0004958719
  17   5        0.0368977487        0.0100300008
  17   4       -0.0011236853       -0.0009920431
  17   3        0.0272122060       -0.0166566813
  17   2        0.0054195642       -0.0257708944
  17   1        0.0214374112        0.0173757325
  17   0        0.0625113881        0.0000000000
  17  -1       -0.0214374112        0.0173757325
  17  -2        0.0054195642        0.0257708944
  17  -3       -0.0272122060       -0.0166566813
  17  -4       -0.0011236853        0.0009920431
  17  -5       -0.0368977487        0.0100300008
  17  -6        0.0236816026       -0.0004958719
  17  -7        0.0006569176       -0.0142180450
  17  -8        0.0022225982       -0.0044743595
  17  -9        0.0021374542        0.0122053506
  17 -10        0.0007576235       -0.0069156679
  17 -11        0.0188452003       -0.0239134966
  17 -12       -0.0247303202       -0.0152777428
  17 -13       -0.0040732056        0.0075851077
  17 -14        0.0212088863        0.0017559140
  17 -15        0.0072802845        0.0006319414
  17 -16        0.0268658467       -0.0227644225
  17 -17        0.0072670268       -0.0044313705
  18  18        0.0157919658       -0.0067533807
  18  17        0.0042101950       -0.0277215288
  18  16       -0.0011941854        0.0166215599
  18  15        0.0133259835       -0.0164876854
  18  14       -0.0175238378       -0.0016938235
  18  13       -0.0006882136        0.0112830203
  18  12        0.0088855640       -0.0196623442
  18  11        0.0075522753       -0.0015259486
  18  10        0.0073060126        0.0163304580
  18   9       -0.0091171916       -0.0005152789
  18   8        0.0234643535       -0.0027477958
  18   7        0.0029223549        0.0196279007
  18   6       -0.0119430852        0.0229127955
  18   5       -0.0016823622       -0.0196468188
  18   4       -0.0134637238        0.0006049114
  18   3       -0.0289597337        0.0182597195
  18   2       -0.0619145888        0.0436738316
  18   1        0.0132971141        0.0300749241
  18   0       -0.0325095767        0.0000000000
  18  -1       -0.0132971141        0.0300749241
  18  -2       -0.0619145888       -0.0436738316
  18  -3        0.0289597337        0.0182597195
  18  -4       -0.0134637238       -0.0006049114
  18  -5        0.0016823622       -0.0196468188
  18  -6       -0.0119430852       -0.0229127955
  18  -7       -0.0029223549        0.0196279007
  18  -8        0.0234643535        0.0027477958
  18  -9        0.0091171916       -0.0005152789
  18 -10        0.0073060126       -0.0163304580
  18 -11       -0.0075522753       -0.0015259486
  18 -12        0.0088855640        0.0196623442
  18 -13        0.0006882136        0.0112830203
  18 -14       -0.0175238378        0.0016938235
  18 -15       -0.0133259835       -0.0164876854
  18 -16       -0.0011941854       -0.0166215599
  18 -17       -0.0042101950       -0.0277215288
  18 -18        0.0157919658        0.0067533807
  19  19       -0.0188695074        0.0087667686
  19  18       -0.0007579311        0.0057668383
  19  17       -0.0113245861       -0.0059627695
  19  16        0.0007714782       -0.0092036300
  19  15        0.0040965523       -0.0027967444
  19  14       -0.0287089112        0.0221039436
  19  13        0.0122796807       -0.0243704181
  19  12        0.0153482200       -0.0004714154
  19  11       -0.0043141934        0.0262105729
  19  10       -0.0033558662       -0.0130650288
  19   9       -0.0016944138       -0.0180660579
  19   8       -0.0051088328        0.0080684795
  19   7       -0.0093544458        0.0053291403
  19   6       -0.0277306432       -0.0145637202
  19   5       -0.0230181573       -0.0103941485
  19   4        0.0041992826       -0.0221747313
  19   3       -0.0114687068        0.0082364742
  19   2        0.0169295366       -0.0104522796
  19   1       -0.0276993669       -0.0346057585
  19   0       -0.0482910063        0.0000000000
  19  -1        0.0276993669       -0.0346057585
  19  -2        0.0169295366        0.0104522796
  19  -3        0.0114687068        0.0082364742
  19  -4        0.0041992826        0.0221747313
  19  -5        0.0230181573       -0.0103941485
  19  -6       -0.0277306432        0.0145637202
  19  -7        0.0093544458        0.0053291403
  19  -8       -0.0051088328       -0.0080684795
  19  -9        0.0016944138       -0.0180660579
  19 -10       -0.0033558662        0.0130650288
  19 -11        0.0043141934        0.0262105729
  19 -12        0.0153482200        0.0004714154
  19 -13       -0.0122796807       -0.0243704181
  19 -14       -0.0287089112       -0.0221039436
  19 -15       -0.0040965523       -0.0027967444
  19 -16        0.0007714782        0.0092036300
  19 -17        0.0113245861       -0.0059627695
  19 -18       -0.0007579311       -0.0057668383
  19 -19        0.0188695074        0.0087667686
  20  20        0.0018229426        0.0092929690
  20  19        0.0084778977       -0.0133628347
  20  18       -0.0103666940       -0.0023050629
  20  17        0.0034382285       -0.0058373387
  20  16        0.0102452590       -0.0012154708
  20  15        0.0161319844        0.0040413562
  20  14        0.0089892146       -0.0061062401
  20  13        0.0065786927        0.0032231023
  20  12        0.0004931491        0.0012174777
  20  11       -0.0050409959       -0.0031673878
  20  10       -0.0012229080       -0.0065781913
  20   9       -0.0028486131        0.0026267329
  20   8       -0.0068182197        0.0093436626
  20   7       -0.0025149850       -0.0202065812
  20   6        0.0097850057        0.0002209411
  20   5        0.0120258119        0.0293836424
  20   4       -0.0038877019        0.0044002086
  20   3        0.0330205360       -0.0124726747
  20   2        0.0291814676       -0.0314380247
  20   1       -0.0163411691        0.0014211571
  20   0        0.0211634763        0.0000000000
  20  -1        0.0163411691        0.0014211571
  20  -2        0.0291814676        0.0314380247
  20  -3       -0.0330205360       -0.0124726747
  20  -4       -0.0038877019       -0.0044002086
  20  -5       -0.0120258119        0.0293836424
  20  -6        0.0097850057       -0.0002209411
  20  -7        0.0025149850       -0.0202065812
  20  -8       -0.0068182197       -0.0093436626
  20  -9        0.0028486131        0.0026267329
  20 -10       -0.0012229080        0.0065781913
  20 -11        0.0050409959       -0.0031673878
  20 -12        0.0004931491       -0.0012174777
  20 -13       -0.0065786927        0.0032231023
  20 -14        0.0089892146        0.0061062401
  20 -15       -0.0161319844        0.0040413562
  20 -16        0.0102452590        0.0012154708
  20 -17       -0.0034382285       -0.0058373387
  20 -18       -0.0103666940        0.0023050629
  20 -19       -0.0084778977       -0.0133628347
  20 -20        0.0018229426       -0.0092929690
  21  21       -0.0107883324       -0.0069052444
  21  20       -0.0106974659        0.0188760861
  21  19        0.0015088895       -0.0072497594
  21  18        0.0133518061       -0.0097185440
  21  17       -0.0020962962        0.0026808002
  21  16       -0.0020687712        0.0086693685
  21  15       -0.0016931520        0.0062544434
  21  14        0.0068221387       -0.0187675087
  21  13       -0.0167139239        0.0122370173
  21  12       -0.0019101557       -0.0121911319
  21  11        0.0076251137       -0.0084496571
  21  10        0.0009798632        0.0153532475
  21   9       -0.0045212445        0.0211614192
  21   8        0.0033861333       -0.0106628517
  21   7        0.0022885018        0.0093438806
  21   6        0.0191975460        0.0119970872
  21   5        0.0055367105        0.0054372795
  21   4        0.0017024742        0.0169850660
  21   3       -0.0028526530       -0.0015757331
  21   2       -0.0209488384        0.0325098949
  21   1        0.0151030273        0.0195449987
  21   0        0.0070785586        0.0000000000
  21  -1       -0.0151030273        0.0195449987
  21  -2       -0.0209488384       -0.0325098949
  21  -3        0.0028526530       -0.0015757331
  21  -4        0.0017024742       -0.0169850660
  21  -5       -0.0055367105        0.0054372795
  21  -6        0.0191975460       -0.0119970872
  21  -7       -0.0022885018        0.0093438806
  21  -8        0.0033861333        0.0106628517
  21  -9        0.0045212445        0.0211614192
  21 -10        0.0009798632       -0.0153532475
  21 -11       -0.0076251137       -0.0084496571
  21 -12       -0.0019101557        0.0121911319
  21 -13        0.0167139239        0.0122370173
  21 -14        0.0068221387        0.0187675087
  21 -15        0.0016931520        0.0062544434
  21 -16       -0.0020687712       -0.0086693685
  21 -17        0.0020962962        0.0026808002
  21 -18        0.0133518061        0.0097185440
  21 -19       -0.0015088895       -0.0072497594
  21 -20       -0.0106974659       -0.0188760861
  21 -21        0.0107883324       -0.0069052444
  22  22        0.0229642965       -0.0001355085
  22  21        0.0168002149        0.0022022153
  22  20       -0.0177649561        0.0004235587
  22  19        0.0032669458        0.0015054896
  22  18        0.0023869937       -0.0009112380
  22  17        0.0171635913        0.0111187464
  22  16       -0.0056156360       -0.0032868267
  22  15       -0.0089869700        0.0086383281
  22  14        0.0050950413        0.0046271412
  22  13       -0.0097577555       -0.0028650510
  22  12       -0.0089959036        0.0060781380
  22  11       -0.0024725721        0.0032942405
  22  10       -0.0017525661        0.0003222744
  22   9        0.0103444638       -0.0059390825
  22   8       -0.0036573426       -0.0045771935
  22   7       -0.0010568466        0.0024562866
  22   6       -0.0085221135       -0.0123173533
  22   5       -0.0170743038       -0.0183042782
  22   4       -0.0050973959       -0.0128326861
  22   3       -0.0407192431        0.0008127776
  22   2       -0.0053439484        0.0042539653
  22   1        0.0144109575       -0.0157715031
  22   0       -0.0130482832        0.0000000000
  22  -1       -0.0144109575       -0.0157715031
  22  -2       -0.0053439484       -0.0042539653
  22  -3        0.0407192431        0.0008127776
  22  -4       -0.0050973959        0.0128326861
  22  -5        0.0170743038       -0.0183042782
  22  -6       -0.0085221135        0.0123173533
  22  -7        0.0010568466        0.0024562866
  22  -8       -0.0036573426        0.0045771935
  22  -9       -0.0103444638       -0.0059390825
  22 -10       -0.0017525661       -0.0003222744
  22 -11        0.0024725721        0.0032942405
  22 -12       -0.0089959036       -0.0060781380
  22 -13        0.0097577555       -0.0028650510
  22 -14        0.0050950413       -0.0046271412
  22 -15        0.0089869700        0.0086383281
  22 -16       -0.0056156360        0.0032868267
  22 -17       -0.0171635913        0.0111187464
  22 -18        0.0023869937        0.0009112380
  22 -19       -0.0032669458        0.0015054896
  22 -20       -0.0177649561       -0.0004235587
  22 -21       -0.0168002149        0.0022022153
  22 -22        0.0229642965        0.0001355085
  23  23       -0.0034729359        0.0000554756
  23  22       -0.0036383691       -0.0038584986
  23  21       -0.0005555678        0.0000988152
  23  20        0.0085443046        0.0027904067
  23  19       -0.0109934652        0.0044201199
  23  18       -0.0114116968       -0.0128149351
  23  17        0.0003573584       -0.0018414829
  23  16       -0.0050343996       -0.0107047578
  23  15       -0.0115603023       -0.0030946501
  23  14        0.0046016638        0.0102624632
  23  13        0.0011065817       -0.0029668107
  23  12       -0.0030311335        0.0086035667
  23  11        0.0026131918       -0.0058240058
  23  10       -0.0013008246       -0.0176401223
  23   9        0.0080036232       -0.0077518015
  23   8        0.0061830493        0.0097801635
  23   7       -0.0029797941       -0.0165103023
  23   6       -0.0085679333       -0.0039772158
  23   5        0.0132101815        0.0118657691
  23   4       -0.0091851180        0.0017839586
  23   3        0.0071072525        0.0032330298
  23   2        0.0138378400       -0.0260864411
  23   1       -0.0071820972       -0.0021793117
  23   0        0.0076698612        0.0000000000
  23  -1        0.0071820972       -0.0021793117
  23  -2        0.0138378400        0.0260864411
  23  -3       -0.0071072525        0.0032330298
  23  -4       -0.0091851180       -0.0017839586
  23  -5       -0.0132101815        0.0118657691
  23  -6       -0.0085679333        0.0039772158
  23  -7        0.0029797941       -0.0165103023
  23  -8        0.0061830493       -0.0097801635
  23  -9       -0.0080036232       -0.0077518015
  23 -10       -0.0013008246        0.0176401223
  23 -11       -0.0026131918       -0.0058240058
  23 -12       -0.0030311335       -0.0086035667
  23 -13       -0.0011065817       -0.0029668107
  23 -14        0.0046016638       -0.0102624632
  23 -15        0.0115603023       -0.0030946501
  23 -16       -0.0050343996        0.0107047578
  23 -17       -0.0003573584       -0.0018414829
  23 -18       -0.0114116968        0.0128149351
  23 -19        0.0109934652        0.0044201199
  23 -20        0.0085443046       -0.0027904067
  23 -21        0.0005555678        0.0000988152
  23 -22       -0.0036383691        0.0038584986
  23 -23        0.0034729359        0.0000554756
  24  24        0.0097414234       -0.0046466756
  24  23        0.0067785562        0.0058549094
  24  22       -0.0025177576       -0.0098175395
  24  21        0.0069247347        0.0033905206
  24  20       -0.0074434197       -0.0062576291
  24  19       -0.0025131870        0.0026791594
  24  18        0.0007404660        0.0053561021
  24  17       -0.0088004531       -0.0001649893
  24  16        0.0058678738        0.0053342751
  24  15        0.0022763512       -0.0006839110
  24  14       -0.0077070688       -0.0073124088
  24  13        0.0051592195       -0.0041507756
  24  12        0.0114790458       -0.0066010567
  24  11       -0.0017914938       -0.0039514849
  24  10        0.0036114295       -0.0041131847
  24   9       -0.0022467960        0.0068555984
  24   8        0.0099696729        0.0057900821
  24   7       -0.0000853701        0.0103626484
  24   6        0.0147692308        0.0199429110
  24   5        0.0044710638        0.0077628807
  24   4        0.0103590292        0.0191396634
  24   3        0.0335746248       -0.0025646356
  24   2       -0.0083888017        0.0078024703
  24   1        0.0018393130        0.0127057791
  24   0        0.0148302135        0.0000000000
  24  -1       -0.0018393130        0.0127057791
  24  -2       -0.0083888017       -0.0078024703
  24  -3       -0.0335746248       -0.0025646356
  24  -4        0.0103590292       -0.0191396634
  24  -5       -0.0044710638        0.0077628807
  24  -6        0.0147692308       -0.0199429110
  24  -7        0.0000853701        0.0103626484
  24  -8        0.0099696729       -0.0057900821
  24  -9        0.0022467960        0.0068555984
  24 -10        0.0036114295        0.0041131847
  24 -11        0.0017914938       -0.0039514849
  24 -12        0.0114790458        0.0066010567
  24 -13       -0.0051592195       -0.0041507756
  24 -14       -0.0077070688        0.0073124088
  24 -15       -0.0022763512       -0.0006839110
  24 -16        0.0058678738       -0.0053342751
  24 -17        0.0088004531       -0.0001649893
  24 -18        0.0007404660       -0.0053561021
  24 -19        0.0025131870        0.0026791594
  24 -20       -0.0074434197        0.0062576291
  24 -21       -0.0069247347        0.0033905206
  24 -22       -0.0025177576        0.0098175395
  24 -23       -0.0067785562        0.0058549094
  24 -24        0.0097414234        0.0046466756
  25  25       -0.0029621132       -0.0064136075
  25  24       -0.0058488164       -0.0099054391
  25  23       -0.0004309677       -0.0034588262
  25  22        0.0026901805        0.0155999212
  25  21       -0.0029109861       -0.0019667907
  25  20       -0.0008692046       -0.0082449369
  25  19        0.0040434332       -0.0006653341
  25  18       -0.0033990205        0.0011136986
  25  17       -0.0041998783       -0.0000582753
  25  16        0.0058079191       -0.0002406955
  25  15        0.0034040303       -0.0104017195
  25  14       -0.0080828876        0.0050275941
  25  13        0.0047008120       -0.0006553597
  25  12       -0.0058019407       -0.0036359891
  25  11       -0.0039357812        0.0122704902
  25  10       -0.0017963256        0.0008100222
  25   9       -0.0006988833       -0.0019902059
  25   8       -0.0073938511       -0.0066612102
  25   7        0.0086197744        0.0160755281
  25   6       -0.0030952775       -0.0046631343
  25   5       -0.0251896388       -0.0090735073
  25   4        0.0047834443       -0.0068885893
  25   3       -0.0170275618       -0.0035407940
  25   2       -0.0099420009        0.0099381245
  25   1        0.0064510598       -0.0169368273
  25   0       -0.0092329037        0.0000000000
  25  -1       -0.0064510598       -0.0169368273
  25  -2       -0.0099420009       -0.0099381245
  25  -3        0.0170275618       -0.0035407940
  25  -4        0.0047834443        0.0068885893
  25  -5        0.0251896388       -0.0090735073
  25  -6       -0.0030952775        0.0046631343
  25  -7       -0.0086197744        0.0160755281
  25  -8       -0.0073938511        0.0066612102
  25  -9        0.0006988833       -0.0019902059
  25 -10       -0.0017963256       -0.0008100222
  25 -11        0.0039357812        0.0122704902
  25 -12       -0.0058019407        0.0036359891
  25 -13       -0.0047008120       -0.0006553597
  25 -14       -0.0080828876       -0.0050275941
  25 -15       -0.0034040303       -0.0104017195
  25 -16        0.0058079191        0.0002406955
  25 -17        0.0041998783       -0.0000582753
  25 -18       -0.0033990205       -0.0011136986
  25 -19       -0.0040434332       -0.0006653341
  25 -20       -0.0008692046        0.0082449369
  25 -21        0.0029109861       -0.0019667907
  25 -22        0.0026901805       -0.0155999212
  25 -23        0.0004309677       -0.0034588262
  25 -24       -0.0058488164        0.0099054391
  25 -25        0.0029621132       -0.0064136075
  26  26        0.0007835173        0.0104524042
  26  25       -0.0022770000        0.0049805510
  26  24        0.0035661038       -0.0076197982
  26  23        0.0036968678       -0.0047822931
  26  22       -0.0069028767        0.0027220020
  26  21        0.0030885171        0.0042700875
  26  20        0.0034801241        0.0054685018
  26  19        0.0013554127       -0.0000748628
  26  18        0.0025119174       -0.0021442069
  26  17       -0.0044908001       -0.0035659147
  26  16        0.0006308739       -0.0020079686
  26  15       -0.0000351096        0.0020346666
  26  14        0.0061805200        0.0059250227
  26  13       -0.0040960585       -0.0033894141
  26  12       -0.0013334319        0.0068285168
  26  11       -0.0049003354        0.0005670183
  26  10        0.0098984301       -0.0052208243
  26   9       -0.0042744321       -0.0125720779
  26   8       -0.0036622256        0.0019637626
  26   7        0.0149186971       -0.0137167413
  26   6       -0.0091739017       -0.0243719747
  26   5        0.0096578927       -0.0054397678
  26   4       -0.0014283122       -0.0124060054
  26   3       -0.0058951559        0.0115461971
  26   2        0.0110481215       -0.0160178568
  26   1       -0.0109029042        0.0013897778
  26   0       -0.0097057899        0.0000000000
  26  -1        0.0109029042        0.0013897778
  26  -2        0.0110481215        0.0160178568
  26  -3        0.0058951559        0.0115461971
  26  -4       -0.0014283122        0.0124060054
  26  -5       -0.0096578927       -0.0054397678
  26  -6       -0.0091739017        0.0243719747
  26  -7       -0.0149186971       -0.0137167413
  26  -8       -0.0036622256       -0.0019637626
  26  -9        0.0042744321       -0.0125720779
  26 -10        0.0098984301        0.0052208243
  26 -11        0.0049003354        0.0005670183
  26 -12       -0.0013334319       -0.0068285168
  26 -13        0.0040960585       -0.0033894141
  26 -14        0.0061805200       -0.0059250227
  26 -15        0.0000351096        0.0020346666
  26 -16        0.0006308739        0.0020079686
  26 -17        0.0044908001       -0.0035659147
  26 -18        0.0025119174        0.0021442069
  26 -19       -0.0013554127       -0.0000748628
  26 -20        0.0034801241       -0.0054685018
  26 -21       -0.0030885171        0.0042700875
  26 -22       -0.0069028767       -0.0027220020
  26 -23       -0.0036968678       -0.0047822931
  26 -24        0.0035661038        0.0076197982
  26 -25        0.0022770000        0.0049805510
  26 -26        0.0007835173       -0.0104524042
  27  27       -0.0024226343       -0.0036918543
  27  26        0.0083897633       -0.0038504382
  27  25       -0.0075154901        0.0072673057
  27  24        0.0019298414        0.0041179021
  27  23        0.0015891533       -0.0071342867
  27  22        0.0035963560       -0.0043142270
  27  21        0.0009000318        0.0062709723
  27  20       -0.0024358955       -0.0002133236
  27  19       -0.0073256589       -0.0004209798
  27  18        0.0064491324        0.0041398702
  27  17        0.0020204108       -0.0010365977
  27  16       -0.0127431281        0.0020754632
  27  15       -0.0021042652        0.0086225285
  27  14        0.0010038688       -0.0062833444
  27  13       -0.0044934190        0.0039687405
  27  12        0.0023270680       -0.0075586848
  27  11        0.0060977460       -0.0127723030
  27  10       -0.0025870801        0.0034821266
  27   9       -0.0022420866       -0.0011922309
  27   8        0.0083390843       -0.0016321682
  27   7       -0.0034955391       -0.0082675917
  27   6        0.0054278431        0.0061458624
  27   5        0.0161829296        0.0073073992
  27   4       -0.0054641778        0.0138451626
  27   3        0.0168734664       -0.0005208368
  27   2       -0.0007939358       -0.0003937084
  27   1       -0.0050269377        0.0187252298
  27   0        0.0037520874        0.0000000000
  27  -1        0.0050269377        0.0187252298
  27  -2       -0.0007939358        0.0003937084
  27  -3       -0.0168734664       -0.0005208368
  27  -4       -0.0054641778       -0.0138451626
  27  -5       -0.0161829296        0.0073073992
  27  -6        0.0054278431       -0.0061458624
  27  -7        0.0034955391       -0.0082675917
  27  -8        0.0083390843        0.0016321682
  27  -9        0.0022420866       -0.0011922309
  27 -10       -0.0025870801       -0.0034821266
  27 -11       -0.0060977460       -0.0127723030
  27 -12        0.0023270680        0.0075586848
  27 -13        0.0044934190        0.0039687405
  27 -14        0.0010038688        0.0062833444
  27 -15        0.0021042652        0.0086225285
  27 -16       -0.0127431281       -0.0020754632
  27 -17       -0.0020204108       -0.0010365977
  27 -18        0.0064491324       -0.0041398702
  27 -19        0.0073256589       -0.0004209798
  27 -20       -0.0024358955        0.0002133236
  27 -21       -0.0009000318        0.0062709723
  27 -22        0.0035963560        0.0043142270
  27 -23       -0.0015891533       -0.0071342867
  27 -24        0.0019298414       -0.0041179021
  27 -25        0.0075154901        0.0072673057
  27 -26        0.0083897633        0.0038504382
  27 -27        0.0024226343       -0.0036918543
  28  28       -0.0059258466        0.0043696409
  28  27        0.0033000534        0.0048048014
  28  26        0.0015785203        0.0027855459
  28  25        0.0020742467       -0.0041655659
  28  24        0.0028456765        0.0047501036
  28  23       -0.0031920756        0.0061148848
  28  22        0.0005739665       -0.0023851549
  28  21       -0.0057866600       -0.0040478190
  28  20       -0.0004997766        0.0033262208
  28  19       -0.0003911041       -0.0023281234
  28  18       -0.0101334625        0.0003472910
  28  17        0.0099014529        0.0017426554
  28  16       -0.0002896096        0.0024534618
  28  15       -0.0009705588       -0.0036607769
  28  14       -0.0050657654       -0.0042118467
  28  13        0.0073946128        0.0013857949
  28  12       -0.0005158639       -0.0012141548
  28  11       -0.0066930752       -0.0030806238
  28  10       -0.0143929807        0.0010243904
  28   9        0.0040056645        0.0081590209
  28   8       -0.0071498371       -0.0049550645
  28   7       -0.0131753082        0.0126281925
  28   6        0.0040948476        0.0137212412
  28   5       -0.0151983799        0.0072286754
  28   4       -0.0010042742       -0.0000967826
  28   3       -0.0114619494       -0.0096869189
  28   2       -0.0102663193        0.0120016998
  28   1        0.0053315172       -0.0089206335
  28   0        0.0061106838        0.0000000000
  28  -1       -0.0053315172       -0.0089206335
  28  -2       -0.0102663193       -0.0120016998
  28  -3        0.0114619494       -0.0096869189
  28  -4       -0.0010042742        0.0000967826
  28  -5        0.0151983799        0.0072286754
  28  -6        0.0040948476       -0.0137212412
  28  -7        0.0131753082        0.0126281925
  28  -8       -0.0071498371        0.0049550645
  28  -9       -0.0040056645        0.0081590209
  28 -10       -0.0143929807       -0.0010243904
  28 -11        0.0066930752       -0.0030806238
  28 -12       -0.0005158639        0.0012141548
  28 -13       -0.0073946128        0.0013857949
  28 -14       -0.0050657654        0.0042118467
  28 -15        0.0009705588       -0.0036607769
  28 -16       -0.0002896096       -0.0024534618
  28 -17       -0.0099014529        0.0017426554
  28 -18       -0.0101334625       -0.0003472910
  28 -19        0.0003911041       -0.0023281234
  28 -20       -0.0004997766       -0.0033262208
  28 -21        0.0057866600       -0.0040478190
  28 -22        0.0005739665        0.0023851549
  28 -23        0.0031920756        0.0061148848
  28 -24        0.0028456765       -0.0047501036
  28 -25       -0.0020742467       -0.0041655659
  28 -26        0.0015785203       -0.0027855459
  28 -27       -0.0033000534        0.0048048014
  28 -28       -0.0059258466       -0.0043696409
  29  29        0.0007099065       -0.0020746916
  29  28       -0.0041250277       -0.0033109238
  29  27        0.0016442709        0.0045880196
  29  26        0.0005425372        0.0006801622
  29  25       -0.0063420967       -0.0053243479
  29  24        0.0030584015        0.0036359682
  29  23       -0.0025228799        0.0030404710
  29  22       -0.0018891565       -0.0033705955
  29  21        0.0000555050       -0.0049282970
  29  20        0.0017517785        0.0055412079
  29  19        0.0021240380       -0.0013760731
  29  18        0.0000664513       -0.0044763683
  29  17        0.0016877481        0.0023361588
  29  16       -0.0020646328       -0.0058606215
  29  15       -0.0020028688       -0.0096351434
  29  14        0.0011332660       -0.0008211802
  29  13       -0.0083623342       -0.0029949323
  29  12        0.0048785136        0.0069469006
  29  11        0.0005943205       -0.0010733739
  29  10        0.0004391854       -0.0055723398
  29   9        0.0046367372       -0.0012542341
  29   8        0.0002836617        0.0018465109
  29   7        0.0062382384        0.0009623973
  29   6       -0.0015666438       -0.0187545789
  29   5       -0.0003670236       -0.0071968864
  29   4        0.0081688181       -0.0118211786
  29   3       -0.0103669485        0.0065741005
  29   2        0.0108380135       -0.0088167065
  29   1        0.0053373757       -0.0081830596
  29   0        0.0013283331        0.0000000000
  29  -1       -0.0053373757       -0.0081830596
  29  -2        0.0108380135        0.0088167065
  29  -3        0.0103669485        0.0065741005
  29  -4        0.0081688181        0.0118211786
  29  -5        0.0003670236       -0.0071968864
  29  -6       -0.0015666438        0.0187545789
  29  -7       -0.0062382384        0.0009623973
  29  -8        0.0002836617       -0.0018465109
  29  -9       -0.0046367372       -0.0012542341
  29 -10        0.0004391854        0.0055723398
  29 -11       -0.0005943205       -0.0010733739
  29 -12        0.0048785136       -0.0069469006
  29 -13        0.0083623342       -0.0029949323
  29 -14        0.0011332660        0.0008211802
  29 -15        0.0020028688       -0.0096351434
  29 -16       -0.0020646328        0.0058606215
  29 -17       -0.0016877481        0.0023361588
  29 -18        0.0000664513        0.0044763683
  29 -19       -0.0021240380       -0.0013760731
  29 -20        0.0017517785       -0.0055412079
  29 -21       -0.0000555050       -0.0049282970
  29 -22       -0.0018891565        0.0033705955
  29 -23        0.0025228799        0.0030404710
  29 -24        0.0030584015       -0.0036359682
  29 -25        0.0063420967       -0.0053243479
  29 -26        0.0005425372       -0.0006801622
  29 -27       -0.0016442709        0.0045880196
  29 -28       -0.0041250277        0.0033109238
  29 -29       -0.0007099065       -0.0020746916
  30  30       -0.0029554288        0.0030723062
  30  29       -0.0044873804        0.0001234307
  30  28        0.0143713226        0.0014968780
  30  27        0.0004039077        0.0014981602
  30  26       -0.0017498970       -0.0009513942
  30  25        0.0012734257        0.0023708728
  30  24       -0.0019147920       -0.0076342973
  30  23        0.0048915822        0.0000247753
  30  22       -0.0005766871        0.0061171651
  30  21        0.0038068597        0.0026728429
  30  20       -0.0041154850       -0.0015790617
  30  19        0.0028634983        0.0030059287
  30  18       -0.0022612854        0.0022621063
  30  17       -0.0069732229       -0.0024241818
  30  16       -0.0004908101        0.0022510024
  30  15       -0.0001986521        0.0055810066
  30  14        0.0010602003       -0.0011553372
  30  13       -0.0054796125       -0.0031586901
  30  12       -0.0024785730       -0.0003099302
  30  11        0.0051975761        0.0006668133
  30  10        0.0112463851       -0.0037052533
  30   9       -0.0004418443       -0.0021691561
  30   8        0.0136526916        0.0034545481
  30   7        0.0071429972       -0.0108553207
  30   6       -0.0032780142       -0.0009633011
  30   5        0.0122719820        0.0003303356
  30   4       -0.0039343270        0.0072834219
  30   3        0.0140599966        0.0054754296
  30   2        0.0051200986       -0.0034517482
  30   1       -0.0037346149        0.0034745266
  30   0       -0.0069351531        0.0000000000
  30  -1        0.0037346149        0.0034745266
  30  -2        0.0051200986        0.0034517482
  30  -3       -0.0140599966        0.0054754296
  30  -4       -0.0039343270       -0.0072834219
  30  -5       -0.0122719820        0.0003303356
  30  -6       -0.0032780142        0.0009633011
  30  -7       -0.0071429972       -0.0108553207
  30  -8        0.0136526916       -0.0034545481
  30  -9        0.0004418443       -0.0021691561
  30 -10        0.0112463851        0.0037052533
  30 -11       -0.0051975761        0.0006668133
  30 -12       -0.0024785730        0.0003099302
  30 -13        0.0054796125       -0.0031586901
  30 -14        0.0010602003        0.0011553372
  30 -15        0.0001986521        0.0055810066
  30 -16       -0.0004908101       -0.0022510024
  30 -17        0.0069732229       -0.0024241818
  30 -18       -0.0022612854       -0.0022621063
  30 -19       -0.0028634983        0.0030059287
  30 -20       -0.0041154850        0.0015790617
  30 -21       -0.0038068597        0.0026728429
  30 -22       -0.0005766871       -0.0061171651
  30 -23       -0.0048915822        0.0000247753
  30 -24       -0.0019147920        0.0076342973
  30 -25       -0.0012734257        0.0023708728
  30 -26       -0.0017498970        0.0009513942
  30 -27       -0.0004039077        0.0014981602
  30 -28        0.0143713226       -0.0014968780
  30 -29        0.0044873804        0.0001234307
  30 -30       -0.0029554288       -0.0030723062
