   0   0        0.3969659778        0.0000000000
   1   1        0.0008999001        0.0008881263
   1   0        0.0007442597        0.0000000000
   1  -1       -0.0008999001        0.0008881263
   2   2        0.0029281426       -0.0016609615
   2   1        0.0106250770       -0.0110929682
   2   0       -0.0389617144        0.0000000000
   2  -1       -0.0106250770       -0.0110929682
   2  -2        0.0029281426        0.0016609615
   3   3        0.0014931994        0.0000827407
   3   2       -0.0024708895       -0.0026022730
   3   1        0.0038781314        0.0027417138
   3   0        0.0018916356        0.0000000000
   3  -1       -0.0038781314        0.0027417138
   3  -2       -0.0024708895        0.0026022730
   3  -3       -0.0014931994        0.0000827407
   4   4        0.0001977337        0.0003086765
   4   3        0.0007345021       -0.0020000032
   4   2       -0.0025789975       -0.0012012513
   4   1       -0.0040413817        0.0011935923
   4   0        0.0075342760        0.0000000000
   4  -1        0.0040413817        0.0011935923
   4  -2       -0.0025789975        0.0012012513
   4  -3       -0.0007345021       -0.0020000032
   4  -4        0.0001977337       -0.0003086765
   5   5       -0.0011487220       -0.0060789151
   5   4        0.0008362627        0.0000788509
   5   3        0.0010071734       -0.0017250514
   5   2       -0.0008381511        0.0021684950
   5   1        0.0006934144       -0.0004500863
   5   0       -0.0022511825        0.0000000000
   5  -1       -0.0006934144       -0.0004500863
   5  -2       -0.0008381511       -0.0021684950
   5  -3       -0.0010071734       -0.0017250514
   5  -4        0.0008362627       -0.0000788509
   5  -5        0.0011487220       -0.0060789151
   6   6        0.0009813527       -0.0013410635
   6   5        0.0004898334       -0.0003824198
   6   4        0.0001536016       -0.0009348826
   6   3       -0.0015200319        0.0004997003
   6   2       -0.0002269484        0.0008615214
   6   1        0.0023935485        0.0006877711
   6   0       -0.0002230600        0.0000000000
   6  -1       -0.0023935485        0.0006877711
   6  -2       -0.0002269484       -0.0008615214
   6  -3        0.0015200319        0.0004997003
   6  -4        0.0001536016        0.0009348826
   6  -5       -0.0004898334       -0.0003824198
   6  -6        0.0009813527        0.0013410635
   7   7       -0.0015135433        0.0003041527
   7   6       -0.0021673613        0.0002812022
   7   5        0.0001398737        0.0019603915
   7   4       -0.0006111372       -0.0004303162
   7   3       -0.0006581994        0.0025091136
   7   2       -0.0010109393       -0.0011776115
   7   1       -0.0018893738        0.0006205532
   7   0        0.0007440284        0.0000000000
   7  -1        0.0018893738        0.0006205532
   7  -2       -0.0010109393        0.0011776115
   7  -3        0.0006581994        0.0025091136
   7  -4       -0.0006111372        0.0004303162
   7  -5       -0.0001398737        0.0019603915
   7  -6       -0.0021673613       -0.0002812022
   7  -7        0.0015135433        0.0003041527
   8   8        0.0020635891        0.0014395153
   8   7       -0.0001458687       -0.0000113084
   8   6        0.0004117201        0.0013319271
   8   5       -0.0012493633       -0.0001584889
   8   4       -0.0003134579       -0.0011017124
   8   3        0.0007222328       -0.0006041719
   8   2        0.0000974094       -0.0000030380
   8   1       -0.0020066037        0.0022519287
   8   0       -0.0011327888        0.0000000000
   8  -1        0.0020066037        0.0022519287
   8  -2        0.0000974094        0.0000030380
   8  -3       -0.0007222328       -0.0006041719
   8  -4       -0.0003134579        0.0011017124
   8  -5        0.0012493633       -0.0001584889
   8  -6        0.0004117201       -0.0013319271
   8  -7        0.0001458687       -0.0000113084
   8  -8        0.0020635891       -0.0014395153
   9   9        0.0015606245       -0.0018546106
   9   8       -0.0002651897       -0.0002455857
   9   7        0.0007508869        0.0000589773
   9   6        0.0009803224        0.0004791083
   9   5        0.0003225182       -0.0006726413
   9   4       -0.0003972687        0.0001931832
   9   3        0.0009229519        0.0001992998
   9   2       -0.0007681054        0.0005501627
   9   1       -0.0002302161       -0.0019333416
   9   0        0.0006636362        0.0000000000
   9  -1        0.0002302161       -0.0019333416
   9  -2       -0.0007681054       -0.0005501627
   9  -3       -0.0009229519        0.0001992998
   9  -4       -0.0003972687       -0.0001931832
   9  -5       -0.0003225182       -0.0006726413
   9  -6        0.0009803224       -0.0004791083
   9  -7       -0.0007508869        0.0000589773
   9  -8       -0.0002651897        0.0002455857
   9  -9       -0.0015606245       -0.0018546106
  10  10       -0.0007045904       -0.0011085359
  10   9        0.0002895091       -0.0007002119
  10   8        0.0000894750       -0.0005455817
  10   7        0.0004543561       -0.0009870604
  10   6       -0.0001742922        0.0000544695
  10   5       -0.0007410550       -0.0001114860
  10   4        0.0006447223       -0.0003164033
  10   3        0.0003352039        0.0006884090
  10   2        0.0004394566        0.0018769454
  10   1       -0.0011837116        0.0015410767
  10   0       -0.0016288379        0.0000000000
  10  -1        0.0011837116        0.0015410767
  10  -2        0.0004394566       -0.0018769454
  10  -3       -0.0003352039        0.0006884090
  10  -4        0.0006447223        0.0003164033
  10  -5        0.0007410550       -0.0001114860
  10  -6       -0.0001742922       -0.0000544695
  10  -7       -0.0004543561       -0.0009870604
  10  -8        0.0000894750        0.0005455817
  10  -9       -0.0002895091       -0.0007002119
  10 -10       -0.0007045904        0.0011085359
  11  11       -0.0006743246        0.0004481845
  11  10       -0.0009149019       -0.0007338311
  11   9       -0.0007563230        0.0006582151
  11   8        0.0000872041        0.0008284464
  11   7       -0.0002440770       -0.0003794140
  11   6       -0.0008232970        0.0002423263
  11   5       -0.0003064365        0.0000283212
  11   4       -0.0001659944       -0.0006498465
  11   3        0.0005857324       -0.0006494474
  11   2        0.0002680021       -0.0003048827
  11   1       -0.0016861700       -0.0005810984
  11   0       -0.0001339423        0.0000000000
  11  -1        0.0016861700       -0.0005810984
  11  -2        0.0002680021        0.0003048827
  11  -3       -0.0005857324       -0.0006494474
  11  -4       -0.0001659944        0.0006498465
  11  -5        0.0003064365        0.0000283212
  11  -6       -0.0008232970       -0.0002423263
  11  -7        0.0002440770       -0.0003794140
  11  -8        0.0000872041       -0.0008284464
  11  -9        0.0007563230        0.0006582151
  11 -10       -0.0009149019        0.0007338311
  11 -11        0.0006743246        0.0004481845
  12  12        0.0010781490       -0.0004171268
  12  11        0.0002143718        0.0006624141
  12  10        0.0005149313        0.0012384616
  12   9        0.0001875342       -0.0012459632
  12   8       -0.0008329509        0.0011186891
  12   7        0.0002719640       -0.0001390429
  12   6        0.0006688292       -0.0001657785
  12   5       -0.0002129145       -0.0001938503
  12   4        0.0009659053        0.0001589366
  12   3        0.0002421113       -0.0002969078
  12   2       -0.0004554520       -0.0013320792
  12   1       -0.0002823331       -0.0013804303
  12   0       -0.0001961893        0.0000000000
  12  -1        0.0002823331       -0.0013804303
  12  -2       -0.0004554520        0.0013320792
  12  -3       -0.0002421113       -0.0002969078
  12  -4        0.0009659053       -0.0001589366
  12  -5        0.0002129145       -0.0001938503
  12  -6        0.0006688292        0.0001657785
  12  -7       -0.0002719640       -0.0001390429
  12  -8       -0.0008329509       -0.0011186891
  12  -9       -0.0001875342       -0.0012459632
  12 -10        0.0005149313       -0.0012384616
  12 -11       -0.0002143718        0.0006624141
  12 -12        0.0010781490        0.0004171268
  13  13        0.0004900374       -0.0004929367
  13  12        0.0001460516       -0.0003083456
  13  11        0.0008221946        0.0000310534
  13  10       -0.0007157369       -0.0004193515
  13   9       -0.0001995589       -0.0006756393
  13   8        0.0001541659       -0.0002399228
  13   7        0.0001920926       -0.0004267123
  13   6       -0.0001634046       -0.0002123129
  13   5        0.0004148998        0.0006535591
  13   4       -0.0004516378       -0.0001074526
  13   3        0.0000961601       -0.0006122706
  13   2        0.0024141603       -0.0006152276
  13   1        0.0012989058        0.0006888693
  13   0       -0.0004829708        0.0000000000
  13  -1       -0.0012989058        0.0006888693
  13  -2        0.0024141603        0.0006152276
  13  -3       -0.0000961601       -0.0006122706
  13  -4       -0.0004516378        0.0001074526
  13  -5       -0.0004148998        0.0006535591
  13  -6       -0.0001634046        0.0002123129
  13  -7       -0.0001920926       -0.0004267123
  13  -8        0.0001541659        0.0002399228
  13  -9        0.0001995589       -0.0006756393
  13 -10       -0.0007157369        0.0004193515
  13 -11       -0.0008221946        0.0000310534
  13 -12        0.0001460516        0.0003083456
  13 -13       -0.0004900374       -0.0004929367
  14  14       -0.0002453502        0.0006127341
  14  13       -0.0007688513        0.0007062063
  14  12        0.0000924843        0.0005385965
  14  11       -0.0003697295        0.0010302884
  14  10        0.0002976389       -0.0000538872
  14   9       -0.0001021491        0.0004062057
  14   8       -0.0008055372       -0.0011198056
  14   7       -0.0000935716       -0.0002846620
  14   6        0.0002689142       -0.0005391708
  14   5        0.0005694931        0.0002243266
  14   4       -0.0011081108        0.0005530942
  14   3        0.0001704288       -0.0001398678
  14   2       -0.0000471688       -0.0017366312
  14   1        0.0019665283       -0.0028523691
  14   0        0.0005929412        0.0000000000
  14  -1       -0.0019665283       -0.0028523691
  14  -2       -0.0000471688        0.0017366312
  14  -3       -0.0001704288       -0.0001398678
  14  -4       -0.0011081108       -0.0005530942
  14  -5       -0.0005694931        0.0002243266
  14  -6        0.0002689142        0.0005391708
  14  -7        0.0000935716       -0.0002846620
  14  -8       -0.0008055372        0.0011198056
  14  -9        0.0001021491        0.0004062057
  14 -10        0.0002976389        0.0000538872
  14 -11        0.0003697295        0.0010302884
  14 -12        0.0000924843       -0.0005385965
  14 -13        0.0007688513        0.0007062063
  14 -14       -0.0002453502       -0.0006127341
  15  15       -0.0005955270        0.0005444607
  15  14       -0.0010559823        0.0003084135
  15  13        0.0006247812        0.0002213916
  15  12       -0.0003814972        0.0007105166
  15  11       -0.0001469048       -0.0009333154
  15  10        0.0005088007        0.0005032771
  15   9       -0.0002531329        0.0000679517
  15   8        0.0001960796       -0.0003405241
  15   7       -0.0003371466       -0.0000103986
  15   6       -0.0000793415        0.0010363578
  15   5        0.0002912826        0.0000598694
  15   4       -0.0000310621        0.0008294479
  15   3       -0.0005721765        0.0003695145
  15   2       -0.0000925832        0.0009785874
  15   1        0.0009500576        0.0011664533
  15   0        0.0003939701        0.0000000000
  15  -1       -0.0009500576        0.0011664533
  15  -2       -0.0000925832       -0.0009785874
  15  -3        0.0005721765        0.0003695145
  15  -4       -0.0000310621       -0.0008294479
  15  -5       -0.0002912826        0.0000598694
  15  -6       -0.0000793415       -0.0010363578
  15  -7        0.0003371466       -0.0000103986
  15  -8        0.0001960796        0.0003405241
  15  -9        0.0002531329        0.0000679517
  15 -10        0.0005088007       -0.0005032771
  15 -11        0.0001469048       -0.0009333154
  15 -12       -0.0003814972       -0.0007105166
  15 -13       -0.0006247812        0.0002213916
  15 -14       -0.0010559823       -0.0003084135
  15 -15        0.0005955270        0.0005444607
  16  16        0.0006198068        0.0000018243
  16  15        0.0001715081        0.0008813793
  16  14       -0.0004060060       -0.0000928138
  16  13        0.0007592286       -0.0002134276
  16  12       -0.0001500127       -0.0001430176
  16  11       -0.0001084765       -0.0003275596
  16  10        0.0000033683       -0.0005911942
  16   9       -0.0002394082        0.0009989530
  16   8        0.0001937181       -0.0002828322
  16   7        0.0003424760        0.0002041941
  16   6        0.0004235486        0.0001487581
  16   5        0.0000343590        0.0002928160
  16   4       -0.0007275014        0.0001651704
  16   3       -0.0005476655       -0.0000467853
  16   2        0.0006824180        0.0012066815
  16   1       -0.0007826330        0.0019440188
  16   0       -0.0004692849        0.0000000000
  16  -1        0.0007826330        0.0019440188
  16  -2        0.0006824180       -0.0012066815
  16  -3        0.0005476655       -0.0000467853
  16  -4       -0.0007275014       -0.0001651704
  16  -5       -0.0000343590        0.0002928160
  16  -6        0.0004235486       -0.0001487581
  16  -7       -0.0003424760        0.0002041941
  16  -8        0.0001937181        0.0002828322
  16  -9        0.0002394082        0.0009989530
  16 -10        0.0000033683        0.0005911942
  16 -11        0.0001084765       -0.0003275596
  16 -12       -0.0001500127        0.0001430176
  16 -13       -0.0007592286       -0.0002134276
  16 -14       -0.0004060060        0.0000928138
  16 -15       -0.0001715081        0.0008813793
  16 -16        0.0006198068       -0.0000018243
  17  17        0.0001572414        0.0000199932
  17  16       -0.0002080465        0.0003539326
  17  15       -0.0006991477       -0.0005095485
  17  14        0.0006442013        0.0001628265
  17  13        0.0001240889       -0.0002350027
  17  12        0.0006209414        0.0004521558
  17  11        0.0003596676       -0.0001052983
  17  10       -0.0001773542        0.0000200537
  17   9       -0.0003786130       -0.0001855381
  17   8       -0.0002602269        0.0007074933
  17   7       -0.0000272567       -0.0008492909
  17   6       -0.0003555902       -0.0001797757
  17   5        0.0000816708       -0.0002929642
  17   4       -0.0002285943       -0.0008223041
  17   3       -0.0002495167        0.0000561069
  17   2       -0.0014668493       -0.0003812026
  17   1       -0.0001449324       -0.0003494139
  17   0        0.0001329539        0.0000000000
  17  -1        0.0001449324       -0.0003494139
  17  -2       -0.0014668493        0.0003812026
  17  -3        0.0002495167        0.0000561069
  17  -4       -0.0002285943        0.0008223041
  17  -5       -0.0000816708       -0.0002929642
  17  -6       -0.0003555902        0.0001797757
  17  -7        0.0000272567       -0.0008492909
  17  -8       -0.0002602269       -0.0007074933
  17  -9        0.0003786130       -0.0001855381
  17 -10       -0.0001773542       -0.0000200537
  17 -11       -0.0003596676       -0.0001052983
  17 -12        0.0006209414       -0.0004521558
  17 -13       -0.0001240889       -0.0002350027
  17 -14        0.0006442013       -0.0001628265
  17 -15        0.0006991477       -0.0005095485
  17 -16       -0.0002080465       -0.0003539326
  17 -17       -0.0001572414        0.0000199932
  18  18        0.0001307642       -0.0002680641
  18  17       -0.0000201822       -0.0006479408
  18  16       -0.0000752978       -0.0004998927
  18  15        0.0005260663       -0.0003040979
  18  14       -0.0000011407       -0.0009886657
  18  13        0.0001339598       -0.0002958632
  18  12        0.0002414507       -0.0003508447
  18  11       -0.0000208970       -0.0007148862
  18  10       -0.0005363283       -0.0009903576
  18   9        0.0003368489        0.0001219477
  18   8        0.0000637609        0.0006015775
  18   7       -0.0007424943        0.0004419938
  18   6       -0.0001139537       -0.0001386489
  18   5       -0.0000875601        0.0001500833
  18   4        0.0004284507       -0.0004744946
  18   3        0.0002389515        0.0004121270
  18   2       -0.0001230404        0.0010619994
  18   1       -0.0005254394        0.0011503302
  18   0       -0.0005558451        0.0000000000
  18  -1        0.0005254394        0.0011503302
  18  -2       -0.0001230404       -0.0010619994
  18  -3       -0.0002389515        0.0004121270
  18  -4        0.0004284507        0.0004744946
  18  -5        0.0000875601        0.0001500833
  18  -6       -0.0001139537        0.0001386489
  18  -7        0.0007424943        0.0004419938
  18  -8        0.0000637609       -0.0006015775
  18  -9       -0.0003368489        0.0001219477
  18 -10       -0.0005363283        0.0009903576
  18 -11        0.0000208970       -0.0007148862
  18 -12        0.0002414507        0.0003508447
  18 -13       -0.0001339598       -0.0002958632
  18 -14       -0.0000011407        0.0009886657
  18 -15       -0.0005260663       -0.0003040979
  18 -16       -0.0000752978        0.0004998927
  18 -17        0.0000201822       -0.0006479408
  18 -18        0.0001307642        0.0002680641
  19  19       -0.0003254346        0.0001250918
  19  18        0.0003618528       -0.0000021839
  19  17        0.0002966547       -0.0005780806
  19  16       -0.0000848084        0.0000110010
  19  15       -0.0002591877        0.0002798611
  19  14        0.0000518850       -0.0003341107
  19  13        0.0000440966        0.0000761721
  19  12       -0.0008274282       -0.0003661049
  19  11       -0.0002549176       -0.0001831289
  19  10        0.0006487943       -0.0002784554
  19   9       -0.0002743397       -0.0000854936
  19   8        0.0004352125        0.0000810731
  19   7       -0.0003070616       -0.0005879493
  19   6       -0.0002118563        0.0001679154
  19   5        0.0001628319       -0.0000759723
  19   4        0.0007288553        0.0004162149
  19   3        0.0001450425        0.0003383594
  19   2        0.0002352351        0.0006149679
  19   1       -0.0004570085       -0.0002603874
  19   0       -0.0010782415        0.0000000000
  19  -1        0.0004570085       -0.0002603874
  19  -2        0.0002352351       -0.0006149679
  19  -3       -0.0001450425        0.0003383594
  19  -4        0.0007288553       -0.0004162149
  19  -5       -0.0001628319       -0.0000759723
  19  -6       -0.0002118563       -0.0001679154
  19  -7        0.0003070616       -0.0005879493
  19  -8        0.0004352125       -0.0000810731
  19  -9        0.0002743397       -0.0000854936
  19 -10        0.0006487943        0.0002784554
  19 -11        0.0002549176       -0.0001831289
  19 -12       -0.0008274282        0.0003661049
  19 -13       -0.0000440966        0.0000761721
  19 -14        0.0000518850        0.0003341107
  19 -15        0.0002591877        0.0002798611
  19 -16       -0.0000848084       -0.0000110010
  19 -17       -0.0002966547       -0.0005780806
  19 -18        0.0003618528        0.0000021839
  19 -19        0.0003254346        0.0001250918
  20  20        0.0006202633       -0.0004757506
  20  19        0.0002825102       -0.0000665488
  20  18        0.0011645725       -0.0004504372
  20  17       -0.0002970521       -0.0002315443
  20  16       -0.0000240653        0.0000921493
  20  15        0.0003859501        0.0008872724
  20  14       -0.0002510677       -0.0001707772
  20  13        0.0000991708       -0.0004380818
  20  12        0.0006126394       -0.0001451518
  20  11        0.0002504617        0.0002706939
  20  10       -0.0002717447       -0.0003492511
  20   9       -0.0001888983       -0.0003536541
  20   8        0.0001976893        0.0000833625
  20   7        0.0005127710        0.0004300279
  20   6        0.0000796558       -0.0000389371
  20   5        0.0000016534       -0.0005198854
  20   4        0.0003388428        0.0001717956
  20   3       -0.0004566297       -0.0002188050
  20   2        0.0002351659       -0.0008739754
  20   1        0.0016844507       -0.0018525719
  20   0        0.0018992982        0.0000000000
  20  -1       -0.0016844507       -0.0018525719
  20  -2        0.0002351659        0.0008739754
  20  -3        0.0004566297       -0.0002188050
  20  -4        0.0003388428       -0.0001717956
  20  -5       -0.0000016534       -0.0005198854
  20  -6        0.0000796558        0.0000389371
  20  -7       -0.0005127710        0.0004300279
  20  -8        0.0001976893       -0.0000833625
  20  -9        0.0001888983       -0.0003536541
  20 -10       -0.0002717447        0.0003492511
  20 -11       -0.0002504617        0.0002706939
  20 -12        0.0006126394        0.0001451518
  20 -13       -0.0000991708       -0.0004380818
  20 -14       -0.0002510677        0.0001707772
  20 -15       -0.0003859501        0.0008872724
  20 -16       -0.0000240653       -0.0000921493
  20 -17        0.0002970521       -0.0002315443
  20 -18        0.0011645725        0.0004504372
  20 -19       -0.0002825102       -0.0000665488
  20 -20        0.0006202633        0.0004757506
  21  21       -0.0003145785        0.0001707201
  21  20       -0.0003317214        0.0003075544
  21  19       -0.0002110835       -0.0004754205
  21  18       -0.0006811654        0.0006683841
  21  17       -0.0001424715        0.0000130170
  21  16        0.0004999272        0.0001803963
  21  15       -0.0000443464       -0.0000844065
  21  14        0.0001655135        0.0001078483
  21  13        0.0002684121        0.0003166970
  21  12        0.0005201798        0.0002855620
  21  11       -0.0001284684       -0.0004137786
  21  10       -0.0004022062       -0.0004304388
  21   9        0.0002603150        0.0000982523
  21   8        0.0003369208        0.0002329245
  21   7       -0.0003481622        0.0001654603
  21   6        0.0001478026       -0.0004934815
  21   5       -0.0000016345       -0.0001248044
  21   4       -0.0002895513        0.0004734240
  21   3       -0.0004534640       -0.0000425712
  21   2        0.0000360802       -0.0005549933
  21   1       -0.0002254454       -0.0000535750
  21   0        0.0005987526        0.0000000000
  21  -1        0.0002254454       -0.0000535750
  21  -2        0.0000360802        0.0005549933
  21  -3        0.0004534640       -0.0000425712
  21  -4       -0.0002895513       -0.0004734240
  21  -5        0.0000016345       -0.0001248044
  21  -6        0.0001478026        0.0004934815
  21  -7        0.0003481622        0.0001654603
  21  -8        0.0003369208       -0.0002329245
  21  -9       -0.0002603150        0.0000982523
  21 -10       -0.0004022062        0.0004304388
  21 -11        0.0001284684       -0.0004137786
  21 -12        0.0005201798       -0.0002855620
  21 -13       -0.0002684121        0.0003166970
  21 -14        0.0001655135       -0.0001078483
  21 -15        0.0000443464       -0.0000844065
  21 -16        0.0004999272       -0.0001803963
  21 -17        0.0001424715        0.0000130170
  21 -18       -0.0006811654       -0.0006683841
  21 -19        0.0002110835       -0.0004754205
  21 -20       -0.0003317214       -0.0003075544
  21 -21        0.0003145785        0.0001707201
  22  22       -0.0004071310       -0.0008122860
  22  21        0.0005368974       -0.0007046129
  22  20       -0.0004996340        0.0002154504
  22  19       -0.0002181666       -0.0006218647
  22  18        0.0000530494        0.0003415831
  22  17       -0.0003094167        0.0002117144
  22  16       -0.0003103766        0.0001439128
  22  15       -0.0004407032       -0.0009239788
  22  14        0.0001126747        0.0002390979
  22  13        0.0002425241       -0.0003066196
  22  12       -0.0001708024       -0.0000044575
  22  11       -0.0003026821       -0.0000571352
  22  10       -0.0003265940        0.0000266635
  22   9       -0.0000080553        0.0006756122
  22   8        0.0001834691        0.0000626455
  22   7       -0.0001260190       -0.0001221100
  22   6       -0.0001455625        0.0000145069
  22   5        0.0000237653       -0.0001852777
  22   4        0.0000909717        0.0000835067
  22   3        0.0000471057       -0.0000247393
  22   2       -0.0004648784       -0.0003604891
  22   1       -0.0007437479        0.0004547470
  22   0        0.0001633040        0.0000000000
  22  -1        0.0007437479        0.0004547470
  22  -2       -0.0004648784        0.0003604891
  22  -3       -0.0000471057       -0.0000247393
  22  -4        0.0000909717       -0.0000835067
  22  -5       -0.0000237653       -0.0001852777
  22  -6       -0.0001455625       -0.0000145069
  22  -7        0.0001260190       -0.0001221100
  22  -8        0.0001834691       -0.0000626455
  22  -9        0.0000080553        0.0006756122
  22 -10       -0.0003265940       -0.0000266635
  22 -11        0.0003026821       -0.0000571352
  22 -12       -0.0001708024        0.0000044575
  22 -13       -0.0002425241       -0.0003066196
  22 -14        0.0001126747       -0.0002390979
  22 -15        0.0004407032       -0.0009239788
  22 -16       -0.0003103766       -0.0001439128
  22 -17        0.0003094167        0.0002117144
  22 -18        0.0000530494       -0.0003415831
  22 -19        0.0002181666       -0.0006218647
  22 -20       -0.0004996340       -0.0002154504
  22 -21       -0.0005368974       -0.0007046129
  22 -22       -0.0004071310        0.0008122860
  23  23        0.0003977168        0.0000067093
  23  22        0.0005526830        0.0007481638
  23  21        0.0000136769        0.0003673255
  23  20        0.0006114405       -0.0002976070
  23  19       -0.0001054752        0.0002747866
  23  18        0.0000381821        0.0007835733
  23  17        0.0000476731       -0.0002908576
  23  16       -0.0003031316       -0.0003949534
  23  15        0.0001490061        0.0000201387
  23  14        0.0000255544       -0.0001190071
  23  13        0.0002168696       -0.0000766053
  23  12       -0.0000232306        0.0002214059
  23  11        0.0007366304        0.0002967589
  23  10        0.0004884720        0.0001034226
  23   9       -0.0001954740       -0.0001485892
  23   8        0.0001759075       -0.0004083089
  23   7        0.0003516021        0.0000906860
  23   6        0.0000682564        0.0003927493
  23   5       -0.0002659942        0.0001599937
  23   4       -0.0000221806       -0.0008596630
  23   3        0.0003595942       -0.0006979517
  23   2       -0.0003756316       -0.0005759859
  23   1        0.0003452442       -0.0003737874
  23   0        0.0005735619        0.0000000000
  23  -1       -0.0003452442       -0.0003737874
  23  -2       -0.0003756316        0.0005759859
  23  -3       -0.0003595942       -0.0006979517
  23  -4       -0.0000221806        0.0008596630
  23  -5        0.0002659942        0.0001599937
  23  -6        0.0000682564       -0.0003927493
  23  -7       -0.0003516021        0.0000906860
  23  -8        0.0001759075        0.0004083089
  23  -9        0.0001954740       -0.0001485892
  23 -10        0.0004884720       -0.0001034226
  23 -11       -0.0007366304        0.0002967589
  23 -12       -0.0000232306       -0.0002214059
  23 -13       -0.0002168696       -0.0000766053
  23 -14        0.0000255544        0.0001190071
  23 -15       -0.0001490061        0.0000201387
  23 -16       -0.0003031316        0.0003949534
  23 -17       -0.0000476731       -0.0002908576
  23 -18        0.0000381821       -0.0007835733
  23 -19        0.0001054752        0.0002747866
  23 -20        0.0006114405        0.0002976070
  23 -21       -0.0000136769        0.0003673255
  23 -22        0.0005526830       -0.0007481638
  23 -23       -0.0003977168        0.0000067093
  24  24       -0.0002604060       -0.0000690215
  24  23       -0.0001379391       -0.0002642465
  24  22       -0.0001256812        0.0002992286
  24  21        0.0000829114        0.0001504813
  24  20        0.0002842913       -0.0000641261
  24  19        0.0003511480       -0.0004334238
  24  18       -0.0000197249        0.0002145197
  24  17       -0.0004136149       -0.0003900141
  24  16       -0.0003324452        0.0002347684
  24  15       -0.0001155669        0.0000503671
  24  14        0.0002069232       -0.0001633034
  24  13       -0.0000468410       -0.0003517143
  24  12       -0.0003060336       -0.0003622038
  24  11        0.0002567113       -0.0002802616
  24  10       -0.0004067158        0.0002248063
  24   9        0.0001696721       -0.0000134015
  24   8       -0.0000478334       -0.0002619131
  24   7       -0.0000437740       -0.0000234407
  24   6       -0.0004097474       -0.0000917522
  24   5        0.0001157917        0.0002848753
  24   4        0.0000593153       -0.0002149046
  24   3        0.0002894816       -0.0001401100
  24   2       -0.0004908282        0.0007748217
  24   1       -0.0011846929        0.0011831546
  24   0       -0.0022085869        0.0000000000
  24  -1        0.0011846929        0.0011831546
  24  -2       -0.0004908282       -0.0007748217
  24  -3       -0.0002894816       -0.0001401100
  24  -4        0.0000593153        0.0002149046
  24  -5       -0.0001157917        0.0002848753
  24  -6       -0.0004097474        0.0000917522
  24  -7        0.0000437740       -0.0000234407
  24  -8       -0.0000478334        0.0002619131
  24  -9       -0.0001696721       -0.0000134015
  24 -10       -0.0004067158       -0.0002248063
  24 -11       -0.0002567113       -0.0002802616
  24 -12       -0.0003060336        0.0003622038
  24 -13        0.0000468410       -0.0003517143
  24 -14        0.0002069232        0.0001633034
  24 -15        0.0001155669        0.0000503671
  24 -16       -0.0003324452       -0.0002347684
  24 -17        0.0004136149       -0.0003900141
  24 -18       -0.0000197249       -0.0002145197
  24 -19       -0.0003511480       -0.0004334238
  24 -20        0.0002842913        0.0000641261
  24 -21       -0.0000829114        0.0001504813
  24 -22       -0.0001256812       -0.0002992286
  24 -23        0.0001379391       -0.0002642465
  24 -24       -0.0002604060        0.0000690215
  25  25        0.0000137509        0.0000165876
  25  24        0.0005319224       -0.0009159229
  25  23        0.0002722344        0.0000188402
  25  22        0.0002663433       -0.0004740130
  25  21        0.0003667561       -0.0002193590
  25  20        0.0000251382       -0.0000758589
  25  19       -0.0001834723       -0.0002574458
  25  18       -0.0002770042       -0.0002469625
  25  17        0.0000217968       -0.0002654632
  25  16        0.0000236221       -0.0000439405
  25  15        0.0000702409        0.0004613289
  25  14        0.0003399188       -0.0001181778
  25  13        0.0001261105       -0.0001341929
  25  12        0.0002797282        0.0001325415
  25  11       -0.0001117037        0.0002168361
  25  10        0.0000162334       -0.0003710415
  25   9       -0.0001804224       -0.0000104574
  25   8        0.0001778158       -0.0001127247
  25   7       -0.0000473585        0.0000867257
  25   6        0.0002111689       -0.0002402722
  25   5       -0.0001786169        0.0000156399
  25   4        0.0004495948        0.0003057538
  25   3        0.0002346933        0.0003703422
  25   2        0.0005246612        0.0009797662
  25   1       -0.0002664701        0.0004104961
  25   0       -0.0006640251        0.0000000000
  25  -1        0.0002664701        0.0004104961
  25  -2        0.0005246612       -0.0009797662
  25  -3       -0.0002346933        0.0003703422
  25  -4        0.0004495948       -0.0003057538
  25  -5        0.0001786169        0.0000156399
  25  -6        0.0002111689        0.0002402722
  25  -7        0.0000473585        0.0000867257
  25  -8        0.0001778158        0.0001127247
  25  -9        0.0001804224       -0.0000104574
  25 -10        0.0000162334        0.0003710415
  25 -11        0.0001117037        0.0002168361
  25 -12        0.0002797282       -0.0001325415
  25 -13       -0.0001261105       -0.0001341929
  25 -14        0.0003399188        0.0001181778
  25 -15       -0.0000702409        0.0004613289
  25 -16        0.0000236221        0.0000439405
  25 -17       -0.0000217968       -0.0002654632
  25 -18       -0.0002770042        0.0002469625
  25 -19        0.0001834723       -0.0002574458
  25 -20        0.0000251382        0.0000758589
  25 -21       -0.0003667561       -0.0002193590
  25 -22        0.0002663433        0.0004740130
  25 -23       -0.0002722344        0.0000188402
  25 -24        0.0005319224        0.0009159229
  25 -25       -0.0000137509        0.0000165876
  26  26       -0.0003300825       -0.0003106052
  26  25       -0.0003862744        0.0001596234
  26  24       -0.0000238371       -0.0002736592
  26  23        0.0002535106        0.0000561952
  26  22        0.0000007458        0.0003303308
  26  21       -0.0000045767        0.0006167125
  26  20        0.0004461823       -0.0000733010
  26  19       -0.0001741686        0.0000507907
  26  18        0.0000249831       -0.0000548706
  26  17        0.0001593693        0.0001289528
  26  16        0.0000985795       -0.0002326952
  26  15        0.0003049087       -0.0001036810
  26  14       -0.0001413826       -0.0000989016
  26  13       -0.0002605951        0.0000083429
  26  12       -0.0000656576        0.0000214936
  26  11        0.0001064629        0.0002036622
  26  10       -0.0001572186        0.0004216280
  26   9        0.0000328145        0.0000103304
  26   8       -0.0004299931        0.0000116518
  26   7        0.0002302673       -0.0002063952
  26   6        0.0001952148        0.0001959821
  26   5       -0.0001707355        0.0003486376
  26   4       -0.0001475527        0.0000355243
  26   3        0.0000213390        0.0004444317
  26   2        0.0004417886       -0.0005217774
  26   1        0.0014272427       -0.0011131743
  26   0        0.0022940862        0.0000000000
  26  -1       -0.0014272427       -0.0011131743
  26  -2        0.0004417886        0.0005217774
  26  -3       -0.0000213390        0.0004444317
  26  -4       -0.0001475527       -0.0000355243
  26  -5        0.0001707355        0.0003486376
  26  -6        0.0001952148       -0.0001959821
  26  -7       -0.0002302673       -0.0002063952
  26  -8       -0.0004299931       -0.0000116518
  26  -9       -0.0000328145        0.0000103304
  26 -10       -0.0001572186       -0.0004216280
  26 -11       -0.0001064629        0.0002036622
  26 -12       -0.0000656576       -0.0000214936
  26 -13        0.0002605951        0.0000083429
  26 -14       -0.0001413826        0.0000989016
  26 -15       -0.0003049087       -0.0001036810
  26 -16        0.0000985795        0.0002326952
  26 -17       -0.0001593693        0.0001289528
  26 -18        0.0000249831        0.0000548706
  26 -19        0.0001741686        0.0000507907
  26 -20        0.0004461823        0.0000733010
  26 -21        0.0000045767        0.0006167125
  26 -22        0.0000007458       -0.0003303308
  26 -23       -0.0002535106        0.0000561952
  26 -24       -0.0000238371        0.0002736592
  26 -25        0.0003862744        0.0001596234
  26 -26       -0.0003300825        0.0003106052
  27  27        0.0003136580        0.0006753423
  27  26       -0.0003558469       -0.0000136355
  27  25       -0.0004389040       -0.0001268249
  27  24       -0.0004775830        0.0001421014
  27  23       -0.0001121111       -0.0000009337
  27  22       -0.0000082188        0.0003116723
  27  21        0.0002069325        0.0002413405
  27  20        0.0001894497       -0.0001207397
  27  19       -0.0002932308       -0.0003426076
  27  18        0.0001071917       -0.0001192992
  27  17       -0.0003871949        0.0002010712
  27  16        0.0002071815        0.0002275178
  27  15       -0.0003646485        0.0003091696
  27  14       -0.0003599018        0.0002982698
  27  13       -0.0003291980        0.0000879300
  27  12        0.0000413839        0.0002028026
  27  11        0.0002100026        0.0004040640
  27  10        0.0000381052       -0.0001775021
  27   9       -0.0000849075       -0.0000680392
  27   8       -0.0001038079        0.0003231694
  27   7        0.0002218806        0.0002372055
  27   6       -0.0002990394        0.0001194988
  27   5        0.0001357418       -0.0000846979
  27   4       -0.0002496672        0.0001688767
  27   3        0.0000166910        0.0000910719
  27   2       -0.0000705784       -0.0007110411
  27   1        0.0003977650       -0.0001697478
  27   0        0.0008567167        0.0000000000
  27  -1       -0.0003977650       -0.0001697478
  27  -2       -0.0000705784        0.0007110411
  27  -3       -0.0000166910        0.0000910719
  27  -4       -0.0002496672       -0.0001688767
  27  -5       -0.0001357418       -0.0000846979
  27  -6       -0.0002990394       -0.0001194988
  27  -7       -0.0002218806        0.0002372055
  27  -8       -0.0001038079       -0.0003231694
  27  -9        0.0000849075       -0.0000680392
  27 -10        0.0000381052        0.0001775021
  27 -11       -0.0002100026        0.0004040640
  27 -12        0.0000413839       -0.0002028026
  27 -13        0.0003291980        0.0000879300
  27 -14       -0.0003599018       -0.0002982698
  27 -15        0.0003646485        0.0003091696
  27 -16        0.0002071815       -0.0002275178
  27 -17        0.0003871949        0.0002010712
  27 -18        0.0001071917        0.0001192992
  27 -19        0.0002932308       -0.0003426076
  27 -20        0.0001894497        0.0001207397
  27 -21       -0.0002069325        0.0002413405
  27 -22       -0.0000082188       -0.0003116723
  27 -23        0.0001121111       -0.0000009337
  27 -24       -0.0004775830       -0.0001421014
  27 -25        0.0004389040       -0.0001268249
  27 -26       -0.0003558469        0.0000136355
  27 -27       -0.0003136580        0.0006753423
  28  28       -0.0009235007       -0.0000956006
  28  27        0.0001614082        0.0000386218
  28  26        0.0001500269       -0.0001404381
  28  25       -0.0002230128        0.0002423277
  28  24       -0.0003208148        0.0004962428
  28  23       -0.0002378635        0.0000564371
  28  22       -0.0000136543        0.0000466795
  28  21        0.0004517823       -0.0003444016
  28  20       -0.0000198162       -0.0000203378
  28  19        0.0002253359        0.0002877147
  28  18       -0.0001943503        0.0001639731
  28  17        0.0000252380       -0.0000739832
  28  16       -0.0000921206       -0.0000963076
  28  15        0.0000838157        0.0002527458
  28  14        0.0002634028        0.0000930770
  28  13        0.0001228481       -0.0002120312
  28  12       -0.0001842160        0.0004517972
  28  11        0.0000760719        0.0000167969
  28  10        0.0000757417       -0.0000733336
  28   9       -0.0000277600       -0.0001825065
  28   8       -0.0000417708       -0.0002776744
  28   7       -0.0000693440        0.0002609949
  28   6       -0.0000581344       -0.0000041714
  28   5       -0.0000873654       -0.0001337799
  28   4       -0.0000501237       -0.0000062774
  28   3        0.0002510583       -0.0003489034
  28   2        0.0001737134        0.0002052405
  28   1       -0.0012246646        0.0005039025
  28   0       -0.0018277699        0.0000000000
  28  -1        0.0012246646        0.0005039025
  28  -2        0.0001737134       -0.0002052405
  28  -3       -0.0002510583       -0.0003489034
  28  -4       -0.0000501237        0.0000062774
  28  -5        0.0000873654       -0.0001337799
  28  -6       -0.0000581344        0.0000041714
  28  -7        0.0000693440        0.0002609949
  28  -8       -0.0000417708        0.0002776744
  28  -9        0.0000277600       -0.0001825065
  28 -10        0.0000757417        0.0000733336
  28 -11       -0.0000760719        0.0000167969
  28 -12       -0.0001842160       -0.0004517972
  28 -13       -0.0001228481       -0.0002120312
  28 -14        0.0002634028       -0.0000930770
  28 -15       -0.0000838157        0.0002527458
  28 -16       -0.0000921206        0.0000963076
  28 -17       -0.0000252380       -0.0000739832
  28 -18       -0.0001943503       -0.0001639731
  28 -19       -0.0002253359        0.0002877147
  28 -20       -0.0000198162        0.0000203378
  28 -21       -0.0004517823       -0.0003444016
  28 -22       -0.0000136543       -0.0000466795
  28 -23        0.0002378635        0.0000564371
  28 -24       -0.0003208148       -0.0004962428
  28 -25        0.0002230128        0.0002423277
  28 -26        0.0001500269        0.0001404381
  28 -27       -0.0001614082        0.0000386218
  28 -28       -0.0009235007        0.0000956006
  29  29       -0.0002544309        0.0003351246
  29  28       -0.0000199079        0.0003952760
  29  27        0.0002793629        0.0001383991
  29  26        0.0003481595       -0.0000657314
  29  25       -0.0003913139        0.0001477676
  29  24       -0.0003219384        0.0002734528
  29  23        0.0001570346        0.0000752473
  29  22        0.0002581450        0.0000900790
  29  21       -0.0000894624        0.0000592260
  29  20        0.0000426756        0.0004036161
  29  19        0.0001337252        0.0005099633
  29  18       -0.0004762823       -0.0001131583
  29  17       -0.0000892812       -0.0001056311
  29  16        0.0000284124       -0.0000920850
  29  15        0.0001079802        0.0004124323
  29  14        0.0003779202        0.0000503994
  29  13       -0.0001379040        0.0000311847
  29  12       -0.0000122112       -0.0000440055
  29  11        0.0002702002        0.0000838425
  29  10        0.0001715217        0.0001045028
  29   9       -0.0003248774        0.0002293217
  29   8       -0.0002749462       -0.0000290218
  29   7        0.0001301118        0.0001159174
  29   6        0.0003863886       -0.0001606654
  29   5       -0.0001357319        0.0002588343
  29   4       -0.0001578884       -0.0001807030
  29   3        0.0000563808        0.0001885756
  29   2        0.0000776653        0.0004326487
  29   1       -0.0004049165        0.0002505419
  29   0       -0.0008992985        0.0000000000
  29  -1        0.0004049165        0.0002505419
  29  -2        0.0000776653       -0.0004326487
  29  -3       -0.0000563808        0.0001885756
  29  -4       -0.0001578884        0.0001807030
  29  -5        0.0001357319        0.0002588343
  29  -6        0.0003863886        0.0001606654
  29  -7       -0.0001301118        0.0001159174
  29  -8       -0.0002749462        0.0000290218
  29  -9        0.0003248774        0.0002293217
  29 -10        0.0001715217       -0.0001045028
  29 -11       -0.0002702002        0.0000838425
  29 -12       -0.0000122112        0.0000440055
  29 -13        0.0001379040        0.0000311847
  29 -14        0.0003779202       -0.0000503994
  29 -15       -0.0001079802        0.0004124323
  29 -16        0.0000284124        0.0000920850
  29 -17        0.0000892812       -0.0001056311
  29 -18       -0.0004762823        0.0001131583
  29 -19       -0.0001337252        0.0005099633
  29 -20        0.0000426756       -0.0004036161
  29 -21        0.0000894624        0.0000592260
  29 -22        0.0002581450       -0.0000900790
  29 -23       -0.0001570346        0.0000752473
  29 -24       -0.0003219384       -0.0002734528
  29 -25        0.0003913139        0.0001477676
  29 -26        0.0003481595        0.0000657314
  29 -27       -0.0002793629        0.0001383991
  29 -28       -0.0000199079       -0.0003952760
  29 -29        0.0002544309        0.0003351246
  30  30        0.0007057683       -0.0002832103
  30  29       -0.0000458246       -0.0000639768
  30  28       -0.0004917338       -0.0001187258
  30  27       -0.0001649345        0.0001537331
  30  26       -0.0003195666        0.0003493254
  30  25       -0.0002247775       -0.0000245353
  30  24       -0.0002505892        0.0004031976
  30  23        0.0003458307       -0.0003504740
  30  22       -0.0000481646       -0.0000587734
  30  21        0.0000093194       -0.0002967499
  30  20       -0.0000203652       -0.0001596514
  30  19        0.0000909859       -0.0002562440
  30  18        0.0000878613       -0.0002287165
  30  17       -0.0001276469       -0.0003626497
  30  16       -0.0001872118        0.0002835100
  30  15        0.0001781348       -0.0003863493
  30  14        0.0000746882        0.0000360198
  30  13       -0.0003280340       -0.0001710493
  30  12       -0.0000556951       -0.0000232320
  30  11       -0.0001110960       -0.0003581405
  30  10        0.0001332369        0.0000936532
  30   9        0.0001436719       -0.0001604729
  30   8        0.0002423446        0.0002347832
  30   7       -0.0000937520       -0.0003174969
  30   6        0.0001628952        0.0001489327
  30   5        0.0002195618       -0.0002709533
  30   4       -0.0000666997        0.0001070642
  30   3       -0.0003726621        0.0000541099
  30   2       -0.0001497869        0.0000140464
  30   1        0.0008973083       -0.0005122844
  30   0        0.0005983814        0.0000000000
  30  -1       -0.0008973083       -0.0005122844
  30  -2       -0.0001497869       -0.0000140464
  30  -3        0.0003726621        0.0000541099
  30  -4       -0.0000666997       -0.0001070642
  30  -5       -0.0002195618       -0.0002709533
  30  -6        0.0001628952       -0.0001489327
  30  -7        0.0000937520       -0.0003174969
  30  -8        0.0002423446       -0.0002347832
  30  -9       -0.0001436719       -0.0001604729
  30 -10        0.0001332369       -0.0000936532
  30 -11        0.0001110960       -0.0003581405
  30 -12       -0.0000556951        0.0000232320
  30 -13        0.0003280340       -0.0001710493
  30 -14        0.0000746882       -0.0000360198
  30 -15       -0.0001781348       -0.0003863493
  30 -16       -0.0001872118       -0.0002835100
  30 -17        0.0001276469       -0.0003626497
  30 -18        0.0000878613        0.0002287165
  30 -19       -0.0000909859       -0.0002562440
  30 -20       -0.0000203652        0.0001596514
  30 -21       -0.0000093194       -0.0002967499
  30 -22       -0.0000481646        0.0000587734
  30 -23       -0.0003458307       -0.0003504740
  30 -24       -0.0002505892       -0.0004031976
  30 -25        0.0002247775       -0.0000245353
  30 -26       -0.0003195666       -0.0003493254
  30 -27        0.0001649345        0.0001537331
  30 -28       -0.0004917338        0.0001187258
  30 -29        0.0000458246       -0.0000639768
  30 -30        0.0007057683        0.0002832103
