   0   0       35.7684494034        0.0000000000
   1   1       -0.1241180671        1.1152278265
   1   0        0.1898066955        0.0000000000
   1  -1        0.1241180671        1.1152278265
   2   2        4.4973101414        0.9351527919
   2   1        1.2764207099        0.0362574017
   2   0        3.3605452707        0.0000000000
   2  -1       -1.2764207099        0.0362574017
   2  -2        4.4973101414       -0.9351527919
   3   3       -0.3715695478       -1.2144128713
   3   2        0.0894117661        0.5376207379
   3   1        0.3540561290       -1.0764495449
   3   0       -0.9675716464        0.0000000000
   3  -1       -0.3540561290       -1.0764495449
   3  -2        0.0894117661       -0.5376207379
   3  -3        0.3715695478       -1.2144128713
   4   4        0.7350544937       -0.2296482047
   4   3        0.3085424575        0.8181976103
   4   2        0.2513828728        0.2378629689
   4   1       -0.6794464993       -0.2538731460
   4   0        0.2425622620        0.0000000000
   4  -1        0.6794464993       -0.2538731460
   4  -2        0.2513828728       -0.2378629689
   4  -3       -0.3085424575        0.8181976103
   4  -4        0.7350544937        0.2296482047
   5   5       -0.1591834590       -0.9028612662
   5   4        0.0020438006        0.1971967092
   5   3       -0.0278676821       -0.5244233511
   5   2        0.0145633300       -0.2096089269
   5   1       -0.6914798415       -0.9542940999
   5   0       -0.1129776038        0.0000000000
   5  -1        0.6914798415       -0.9542940999
   5  -2        0.0145633300        0.2096089269
   5  -3        0.0278676821       -0.5244233511
   5  -4        0.0020438006       -0.1971967092
   5  -5        0.1591834590       -0.9028612662
   6   6       -0.1963128805       -0.1178593076
   6   5        0.1030348921        0.3424590080
   6   4       -0.2606271908        0.0339282843
   6   3       -0.2806894525        0.1223339051
   6   2       -0.3759295502       -0.3362167297
   6   1       -0.0132912245        0.0411024611
   6   0        0.1976713599        0.0000000000
   6  -1        0.0132912245        0.0411024611
   6  -2       -0.3759295502        0.3362167297
   6  -3        0.2806894525        0.1223339051
   6  -4       -0.2606271908       -0.0339282843
   6  -5       -0.1030348921        0.3424590080
   6  -6       -0.1963128805        0.1178593076
   7   7       -0.1453483718       -0.4519935864
   7   6       -0.0184412435       -0.0850018528
   7   5        0.0269830677       -0.1497730883
   7   4        0.1460838355        0.1232200009
   7   3        0.1304316926       -0.3304720992
   7   2        0.1553114187       -0.2146955022
   7   1        0.0042789531       -0.1993506712
   7   0        0.1472201358        0.0000000000
   7  -1       -0.0042789531       -0.1993506712
   7  -2        0.1553114187        0.2146955022
   7  -3       -0.1304316926       -0.3304720992
   7  -4        0.1460838355       -0.1232200009
   7  -5       -0.0269830677       -0.1497730883
   7  -6       -0.0184412435        0.0850018528
   7  -7        0.1453483718       -0.4519935864
   8   8       -0.2794454979       -0.0701584936
   8   7        0.1177942511        0.0933851853
   8   6       -0.2886310044       -0.0282846474
   8   5       -0.0226556385        0.2215136314
   8   4       -0.2561374257       -0.0265860800
   8   3        0.0186319508       -0.1469868991
   8   2       -0.1942389083        0.0546767814
   8   1        0.0720995227        0.1003541292
   8   0       -0.2935565181        0.0000000000
   8  -1       -0.0720995227        0.1003541292
   8  -2       -0.1942389083       -0.0546767814
   8  -3       -0.0186319508       -0.1469868991
   8  -4       -0.2561374257        0.0265860800
   8  -5        0.0226556385        0.2215136314
   8  -6       -0.2886310044        0.0282846474
   8  -7       -0.1177942511        0.0933851853
   8  -8       -0.2794454979        0.0701584936
   9   9       -0.1758365644       -0.0558926160
   9   8        0.0591662544       -0.0974588161
   9   7       -0.1179461821       -0.0266488974
   9   6        0.1595782970        0.2068720594
   9   5        0.0832799936        0.0439710207
   9   4        0.1659982823        0.0289884342
   9   3       -0.0636072299       -0.0136516556
   9   2        0.0681606837        0.0825781134
   9   1        0.0664308344        0.1793543447
   9   0        0.0712711373        0.0000000000
   9  -1       -0.0664308344        0.1793543447
   9  -2        0.0681606837       -0.0825781134
   9  -3        0.0636072299       -0.0136516556
   9  -4        0.1659982823       -0.0289884342
   9  -5       -0.0832799936        0.0439710207
   9  -6        0.1595782970       -0.2068720594
   9  -7        0.1179461821       -0.0266488974
   9  -8        0.0591662544        0.0974588161
   9  -9        0.1758365644       -0.0558926160
  10  10       -0.2404901793        0.0185765449
  10   9        0.0486161514        0.0229263711
  10   8       -0.0993681204        0.0344376628
  10   7        0.0781080281       -0.0217582379
  10   6       -0.0953089812        0.0453326750
  10   5       -0.0064321368       -0.0569804388
  10   4       -0.0249801845       -0.0841082405
  10   3       -0.0108817698        0.0049476201
  10   2       -0.1512283813       -0.0064791089
  10   1       -0.0748153485       -0.0021151369
  10   0       -0.2752189245        0.0000000000
  10  -1        0.0748153485       -0.0021151369
  10  -2       -0.1512283813        0.0064791089
  10  -3        0.0108817698        0.0049476201
  10  -4       -0.0249801845        0.0841082405
  10  -5        0.0064321368       -0.0569804388
  10  -6       -0.0953089812       -0.0453326750
  10  -7       -0.0781080281       -0.0217582379
  10  -8       -0.0993681204       -0.0344376628
  10  -9       -0.0486161514        0.0229263711
  10 -10       -0.2404901793       -0.0185765449
  11  11       -0.0629319812        0.0507944215
  11  10       -0.0329219681       -0.1251338761
  11   9       -0.0486970193       -0.0115522354
  11   8        0.0855341022        0.0516542143
  11   7       -0.0088721378        0.0607362975
  11   6        0.1658526221        0.1000864808
  11   5       -0.0063218353        0.0688511292
  11   4       -0.0331871178       -0.0319755922
  11   3       -0.0786137687        0.0814213914
  11   2        0.0107457695        0.0431677842
  11   1       -0.0589212517        0.0734882924
  11   0       -0.0107710725        0.0000000000
  11  -1        0.0589212517        0.0734882924
  11  -2        0.0107457695       -0.0431677842
  11  -3        0.0786137687        0.0814213914
  11  -4       -0.0331871178        0.0319755922
  11  -5        0.0063218353        0.0688511292
  11  -6        0.1658526221       -0.1000864808
  11  -7        0.0088721378        0.0607362975
  11  -8        0.0855341022       -0.0516542143
  11  -9        0.0486970193       -0.0115522354
  11 -10       -0.0329219681        0.1251338761
  11 -11        0.0629319812        0.0507944215
  12  12       -0.1284677712        0.0784101830
  12  11       -0.0129684596       -0.0247409841
  12  10       -0.0081059507        0.0956651719
  12   9        0.0981201245       -0.0405936883
  12   8       -0.0993349164       -0.0142667714
  12   7       -0.0005892512       -0.0049800321
  12   6        0.0243879204       -0.0299055832
  12   5        0.0984703712       -0.0673864263
  12   4       -0.0956067938        0.0687775608
  12   3       -0.0253716202        0.0012949658
  12   2       -0.0004312904       -0.0643107007
  12   1        0.0620536738       -0.0966181591
  12   0        0.1031892389        0.0000000000
  12  -1       -0.0620536738       -0.0966181591
  12  -2       -0.0004312904        0.0643107007
  12  -3        0.0253716202        0.0012949658
  12  -4       -0.0956067938       -0.0687775608
  12  -5       -0.0984703712       -0.0673864263
  12  -6        0.0243879204        0.0299055832
  12  -7        0.0005892512       -0.0049800321
  12  -8       -0.0993349164        0.0142667714
  12  -9       -0.0981201245       -0.0405936883
  12 -10       -0.0081059507       -0.0956651719
  12 -11        0.0129684596       -0.0247409841
  12 -12       -0.1284677712       -0.0784101830
  13  13       -0.0523484430        0.0783465684
  13  12       -0.0004091813       -0.0472957237
  13  11       -0.0553852680       -0.0014237040
  13  10        0.0380864479       -0.0633718805
  13   9        0.0090788490        0.0094669722
  13   8        0.0142764170        0.0121363073
  13   7        0.0209427485        0.0706208614
  13   6       -0.0478568358       -0.0517534645
  13   5       -0.0336192206        0.0387548399
  13   4       -0.0052220784        0.0996786395
  13   3        0.0061925213        0.0984840425
  13   2       -0.0309335067       -0.0456675482
  13   1       -0.0613940990        0.0981943281
  13   0        0.1417149933        0.0000000000
  13  -1        0.0613940990        0.0981943281
  13  -2       -0.0309335067        0.0456675482
  13  -3       -0.0061925213        0.0984840425
  13  -4       -0.0052220784       -0.0996786395
  13  -5        0.0336192206        0.0387548399
  13  -6       -0.0478568358        0.0517534645
  13  -7       -0.0209427485        0.0706208614
  13  -8        0.0142764170       -0.0121363073
  13  -9       -0.0090788490        0.0094669722
  13 -10        0.0380864479        0.0633718805
  13 -11        0.0553852680       -0.0014237040
  13 -12       -0.0004091813        0.0472957237
  13 -13        0.0523484430        0.0783465684
  14  14        0.0088931697        0.0377298089
  14  13       -0.0058486582       -0.0247646803
  14  12        0.0349898356        0.0043205261
  14  11        0.0600740581       -0.0217265479
  14  10        0.0139240244        0.0251343443
  14   9       -0.0036063622       -0.1169795623
  14   8        0.0100077309       -0.0345280802
  14   7        0.0192348189       -0.0078181806
  14   6        0.0557254231        0.0479778075
  14   5       -0.0044848452       -0.0350097976
  14   4        0.0122332877        0.0184337018
  14   3        0.0581167868        0.0216106828
  14   2        0.0705799875        0.0377068168
  14   1       -0.0001610511       -0.0596113288
  14   0        0.0837590800        0.0000000000
  14  -1        0.0001610511       -0.0596113288
  14  -2        0.0705799875       -0.0377068168
  14  -3       -0.0581167868        0.0216106828
  14  -4        0.0122332877       -0.0184337018
  14  -5        0.0044848452       -0.0350097976
  14  -6        0.0557254231       -0.0479778075
  14  -7       -0.0192348189       -0.0078181806
  14  -8        0.0100077309        0.0345280802
  14  -9        0.0036063622       -0.1169795623
  14 -10        0.0139240244       -0.0251343443
  14 -11       -0.0600740581       -0.0217265479
  14 -12        0.0349898356       -0.0043205261
  14 -13        0.0058486582       -0.0247646803
  14 -14        0.0088931697       -0.0377298089
  15  15        0.0270990090        0.0644932632
  15  14       -0.0147904364       -0.0666147173
  15  13        0.0125825093        0.0288255163
  15  12       -0.0201419411        0.0167605080
  15  11        0.0250894010        0.0231024711
  15  10        0.0284092850       -0.0663630956
  15   9       -0.0375653206        0.0021157588
  15   8       -0.0523947649       -0.0153641197
  15   7       -0.0091267699        0.0390678358
  15   6       -0.0225424455        0.0385636592
  15   5       -0.0049350321        0.0442789033
  15   4        0.0048096516       -0.0201068284
  15   3       -0.0113305361       -0.0274994396
  15   2       -0.0698776071       -0.0135805637
  15   1        0.0812478127        0.0546319330
  15   0       -0.0170299336        0.0000000000
  15  -1       -0.0812478127        0.0546319330
  15  -2       -0.0698776071        0.0135805637
  15  -3        0.0113305361       -0.0274994396
  15  -4        0.0048096516        0.0201068284
  15  -5        0.0049350321        0.0442789033
  15  -6       -0.0225424455       -0.0385636592
  15  -7        0.0091267699        0.0390678358
  15  -8       -0.0523947649        0.0153641197
  15  -9        0.0375653206        0.0021157588
  15 -10        0.0284092850        0.0663630956
  15 -11       -0.0250894010        0.0231024711
  15 -12       -0.0201419411       -0.0167605080
  15 -13       -0.0125825093        0.0288255163
  15 -14       -0.0147904364        0.0666147173
  15 -15       -0.0270990090        0.0644932632
  16  16        0.0425536441        0.0183210655
  16  15        0.0630019219        0.0208744527
  16  14        0.0298255124       -0.0257856361
  16  13       -0.0130636999        0.0358255118
  16  12        0.0302556299        0.0168181089
  16  11        0.0237382337       -0.0170930764
  16  10       -0.0237405013        0.0072017061
  16   9        0.0733316820       -0.0186142220
  16   8        0.0212647626        0.0630434977
  16   7        0.0264974153        0.0163317652
  16   6        0.0264526255        0.0174784436
  16   5       -0.0117435982        0.0237865740
  16   4        0.0950758730        0.0146463156
  16   3        0.0226111641       -0.0041023406
  16   2       -0.0430794887        0.0189731008
  16   1        0.0234276189       -0.0442539143
  16   0        0.0166074028        0.0000000000
  16  -1       -0.0234276189       -0.0442539143
  16  -2       -0.0430794887       -0.0189731008
  16  -3       -0.0226111641       -0.0041023406
  16  -4        0.0950758730       -0.0146463156
  16  -5        0.0117435982        0.0237865740
  16  -6        0.0264526255       -0.0174784436
  16  -7       -0.0264974153        0.0163317652
  16  -8        0.0212647626       -0.0630434977
  16  -9       -0.0733316820       -0.0186142220
  16 -10       -0.0237405013       -0.0072017061
  16 -11       -0.0237382337       -0.0170930764
  16 -12        0.0302556299       -0.0168181089
  16 -13        0.0130636999        0.0358255118
  16 -14        0.0298255124        0.0257856361
  16 -15       -0.0630019219        0.0208744527
  16 -16        0.0425536441       -0.0183210655
  17  17        0.0526468561        0.0348087439
  17  16       -0.0283036413       -0.0329737031
  17  15        0.0626312491       -0.0268394231
  17  14       -0.0519604149       -0.0450117661
  17  13        0.0182785720        0.0393431844
  17  12        0.0314722450       -0.0187143590
  17  11        0.0066666575        0.0028098116
  17  10       -0.0602133265       -0.0139313740
  17   9       -0.0282626577        0.0295838493
  17   8        0.0201609033       -0.0183722390
  17   7        0.0108263833        0.0348474188
  17   6       -0.0007513934        0.0149722236
  17   5        0.0285016223       -0.0383500446
  17   4        0.0016704361       -0.0311932737
  17   3        0.0633792330       -0.0026537866
  17   2        0.0085395274        0.0224509087
  17   1       -0.0076139322       -0.0634282755
  17   0       -0.0616221635        0.0000000000
  17  -1        0.0076139322       -0.0634282755
  17  -2        0.0085395274       -0.0224509087
  17  -3       -0.0633792330       -0.0026537866
  17  -4        0.0016704361        0.0311932737
  17  -5       -0.0285016223       -0.0383500446
  17  -6       -0.0007513934       -0.0149722236
  17  -7       -0.0108263833        0.0348474188
  17  -8        0.0201609033        0.0183722390
  17  -9        0.0282626577        0.0295838493
  17 -10       -0.0602133265        0.0139313740
  17 -11       -0.0066666575        0.0028098116
  17 -12        0.0314722450        0.0187143590
  17 -13       -0.0182785720        0.0393431844
  17 -14       -0.0519604149        0.0450117661
  17 -15       -0.0626312491       -0.0268394231
  17 -16       -0.0283036413        0.0329737031
  17 -17       -0.0526468561        0.0348087439
  18  18        0.0369561117        0.0109703792
  18  17        0.0287215735       -0.0337239803
  18  16        0.0396300023        0.0332679483
  18  15        0.0844715222        0.0315944573
  18  14        0.0106642088       -0.0321526373
  18  13       -0.0601860217        0.0057244270
  18  12       -0.0075939384        0.0298407838
  18  11        0.0077957688       -0.0370128566
  18  10        0.0390255934        0.0225287524
  18   9       -0.0272647420        0.0325081064
  18   8        0.0121070618        0.0157850893
  18   7       -0.0216462769       -0.0227813694
  18   6       -0.0053201131       -0.0256257281
  18   5       -0.0138755304       -0.0278540127
  18   4       -0.0108395460        0.0157475947
  18   3        0.0034531181        0.0008746574
  18   2        0.0486072409       -0.0315461721
  18   1        0.0040121528       -0.0164885879
  18   0       -0.0300451093        0.0000000000
  18  -1       -0.0040121528       -0.0164885879
  18  -2        0.0486072409        0.0315461721
  18  -3       -0.0034531181        0.0008746574
  18  -4       -0.0108395460       -0.0157475947
  18  -5        0.0138755304       -0.0278540127
  18  -6       -0.0053201131        0.0256257281
  18  -7        0.0216462769       -0.0227813694
  18  -8        0.0121070618       -0.0157850893
  18  -9        0.0272647420        0.0325081064
  18 -10        0.0390255934       -0.0225287524
  18 -11       -0.0077957688       -0.0370128566
  18 -12       -0.0075939384       -0.0298407838
  18 -13        0.0601860217        0.0057244270
  18 -14        0.0106642088        0.0321526373
  18 -15       -0.0844715222        0.0315944573
  18 -16        0.0396300023       -0.0332679483
  18 -17       -0.0287215735       -0.0337239803
  18 -18        0.0369561117       -0.0109703792
  19  19        0.0030512188       -0.0291714692
  19  18        0.0085660621       -0.0116959591
  19  17        0.0094913150        0.0345239491
  19  16       -0.0335051708        0.0095765363
  19  15        0.0172654343       -0.0316058989
  19  14        0.0175210162        0.0755592733
  19  13        0.0206433125        0.0183960294
  19  12        0.0026798287        0.0206900613
  19  11       -0.0221744618       -0.0027602368
  19  10        0.0001698921       -0.0245278302
  19   9        0.0122321740       -0.0071185342
  19   8        0.0056089223       -0.0261911659
  19   7       -0.0165350641        0.0052591555
  19   6       -0.0127463838       -0.0181576938
  19   5        0.0301435819       -0.0196981501
  19   4       -0.0006240702        0.0699973873
  19   3        0.0267713355       -0.0327084987
  19   2       -0.0344772614        0.0132805617
  19   1        0.0022248892       -0.0271765338
  19   0       -0.0341832715        0.0000000000
  19  -1       -0.0022248892       -0.0271765338
  19  -2       -0.0344772614       -0.0132805617
  19  -3       -0.0267713355       -0.0327084987
  19  -4       -0.0006240702       -0.0699973873
  19  -5       -0.0301435819       -0.0196981501
  19  -6       -0.0127463838        0.0181576938
  19  -7        0.0165350641        0.0052591555
  19  -8        0.0056089223        0.0261911659
  19  -9       -0.0122321740       -0.0071185342
  19 -10        0.0001698921        0.0245278302
  19 -11        0.0221744618       -0.0027602368
  19 -12        0.0026798287       -0.0206900613
  19 -13       -0.0206433125        0.0183960294
  19 -14        0.0175210162       -0.0755592733
  19 -15       -0.0172654343       -0.0316058989
  19 -16       -0.0335051708       -0.0095765363
  19 -17       -0.0094913150        0.0345239491
  19 -18        0.0085660621        0.0116959591
  19 -19       -0.0030512188       -0.0291714692
  20  20        0.0772322984       -0.0301684130
  20  19        0.0269334194       -0.0154213335
  20  18       -0.0039139994       -0.0163434960
  20  17        0.0321450770        0.0030623136
  20  16        0.0266107744        0.0016777515
  20  15       -0.0469394548       -0.0284146261
  20  14       -0.0454766616        0.0298742867
  20  13        0.0248601336       -0.0277837003
  20  12        0.0313815097       -0.0001452998
  20  11        0.0045801484        0.0309324458
  20  10        0.0336645580        0.0554772792
  20   9       -0.0010726758       -0.0202697974
  20   8       -0.0008481649       -0.0381208654
  20   7       -0.0110783058        0.0238690267
  20   6        0.0461973198       -0.0315400655
  20   5        0.0129649187       -0.0029866889
  20   4        0.0110978603       -0.0009123469
  20   3        0.0261054060        0.0224663589
  20   2       -0.0042856201        0.0140537738
  20   1       -0.0229323438        0.0293981973
  20   0       -0.0046590340        0.0000000000
  20  -1        0.0229323438        0.0293981973
  20  -2       -0.0042856201       -0.0140537738
  20  -3       -0.0261054060        0.0224663589
  20  -4        0.0110978603        0.0009123469
  20  -5       -0.0129649187       -0.0029866889
  20  -6        0.0461973198        0.0315400655
  20  -7        0.0110783058        0.0238690267
  20  -8       -0.0008481649        0.0381208654
  20  -9        0.0010726758       -0.0202697974
  20 -10        0.0336645580       -0.0554772792
  20 -11       -0.0045801484        0.0309324458
  20 -12        0.0313815097        0.0001452998
  20 -13       -0.0248601336       -0.0277837003
  20 -14       -0.0454766616       -0.0298742867
  20 -15        0.0469394548       -0.0284146261
  20 -16        0.0266107744       -0.0016777515
  20 -17       -0.0321450770        0.0030623136
  20 -18       -0.0039139994        0.0163434960
  20 -19       -0.0269334194       -0.0154213335
  20 -20        0.0772322984        0.0301684130
  21  21       -0.0184585892       -0.0171211036
  21  20       -0.0221104385       -0.0021399422
  21  19       -0.0008391385       -0.0288407475
  21  18       -0.0139962723       -0.0266158201
  21  17       -0.0336947709       -0.0472783487
  21  16        0.0596953178        0.0278634054
  21  15       -0.0100045923        0.0227961933
  21  14       -0.0034571640        0.0057078851
  21  13       -0.0049172122        0.0006041404
  21  12       -0.0237060251       -0.0346049222
  21  11       -0.0103341123       -0.0314913061
  21  10       -0.0179091431       -0.0370256562
  21   9       -0.0103809787        0.0117655860
  21   8       -0.0085108186        0.0019413704
  21   7       -0.0240208457       -0.0312294420
  21   6        0.0024544992       -0.0079846568
  21   5       -0.0415748382        0.0515635166
  21   4       -0.0037207024       -0.0154318710
  21   3        0.0188336564       -0.0306636455
  21   2       -0.0319912951        0.0305207271
  21   1        0.0092765042       -0.0320753812
  21   0       -0.0081247256        0.0000000000
  21  -1       -0.0092765042       -0.0320753812
  21  -2       -0.0319912951       -0.0305207271
  21  -3       -0.0188336564       -0.0306636455
  21  -4       -0.0037207024        0.0154318710
  21  -5        0.0415748382        0.0515635166
  21  -6        0.0024544992        0.0079846568
  21  -7        0.0240208457       -0.0312294420
  21  -8       -0.0085108186       -0.0019413704
  21  -9        0.0103809787        0.0117655860
  21 -10       -0.0179091431        0.0370256562
  21 -11        0.0103341123       -0.0314913061
  21 -12       -0.0237060251        0.0346049222
  21 -13        0.0049172122        0.0006041404
  21 -14       -0.0034571640       -0.0057078851
  21 -15        0.0100045923        0.0227961933
  21 -16        0.0596953178       -0.0278634054
  21 -17        0.0336947709       -0.0472783487
  21 -18       -0.0139962723        0.0266158201
  21 -19        0.0008391385       -0.0288407475
  21 -20       -0.0221104385        0.0021399422
  21 -21        0.0184585892       -0.0171211036
  22  22        0.0172866901       -0.0329359586
  22  21       -0.0019630745       -0.0060795483
  22  20        0.0440328084       -0.0005723630
  22  19        0.0126719827       -0.0172468922
  22  18        0.0099764480        0.0008057153
  22  17        0.0049886489        0.0300135152
  22  16       -0.0207495109       -0.0516412485
  22  15       -0.0201796583       -0.0188576825
  22  14        0.0254851054        0.0330190816
  22  13        0.0209352253       -0.0323102756
  22  12       -0.0040600185        0.0187841677
  22  11       -0.0258486356       -0.0233036953
  22  10        0.0327710209        0.0026664136
  22   9       -0.0056858420        0.0152788527
  22   8        0.0048497343       -0.0212693462
  22   7        0.0209960775       -0.0018195125
  22   6       -0.0487015128       -0.0251614699
  22   5        0.0030016519        0.0191938175
  22   4        0.0284245179       -0.0084893064
  22   3        0.0141849271       -0.0186904749
  22   2       -0.0515885582        0.0307356193
  22   1       -0.0065402073       -0.0124071116
  22   0       -0.0018486619        0.0000000000
  22  -1        0.0065402073       -0.0124071116
  22  -2       -0.0515885582       -0.0307356193
  22  -3       -0.0141849271       -0.0186904749
  22  -4        0.0284245179        0.0084893064
  22  -5       -0.0030016519        0.0191938175
  22  -6       -0.0487015128        0.0251614699
  22  -7       -0.0209960775       -0.0018195125
  22  -8        0.0048497343        0.0212693462
  22  -9        0.0056858420        0.0152788527
  22 -10        0.0327710209       -0.0026664136
  22 -11        0.0258486356       -0.0233036953
  22 -12       -0.0040600185       -0.0187841677
  22 -13       -0.0209352253       -0.0323102756
  22 -14        0.0254851054       -0.0330190816
  22 -15        0.0201796583       -0.0188576825
  22 -16       -0.0207495109        0.0516412485
  22 -17       -0.0049886489        0.0300135152
  22 -18        0.0099764480       -0.0008057153
  22 -19       -0.0126719827       -0.0172468922
  22 -20        0.0440328084        0.0005723630
  22 -21        0.0019630745       -0.0060795483
  22 -22        0.0172866901        0.0329359586
  23  23       -0.0017436883       -0.0039069392
  23  22        0.0053322434        0.0316972306
  23  21       -0.0094643620       -0.0293841926
  23  20       -0.0119919269       -0.0475475280
  23  19       -0.0290311610       -0.0203884213
  23  18        0.0308843042        0.0063397783
  23  17        0.0220932599        0.0213722635
  23  16       -0.0195338827        0.0217404650
  23  15       -0.0217332074       -0.0538150366
  23  14       -0.0138176744       -0.0330338374
  23  13       -0.0074497110       -0.0343216029
  23  12        0.0069124951        0.0339365312
  23  11        0.0259500830        0.0202922085
  23  10       -0.0086071332       -0.0184895746
  23   9       -0.0374429039       -0.0020449692
  23   8       -0.0009797232        0.0064691158
  23   7        0.0009305267       -0.0014538776
  23   6        0.0021058034        0.0133381703
  23   5       -0.0210374400        0.0110631700
  23   4       -0.0113581244        0.0087440348
  23   3       -0.0035232225        0.0113263747
  23   2        0.0222232342        0.0154579996
  23   1       -0.0342954509        0.0037351291
  23   0       -0.0135983574        0.0000000000
  23  -1        0.0342954509        0.0037351291
  23  -2        0.0222232342       -0.0154579996
  23  -3        0.0035232225        0.0113263747
  23  -4       -0.0113581244       -0.0087440348
  23  -5        0.0210374400        0.0110631700
  23  -6        0.0021058034       -0.0133381703
  23  -7       -0.0009305267       -0.0014538776
  23  -8       -0.0009797232       -0.0064691158
  23  -9        0.0374429039       -0.0020449692
  23 -10       -0.0086071332        0.0184895746
  23 -11       -0.0259500830        0.0202922085
  23 -12        0.0069124951       -0.0339365312
  23 -13        0.0074497110       -0.0343216029
  23 -14       -0.0138176744        0.0330338374
  23 -15        0.0217332074       -0.0538150366
  23 -16       -0.0195338827       -0.0217404650
  23 -17       -0.0220932599        0.0213722635
  23 -18        0.0308843042       -0.0063397783
  23 -19        0.0290311610       -0.0203884213
  23 -20       -0.0119919269        0.0475475280
  23 -21        0.0094643620       -0.0293841926
  23 -22        0.0053322434       -0.0316972306
  23 -23        0.0017436883       -0.0039069392
  24  24       -0.0044918014       -0.0072753960
  24  23       -0.0126227266       -0.0096874206
  24  22        0.0078195574       -0.0119326887
  24  21        0.0092988982        0.0095062419
  24  20       -0.0127905778        0.0267251624
  24  19        0.0224847883        0.0262765869
  24  18       -0.0132969944       -0.0194114021
  24  17        0.0228965284       -0.0186540478
  24  16        0.0042890119        0.0074904392
  24  15        0.0304952148        0.0050264243
  24  14       -0.0100329367        0.0334939217
  24  13       -0.0379740401        0.0011872540
  24  12        0.0354078733       -0.0235878224
  24  11        0.0057060786       -0.0020399760
  24  10       -0.0094873811       -0.0133889597
  24   9        0.0014470098        0.0024668541
  24   8        0.0013160823       -0.0173243570
  24   7       -0.0463634141       -0.0341856855
  24   6       -0.0124072709        0.0208919391
  24   5        0.0177826174        0.0155574947
  24   4       -0.0363025492       -0.0222571302
  24   3       -0.0158431381       -0.0001941099
  24   2        0.0231939420       -0.0327171701
  24   1        0.0053179867        0.0076587273
  24   0        0.0060757360        0.0000000000
  24  -1       -0.0053179867        0.0076587273
  24  -2        0.0231939420        0.0327171701
  24  -3        0.0158431381       -0.0001941099
  24  -4       -0.0363025492        0.0222571302
  24  -5       -0.0177826174        0.0155574947
  24  -6       -0.0124072709       -0.0208919391
  24  -7        0.0463634141       -0.0341856855
  24  -8        0.0013160823        0.0173243570
  24  -9       -0.0014470098        0.0024668541
  24 -10       -0.0094873811        0.0133889597
  24 -11       -0.0057060786       -0.0020399760
  24 -12        0.0354078733        0.0235878224
  24 -13        0.0379740401        0.0011872540
  24 -14       -0.0100329367       -0.0334939217
  24 -15       -0.0304952148        0.0050264243
  24 -16        0.0042890119       -0.0074904392
  24 -17       -0.0228965284       -0.0186540478
  24 -18       -0.0132969944        0.0194114021
  24 -19       -0.0224847883        0.0262765869
  24 -20       -0.0127905778       -0.0267251624
  24 -21       -0.0092988982        0.0095062419
  24 -22        0.0078195574        0.0119326887
  24 -23        0.0126227266       -0.0096874206
  24 -24       -0.0044918014        0.0072753960
  25  25       -0.0386255654       -0.0199590411
  25  24        0.0064244641        0.0150111326
  25  23       -0.0063019247       -0.0310730280
  25  22       -0.0219220020       -0.0140564413
  25  21       -0.0100843076       -0.0273022993
  25  20       -0.0119769370       -0.0161077019
  25  19        0.0143151609        0.0263505804
  25  18       -0.0011440647       -0.0101610505
  25  17        0.0179080591       -0.0288276453
  25  16       -0.0436126901       -0.0704758115
  25  15        0.0023617009       -0.0222770275
  25  14        0.0091571323       -0.0254082190
  25  13        0.0243147959       -0.0208972731
  25  12        0.0259920914        0.0182906742
  25  11        0.0124967795       -0.0201308730
  25  10        0.0474320910       -0.0043597744
  25   9       -0.0159686581       -0.0260165775
  25   8        0.0312058477       -0.0257508026
  25   7       -0.0402848181        0.0238010805
  25   6       -0.0184383454        0.0061719391
  25   5        0.0327263998       -0.0222216248
  25   4        0.0226012009        0.0029450400
  25   3       -0.0142169284       -0.0141996501
  25   2       -0.0033403841       -0.0154875266
  25   1        0.0013810804        0.0156080548
  25   0        0.0213476516        0.0000000000
  25  -1       -0.0013810804        0.0156080548
  25  -2       -0.0033403841        0.0154875266
  25  -3        0.0142169284       -0.0141996501
  25  -4        0.0226012009       -0.0029450400
  25  -5       -0.0327263998       -0.0222216248
  25  -6       -0.0184383454       -0.0061719391
  25  -7        0.0402848181        0.0238010805
  25  -8        0.0312058477        0.0257508026
  25  -9        0.0159686581       -0.0260165775
  25 -10        0.0474320910        0.0043597744
  25 -11       -0.0124967795       -0.0201308730
  25 -12        0.0259920914       -0.0182906742
  25 -13       -0.0243147959       -0.0208972731
  25 -14        0.0091571323        0.0254082190
  25 -15       -0.0023617009       -0.0222770275
  25 -16       -0.0436126901        0.0704758115
  25 -17       -0.0179080591       -0.0288276453
  25 -18       -0.0011440647        0.0101610505
  25 -19       -0.0143151609        0.0263505804
  25 -20       -0.0119769370        0.0161077019
  25 -21        0.0100843076       -0.0273022993
  25 -22       -0.0219220020        0.0140564413
  25 -23        0.0063019247       -0.0310730280
  25 -24        0.0064244641       -0.0150111326
  25 -25        0.0386255654       -0.0199590411
  26  26       -0.0079950664        0.0023323485
  26  25        0.0335947761        0.0362629584
  26  24       -0.0062171572        0.0059031019
  26  23        0.0053335940        0.0206981361
  26  22       -0.0098430557        0.0530578991
  26  21       -0.0336244425        0.0023734481
  26  20       -0.0119665753       -0.0213357711
  26  19       -0.0004424556       -0.0020490545
  26  18       -0.0090086468        0.0003311566
  26  17       -0.0061551522       -0.0056356501
  26  16       -0.0294150337        0.0157885979
  26  15       -0.0241063782        0.0034502709
  26  14       -0.0008398121       -0.0001905243
  26  13        0.0418502103       -0.0087940297
  26  12       -0.0088917628       -0.0147699233
  26  11       -0.0213605482        0.0055899133
  26  10       -0.0230334549       -0.0098327210
  26   9       -0.0357329351        0.0146717881
  26   8        0.0019357656       -0.0096795816
  26   7       -0.0303943620        0.0037490135
  26   6       -0.0022553762       -0.0038813866
  26   5       -0.0167685929       -0.0288331075
  26   4       -0.0080926679        0.0174530224
  26   3       -0.0035424705        0.0050480446
  26   2       -0.0021587723       -0.0079795702
  26   1        0.0165248517       -0.0067159120
  26   0        0.0108907246        0.0000000000
  26  -1       -0.0165248517       -0.0067159120
  26  -2       -0.0021587723        0.0079795702
  26  -3        0.0035424705        0.0050480446
  26  -4       -0.0080926679       -0.0174530224
  26  -5        0.0167685929       -0.0288331075
  26  -6       -0.0022553762        0.0038813866
  26  -7        0.0303943620        0.0037490135
  26  -8        0.0019357656        0.0096795816
  26  -9        0.0357329351        0.0146717881
  26 -10       -0.0230334549        0.0098327210
  26 -11        0.0213605482        0.0055899133
  26 -12       -0.0088917628        0.0147699233
  26 -13       -0.0418502103       -0.0087940297
  26 -14       -0.0008398121        0.0001905243
  26 -15        0.0241063782        0.0034502709
  26 -16       -0.0294150337       -0.0157885979
  26 -17        0.0061551522       -0.0056356501
  26 -18       -0.0090086468       -0.0003311566
  26 -19        0.0004424556       -0.0020490545
  26 -20       -0.0119665753        0.0213357711
  26 -21        0.0336244425        0.0023734481
  26 -22       -0.0098430557       -0.0530578991
  26 -23       -0.0053335940        0.0206981361
  26 -24       -0.0062171572       -0.0059031019
  26 -25       -0.0335947761        0.0362629584
  26 -26       -0.0079950664       -0.0023323485
  27  27        0.0135561103        0.0064844275
  27  26       -0.0141010048        0.0307214974
  27  25       -0.0485456031       -0.0425424186
  27  24       -0.0164258523        0.0264430304
  27  23       -0.0294974191        0.0341403435
  27  22       -0.0539282734       -0.0210328538
  27  21       -0.0142297454        0.0375431357
  27  20       -0.0200805443        0.0208491448
  27  19        0.0089979981       -0.0062001256
  27  18       -0.0328197318        0.0030630239
  27  17        0.0095709047        0.0085537834
  27  16       -0.0078224290        0.0238609776
  27  15        0.0122163304       -0.0046101447
  27  14        0.0328742585        0.0127382928
  27  13       -0.0095322365       -0.0027160874
  27  12       -0.0034526748       -0.0131094722
  27  11       -0.0080445491        0.0049458965
  27  10        0.0150580294        0.0066541410
  27   9       -0.0190123967        0.0163192082
  27   8       -0.0178388175        0.0188781266
  27   7        0.0269455166       -0.0033538525
  27   6        0.0140791319       -0.0035041364
  27   5       -0.0043027135        0.0241015838
  27   4        0.0205028074        0.0032123783
  27   3        0.0292033590       -0.0051230762
  27   2        0.0129932909       -0.0104672325
  27   1        0.0149596477        0.0159036700
  27   0        0.0003473007        0.0000000000
  27  -1       -0.0149596477        0.0159036700
  27  -2        0.0129932909        0.0104672325
  27  -3       -0.0292033590       -0.0051230762
  27  -4        0.0205028074       -0.0032123783
  27  -5        0.0043027135        0.0241015838
  27  -6        0.0140791319        0.0035041364
  27  -7       -0.0269455166       -0.0033538525
  27  -8       -0.0178388175       -0.0188781266
  27  -9        0.0190123967        0.0163192082
  27 -10        0.0150580294       -0.0066541410
  27 -11        0.0080445491        0.0049458965
  27 -12       -0.0034526748        0.0131094722
  27 -13        0.0095322365       -0.0027160874
  27 -14        0.0328742585       -0.0127382928
  27 -15       -0.0122163304       -0.0046101447
  27 -16       -0.0078224290       -0.0238609776
  27 -17       -0.0095709047        0.0085537834
  27 -18       -0.0328197318       -0.0030630239
  27 -19       -0.0089979981       -0.0062001256
  27 -20       -0.0200805443       -0.0208491448
  27 -21        0.0142297454        0.0375431357
  27 -22       -0.0539282734        0.0210328538
  27 -23        0.0294974191        0.0341403435
  27 -24       -0.0164258523       -0.0264430304
  27 -25        0.0485456031       -0.0425424186
  27 -26       -0.0141010048       -0.0307214974
  27 -27       -0.0135561103        0.0064844275
  28  28        0.0033846838        0.0032324629
  28  27        0.0068160059        0.0019455409
  28  26       -0.0008123589       -0.0228877924
  28  25        0.0386985522        0.0257674684
  28  24        0.0135883692        0.0082970654
  28  23       -0.0056127918       -0.0092791312
  28  22        0.0054136461       -0.0007057232
  28  21        0.0189097779       -0.0469349693
  28  20        0.0068730277        0.0081261423
  28  19       -0.0066306427        0.0112134785
  28  18       -0.0117625422       -0.0064666451
  28  17       -0.0115694305       -0.0078173821
  28  16        0.0011774983       -0.0219539531
  28  15        0.0359046232       -0.0194065757
  28  14        0.0142836614        0.0021615524
  28  13        0.0208580751       -0.0182673765
  28  12       -0.0239689942       -0.0113510141
  28  11        0.0017065019       -0.0143944933
  28  10       -0.0028338457       -0.0096220058
  28   9        0.0061161183        0.0152826668
  28   8       -0.0100056464       -0.0006437134
  28   7       -0.0238201528        0.0124234966
  28   6        0.0152833372       -0.0207673112
  28   5       -0.0246136852       -0.0189321451
  28   4        0.0082019761        0.0127440544
  28   3       -0.0212380774        0.0045662121
  28   2        0.0286917644       -0.0080401550
  28   1       -0.0318401180       -0.0070072734
  28   0       -0.0081187479        0.0000000000
  28  -1        0.0318401180       -0.0070072734
  28  -2        0.0286917644        0.0080401550
  28  -3        0.0212380774        0.0045662121
  28  -4        0.0082019761       -0.0127440544
  28  -5        0.0246136852       -0.0189321451
  28  -6        0.0152833372        0.0207673112
  28  -7        0.0238201528        0.0124234966
  28  -8       -0.0100056464        0.0006437134
  28  -9       -0.0061161183        0.0152826668
  28 -10       -0.0028338457        0.0096220058
  28 -11       -0.0017065019       -0.0143944933
  28 -12       -0.0239689942        0.0113510141
  28 -13       -0.0208580751       -0.0182673765
  28 -14        0.0142836614       -0.0021615524
  28 -15       -0.0359046232       -0.0194065757
  28 -16        0.0011774983        0.0219539531
  28 -17        0.0115694305       -0.0078173821
  28 -18       -0.0117625422        0.0064666451
  28 -19        0.0066306427        0.0112134785
  28 -20        0.0068730277       -0.0081261423
  28 -21       -0.0189097779       -0.0469349693
  28 -22        0.0054136461        0.0007057232
  28 -23        0.0056127918       -0.0092791312
  28 -24        0.0135883692       -0.0082970654
  28 -25       -0.0386985522        0.0257674684
  28 -26       -0.0008123589        0.0228877924
  28 -27       -0.0068160059        0.0019455409
  28 -28        0.0033846838       -0.0032324629
  29  29        0.0058532863        0.0083701910
  29  28       -0.0221534376        0.0085065002
  29  27       -0.0007960841       -0.0120464126
  29  26        0.0101386689       -0.0006499381
  29  25        0.0179510134        0.0385185236
  29  24        0.0173636390        0.0169403976
  29  23       -0.0133544101       -0.0136741496
  29  22       -0.0034887518       -0.0125836365
  29  21       -0.0069722731        0.0056046621
  29  20       -0.0179385219        0.0010946925
  29  19       -0.0143270646        0.0108998741
  29  18        0.0173135387        0.0409816738
  29  17        0.0130777638        0.0088454783
  29  16        0.0370177527        0.0167363787
  29  15       -0.0099334559       -0.0120938069
  29  14       -0.0068227947        0.0163787091
  29  13       -0.0296404993        0.0060369731
  29  12        0.0059546192        0.0156378091
  29  11        0.0135509742       -0.0093651043
  29  10        0.0002349859        0.0114750227
  29   9        0.0110637040        0.0006248041
  29   8        0.0067857140        0.0094404275
  29   7        0.0080478651        0.0062622007
  29   6       -0.0049941210        0.0002849994
  29   5       -0.0006521525       -0.0080066535
  29   4        0.0151008090       -0.0171017776
  29   3        0.0129192436       -0.0055288513
  29   2        0.0126827540       -0.0020531967
  29   1        0.0026368197        0.0166091704
  29   0       -0.0468515948        0.0000000000
  29  -1       -0.0026368197        0.0166091704
  29  -2        0.0126827540        0.0020531967
  29  -3       -0.0129192436       -0.0055288513
  29  -4        0.0151008090        0.0171017776
  29  -5        0.0006521525       -0.0080066535
  29  -6       -0.0049941210       -0.0002849994
  29  -7       -0.0080478651        0.0062622007
  29  -8        0.0067857140       -0.0094404275
  29  -9       -0.0110637040        0.0006248041
  29 -10        0.0002349859       -0.0114750227
  29 -11       -0.0135509742       -0.0093651043
  29 -12        0.0059546192       -0.0156378091
  29 -13        0.0296404993        0.0060369731
  29 -14       -0.0068227947       -0.0163787091
  29 -15        0.0099334559       -0.0120938069
  29 -16        0.0370177527       -0.0167363787
  29 -17       -0.0130777638        0.0088454783
  29 -18        0.0173135387       -0.0409816738
  29 -19        0.0143270646        0.0108998741
  29 -20       -0.0179385219       -0.0010946925
  29 -21        0.0069722731        0.0056046621
  29 -22       -0.0034887518        0.0125836365
  29 -23        0.0133544101       -0.0136741496
  29 -24        0.0173636390       -0.0169403976
  29 -25       -0.0179510134        0.0385185236
  29 -26        0.0101386689        0.0006499381
  29 -27        0.0007960841       -0.0120464126
  29 -28       -0.0221534376       -0.0085065002
  29 -29       -0.0058532863        0.0083701910
  30  30        0.0021392518        0.0237611519
  30  29       -0.0038100759        0.0000179426
  30  28       -0.0171759715        0.0050347512
  30  27        0.0029787616        0.0048451172
  30  26       -0.0147670312       -0.0033194617
  30  25       -0.0367817710        0.0296046940
  30  24        0.0108548854        0.0133635510
  30  23        0.0102153018       -0.0116398870
  30  22        0.0125595411       -0.0051057946
  30  21       -0.0205492490        0.0258163997
  30  20        0.0396904313        0.0025673468
  30  19        0.0122877448        0.0038569577
  30  18        0.0056812139       -0.0010904087
  30  17        0.0065714790        0.0096104716
  30  16        0.0108474437        0.0082120541
  30  15        0.0090735967       -0.0347228135
  30  14       -0.0066654398        0.0052427865
  30  13        0.0036312671        0.0035271493
  30  12        0.0003599156       -0.0103273323
  30  11        0.0275950964       -0.0046186708
  30  10        0.0184790454        0.0016027995
  30   9       -0.0067381893        0.0098252784
  30   8       -0.0020538685       -0.0165338559
  30   7        0.0287620632       -0.0171037492
  30   6        0.0169484785       -0.0136396243
  30   5        0.0003649211        0.0011917728
  30   4       -0.0036905189       -0.0241722073
  30   3       -0.0265477133       -0.0205404169
  30   2        0.0083341307       -0.0243918841
  30   1       -0.0063822192        0.0141672041
  30   0       -0.0158381708        0.0000000000
  30  -1        0.0063822192        0.0141672041
  30  -2        0.0083341307        0.0243918841
  30  -3        0.0265477133       -0.0205404169
  30  -4       -0.0036905189        0.0241722073
  30  -5       -0.0003649211        0.0011917728
  30  -6        0.0169484785        0.0136396243
  30  -7       -0.0287620632       -0.0171037492
  30  -8       -0.0020538685        0.0165338559
  30  -9        0.0067381893        0.0098252784
  30 -10        0.0184790454       -0.0016027995
  30 -11       -0.0275950964       -0.0046186708
  30 -12        0.0003599156        0.0103273323
  30 -13       -0.0036312671        0.0035271493
  30 -14       -0.0066654398       -0.0052427865
  30 -15       -0.0090735967       -0.0347228135
  30 -16        0.0108474437       -0.0082120541
  30 -17       -0.0065714790        0.0096104716
  30 -18        0.0056812139        0.0010904087
  30 -19       -0.0122877448        0.0038569577
  30 -20        0.0396904313       -0.0025673468
  30 -21        0.0205492490        0.0258163997
  30 -22        0.0125595411        0.0051057946
  30 -23       -0.0102153018       -0.0116398870
  30 -24        0.0108548854       -0.0133635510
  30 -25        0.0367817710        0.0296046940
  30 -26       -0.0147670312        0.0033194617
  30 -27       -0.0029787616        0.0048451172
  30 -28       -0.0171759715       -0.0050347512
  30 -29        0.0038100759        0.0000179426
  30 -30        0.0021392518       -0.0237611519
