   0   0       41.2726852632        0.0000000000
   1   1        0.9700317788       -0.7859722968
   1   0       -2.2593969199        0.0000000000
   1  -1       -0.9700317788       -0.7859722968
   2   2        0.4833888403       -2.1300833372
   2   1       -1.9008423860        3.6846765037
   2   0       -2.5354106769        0.0000000000
   2  -1        1.9008423860        3.6846765037
   2  -2        0.4833888403        2.1300833372
   3   3        0.3621615104       -0.4036025895
   3   2        0.3299295772       -2.9122259791
   3   1        0.0693247317        1.0485558203
   3   0       -2.1516185313        0.0000000000
   3  -1       -0.0693247317        1.0485558203
   3  -2        0.3299295772        2.9122259791
   3  -3       -0.3621615104       -0.4036025895
   4   4        0.1562362211        0.0070164905
   4   3        0.6106214206        0.4509132853
   4   2       -0.1986271940       -0.5568507910
   4   1        0.5610781400       -0.1412711746
   4   0       -0.6304053858        0.0000000000
   4  -1       -0.5610781400       -0.1412711746
   4  -2       -0.1986271940        0.5568507910
   4  -3       -0.6106214206        0.4509132853
   4  -4        0.1562362211       -0.0070164905
   5   5        0.1216323526       -0.3576064654
   5   4       -1.0562294077       -0.0292391802
   5   3        1.2510315582        0.2670652378
   5   2       -0.0234374527       -0.0785185987
   5   1        0.9681147064       -0.4190800041
   5   0        0.7010663100        0.0000000000
   5  -1       -0.9681147064       -0.4190800041
   5  -2       -0.0234374527        0.0785185987
   5  -3       -1.2510315582        0.2670652378
   5  -4       -1.0562294077        0.0292391802
   5  -5       -0.1216323526       -0.3576064654
   6   6       -0.0633915489        0.0724869548
   6   5       -0.3279074274       -0.2135812573
   6   4       -0.3284740603       -0.0512404813
   6   3        0.4735964249       -0.0387373076
   6   2        0.2848064364        0.2456404432
   6   1       -0.0072220857       -0.3624687727
   6   0        0.0107597518        0.0000000000
   6  -1        0.0072220857       -0.3624687727
   6  -2        0.2848064364       -0.2456404432
   6  -3       -0.4735964249       -0.0387373076
   6  -4       -0.3284740603        0.0512404813
   6  -5        0.3279074274       -0.2135812573
   6  -6       -0.0633915489       -0.0724869548
   7   7       -0.1703828329       -0.1321034552
   7   6       -0.0346862127        0.2035435157
   7   5        0.0708945406       -0.2934242271
   7   4       -0.1853492645        0.0804500750
   7   3       -0.1690176680        0.0431011148
   7   2       -0.1619621697        0.4967352686
   7   1       -0.0543586442       -0.0078310762
   7   0        0.4379562347        0.0000000000
   7  -1        0.0543586442       -0.0078310762
   7  -2       -0.1619621697       -0.4967352686
   7  -3        0.1690176680        0.0431011148
   7  -4       -0.1853492645       -0.0804500750
   7  -5       -0.0708945406       -0.2934242271
   7  -6       -0.0346862127       -0.2035435157
   7  -7        0.1703828329       -0.1321034552
   8   8       -0.0356526516       -0.1166390640
   8   7       -0.2627512925        0.0088585297
   8   6       -0.0228161208        0.1606292474
   8   5       -0.0560747324       -0.2757938000
   8   4        0.0867915160       -0.0698961067
   8   3       -0.1192652344       -0.0460626845
   8   2        0.0535119537        0.1336213617
   8   1       -0.0710998942        0.3806981069
   8   0        0.1063453614        0.0000000000
   8  -1        0.0710998942        0.3806981069
   8  -2        0.0535119537       -0.1336213617
   8  -3        0.1192652344       -0.0460626845
   8  -4        0.0867915160        0.0698961067
   8  -5        0.0560747324       -0.2757938000
   8  -6       -0.0228161208       -0.1606292474
   8  -7        0.2627512925        0.0088585297
   8  -8       -0.0356526516        0.1166390640
   9   9       -0.0450769310        0.0632587588
   9   8        0.0472451178        0.1174918312
   9   7        0.0247555280        0.0443928650
   9   6       -0.0134025038       -0.0938127954
   9   5        0.0102781880       -0.1038220990
   9   4       -0.1884396607       -0.0449139823
   9   3       -0.1762897582       -0.1232650376
   9   2        0.0651247871        0.0417291639
   9   1       -0.1737619531        0.1047076077
   9   0       -0.0289618485        0.0000000000
   9  -1        0.1737619531        0.1047076077
   9  -2        0.0651247871       -0.0417291639
   9  -3        0.1762897582       -0.1232650376
   9  -4       -0.1884396607        0.0449139823
   9  -5       -0.0102781880       -0.1038220990
   9  -6       -0.0134025038        0.0938127954
   9  -7       -0.0247555280        0.0443928650
   9  -8        0.0472451178       -0.1174918312
   9  -9        0.0450769310        0.0632587588
  10  10        0.0323343599       -0.0131848040
  10   9       -0.0892492858        0.2149065419
  10   8        0.1843123456        0.0329789693
  10   7       -0.0237856385       -0.0840828406
  10   6        0.0302966670       -0.0286925402
  10   5       -0.0054723847       -0.0646981645
  10   4       -0.0342523295       -0.0034714373
  10   3        0.0190541041       -0.0130001813
  10   2       -0.0707307428       -0.1218819580
  10   1       -0.0062182069        0.0676881977
  10   0       -0.1339553286        0.0000000000
  10  -1        0.0062182069        0.0676881977
  10  -2       -0.0707307428        0.1218819580
  10  -3       -0.0190541041       -0.0130001813
  10  -4       -0.0342523295        0.0034714373
  10  -5        0.0054723847       -0.0646981645
  10  -6        0.0302966670        0.0286925402
  10  -7        0.0237856385       -0.0840828406
  10  -8        0.1843123456       -0.0329789693
  10  -9        0.0892492858        0.2149065419
  10 -10        0.0323343599        0.0131848040
  11  11        0.0411652628        0.0788366735
  11  10       -0.0184118625       -0.0344683126
  11   9        0.0107238246        0.0755655136
  11   8       -0.0804331541        0.1126342716
  11   7       -0.0650871649        0.0375883133
  11   6        0.1099747167       -0.0022277212
  11   5        0.1209315781       -0.1142920276
  11   4        0.0661058729       -0.0250796428
  11   3        0.0013797070        0.0386734829
  11   2       -0.0868628086       -0.1453329151
  11   1        0.0604713808       -0.0371572421
  11   0       -0.2819665506        0.0000000000
  11  -1       -0.0604713808       -0.0371572421
  11  -2       -0.0868628086        0.1453329151
  11  -3       -0.0013797070        0.0386734829
  11  -4        0.0661058729        0.0250796428
  11  -5       -0.1209315781       -0.1142920276
  11  -6        0.1099747167        0.0022277212
  11  -7        0.0650871649        0.0375883133
  11  -8       -0.0804331541       -0.1126342716
  11  -9       -0.0107238246        0.0755655136
  11 -10       -0.0184118625        0.0344683126
  11 -11       -0.0411652628        0.0788366735
  12  12       -0.0157968718       -0.0617625671
  12  11        0.0776014653        0.0674074197
  12  10        0.0748412810       -0.0614554119
  12   9       -0.0554864176       -0.0252202775
  12   8       -0.0483138011       -0.0122951360
  12   7       -0.0427271541       -0.0605814531
  12   6        0.0440286268        0.1390887168
  12   5        0.0009783875        0.0286317241
  12   4        0.0775319180       -0.0575071928
  12   3        0.0852709179       -0.0047987840
  12   2       -0.0795738192        0.0056255876
  12   1        0.0248931137       -0.1448840828
  12   0       -0.0519259383        0.0000000000
  12  -1       -0.0248931137       -0.1448840828
  12  -2       -0.0795738192       -0.0056255876
  12  -3       -0.0852709179       -0.0047987840
  12  -4        0.0775319180        0.0575071928
  12  -5       -0.0009783875        0.0286317241
  12  -6        0.0440286268       -0.1390887168
  12  -7        0.0427271541       -0.0605814531
  12  -8       -0.0483138011        0.0122951360
  12  -9        0.0554864176       -0.0252202775
  12 -10        0.0748412810        0.0614554119
  12 -11       -0.0776014653        0.0674074197
  12 -12       -0.0157968718        0.0617625671
  13  13        0.0802176792       -0.0259711904
  13  12        0.0033058261        0.0172774570
  13  11        0.0693170414        0.0104865316
  13  10       -0.0111894776       -0.0240213734
  13   9        0.0282434893        0.0419195342
  13   8       -0.0116241400       -0.0127722907
  13   7       -0.0539092793       -0.1281868351
  13   6       -0.0221713305        0.0561841274
  13   5       -0.0195237040        0.0422538180
  13   4        0.0862448339        0.0813918523
  13   3        0.1097275767       -0.0675330087
  13   2        0.0574462856        0.0537803363
  13   1       -0.0523258693       -0.0331026064
  13   0        0.0007876191        0.0000000000
  13  -1        0.0523258693       -0.0331026064
  13  -2        0.0574462856       -0.0537803363
  13  -3       -0.1097275767       -0.0675330087
  13  -4        0.0862448339       -0.0813918523
  13  -5        0.0195237040        0.0422538180
  13  -6       -0.0221713305       -0.0561841274
  13  -7        0.0539092793       -0.1281868351
  13  -8       -0.0116241400        0.0127722907
  13  -9       -0.0282434893        0.0419195342
  13 -10       -0.0111894776        0.0240213734
  13 -11       -0.0693170414        0.0104865316
  13 -12        0.0033058261       -0.0172774570
  13 -13       -0.0802176792       -0.0259711904
  14  14       -0.0005790515        0.0210382967
  14  13        0.0146037085       -0.0009187476
  14  12        0.0414290874       -0.0173600100
  14  11       -0.0363057195       -0.0089790352
  14  10        0.0176198727        0.0657316034
  14   9       -0.0716002227        0.0182994814
  14   8        0.1141813123       -0.0353601149
  14   7       -0.0980424535       -0.0362247279
  14   6       -0.0901408237       -0.0504267137
  14   5       -0.0198231319        0.0735075592
  14   4       -0.0137797884        0.0654140816
  14   3        0.1041663312       -0.0229518403
  14   2        0.0875644932        0.0028222019
  14   1        0.0227881104       -0.0323807443
  14   0        0.1839457957        0.0000000000
  14  -1       -0.0227881104       -0.0323807443
  14  -2        0.0875644932       -0.0028222019
  14  -3       -0.1041663312       -0.0229518403
  14  -4       -0.0137797884       -0.0654140816
  14  -5        0.0198231319        0.0735075592
  14  -6       -0.0901408237        0.0504267137
  14  -7        0.0980424535       -0.0362247279
  14  -8        0.1141813123        0.0353601149
  14  -9        0.0716002227        0.0182994814
  14 -10        0.0176198727       -0.0657316034
  14 -11        0.0363057195       -0.0089790352
  14 -12        0.0414290874        0.0173600100
  14 -13       -0.0146037085       -0.0009187476
  14 -14       -0.0005790515       -0.0210382967
  15  15        0.0087396939       -0.0330607522
  15  14        0.0220547758        0.0493285427
  15  13       -0.0383462532       -0.0397607875
  15  12        0.0166910863       -0.0058311078
  15  11       -0.0310631849        0.0208497192
  15  10        0.0085476372       -0.0175470036
  15   9       -0.0519146939       -0.0263481003
  15   8        0.0409538488       -0.0289907585
  15   7       -0.0536830617        0.0534674249
  15   6       -0.0049530045       -0.0523183059
  15   5       -0.0583037563       -0.0312445139
  15   4        0.0075851362       -0.0083118192
  15   3       -0.0533634104        0.0547775993
  15   2        0.0361347581        0.0347182243
  15   1       -0.0047791209        0.0359486406
  15   0        0.0793038802        0.0000000000
  15  -1        0.0047791209        0.0359486406
  15  -2        0.0361347581       -0.0347182243
  15  -3        0.0533634104        0.0547775993
  15  -4        0.0075851362        0.0083118192
  15  -5        0.0583037563       -0.0312445139
  15  -6       -0.0049530045        0.0523183059
  15  -7        0.0536830617        0.0534674249
  15  -8        0.0409538488        0.0289907585
  15  -9        0.0519146939       -0.0263481003
  15 -10        0.0085476372        0.0175470036
  15 -11        0.0310631849        0.0208497192
  15 -12        0.0166910863        0.0058311078
  15 -13        0.0383462532       -0.0397607875
  15 -14        0.0220547758       -0.0493285427
  15 -15       -0.0087396939       -0.0330607522
  16  16       -0.0248601066       -0.0014660657
  16  15       -0.0118742137        0.0177486359
  16  14       -0.0668890844        0.0009919032
  16  13       -0.0223189601       -0.0090126741
  16  12        0.0678299809        0.0459443293
  16  11        0.0005878262        0.0432757577
  16  10        0.0030131270       -0.0907990395
  16   9       -0.0804835964       -0.0112215240
  16   8        0.0086363347       -0.0275276226
  16   7        0.0510935163        0.0196431080
  16   6        0.0143839870       -0.0129139822
  16   5        0.0011094453        0.0124464841
  16   4       -0.0337017146       -0.0423961785
  16   3       -0.0064708089        0.0567476273
  16   2       -0.0307023370        0.0375196522
  16   1        0.0066534481        0.0224168545
  16   0        0.0248768652        0.0000000000
  16  -1       -0.0066534481        0.0224168545
  16  -2       -0.0307023370       -0.0375196522
  16  -3        0.0064708089        0.0567476273
  16  -4       -0.0337017146        0.0423961785
  16  -5       -0.0011094453        0.0124464841
  16  -6        0.0143839870        0.0129139822
  16  -7       -0.0510935163        0.0196431080
  16  -8        0.0086363347        0.0275276226
  16  -9        0.0804835964       -0.0112215240
  16 -10        0.0030131270        0.0907990395
  16 -11       -0.0005878262        0.0432757577
  16 -12        0.0678299809       -0.0459443293
  16 -13        0.0223189601       -0.0090126741
  16 -14       -0.0668890844       -0.0009919032
  16 -15        0.0118742137        0.0177486359
  16 -16       -0.0248601066        0.0014660657
  17  17       -0.0266651465       -0.0166557375
  17  16        0.0121316560       -0.0007836009
  17  15       -0.0076191440       -0.0199940420
  17  14       -0.0261208503       -0.0404471446
  17  13       -0.0276064936        0.0401734190
  17  12        0.0318586916       -0.0046508679
  17  11        0.0603599089        0.0605393321
  17  10       -0.0094532837       -0.0435899140
  17   9        0.0255751564        0.0069668605
  17   8       -0.0669860048       -0.0169349892
  17   7        0.0406187728       -0.0373475491
  17   6       -0.0293803113        0.0215085499
  17   5       -0.0182036695       -0.0180449097
  17   4       -0.0520878373       -0.0316932054
  17   3       -0.0129319471        0.0216262351
  17   2       -0.0299697573       -0.0326036284
  17   1       -0.0482571806       -0.0037699403
  17   0        0.0395647175        0.0000000000
  17  -1        0.0482571806       -0.0037699403
  17  -2       -0.0299697573        0.0326036284
  17  -3        0.0129319471        0.0216262351
  17  -4       -0.0520878373        0.0316932054
  17  -5        0.0182036695       -0.0180449097
  17  -6       -0.0293803113       -0.0215085499
  17  -7       -0.0406187728       -0.0373475491
  17  -8       -0.0669860048        0.0169349892
  17  -9       -0.0255751564        0.0069668605
  17 -10       -0.0094532837        0.0435899140
  17 -11       -0.0603599089        0.0605393321
  17 -12        0.0318586916        0.0046508679
  17 -13        0.0276064936        0.0401734190
  17 -14       -0.0261208503        0.0404471446
  17 -15        0.0076191440       -0.0199940420
  17 -16        0.0121316560        0.0007836009
  17 -17        0.0266651465       -0.0166557375
  18  18        0.0371739839       -0.0463108591
  18  17       -0.0127659726        0.0049595289
  18  16        0.0004239427        0.0164232280
  18  15       -0.0076599157       -0.0266999854
  18  14       -0.0259514604       -0.0266302771
  18  13       -0.0205285223       -0.0076024885
  18  12       -0.0351311235       -0.0275863800
  18  11        0.0190460215        0.0522002776
  18  10        0.0152548773        0.0494286364
  18   9        0.0763206415       -0.0002042270
  18   8       -0.0082715224        0.0698393962
  18   7        0.0069527444       -0.0682648236
  18   6        0.0084118072        0.0021411767
  18   5        0.0194899240       -0.0030815745
  18   4       -0.0174901546        0.0480519379
  18   3       -0.0235835864       -0.0271031319
  18   2       -0.0073812620       -0.0352606854
  18   1       -0.0557191286        0.0234370721
  18   0       -0.0270526724        0.0000000000
  18  -1        0.0557191286        0.0234370721
  18  -2       -0.0073812620        0.0352606854
  18  -3        0.0235835864       -0.0271031319
  18  -4       -0.0174901546       -0.0480519379
  18  -5       -0.0194899240       -0.0030815745
  18  -6        0.0084118072       -0.0021411767
  18  -7       -0.0069527444       -0.0682648236
  18  -8       -0.0082715224       -0.0698393962
  18  -9       -0.0763206415       -0.0002042270
  18 -10        0.0152548773       -0.0494286364
  18 -11       -0.0190460215        0.0522002776
  18 -12       -0.0351311235        0.0275863800
  18 -13        0.0205285223       -0.0076024885
  18 -14       -0.0259514604        0.0266302771
  18 -15        0.0076599157       -0.0266999854
  18 -16        0.0004239427       -0.0164232280
  18 -17        0.0127659726        0.0049595289
  18 -18        0.0371739839        0.0463108591
  19  19        0.0112248071       -0.0211386881
  19  18       -0.0021726033        0.0074772699
  19  17       -0.0566278033       -0.0235938218
  19  16       -0.0235500151        0.0504001493
  19  15        0.0372858934        0.0288341396
  19  14       -0.0009956567       -0.0331699878
  19  13        0.0260008339       -0.0614395541
  19  12       -0.1138687588        0.0014413295
  19  11        0.0158943706        0.0020291779
  19  10        0.0051954962        0.0263624301
  19   9        0.0620864241       -0.0203201989
  19   8        0.0750614641        0.0749986083
  19   7       -0.0076096095       -0.0468750720
  19   6        0.0132632400       -0.0387412140
  19   5        0.0081904808        0.0048385773
  19   4        0.0208610907       -0.0104932438
  19   3        0.0107323528       -0.0146147256
  19   2       -0.0274653663       -0.0306752750
  19   1       -0.0119244602        0.0182320166
  19   0        0.0085710551        0.0000000000
  19  -1        0.0119244602        0.0182320166
  19  -2       -0.0274653663        0.0306752750
  19  -3       -0.0107323528       -0.0146147256
  19  -4        0.0208610907        0.0104932438
  19  -5       -0.0081904808        0.0048385773
  19  -6        0.0132632400        0.0387412140
  19  -7        0.0076096095       -0.0468750720
  19  -8        0.0750614641       -0.0749986083
  19  -9       -0.0620864241       -0.0203201989
  19 -10        0.0051954962       -0.0263624301
  19 -11       -0.0158943706        0.0020291779
  19 -12       -0.1138687588       -0.0014413295
  19 -13       -0.0260008339       -0.0614395541
  19 -14       -0.0009956567        0.0331699878
  19 -15       -0.0372858934        0.0288341396
  19 -16       -0.0235500151       -0.0504001493
  19 -17        0.0566278033       -0.0235938218
  19 -18       -0.0021726033       -0.0074772699
  19 -19       -0.0112248071       -0.0211386881
  20  20       -0.0382358879        0.0065141584
  20  19        0.0103634273        0.0010692783
  20  18       -0.0117490575       -0.0132458251
  20  17       -0.0181715953        0.0033079734
  20  16       -0.0109134540        0.0034324906
  20  15        0.0020979501        0.0058372079
  20  14        0.0003693540       -0.0056385404
  20  13        0.0534433438       -0.0256277938
  20  12       -0.0419898595       -0.0127585963
  20  11       -0.0330084710       -0.0385149935
  20  10       -0.0001751739        0.0446322052
  20   9       -0.0188040913        0.0084000998
  20   8        0.0300009456        0.0280564091
  20   7       -0.0100601348        0.0046880021
  20   6        0.0695738186       -0.0030867075
  20   5       -0.0105354397       -0.0221455222
  20   4        0.0085527916       -0.0393849209
  20   3        0.0114489119       -0.0243864434
  20   2       -0.0067482727       -0.0067003768
  20   1        0.0016005182       -0.0144678431
  20   0        0.0054691158        0.0000000000
  20  -1       -0.0016005182       -0.0144678431
  20  -2       -0.0067482727        0.0067003768
  20  -3       -0.0114489119       -0.0243864434
  20  -4        0.0085527916        0.0393849209
  20  -5        0.0105354397       -0.0221455222
  20  -6        0.0695738186        0.0030867075
  20  -7        0.0100601348        0.0046880021
  20  -8        0.0300009456       -0.0280564091
  20  -9        0.0188040913        0.0084000998
  20 -10       -0.0001751739       -0.0446322052
  20 -11        0.0330084710       -0.0385149935
  20 -12       -0.0419898595        0.0127585963
  20 -13       -0.0534433438       -0.0256277938
  20 -14        0.0003693540        0.0056385404
  20 -15       -0.0020979501        0.0058372079
  20 -16       -0.0109134540       -0.0034324906
  20 -17        0.0181715953        0.0033079734
  20 -18       -0.0117490575        0.0132458251
  20 -19       -0.0103634273        0.0010692783
  20 -20       -0.0382358879       -0.0065141584
  21  21       -0.0025838256       -0.0274891585
  21  20        0.0021332778        0.0065369274
  21  19       -0.0069323787       -0.0080205963
  21  18        0.0121463717        0.0260270206
  21  17        0.0260544877       -0.0029285670
  21  16       -0.0087670255       -0.0411581967
  21  15       -0.0065365034       -0.0326234874
  21  14        0.0033204922        0.0442664106
  21  13        0.0477914959        0.0077729159
  21  12        0.0193525412       -0.0581023978
  21  11       -0.0068882606       -0.0348634953
  21  10       -0.0128741904       -0.0281926245
  21   9       -0.0447620461       -0.0013636537
  21   8        0.0251485778        0.0112033613
  21   7       -0.0253457825        0.0408464350
  21   6        0.0301712189       -0.0046886011
  21   5       -0.0228808653        0.0279099910
  21   4        0.0022930066        0.0019680324
  21   3        0.0171886274       -0.0106067495
  21   2       -0.0155742378       -0.0094004868
  21   1       -0.0199734472       -0.0272021437
  21   0       -0.0140096923        0.0000000000
  21  -1        0.0199734472       -0.0272021437
  21  -2       -0.0155742378        0.0094004868
  21  -3       -0.0171886274       -0.0106067495
  21  -4        0.0022930066       -0.0019680324
  21  -5        0.0228808653        0.0279099910
  21  -6        0.0301712189        0.0046886011
  21  -7        0.0253457825        0.0408464350
  21  -8        0.0251485778       -0.0112033613
  21  -9        0.0447620461       -0.0013636537
  21 -10       -0.0128741904        0.0281926245
  21 -11        0.0068882606       -0.0348634953
  21 -12        0.0193525412        0.0581023978
  21 -13       -0.0477914959        0.0077729159
  21 -14        0.0033204922       -0.0442664106
  21 -15        0.0065365034       -0.0326234874
  21 -16       -0.0087670255        0.0411581967
  21 -17       -0.0260544877       -0.0029285670
  21 -18        0.0121463717       -0.0260270206
  21 -19        0.0069323787       -0.0080205963
  21 -20        0.0021332778       -0.0065369274
  21 -21        0.0025838256       -0.0274891585
  22  22       -0.0003697980       -0.0153502371
  22  21        0.0037853615        0.0054592515
  22  20        0.0120829142       -0.0445187819
  22  19       -0.0203441036       -0.0011169496
  22  18       -0.0035759348        0.0318511540
  22  17        0.0144437018       -0.0100979636
  22  16        0.0036286081        0.0251827666
  22  15        0.0236950306       -0.0417629187
  22  14        0.0050124763        0.0442248637
  22  13        0.0023785695        0.0188626630
  22  12        0.0233309776        0.0116455648
  22  11       -0.0118888213       -0.0394327856
  22  10        0.0156670988       -0.0583055092
  22   9       -0.0463758980       -0.0143882362
  22   8       -0.0460563042        0.0019155483
  22   7       -0.0100684509        0.0545960980
  22   6       -0.0403517873        0.0223934460
  22   5       -0.0316889279        0.0097972910
  22   4        0.0174841117        0.0030407637
  22   3        0.0019700585        0.0325204050
  22   2        0.0407752272        0.0041135300
  22   1        0.0108165132       -0.0285415666
  22   0       -0.0036946485        0.0000000000
  22  -1       -0.0108165132       -0.0285415666
  22  -2        0.0407752272       -0.0041135300
  22  -3       -0.0019700585        0.0325204050
  22  -4        0.0174841117       -0.0030407637
  22  -5        0.0316889279        0.0097972910
  22  -6       -0.0403517873       -0.0223934460
  22  -7        0.0100684509        0.0545960980
  22  -8       -0.0460563042       -0.0019155483
  22  -9        0.0463758980       -0.0143882362
  22 -10        0.0156670988        0.0583055092
  22 -11        0.0118888213       -0.0394327856
  22 -12        0.0233309776       -0.0116455648
  22 -13       -0.0023785695        0.0188626630
  22 -14        0.0050124763       -0.0442248637
  22 -15       -0.0236950306       -0.0417629187
  22 -16        0.0036286081       -0.0251827666
  22 -17       -0.0144437018       -0.0100979636
  22 -18       -0.0035759348       -0.0318511540
  22 -19        0.0203441036       -0.0011169496
  22 -20        0.0120829142        0.0445187819
  22 -21       -0.0037853615        0.0054592515
  22 -22       -0.0003697980        0.0153502371
  23  23       -0.0133861368       -0.0109840947
  23  22       -0.0154117556        0.0077186617
  23  21       -0.0405367598       -0.0027293629
  23  20        0.0122601394       -0.0010352314
  23  19       -0.0107051463        0.0098096969
  23  18       -0.0127523619       -0.0255808425
  23  17       -0.0041288117        0.0204174618
  23  16        0.0081008124        0.0281904870
  23  15        0.0290191380       -0.0112558946
  23  14       -0.0158807376       -0.0083520317
  23  13       -0.0152984188       -0.0007242350
  23  12       -0.0215123019       -0.0016894288
  23  11       -0.0204960956        0.0420209119
  23  10        0.0161323397       -0.0194159022
  23   9        0.0060839751       -0.0504870424
  23   8       -0.0134285532       -0.0505119689
  23   7       -0.0098824181        0.0386649965
  23   6       -0.0187976118        0.0090376131
  23   5       -0.0045475985        0.0270401855
  23   4       -0.0097231133        0.0077594940
  23   3        0.0128740259        0.0004873462
  23   2       -0.0124869652        0.0010597269
  23   1        0.0198151924       -0.0308598620
  23   0        0.0299695456        0.0000000000
  23  -1       -0.0198151924       -0.0308598620
  23  -2       -0.0124869652       -0.0010597269
  23  -3       -0.0128740259        0.0004873462
  23  -4       -0.0097231133       -0.0077594940
  23  -5        0.0045475985        0.0270401855
  23  -6       -0.0187976118       -0.0090376131
  23  -7        0.0098824181        0.0386649965
  23  -8       -0.0134285532        0.0505119689
  23  -9       -0.0060839751       -0.0504870424
  23 -10        0.0161323397        0.0194159022
  23 -11        0.0204960956        0.0420209119
  23 -12       -0.0215123019        0.0016894288
  23 -13        0.0152984188       -0.0007242350
  23 -14       -0.0158807376        0.0083520317
  23 -15       -0.0290191380       -0.0112558946
  23 -16        0.0081008124       -0.0281904870
  23 -17        0.0041288117        0.0204174618
  23 -18       -0.0127523619        0.0255808425
  23 -19        0.0107051463        0.0098096969
  23 -20        0.0122601394        0.0010352314
  23 -21        0.0405367598       -0.0027293629
  23 -22       -0.0154117556       -0.0077186617
  23 -23        0.0133861368       -0.0109840947
  24  24        0.0088683509        0.0086289780
  24  23        0.0138762839       -0.0064638295
  24  22       -0.0075168507       -0.0248024515
  24  21       -0.0116436356       -0.0022363274
  24  20        0.0190210690       -0.0018747642
  24  19        0.0269945489       -0.0214215658
  24  18       -0.0233900077        0.0206018151
  24  17       -0.0136631540       -0.0245642816
  24  16        0.0134125240        0.0012988220
  24  15       -0.0143991960        0.0292849515
  24  14       -0.0176605618        0.0213473853
  24  13        0.0297921322        0.0139722342
  24  12       -0.0116914627       -0.0037391325
  24  11       -0.0003758289        0.0038554686
  24  10        0.0038053210       -0.0137157038
  24   9       -0.0000377846        0.0007092520
  24   8       -0.0030484306        0.0130411818
  24   7        0.0168557106       -0.0208503643
  24   6       -0.0183396379       -0.0007469178
  24   5       -0.0147995058        0.0170333721
  24   4       -0.0098815849        0.0350987024
  24   3        0.0165498267        0.0021585282
  24   2       -0.0036695122        0.0237115830
  24   1       -0.0110474259        0.0073541430
  24   0        0.0462330571        0.0000000000
  24  -1        0.0110474259        0.0073541430
  24  -2       -0.0036695122       -0.0237115830
  24  -3       -0.0165498267        0.0021585282
  24  -4       -0.0098815849       -0.0350987024
  24  -5        0.0147995058        0.0170333721
  24  -6       -0.0183396379        0.0007469178
  24  -7       -0.0168557106       -0.0208503643
  24  -8       -0.0030484306       -0.0130411818
  24  -9        0.0000377846        0.0007092520
  24 -10        0.0038053210        0.0137157038
  24 -11        0.0003758289        0.0038554686
  24 -12       -0.0116914627        0.0037391325
  24 -13       -0.0297921322        0.0139722342
  24 -14       -0.0176605618       -0.0213473853
  24 -15        0.0143991960        0.0292849515
  24 -16        0.0134125240       -0.0012988220
  24 -17        0.0136631540       -0.0245642816
  24 -18       -0.0233900077       -0.0206018151
  24 -19       -0.0269945489       -0.0214215658
  24 -20        0.0190210690        0.0018747642
  24 -21        0.0116436356       -0.0022363274
  24 -22       -0.0075168507        0.0248024515
  24 -23       -0.0138762839       -0.0064638295
  24 -24        0.0088683509       -0.0086289780
  25  25        0.0408706260       -0.0093546848
  25  24       -0.0139505637        0.0255285730
  25  23        0.0263190945        0.0115425790
  25  22       -0.0189435113       -0.0058200582
  25  21       -0.0122117334       -0.0057216966
  25  20        0.0396378645       -0.0130642738
  25  19       -0.0017126499        0.0298599624
  25  18       -0.0025620869       -0.0359790865
  25  17        0.0123418059       -0.0237108339
  25  16       -0.0250773035       -0.0152365123
  25  15       -0.0261519078        0.0009545735
  25  14       -0.0168747478        0.0294750728
  25  13        0.0150198341       -0.0178452228
  25  12        0.0316180571       -0.0121195582
  25  11        0.0068854952       -0.0141876355
  25  10        0.0012002350        0.0050916679
  25   9        0.0274489059        0.0078331284
  25   8        0.0197207357        0.0011449942
  25   7        0.0387958596       -0.0254973271
  25   6       -0.0075787385       -0.0035565606
  25   5       -0.0157304663       -0.0152405055
  25   4       -0.0097478037        0.0192649851
  25   3       -0.0029228024        0.0036068862
  25   2       -0.0077355649        0.0191985624
  25   1       -0.0245165609        0.0439751076
  25   0        0.0145876507        0.0000000000
  25  -1        0.0245165609        0.0439751076
  25  -2       -0.0077355649       -0.0191985624
  25  -3        0.0029228024        0.0036068862
  25  -4       -0.0097478037       -0.0192649851
  25  -5        0.0157304663       -0.0152405055
  25  -6       -0.0075787385        0.0035565606
  25  -7       -0.0387958596       -0.0254973271
  25  -8        0.0197207357       -0.0011449942
  25  -9       -0.0274489059        0.0078331284
  25 -10        0.0012002350       -0.0050916679
  25 -11       -0.0068854952       -0.0141876355
  25 -12        0.0316180571        0.0121195582
  25 -13       -0.0150198341       -0.0178452228
  25 -14       -0.0168747478       -0.0294750728
  25 -15        0.0261519078        0.0009545735
  25 -16       -0.0250773035        0.0152365123
  25 -17       -0.0123418059       -0.0237108339
  25 -18       -0.0025620869        0.0359790865
  25 -19        0.0017126499        0.0298599624
  25 -20        0.0396378645        0.0130642738
  25 -21        0.0122117334       -0.0057216966
  25 -22       -0.0189435113        0.0058200582
  25 -23       -0.0263190945        0.0115425790
  25 -24       -0.0139505637       -0.0255285730
  25 -25       -0.0408706260       -0.0093546848
  26  26       -0.0138127327        0.0065243182
  26  25        0.0180926891        0.0150511752
  26  24       -0.0058186562        0.0087687186
  26  23        0.0011928260        0.0277453652
  26  22       -0.0240918134        0.0135445597
  26  21       -0.0298171354       -0.0071738878
  26  20       -0.0104841249        0.0158134351
  26  19       -0.0061961663        0.0349747014
  26  18        0.0100059313       -0.0071061097
  26  17        0.0144487868        0.0035628374
  26  16       -0.0060471779        0.0050536984
  26  15       -0.0130870066        0.0329501579
  26  14       -0.0284881249        0.0442741045
  26  13       -0.0313176977        0.0346014481
  26  12       -0.0137822995       -0.0129402216
  26  11        0.0049733735        0.0055846183
  26  10        0.0052393706       -0.0062087431
  26   9        0.0060216451       -0.0161374773
  26   8        0.0228607150        0.0013187229
  26   7        0.0174596798       -0.0594541703
  26   6        0.0111820422        0.0005949285
  26   5       -0.0191056822       -0.0389768037
  26   4        0.0001471483       -0.0130435654
  26   3       -0.0135233169       -0.0247227969
  26   2       -0.0127696325        0.0024048955
  26   1       -0.0243261054        0.0342947641
  26   0       -0.0323972284        0.0000000000
  26  -1        0.0243261054        0.0342947641
  26  -2       -0.0127696325       -0.0024048955
  26  -3        0.0135233169       -0.0247227969
  26  -4        0.0001471483        0.0130435654
  26  -5        0.0191056822       -0.0389768037
  26  -6        0.0111820422       -0.0005949285
  26  -7       -0.0174596798       -0.0594541703
  26  -8        0.0228607150       -0.0013187229
  26  -9       -0.0060216451       -0.0161374773
  26 -10        0.0052393706        0.0062087431
  26 -11       -0.0049733735        0.0055846183
  26 -12       -0.0137822995        0.0129402216
  26 -13        0.0313176977        0.0346014481
  26 -14       -0.0284881249       -0.0442741045
  26 -15        0.0130870066        0.0329501579
  26 -16       -0.0060471779       -0.0050536984
  26 -17       -0.0144487868        0.0035628374
  26 -18        0.0100059313        0.0071061097
  26 -19        0.0061961663        0.0349747014
  26 -20       -0.0104841249       -0.0158134351
  26 -21        0.0298171354       -0.0071738878
  26 -22       -0.0240918134       -0.0135445597
  26 -23       -0.0011928260        0.0277453652
  26 -24       -0.0058186562       -0.0087687186
  26 -25       -0.0180926891        0.0150511752
  26 -26       -0.0138127327       -0.0065243182
  27  27       -0.0170611820        0.0047156578
  27  26        0.0026164949        0.0002281938
  27  25       -0.0137142538       -0.0306580782
  27  24        0.0015977462        0.0318731964
  27  23       -0.0084824453       -0.0060367054
  27  22       -0.0050761963        0.0019139452
  27  21       -0.0329428101        0.0151298585
  27  20       -0.0136814046        0.0047818648
  27  19       -0.0283411190        0.0296789311
  27  18        0.0071752883       -0.0138812193
  27  17        0.0019828179        0.0170511265
  27  16        0.0492185383        0.0189946479
  27  15        0.0122491165       -0.0339573420
  27  14        0.0034120824       -0.0275849079
  27  13       -0.0455872210       -0.0115937164
  27  12        0.0017208205        0.0202047212
  27  11       -0.0026666592        0.0382787711
  27  10        0.0242261882        0.0038693299
  27   9        0.0170516955        0.0063707880
  27   8        0.0099745686        0.0182568253
  27   7        0.0102672846       -0.0146294475
  27   6        0.0353489074       -0.0182513032
  27   5        0.0056735596       -0.0174191617
  27   4        0.0328797620       -0.0279573520
  27   3       -0.0006689468        0.0071782520
  27   2        0.0224634673       -0.0143872397
  27   1       -0.0143132829        0.0084576240
  27   0       -0.0460003122        0.0000000000
  27  -1        0.0143132829        0.0084576240
  27  -2        0.0224634673        0.0143872397
  27  -3        0.0006689468        0.0071782520
  27  -4        0.0328797620        0.0279573520
  27  -5       -0.0056735596       -0.0174191617
  27  -6        0.0353489074        0.0182513032
  27  -7       -0.0102672846       -0.0146294475
  27  -8        0.0099745686       -0.0182568253
  27  -9       -0.0170516955        0.0063707880
  27 -10        0.0242261882       -0.0038693299
  27 -11        0.0026666592        0.0382787711
  27 -12        0.0017208205       -0.0202047212
  27 -13        0.0455872210       -0.0115937164
  27 -14        0.0034120824        0.0275849079
  27 -15       -0.0122491165       -0.0339573420
  27 -16        0.0492185383       -0.0189946479
  27 -17       -0.0019828179        0.0170511265
  27 -18        0.0071752883        0.0138812193
  27 -19        0.0283411190        0.0296789311
  27 -20       -0.0136814046       -0.0047818648
  27 -21        0.0329428101        0.0151298585
  27 -22       -0.0050761963       -0.0019139452
  27 -23        0.0084824453       -0.0060367054
  27 -24        0.0015977462       -0.0318731964
  27 -25        0.0137142538       -0.0306580782
  27 -26        0.0026164949       -0.0002281938
  27 -27        0.0170611820        0.0047156578
  28  28       -0.0118412381       -0.0209865252
  28  27       -0.0158567882        0.0092900661
  28  26        0.0189166574        0.0146071200
  28  25       -0.0188285940        0.0291509789
  28  24        0.0223856617       -0.0221457355
  28  23       -0.0054361111        0.0002811109
  28  22       -0.0150779625       -0.0050946806
  28  21       -0.0076876343        0.0020243779
  28  20        0.0144069784        0.0028974096
  28  19       -0.0198834209       -0.0056098875
  28  18       -0.0054571845        0.0010955268
  28  17       -0.0138595226       -0.0211766356
  28  16        0.0156300714       -0.0084165736
  28  15        0.0082920572       -0.0014912165
  28  14        0.0144742675       -0.0428221277
  28  13       -0.0290408154        0.0278916832
  28  12       -0.0225344078       -0.0143331662
  28  11       -0.0183587253       -0.0149739622
  28  10       -0.0155038972       -0.0195554183
  28   9        0.0020707526       -0.0057705430
  28   8        0.0047069542        0.0290618549
  28   7       -0.0055650164        0.0294923853
  28   6        0.0181245409       -0.0087375117
  28   5       -0.0118445690        0.0244314841
  28   4       -0.0193065068       -0.0456182271
  28   3        0.0174539802        0.0114528545
  28   2       -0.0131221191       -0.0084255110
  28   1       -0.0204142848       -0.0049524458
  28   0        0.0171168037        0.0000000000
  28  -1        0.0204142848       -0.0049524458
  28  -2       -0.0131221191        0.0084255110
  28  -3       -0.0174539802        0.0114528545
  28  -4       -0.0193065068        0.0456182271
  28  -5        0.0118445690        0.0244314841
  28  -6        0.0181245409        0.0087375117
  28  -7        0.0055650164        0.0294923853
  28  -8        0.0047069542       -0.0290618549
  28  -9       -0.0020707526       -0.0057705430
  28 -10       -0.0155038972        0.0195554183
  28 -11        0.0183587253       -0.0149739622
  28 -12       -0.0225344078        0.0143331662
  28 -13        0.0290408154        0.0278916832
  28 -14        0.0144742675        0.0428221277
  28 -15       -0.0082920572       -0.0014912165
  28 -16        0.0156300714        0.0084165736
  28 -17        0.0138595226       -0.0211766356
  28 -18       -0.0054571845       -0.0010955268
  28 -19        0.0198834209       -0.0056098875
  28 -20        0.0144069784       -0.0028974096
  28 -21        0.0076876343        0.0020243779
  28 -22       -0.0150779625        0.0050946806
  28 -23        0.0054361111        0.0002811109
  28 -24        0.0223856617        0.0221457355
  28 -25        0.0188285940        0.0291509789
  28 -26        0.0189166574       -0.0146071200
  28 -27        0.0158567882        0.0092900661
  28 -28       -0.0118412381        0.0209865252
  29  29        0.0071074381       -0.0406556327
  29  28       -0.0261324892        0.0303556360
  29  27       -0.0172225808       -0.0042782056
  29  26        0.0058508892        0.0071814599
  29  25        0.0136643867       -0.0002498280
  29  24       -0.0033396075       -0.0063546904
  29  23       -0.0064408156       -0.0108314033
  29  22        0.0083349251        0.0070883200
  29  21       -0.0264951027        0.0181403621
  29  20       -0.0313798008       -0.0168756485
  29  19       -0.0051388816       -0.0209801020
  29  18       -0.0063079776       -0.0063506968
  29  17        0.0135235730       -0.0031965993
  29  16       -0.0078419949       -0.0136892851
  29  15        0.0056606623        0.0079507777
  29  14       -0.0020895549       -0.0112658741
  29  13        0.0051281911       -0.0170133955
  29  12        0.0135775996        0.0039122009
  29  11       -0.0315235176       -0.0088864734
  29  10       -0.0242653202       -0.0165065852
  29   9       -0.0127950751        0.0160231247
  29   8        0.0029913899        0.0140575179
  29   7        0.0050257790        0.0361699525
  29   6       -0.0106195676        0.0093687704
  29   5       -0.0067374863        0.0348058767
  29   4       -0.0216445857        0.0250623415
  29   3        0.0267126313       -0.0138513299
  29   2        0.0086480453       -0.0277910087
  29   1        0.0050516613       -0.0015112457
  29   0       -0.0048825574        0.0000000000
  29  -1       -0.0050516613       -0.0015112457
  29  -2        0.0086480453        0.0277910087
  29  -3       -0.0267126313       -0.0138513299
  29  -4       -0.0216445857       -0.0250623415
  29  -5        0.0067374863        0.0348058767
  29  -6       -0.0106195676       -0.0093687704
  29  -7       -0.0050257790        0.0361699525
  29  -8        0.0029913899       -0.0140575179
  29  -9        0.0127950751        0.0160231247
  29 -10       -0.0242653202        0.0165065852
  29 -11        0.0315235176       -0.0088864734
  29 -12        0.0135775996       -0.0039122009
  29 -13       -0.0051281911       -0.0170133955
  29 -14       -0.0020895549        0.0112658741
  29 -15       -0.0056606623        0.0079507777
  29 -16       -0.0078419949        0.0136892851
  29 -17       -0.0135235730       -0.0031965993
  29 -18       -0.0063079776        0.0063506968
  29 -19        0.0051388816       -0.0209801020
  29 -20       -0.0313798008        0.0168756485
  29 -21        0.0264951027        0.0181403621
  29 -22        0.0083349251       -0.0070883200
  29 -23        0.0064408156       -0.0108314033
  29 -24       -0.0033396075        0.0063546904
  29 -25       -0.0136643867       -0.0002498280
  29 -26        0.0058508892       -0.0071814599
  29 -27        0.0172225808       -0.0042782056
  29 -28       -0.0261324892       -0.0303556360
  29 -29       -0.0071074381       -0.0406556327
  30  30        0.0039959818       -0.0004933297
  30  29        0.0005113013        0.0216187989
  30  28       -0.0213337247       -0.0231305422
  30  27        0.0013412694        0.0111466963
  30  26       -0.0204377016       -0.0299198735
  30  25       -0.0206752250        0.0175312300
  30  24       -0.0025138594        0.0042385988
  30  23       -0.0000179124        0.0041853319
  30  22       -0.0123824839       -0.0284636948
  30  21       -0.0061109941        0.0553058777
  30  20       -0.0227306399       -0.0020252632
  30  19       -0.0298414003        0.0004940366
  30  18       -0.0005344894       -0.0028041441
  30  17       -0.0131560786        0.0038624888
  30  16       -0.0150981508       -0.0057118875
  30  15        0.0092588967        0.0343563552
  30  14        0.0210228913        0.0106824706
  30  13       -0.0053720646        0.0216581924
  30  12        0.0209730729       -0.0200357863
  30  11       -0.0005536990       -0.0127181416
  30  10       -0.0408696833       -0.0251998567
  30   9       -0.0157843427       -0.0167232346
  30   8       -0.0149751120       -0.0228242230
  30   7       -0.0079346066        0.0354919426
  30   6        0.0059958648        0.0130217698
  30   5       -0.0134699372       -0.0101347242
  30   4       -0.0290102138        0.0227760559
  30   3        0.0315300676        0.0049642470
  30   2        0.0037460492       -0.0179686274
  30   1       -0.0007453441        0.0083575231
  30   0       -0.0389576303        0.0000000000
  30  -1        0.0007453441        0.0083575231
  30  -2        0.0037460492        0.0179686274
  30  -3       -0.0315300676        0.0049642470
  30  -4       -0.0290102138       -0.0227760559
  30  -5        0.0134699372       -0.0101347242
  30  -6        0.0059958648       -0.0130217698
  30  -7        0.0079346066        0.0354919426
  30  -8       -0.0149751120        0.0228242230
  30  -9        0.0157843427       -0.0167232346
  30 -10       -0.0408696833        0.0251998567
  30 -11        0.0005536990       -0.0127181416
  30 -12        0.0209730729        0.0200357863
  30 -13        0.0053720646        0.0216581924
  30 -14        0.0210228913       -0.0106824706
  30 -15       -0.0092588967        0.0343563552
  30 -16       -0.0150981508        0.0057118875
  30 -17        0.0131560786        0.0038624888
  30 -18       -0.0005344894        0.0028041441
  30 -19        0.0298414003        0.0004940366
  30 -20       -0.0227306399        0.0020252632
  30 -21        0.0061109941        0.0553058777
  30 -22       -0.0123824839        0.0284636948
  30 -23        0.0000179124        0.0041853319
  30 -24       -0.0025138594       -0.0042385988
  30 -25        0.0206752250        0.0175312300
  30 -26       -0.0204377016        0.0299198735
  30 -27       -0.0013412694        0.0111466963
  30 -28       -0.0213337247        0.0231305422
  30 -29       -0.0005113013        0.0216187989
  30 -30        0.0039959818        0.0004933297
