   0   0       37.1323895944        0.0000000000
   1   1       -0.4652874287       -0.1180290828
   1   0        0.5871298941        0.0000000000
   1  -1        0.4652874287       -0.1180290828
   2   2       -3.5994429337        0.1346472734
   2   1        1.9752261585        1.5578403962
   2   0       -1.7215479601        0.0000000000
   2  -1       -1.9752261585        1.5578403962
   2  -2       -3.5994429337       -0.1346472734
   3   3        0.2447326765       -0.8194595662
   3   2        2.7348862785        1.5153930569
   3   1        0.8563722941        0.4018423019
   3   0        0.2173463626        0.0000000000
   3  -1       -0.8563722941        0.4018423019
   3  -2        2.7348862785       -1.5153930569
   3  -3       -0.2447326765       -0.8194595662
   4   4        0.0088820023        0.3143707221
   4   3       -0.6059030998       -0.5674356419
   4   2        1.0331621198        0.3671261198
   4   1       -0.1852785422        0.2871463177
   4   0        0.1814925321        0.0000000000
   4  -1        0.1852785422        0.2871463177
   4  -2        1.0331621198       -0.3671261198
   4  -3        0.6059030998       -0.5674356419
   4  -4        0.0088820023       -0.3143707221
   5   5       -0.1577079400        0.0705903214
   5   4       -0.6185110592       -0.5529102178
   5   3       -0.0950681276        0.3285831548
   5   2        0.0528125415       -0.2059322307
   5   1       -0.0072404658       -0.6380609422
   5   0       -0.3509157750        0.0000000000
   5  -1        0.0072404658       -0.6380609422
   5  -2        0.0528125415        0.2059322307
   5  -3        0.0950681276        0.3285831548
   5  -4       -0.6185110592        0.5529102178
   5  -5        0.1577079400        0.0705903214
   6   6       -0.0318329053        0.2015599131
   6   5        0.0792341407       -0.2329104808
   6   4        0.0571506255        0.2843058205
   6   3        0.4143940767        0.3279197413
   6   2        0.0016986358        0.3392491415
   6   1       -0.1112329148        0.2889151044
   6   0        0.0746198148        0.0000000000
   6  -1        0.1112329148        0.2889151044
   6  -2        0.0016986358       -0.3392491415
   6  -3       -0.4143940767        0.3279197413
   6  -4        0.0571506255       -0.2843058205
   6  -5       -0.0792341407       -0.2329104808
   6  -6       -0.0318329053       -0.2015599131
   7   7        0.1125610571       -0.0925873328
   7   6       -0.2152763410        0.0258404086
   7   5        0.0190578669       -0.1601161364
   7   4        0.2834411390        0.1541882778
   7   3        0.0578150560        0.0115664741
   7   2       -0.0076049049        0.0339081484
   7   1       -0.1384651332        0.1448700244
   7   0        0.2687175231        0.0000000000
   7  -1        0.1384651332        0.1448700244
   7  -2       -0.0076049049       -0.0339081484
   7  -3       -0.0578150560        0.0115664741
   7  -4        0.2834411390       -0.1541882778
   7  -5       -0.0190578669       -0.1601161364
   7  -6       -0.2152763410       -0.0258404086
   7  -7       -0.1125610571       -0.0925873328
   8   8       -0.0843667915       -0.1109782280
   8   7        0.0146371761        0.0600800868
   8   6       -0.0305728647       -0.0851993995
   8   5       -0.0789447662        0.0032973611
   8   4        0.1398988827        0.0790158060
   8   3        0.0512771837       -0.0181479326
   8   2       -0.0180183583        0.0632554886
   8   1        0.0665697844       -0.0710045633
   8   0       -0.0526904346        0.0000000000
   8  -1       -0.0665697844       -0.0710045633
   8  -2       -0.0180183583       -0.0632554886
   8  -3       -0.0512771837       -0.0181479326
   8  -4        0.1398988827       -0.0790158060
   8  -5        0.0789447662        0.0032973611
   8  -6       -0.0305728647        0.0851993995
   8  -7       -0.0146371761        0.0600800868
   8  -8       -0.0843667915        0.1109782280
   9   9        0.0844463940        0.0266809082
   9   8        0.1273777407        0.2743644407
   9   7       -0.0246166667       -0.0646871123
   9   6       -0.0354883277        0.0625791865
   9   5        0.0912928015        0.1453853142
   9   4        0.0095193325       -0.0355772511
   9   3       -0.0154024363       -0.0544056442
   9   2       -0.0469403618       -0.0175263032
   9   1        0.1053622451       -0.2129084074
   9   0        0.0393815031        0.0000000000
   9  -1       -0.1053622451       -0.2129084074
   9  -2       -0.0469403618        0.0175263032
   9  -3        0.0154024363       -0.0544056442
   9  -4        0.0095193325        0.0355772511
   9  -5       -0.0912928015        0.1453853142
   9  -6       -0.0354883277       -0.0625791865
   9  -7        0.0246166667       -0.0646871123
   9  -8        0.1273777407       -0.2743644407
   9  -9       -0.0844463940        0.0266809082
  10  10        0.1046303245        0.0589923241
  10   9       -0.0032291911        0.0464310840
  10   8       -0.0983289124       -0.0714835454
  10   7       -0.0853287707       -0.0125699169
  10   6        0.0594379851        0.0149594174
  10   5        0.1196865684       -0.0557071750
  10   4        0.0590189812        0.0135804543
  10   3       -0.1299802275        0.1274353384
  10   2        0.0260046498        0.1191440319
  10   1        0.0240529140        0.0629060265
  10   0       -0.0345501463        0.0000000000
  10  -1       -0.0240529140        0.0629060265
  10  -2        0.0260046498       -0.1191440319
  10  -3        0.1299802275        0.1274353384
  10  -4        0.0590189812       -0.0135804543
  10  -5       -0.1196865684       -0.0557071750
  10  -6        0.0594379851       -0.0149594174
  10  -7        0.0853287707       -0.0125699169
  10  -8       -0.0983289124        0.0714835454
  10  -9        0.0032291911        0.0464310840
  10 -10        0.1046303245       -0.0589923241
  11  11       -0.0418455224        0.0562830770
  11  10       -0.0160887854       -0.0943317119
  11   9        0.0255895751       -0.0338571243
  11   8       -0.0449306265       -0.1103399800
  11   7        0.0174297397        0.0115066456
  11   6        0.0837878862        0.0866696207
  11   5        0.0622916111       -0.0923468214
  11   4       -0.0125745035        0.0099624678
  11   3        0.0178672055        0.0207237741
  11   2        0.0661435379       -0.0060535784
  11   1       -0.0496896879        0.1090675307
  11   0        0.0095246035        0.0000000000
  11  -1        0.0496896879        0.1090675307
  11  -2        0.0661435379        0.0060535784
  11  -3       -0.0178672055        0.0207237741
  11  -4       -0.0125745035       -0.0099624678
  11  -5       -0.0622916111       -0.0923468214
  11  -6        0.0837878862       -0.0866696207
  11  -7       -0.0174297397        0.0115066456
  11  -8       -0.0449306265        0.1103399800
  11  -9       -0.0255895751       -0.0338571243
  11 -10       -0.0160887854        0.0943317119
  11 -11        0.0418455224        0.0562830770
  12  12       -0.0169878891       -0.0277236051
  12  11        0.1195516126        0.0062663120
  12  10        0.0006227201        0.1225796514
  12   9        0.0080275329        0.0020209707
  12   8       -0.0834667392       -0.0088120469
  12   7        0.0275204348        0.0782290527
  12   6        0.0800272240       -0.0453108793
  12   5        0.0102204512        0.0236137349
  12   4       -0.0210376738        0.0387389626
  12   3        0.0815504533        0.0497480484
  12   2       -0.0100232266        0.0032916602
  12   1        0.0183318585       -0.0400165369
  12   0       -0.0176337013        0.0000000000
  12  -1       -0.0183318585       -0.0400165369
  12  -2       -0.0100232266       -0.0032916602
  12  -3       -0.0815504533        0.0497480484
  12  -4       -0.0210376738       -0.0387389626
  12  -5       -0.0102204512        0.0236137349
  12  -6        0.0800272240        0.0453108793
  12  -7       -0.0275204348        0.0782290527
  12  -8       -0.0834667392        0.0088120469
  12  -9       -0.0080275329        0.0020209707
  12 -10        0.0006227201       -0.1225796514
  12 -11       -0.1195516126        0.0062663120
  12 -12       -0.0169878891        0.0277236051
  13  13        0.0395216774        0.0041683040
  13  12        0.0084145940        0.0409201021
  13  11       -0.0164238330        0.0040790031
  13  10        0.0183232466       -0.0305824025
  13   9       -0.0265895749       -0.0236536676
  13   8       -0.0349805300       -0.0002583725
  13   7        0.0788492330        0.0048759840
  13   6        0.0205999478       -0.0142290686
  13   5       -0.0117865531       -0.0357468462
  13   4       -0.0302670327        0.0329145658
  13   3        0.0253404682        0.0090643589
  13   2        0.0150909820        0.0113552330
  13   1        0.0023844945       -0.0208699547
  13   0        0.0836928267        0.0000000000
  13  -1       -0.0023844945       -0.0208699547
  13  -2        0.0150909820       -0.0113552330
  13  -3       -0.0253404682        0.0090643589
  13  -4       -0.0302670327       -0.0329145658
  13  -5        0.0117865531       -0.0357468462
  13  -6        0.0205999478        0.0142290686
  13  -7       -0.0788492330        0.0048759840
  13  -8       -0.0349805300        0.0002583725
  13  -9        0.0265895749       -0.0236536676
  13 -10        0.0183232466        0.0305824025
  13 -11        0.0164238330        0.0040790031
  13 -12        0.0084145940       -0.0409201021
  13 -13       -0.0395216774        0.0041683040
  14  14        0.0278713034       -0.0443682299
  14  13       -0.0684162240       -0.0027727810
  14  12        0.0083108740       -0.0726750078
  14  11        0.0336681623        0.0099157865
  14  10        0.0433426474       -0.0507268733
  14   9       -0.0104399982       -0.0374835484
  14   8        0.0548308838        0.0625185429
  14   7        0.0655233244       -0.0464222213
  14   6       -0.0057714233       -0.0251139650
  14   5       -0.0293300006        0.0601731058
  14   4        0.0256639578        0.0216879584
  14   3        0.0084010983       -0.0277104476
  14   2       -0.0280502019       -0.0373788236
  14   1       -0.0672195063        0.0460600973
  14   0        0.0233785170        0.0000000000
  14  -1        0.0672195063        0.0460600973
  14  -2       -0.0280502019        0.0373788236
  14  -3       -0.0084010983       -0.0277104476
  14  -4        0.0256639578       -0.0216879584
  14  -5        0.0293300006        0.0601731058
  14  -6       -0.0057714233        0.0251139650
  14  -7       -0.0655233244       -0.0464222213
  14  -8        0.0548308838       -0.0625185429
  14  -9        0.0104399982       -0.0374835484
  14 -10        0.0433426474        0.0507268733
  14 -11       -0.0336681623        0.0099157865
  14 -12        0.0083108740        0.0726750078
  14 -13        0.0684162240       -0.0027727810
  14 -14        0.0278713034        0.0443682299
  15  15        0.0020143360       -0.0139975580
  15  14       -0.0284323256       -0.0020423714
  15  13        0.0406562652        0.0234853296
  15  12        0.0405352079        0.0299723457
  15  11        0.0288332129        0.0213163148
  15  10       -0.0399308236       -0.0445358390
  15   9       -0.0131233855        0.0470643103
  15   8        0.0547663757       -0.0136956175
  15   7        0.0205524460       -0.0016108405
  15   6       -0.0488610966       -0.0274398761
  15   5        0.0653124137        0.0061927424
  15   4        0.0403050352        0.0133207062
  15   3        0.0032462882        0.0199054129
  15   2        0.0033420805       -0.0108482010
  15   1        0.0654427920       -0.0206192031
  15   0        0.0098932012        0.0000000000
  15  -1       -0.0654427920       -0.0206192031
  15  -2        0.0033420805        0.0108482010
  15  -3       -0.0032462882        0.0199054129
  15  -4        0.0403050352       -0.0133207062
  15  -5       -0.0653124137        0.0061927424
  15  -6       -0.0488610966        0.0274398761
  15  -7       -0.0205524460       -0.0016108405
  15  -8        0.0547663757        0.0136956175
  15  -9        0.0131233855        0.0470643103
  15 -10       -0.0399308236        0.0445358390
  15 -11       -0.0288332129        0.0213163148
  15 -12        0.0405352079       -0.0299723457
  15 -13       -0.0406562652        0.0234853296
  15 -14       -0.0284323256        0.0020423714
  15 -15       -0.0020143360       -0.0139975580
  16  16        0.0057796780        0.0107880539
  16  15       -0.0208737436       -0.0516311965
  16  14       -0.0245406199        0.0162231695
  16  13       -0.0187777004        0.0010512715
  16  12       -0.0145932060        0.0191819077
  16  11       -0.0374274050       -0.0096464300
  16  10       -0.0355664065       -0.0058768416
  16   9        0.0312586359        0.0213101031
  16   8        0.0068305840       -0.0336549293
  16   7       -0.0005151176        0.0020203891
  16   6       -0.0072583224        0.0330133096
  16   5        0.0220017083        0.0219314667
  16   4       -0.0291501630       -0.0058880796
  16   3       -0.0458477921        0.0028337902
  16   2        0.0050568940        0.0658136905
  16   1       -0.0314140859        0.0182814457
  16   0       -0.0315813795        0.0000000000
  16  -1        0.0314140859        0.0182814457
  16  -2        0.0050568940       -0.0658136905
  16  -3        0.0458477921        0.0028337902
  16  -4       -0.0291501630        0.0058880796
  16  -5       -0.0220017083        0.0219314667
  16  -6       -0.0072583224       -0.0330133096
  16  -7        0.0005151176        0.0020203891
  16  -8        0.0068305840        0.0336549293
  16  -9       -0.0312586359        0.0213101031
  16 -10       -0.0355664065        0.0058768416
  16 -11        0.0374274050       -0.0096464300
  16 -12       -0.0145932060       -0.0191819077
  16 -13        0.0187777004        0.0010512715
  16 -14       -0.0245406199       -0.0162231695
  16 -15        0.0208737436       -0.0516311965
  16 -16        0.0057796780       -0.0107880539
  17  17       -0.0228286396        0.0111819377
  17  16        0.0241175567       -0.0025252114
  17  15       -0.0148490990       -0.0102450272
  17  14        0.0025255385       -0.0676536737
  17  13        0.0161435695       -0.0381117678
  17  12        0.0179651603        0.0079122638
  17  11        0.0301040103       -0.0077908376
  17  10        0.0035344569        0.0176891737
  17   9        0.0131091288       -0.0133460782
  17   8        0.0264510269        0.0191223956
  17   7       -0.0243734609        0.0406936582
  17   6        0.0539661170        0.0152132649
  17   5       -0.0000809118        0.0100412227
  17   4        0.0087183558       -0.0024061952
  17   3       -0.0096264950        0.0028321709
  17   2       -0.0098223836        0.0079433897
  17   1        0.0132179928        0.0282082741
  17   0        0.0234568255        0.0000000000
  17  -1       -0.0132179928        0.0282082741
  17  -2       -0.0098223836       -0.0079433897
  17  -3        0.0096264950        0.0028321709
  17  -4        0.0087183558        0.0024061952
  17  -5        0.0000809118        0.0100412227
  17  -6        0.0539661170       -0.0152132649
  17  -7        0.0243734609        0.0406936582
  17  -8        0.0264510269       -0.0191223956
  17  -9       -0.0131091288       -0.0133460782
  17 -10        0.0035344569       -0.0176891737
  17 -11       -0.0301040103       -0.0077908376
  17 -12        0.0179651603       -0.0079122638
  17 -13       -0.0161435695       -0.0381117678
  17 -14        0.0025255385        0.0676536737
  17 -15        0.0148490990       -0.0102450272
  17 -16        0.0241175567        0.0025252114
  17 -17        0.0228286396        0.0111819377
  18  18        0.0258813058       -0.0329193511
  18  17        0.0511384427        0.0453769824
  18  16       -0.0204272680       -0.0423892450
  18  15        0.0191644631        0.0272539932
  18  14        0.0567890825       -0.0186939618
  18  13        0.0331845157        0.0464580495
  18  12       -0.0104682046        0.0046520796
  18  11       -0.0179661238        0.0106388298
  18  10        0.0101724870        0.0103118283
  18   9        0.0299331340        0.0016927088
  18   8       -0.0225243706        0.0482927093
  18   7        0.0249534439       -0.0093572058
  18   6        0.0367658301        0.0333745574
  18   5        0.0040150874       -0.0035635411
  18   4       -0.0336943706        0.0170248368
  18   3       -0.0003355491       -0.0174097187
  18   2        0.0270271020       -0.0224600005
  18   1        0.0014017082       -0.0054988165
  18   0       -0.0252188228        0.0000000000
  18  -1       -0.0014017082       -0.0054988165
  18  -2        0.0270271020        0.0224600005
  18  -3        0.0003355491       -0.0174097187
  18  -4       -0.0336943706       -0.0170248368
  18  -5       -0.0040150874       -0.0035635411
  18  -6        0.0367658301       -0.0333745574
  18  -7       -0.0249534439       -0.0093572058
  18  -8       -0.0225243706       -0.0482927093
  18  -9       -0.0299331340        0.0016927088
  18 -10        0.0101724870       -0.0103118283
  18 -11        0.0179661238        0.0106388298
  18 -12       -0.0104682046       -0.0046520796
  18 -13       -0.0331845157        0.0464580495
  18 -14        0.0567890825        0.0186939618
  18 -15       -0.0191644631        0.0272539932
  18 -16       -0.0204272680        0.0423892450
  18 -17       -0.0511384427        0.0453769824
  18 -18        0.0258813058        0.0329193511
  19  19       -0.0009435284       -0.0043570017
  19  18        0.0085176345        0.0181462852
  19  17        0.0011890115        0.0068227531
  19  16        0.0016517819        0.0037003638
  19  15       -0.0091507118        0.0122356986
  19  14        0.0041729066        0.0050467769
  19  13       -0.0003589129       -0.0234335480
  19  12       -0.0261038943       -0.0158862099
  19  11       -0.0236084777       -0.0006556074
  19  10        0.0080530663       -0.0287864466
  19   9       -0.0076621563       -0.0022735879
  19   8       -0.0069666811       -0.0150534210
  19   7        0.0060700923       -0.0031357270
  19   6        0.0166583590       -0.0015420453
  19   5        0.0076101563       -0.0384932638
  19   4        0.0101292496       -0.0312623557
  19   3        0.0424586359        0.0095180623
  19   2        0.0419314526        0.0500001597
  19   1        0.0067280440       -0.0168220312
  19   0       -0.0660583643        0.0000000000
  19  -1       -0.0067280440       -0.0168220312
  19  -2        0.0419314526       -0.0500001597
  19  -3       -0.0424586359        0.0095180623
  19  -4        0.0101292496        0.0312623557
  19  -5       -0.0076101563       -0.0384932638
  19  -6        0.0166583590        0.0015420453
  19  -7       -0.0060700923       -0.0031357270
  19  -8       -0.0069666811        0.0150534210
  19  -9        0.0076621563       -0.0022735879
  19 -10        0.0080530663        0.0287864466
  19 -11        0.0236084777       -0.0006556074
  19 -12       -0.0261038943        0.0158862099
  19 -13        0.0003589129       -0.0234335480
  19 -14        0.0041729066       -0.0050467769
  19 -15        0.0091507118        0.0122356986
  19 -16        0.0016517819       -0.0037003638
  19 -17       -0.0011890115        0.0068227531
  19 -18        0.0085176345       -0.0181462852
  19 -19        0.0009435284       -0.0043570017
  20  20       -0.0026538759       -0.0097934710
  20  19       -0.0212686411        0.0109627436
  20  18       -0.0116061635        0.0002549017
  20  17        0.0212545668       -0.0193982413
  20  16       -0.0074707668       -0.0138711065
  20  15       -0.0113415964        0.0152582679
  20  14       -0.0286105611        0.0091359079
  20  13       -0.0028741665        0.0083057360
  20  12       -0.0254653875        0.0166072019
  20  11        0.0319707290       -0.0045166934
  20  10       -0.0114072970       -0.0101474369
  20   9       -0.0295616113       -0.0115194644
  20   8        0.0113250666        0.0255566859
  20   7       -0.0008045008        0.0271703447
  20   6       -0.0374585752       -0.0429275243
  20   5       -0.0201308740       -0.0524618764
  20   4        0.0359812727        0.0059478141
  20   3        0.0132187081        0.0091901057
  20   2       -0.0078147583        0.0145100194
  20   1       -0.0031894835        0.0030749695
  20   0        0.0126895157        0.0000000000
  20  -1        0.0031894835        0.0030749695
  20  -2       -0.0078147583       -0.0145100194
  20  -3       -0.0132187081        0.0091901057
  20  -4        0.0359812727       -0.0059478141
  20  -5        0.0201308740       -0.0524618764
  20  -6       -0.0374585752        0.0429275243
  20  -7        0.0008045008        0.0271703447
  20  -8        0.0113250666       -0.0255566859
  20  -9        0.0295616113       -0.0115194644
  20 -10       -0.0114072970        0.0101474369
  20 -11       -0.0319707290       -0.0045166934
  20 -12       -0.0254653875       -0.0166072019
  20 -13        0.0028741665        0.0083057360
  20 -14       -0.0286105611       -0.0091359079
  20 -15        0.0113415964        0.0152582679
  20 -16       -0.0074707668        0.0138711065
  20 -17       -0.0212545668       -0.0193982413
  20 -18       -0.0116061635       -0.0002549017
  20 -19        0.0212686411        0.0109627436
  20 -20       -0.0026538759        0.0097934710
  21  21       -0.0315862798        0.0167597477
  21  20        0.0212231670       -0.0165260366
  21  19        0.0109816991       -0.0006566890
  21  18        0.0183724388        0.0015588569
  21  17       -0.0072319774        0.0154996205
  21  16        0.0073202402        0.0090709480
  21  15        0.0071250734        0.0286103960
  21  14       -0.0220012920       -0.0050729726
  21  13        0.0031253166        0.0038441984
  21  12        0.0210259753        0.0067103256
  21  11        0.0274777427       -0.0139512440
  21  10        0.0065029036        0.0031459302
  21   9       -0.0296504544       -0.0083433793
  21   8        0.0170811965        0.0013328115
  21   7        0.0402385291        0.0419893441
  21   6        0.0041875282        0.0133488311
  21   5        0.0081359147        0.0254686794
  21   4       -0.0068501330        0.0404933729
  21   3        0.0019593772       -0.0412219821
  21   2        0.0169498261       -0.0404216468
  21   1       -0.0317471588        0.0041302460
  21   0       -0.0362048242        0.0000000000
  21  -1        0.0317471588        0.0041302460
  21  -2        0.0169498261        0.0404216468
  21  -3       -0.0019593772       -0.0412219821
  21  -4       -0.0068501330       -0.0404933729
  21  -5       -0.0081359147        0.0254686794
  21  -6        0.0041875282       -0.0133488311
  21  -7       -0.0402385291        0.0419893441
  21  -8        0.0170811965       -0.0013328115
  21  -9        0.0296504544       -0.0083433793
  21 -10        0.0065029036       -0.0031459302
  21 -11       -0.0274777427       -0.0139512440
  21 -12        0.0210259753       -0.0067103256
  21 -13       -0.0031253166        0.0038441984
  21 -14       -0.0220012920        0.0050729726
  21 -15       -0.0071250734        0.0286103960
  21 -16        0.0073202402       -0.0090709480
  21 -17        0.0072319774        0.0154996205
  21 -18        0.0183724388       -0.0015588569
  21 -19       -0.0109816991       -0.0006566890
  21 -20        0.0212231670        0.0165260366
  21 -21        0.0315862798        0.0167597477
  22  22        0.0137076296        0.0142410016
  22  21       -0.0147949596       -0.0081957737
  22  20       -0.0139258806        0.0309111841
  22  19       -0.0037880514        0.0231819584
  22  18       -0.0330840555        0.0296302917
  22  17       -0.0290532917       -0.0339196079
  22  16        0.0096875832       -0.0068636987
  22  15        0.0216313845       -0.0076193387
  22  14        0.0081232954        0.0082959104
  22  13        0.0040359259        0.0183269724
  22  12        0.0257269869       -0.0130378606
  22  11        0.0063043367        0.0151739413
  22  10       -0.0440560453        0.0088003337
  22   9       -0.0221053163        0.0020409864
  22   8        0.0336589795       -0.0325636470
  22   7       -0.0053493819        0.0400735435
  22   6       -0.0260101303        0.0329844193
  22   5        0.0248610870        0.0365951386
  22   4        0.0087499587        0.0104268963
  22   3        0.0251500621       -0.0434229284
  22   2        0.0041485038        0.0458577986
  22   1       -0.0098095392       -0.0185056516
  22   0        0.0129040362        0.0000000000
  22  -1        0.0098095392       -0.0185056516
  22  -2        0.0041485038       -0.0458577986
  22  -3       -0.0251500621       -0.0434229284
  22  -4        0.0087499587       -0.0104268963
  22  -5       -0.0248610870        0.0365951386
  22  -6       -0.0260101303       -0.0329844193
  22  -7        0.0053493819        0.0400735435
  22  -8        0.0336589795        0.0325636470
  22  -9        0.0221053163        0.0020409864
  22 -10       -0.0440560453       -0.0088003337
  22 -11       -0.0063043367        0.0151739413
  22 -12        0.0257269869        0.0130378606
  22 -13       -0.0040359259        0.0183269724
  22 -14        0.0081232954       -0.0082959104
  22 -15       -0.0216313845       -0.0076193387
  22 -16        0.0096875832        0.0068636987
  22 -17        0.0290532917       -0.0339196079
  22 -18       -0.0330840555       -0.0296302917
  22 -19        0.0037880514        0.0231819584
  22 -20       -0.0139258806       -0.0309111841
  22 -21        0.0147949596       -0.0081957737
  22 -22        0.0137076296       -0.0142410016
  23  23        0.0010080664       -0.0238342729
  23  22       -0.0082066216        0.0025678194
  23  21       -0.0262514844        0.0175114026
  23  20       -0.0126439013       -0.0145910763
  23  19        0.0113526337       -0.0104839869
  23  18        0.0283933058       -0.0239583440
  23  17        0.0284683351       -0.0239082225
  23  16        0.0102094607        0.0185104437
  23  15       -0.0560603309        0.0095966506
  23  14       -0.0093583116        0.0126944807
  23  13       -0.0163200683        0.0324526382
  23  12        0.0055298454       -0.0155196899
  23  11       -0.0278225808        0.0114265394
  23  10       -0.0141666290       -0.0055525985
  23   9        0.0101056921       -0.0157080113
  23   8        0.0290212899       -0.0049511641
  23   7       -0.0262229250        0.0220897549
  23   6       -0.0341853041        0.0249526769
  23   5       -0.0178246770       -0.0330342798
  23   4        0.0100601257       -0.0006052524
  23   3       -0.0303753587        0.0223420075
  23   2       -0.0197587595       -0.0048213737
  23   1        0.0283655323       -0.0040974223
  23   0        0.0212464361        0.0000000000
  23  -1       -0.0283655323       -0.0040974223
  23  -2       -0.0197587595        0.0048213737
  23  -3        0.0303753587        0.0223420075
  23  -4        0.0100601257        0.0006052524
  23  -5        0.0178246770       -0.0330342798
  23  -6       -0.0341853041       -0.0249526769
  23  -7        0.0262229250        0.0220897549
  23  -8        0.0290212899        0.0049511641
  23  -9       -0.0101056921       -0.0157080113
  23 -10       -0.0141666290        0.0055525985
  23 -11        0.0278225808        0.0114265394
  23 -12        0.0055298454        0.0155196899
  23 -13        0.0163200683        0.0324526382
  23 -14       -0.0093583116       -0.0126944807
  23 -15        0.0560603309        0.0095966506
  23 -16        0.0102094607       -0.0185104437
  23 -17       -0.0284683351       -0.0239082225
  23 -18        0.0283933058        0.0239583440
  23 -19       -0.0113526337       -0.0104839869
  23 -20       -0.0126439013        0.0145910763
  23 -21        0.0262514844        0.0175114026
  23 -22       -0.0082066216       -0.0025678194
  23 -23       -0.0010080664       -0.0238342729
  24  24       -0.0223579837        0.0131158011
  24  23       -0.0248204359       -0.0160405617
  24  22       -0.0183478573       -0.0196142775
  24  21        0.0125729960        0.0256453779
  24  20        0.0281488626        0.0164595796
  24  19        0.0224223418        0.0133931158
  24  18        0.0077507518        0.0254801935
  24  17       -0.0190018659        0.0032593792
  24  16       -0.0200901411       -0.0216765069
  24  15        0.0069451203        0.0098365059
  24  14        0.0039869291        0.0266840817
  24  13       -0.0134494662        0.0017614568
  24  12       -0.0282153964        0.0133354318
  24  11        0.0112274020       -0.0138065266
  24  10        0.0303614079       -0.0004979931
  24   9        0.0278391120        0.0028732179
  24   8       -0.0176908777        0.0098213091
  24   7       -0.0151282141        0.0007120883
  24   6        0.0195528095       -0.0047905502
  24   5        0.0100063694       -0.0049698657
  24   4       -0.0120380647        0.0182153600
  24   3       -0.0393725095       -0.0250490406
  24   2       -0.0148684423       -0.0055369090
  24   1        0.0039910854        0.0307818231
  24   0       -0.0453910652        0.0000000000
  24  -1       -0.0039910854        0.0307818231
  24  -2       -0.0148684423        0.0055369090
  24  -3        0.0393725095       -0.0250490406
  24  -4       -0.0120380647       -0.0182153600
  24  -5       -0.0100063694       -0.0049698657
  24  -6        0.0195528095        0.0047905502
  24  -7        0.0151282141        0.0007120883
  24  -8       -0.0176908777       -0.0098213091
  24  -9       -0.0278391120        0.0028732179
  24 -10        0.0303614079        0.0004979931
  24 -11       -0.0112274020       -0.0138065266
  24 -12       -0.0282153964       -0.0133354318
  24 -13        0.0134494662        0.0017614568
  24 -14        0.0039869291       -0.0266840817
  24 -15       -0.0069451203        0.0098365059
  24 -16       -0.0200901411        0.0216765069
  24 -17        0.0190018659        0.0032593792
  24 -18        0.0077507518       -0.0254801935
  24 -19       -0.0224223418        0.0133931158
  24 -20        0.0281488626       -0.0164595796
  24 -21       -0.0125729960        0.0256453779
  24 -22       -0.0183478573        0.0196142775
  24 -23        0.0248204359       -0.0160405617
  24 -24       -0.0223579837       -0.0131158011
  25  25        0.0008339288        0.0156847621
  25  24       -0.0015865255       -0.0222578939
  25  23        0.0179805359       -0.0265379806
  25  22       -0.0275549375       -0.0147192041
  25  21        0.0085847589       -0.0307197318
  25  20       -0.0027309681        0.0158030201
  25  19       -0.0322724102       -0.0183588282
  25  18       -0.0013575757       -0.0386737980
  25  17       -0.0002398938       -0.0127633131
  25  16       -0.0158861336        0.0000927778
  25  15       -0.0062608247        0.0045573379
  25  14       -0.0120952691       -0.0223156702
  25  13        0.0133088499       -0.0197888943
  25  12       -0.0348816499       -0.0362920195
  25  11       -0.0362130907        0.0129703821
  25  10        0.0247959516        0.0030562796
  25   9       -0.0167922930        0.0080151893
  25   8        0.0072964809        0.0087467066
  25   7        0.0258444762        0.0036141495
  25   6        0.0411894748       -0.0277870304
  25   5        0.0129352946        0.0012996527
  25   4       -0.0102161439        0.0296062483
  25   3       -0.0037993372       -0.0103183375
  25   2        0.0243242669       -0.0250412221
  25   1       -0.0123190141       -0.0004244336
  25   0        0.0080464901        0.0000000000
  25  -1        0.0123190141       -0.0004244336
  25  -2        0.0243242669        0.0250412221
  25  -3        0.0037993372       -0.0103183375
  25  -4       -0.0102161439       -0.0296062483
  25  -5       -0.0129352946        0.0012996527
  25  -6        0.0411894748        0.0277870304
  25  -7       -0.0258444762        0.0036141495
  25  -8        0.0072964809       -0.0087467066
  25  -9        0.0167922930        0.0080151893
  25 -10        0.0247959516       -0.0030562796
  25 -11        0.0362130907        0.0129703821
  25 -12       -0.0348816499        0.0362920195
  25 -13       -0.0133088499       -0.0197888943
  25 -14       -0.0120952691        0.0223156702
  25 -15        0.0062608247        0.0045573379
  25 -16       -0.0158861336       -0.0000927778
  25 -17        0.0002398938       -0.0127633131
  25 -18       -0.0013575757        0.0386737980
  25 -19        0.0322724102       -0.0183588282
  25 -20       -0.0027309681       -0.0158030201
  25 -21       -0.0085847589       -0.0307197318
  25 -22       -0.0275549375        0.0147192041
  25 -23       -0.0179805359       -0.0265379806
  25 -24       -0.0015865255        0.0222578939
  25 -25       -0.0008339288        0.0156847621
  26  26        0.0145044628        0.0246272231
  26  25       -0.0231940175       -0.0005069308
  26  24       -0.0110410155        0.0065456066
  26  23        0.0262721824       -0.0091714575
  26  22        0.0167814097        0.0213133526
  26  21       -0.0113669255        0.0062987478
  26  20       -0.0207076814       -0.0010671046
  26  19        0.0250132579       -0.0281648444
  26  18        0.0044850810        0.0162757903
  26  17        0.0132839407       -0.0013252654
  26  16       -0.0063461231       -0.0224503361
  26  15       -0.0181589169       -0.0082560809
  26  14        0.0362214047       -0.0048505204
  26  13       -0.0139784458        0.0066502764
  26  12       -0.0051844668       -0.0110995329
  26  11        0.0129552791        0.0021554041
  26  10       -0.0013911604        0.0162046577
  26   9        0.0038405336        0.0034379474
  26   8       -0.0134122888        0.0017251149
  26   7        0.0213539012       -0.0115221507
  26   6        0.0096166472       -0.0054211402
  26   5       -0.0198495880       -0.0317825071
  26   4       -0.0101682231       -0.0038085985
  26   3        0.0131827940        0.0266850599
  26   2        0.0293181234       -0.0013723906
  26   1        0.0219583112       -0.0293942858
  26   0        0.0179772391        0.0000000000
  26  -1       -0.0219583112       -0.0293942858
  26  -2        0.0293181234        0.0013723906
  26  -3       -0.0131827940        0.0266850599
  26  -4       -0.0101682231        0.0038085985
  26  -5        0.0198495880       -0.0317825071
  26  -6        0.0096166472        0.0054211402
  26  -7       -0.0213539012       -0.0115221507
  26  -8       -0.0134122888       -0.0017251149
  26  -9       -0.0038405336        0.0034379474
  26 -10       -0.0013911604       -0.0162046577
  26 -11       -0.0129552791        0.0021554041
  26 -12       -0.0051844668        0.0110995329
  26 -13        0.0139784458        0.0066502764
  26 -14        0.0362214047        0.0048505204
  26 -15        0.0181589169       -0.0082560809
  26 -16       -0.0063461231        0.0224503361
  26 -17       -0.0132839407       -0.0013252654
  26 -18        0.0044850810       -0.0162757903
  26 -19       -0.0250132579       -0.0281648444
  26 -20       -0.0207076814        0.0010671046
  26 -21        0.0113669255        0.0062987478
  26 -22        0.0167814097       -0.0213133526
  26 -23       -0.0262721824       -0.0091714575
  26 -24       -0.0110410155       -0.0065456066
  26 -25        0.0231940175       -0.0005069308
  26 -26        0.0145044628       -0.0246272231
  27  27        0.0237783782        0.0134219249
  27  26        0.0424050141        0.0029775742
  27  25        0.0100215831        0.0195609473
  27  24       -0.0010055476        0.0055686631
  27  23       -0.0204395024        0.0157582714
  27  22       -0.0192513924        0.0000272768
  27  21        0.0264881313        0.0170250648
  27  20        0.0090241728        0.0360188104
  27  19        0.0200085949        0.0029410889
  27  18       -0.0289352328        0.0165097574
  27  17        0.0087847803        0.0029843960
  27  16        0.0074694803       -0.0293405851
  27  15       -0.0170891708       -0.0140806457
  27  14       -0.0321169891       -0.0078093129
  27  13       -0.0389243621        0.0127529075
  27  12       -0.0047525691        0.0355483658
  27  11       -0.0006094574       -0.0181035426
  27  10        0.0186600437        0.0086974896
  27   9       -0.0034270637       -0.0306943002
  27   8        0.0196225391       -0.0019879716
  27   7        0.0140447121        0.0104031149
  27   6       -0.0327543411        0.0277848404
  27   5        0.0024347673       -0.0168192030
  27   4        0.0180422308       -0.0078878960
  27   3        0.0258119653        0.0055629378
  27   2       -0.0518242964       -0.0069588875
  27   1        0.0001396128        0.0049592620
  27   0       -0.0063697060        0.0000000000
  27  -1       -0.0001396128        0.0049592620
  27  -2       -0.0518242964        0.0069588875
  27  -3       -0.0258119653        0.0055629378
  27  -4        0.0180422308        0.0078878960
  27  -5       -0.0024347673       -0.0168192030
  27  -6       -0.0327543411       -0.0277848404
  27  -7       -0.0140447121        0.0104031149
  27  -8        0.0196225391        0.0019879716
  27  -9        0.0034270637       -0.0306943002
  27 -10        0.0186600437       -0.0086974896
  27 -11        0.0006094574       -0.0181035426
  27 -12       -0.0047525691       -0.0355483658
  27 -13        0.0389243621        0.0127529075
  27 -14       -0.0321169891        0.0078093129
  27 -15        0.0170891708       -0.0140806457
  27 -16        0.0074694803        0.0293405851
  27 -17       -0.0087847803        0.0029843960
  27 -18       -0.0289352328       -0.0165097574
  27 -19       -0.0200085949        0.0029410889
  27 -20        0.0090241728       -0.0360188104
  27 -21       -0.0264881313        0.0170250648
  27 -22       -0.0192513924       -0.0000272768
  27 -23        0.0204395024        0.0157582714
  27 -24       -0.0010055476       -0.0055686631
  27 -25       -0.0100215831        0.0195609473
  27 -26        0.0424050141       -0.0029775742
  27 -27       -0.0237783782        0.0134219249
  28  28       -0.0091987224        0.0061633352
  28  27       -0.0237461419        0.0083005799
  28  26       -0.0265505661        0.0212356185
  28  25        0.0313937382        0.0170198530
  28  24       -0.0437667178       -0.0172226692
  28  23        0.0148460083        0.0113114698
  28  22        0.0192872759        0.0067508588
  28  21       -0.0135142967       -0.0113356776
  28  20       -0.0160611341        0.0108393809
  28  19       -0.0069646919        0.0081361455
  28  18        0.0087978194       -0.0356091587
  28  17        0.0077394016       -0.0028062273
  28  16       -0.0153026945       -0.0086963043
  28  15       -0.0052153774       -0.0001192836
  28  14       -0.0156243714       -0.0243021532
  28  13       -0.0003714784       -0.0097729903
  28  12       -0.0088945935        0.0321316150
  28  11       -0.0045513706       -0.0082443833
  28  10       -0.0367493023       -0.0199228856
  28   9        0.0054626558        0.0108869501
  28   8        0.0347356608        0.0186247881
  28   7        0.0115195451        0.0140092426
  28   6        0.0035796231        0.0000773688
  28   5       -0.0213101614        0.0157737316
  28   4       -0.0002918654        0.0079891298
  28   3        0.0240905018       -0.0043027527
  28   2       -0.0078793955       -0.0292052911
  28   1       -0.0095107496        0.0095511387
  28   0       -0.0600454706        0.0000000000
  28  -1        0.0095107496        0.0095511387
  28  -2       -0.0078793955        0.0292052911
  28  -3       -0.0240905018       -0.0043027527
  28  -4       -0.0002918654       -0.0079891298
  28  -5        0.0213101614        0.0157737316
  28  -6        0.0035796231       -0.0000773688
  28  -7       -0.0115195451        0.0140092426
  28  -8        0.0347356608       -0.0186247881
  28  -9       -0.0054626558        0.0108869501
  28 -10       -0.0367493023        0.0199228856
  28 -11        0.0045513706       -0.0082443833
  28 -12       -0.0088945935       -0.0321316150
  28 -13        0.0003714784       -0.0097729903
  28 -14       -0.0156243714        0.0243021532
  28 -15        0.0052153774       -0.0001192836
  28 -16       -0.0153026945        0.0086963043
  28 -17       -0.0077394016       -0.0028062273
  28 -18        0.0087978194        0.0356091587
  28 -19        0.0069646919        0.0081361455
  28 -20       -0.0160611341       -0.0108393809
  28 -21        0.0135142967       -0.0113356776
  28 -22        0.0192872759       -0.0067508588
  28 -23       -0.0148460083        0.0113114698
  28 -24       -0.0437667178        0.0172226692
  28 -25       -0.0313937382        0.0170198530
  28 -26       -0.0265505661       -0.0212356185
  28 -27        0.0237461419        0.0083005799
  28 -28       -0.0091987224       -0.0061633352
  29  29       -0.0001888746        0.0043200678
  29  28       -0.0127130725        0.0251902388
  29  27       -0.0042781637        0.0095356568
  29  26       -0.0108930418        0.0063976807
  29  25       -0.0020543540        0.0067417028
  29  24        0.0330865930        0.0227525556
  29  23        0.0088826130        0.0050522897
  29  22       -0.0168622572        0.0177340514
  29  21        0.0022660351       -0.0192160083
  29  20       -0.0140357966       -0.0456745833
  29  19        0.0040515005        0.0136158026
  29  18        0.0064884600       -0.0064714360
  29  17       -0.0083779489       -0.0225094332
  29  16        0.0199078088        0.0136195552
  29  15       -0.0155197001        0.0034318069
  29  14        0.0034046651        0.0101371252
  29  13       -0.0054833436       -0.0007531775
  29  12       -0.0167127369       -0.0288486050
  29  11        0.0021870687        0.0119005035
  29  10       -0.0120525859       -0.0015723696
  29   9       -0.0011353567        0.0267545172
  29   8       -0.0237992986       -0.0196518374
  29   7       -0.0189954682       -0.0229540163
  29   6       -0.0150301693        0.0084307386
  29   5        0.0097295115        0.0086671767
  29   4       -0.0339076358        0.0046857457
  29   3       -0.0457943130        0.0231577687
  29   2       -0.0117212060        0.0112276503
  29   1        0.0292885742        0.0058302157
  29   0        0.0215168591        0.0000000000
  29  -1       -0.0292885742        0.0058302157
  29  -2       -0.0117212060       -0.0112276503
  29  -3        0.0457943130        0.0231577687
  29  -4       -0.0339076358       -0.0046857457
  29  -5       -0.0097295115        0.0086671767
  29  -6       -0.0150301693       -0.0084307386
  29  -7        0.0189954682       -0.0229540163
  29  -8       -0.0237992986        0.0196518374
  29  -9        0.0011353567        0.0267545172
  29 -10       -0.0120525859        0.0015723696
  29 -11       -0.0021870687        0.0119005035
  29 -12       -0.0167127369        0.0288486050
  29 -13        0.0054833436       -0.0007531775
  29 -14        0.0034046651       -0.0101371252
  29 -15        0.0155197001        0.0034318069
  29 -16        0.0199078088       -0.0136195552
  29 -17        0.0083779489       -0.0225094332
  29 -18        0.0064884600        0.0064714360
  29 -19       -0.0040515005        0.0136158026
  29 -20       -0.0140357966        0.0456745833
  29 -21       -0.0022660351       -0.0192160083
  29 -22       -0.0168622572       -0.0177340514
  29 -23       -0.0088826130        0.0050522897
  29 -24        0.0330865930       -0.0227525556
  29 -25        0.0020543540        0.0067417028
  29 -26       -0.0108930418       -0.0063976807
  29 -27        0.0042781637        0.0095356568
  29 -28       -0.0127130725       -0.0251902388
  29 -29        0.0001888746        0.0043200678
  30  30        0.0181502366       -0.0153385052
  30  29       -0.0093226967        0.0122651089
  30  28        0.0068903962       -0.0207203555
  30  27        0.0106185551        0.0174935231
  30  26        0.0100694842        0.0008904770
  30  25       -0.0205336343        0.0175665054
  30  24        0.0033842836        0.0032722558
  30  23       -0.0196304784       -0.0039429886
  30  22        0.0106059017       -0.0226531389
  30  21        0.0126124832       -0.0242014190
  30  20        0.0061987003        0.0331012954
  30  19        0.0189988974        0.0143950992
  30  18        0.0175098654        0.0061025380
  30  17        0.0000315331        0.0112699420
  30  16       -0.0130103357       -0.0027948057
  30  15       -0.0017060267        0.0024379196
  30  14       -0.0271697394        0.0006966975
  30  13       -0.0056044598       -0.0133606968
  30  12       -0.0313943019        0.0128433164
  30  11        0.0042485402       -0.0059164456
  30  10       -0.0028268136        0.0135193338
  30   9        0.0160301423        0.0038968702
  30   8        0.0107218461        0.0046380090
  30   7        0.0198991611        0.0047087203
  30   6        0.0000161225        0.0002174923
  30   5        0.0262119708        0.0274739438
  30   4        0.0079324551       -0.0104709742
  30   3        0.0103995922        0.0258558051
  30   2       -0.0263195387       -0.0065037928
  30   1       -0.0110991584       -0.0009584020
  30   0        0.0089674000        0.0000000000
  30  -1        0.0110991584       -0.0009584020
  30  -2       -0.0263195387        0.0065037928
  30  -3       -0.0103995922        0.0258558051
  30  -4        0.0079324551        0.0104709742
  30  -5       -0.0262119708        0.0274739438
  30  -6        0.0000161225       -0.0002174923
  30  -7       -0.0198991611        0.0047087203
  30  -8        0.0107218461       -0.0046380090
  30  -9       -0.0160301423        0.0038968702
  30 -10       -0.0028268136       -0.0135193338
  30 -11       -0.0042485402       -0.0059164456
  30 -12       -0.0313943019       -0.0128433164
  30 -13        0.0056044598       -0.0133606968
  30 -14       -0.0271697394       -0.0006966975
  30 -15        0.0017060267        0.0024379196
  30 -16       -0.0130103357        0.0027948057
  30 -17       -0.0000315331        0.0112699420
  30 -18        0.0175098654       -0.0061025380
  30 -19       -0.0189988974        0.0143950992
  30 -20        0.0061987003       -0.0331012954
  30 -21       -0.0126124832       -0.0242014190
  30 -22        0.0106059017        0.0226531389
  30 -23        0.0196304784       -0.0039429886
  30 -24        0.0033842836       -0.0032722558
  30 -25        0.0205336343        0.0175665054
  30 -26        0.0100694842       -0.0008904770
  30 -27       -0.0106185551        0.0174935231
  30 -28        0.0068903962        0.0207203555
  30 -29        0.0093226967        0.0122651089
  30 -30        0.0181502366        0.0153385052
