   0   0       72.4653223940        0.0000000000
   1   1       -2.1326432878       -0.5347764357
   1   0       -4.0933954439        0.0000000000
   1  -1        2.1326432878       -0.5347764357
   2   2       -1.2245073746        0.0815975886
   2   1       -6.9522961445        1.2403855133
   2   0        6.1250157626        0.0000000000
   2  -1        6.9522961445        1.2403855133
   2  -2       -1.2245073746       -0.0815975886
   3   3       -0.9812176230        0.4451413537
   3   2       -1.1418593600       -2.1037975496
   3   1        0.0128830590       -1.8766050097
   3   0        7.9924487707        0.0000000000
   3  -1       -0.0128830590       -1.8766050097
   3  -2       -1.1418593600        2.1037975496
   3  -3        0.9812176230        0.4451413537
   4   4       -0.3276022512       -1.0138227564
   4   3        0.1819681057        0.9401205162
   4   2        0.2204379338       -0.0232488530
   4   1        0.2163117377        0.6860530014
   4   0        2.3469200590        0.0000000000
   4  -1       -0.2163117377        0.6860530014
   4  -2        0.2204379338        0.0232488530
   4  -3       -0.1819681057        0.9401205162
   4  -4       -0.3276022512        1.0138227564
   5   5        1.6818607198       -0.3372403063
   5   4        0.4717853653       -0.8361337637
   5   3       -1.3334191048       -0.5157557797
   5   2       -0.4945480018        0.2912157779
   5   1       -2.1569385860       -0.0725156028
   5   0        2.2782752962        0.0000000000
   5  -1        2.1569385860       -0.0725156028
   5  -2       -0.4945480018       -0.2912157779
   5  -3        1.3334191048       -0.5157557797
   5  -4        0.4717853653        0.8361337637
   5  -5       -1.6818607198       -0.3372403063
   6   6       -0.8836436981       -0.0324290487
   6   5       -0.3620611978        0.0367872331
   6   4       -0.2829930141       -0.7111095467
   6   3        0.1096475895        0.1095344974
   6   2       -0.2266267828       -0.6463688672
   6   1       -0.8682395013        0.0244651747
   6   0        2.2147810177        0.0000000000
   6  -1        0.8682395013        0.0244651747
   6  -2       -0.2266267828        0.6463688672
   6  -3       -0.1096475895        0.1095344974
   6  -4       -0.2829930141        0.7111095467
   6  -5        0.3620611978        0.0367872331
   6  -6       -0.8836436981        0.0324290487
   7   7       -0.2778645302        0.2202002123
   7   6       -0.5506132086       -0.2513318625
   7   5        0.0902741930        0.7184824002
   7   4        0.3505588109        0.0515586890
   7   3        0.3968013275       -0.0041836546
   7   2       -0.2473577005       -1.2737619677
   7   1        0.3006379091        0.8466673658
   7   0        0.6602833434        0.0000000000
   7  -1       -0.3006379091        0.8466673658
   7  -2       -0.2473577005        1.2737619677
   7  -3       -0.3968013275       -0.0041836546
   7  -4        0.3505588109       -0.0515586890
   7  -5       -0.0902741930        0.7184824002
   7  -6       -0.5506132086        0.2513318625
   7  -7        0.2778645302        0.2202002123
   8   8        0.0154243521        0.5770599206
   8   7        0.5760614567        0.1742988210
   8   6        0.0356610049        0.0544702767
   8   5       -0.5202308234       -0.0935694331
   8   4       -0.3005119824        0.1105559003
   8   3       -0.1166834331        0.1761226825
   8   2        0.1198816126        0.2944075164
   8   1       -0.2799450342        0.1165679008
   8   0        1.0559912579        0.0000000000
   8  -1        0.2799450342        0.1165679008
   8  -2        0.1198816126       -0.2944075164
   8  -3        0.1166834331        0.1761226825
   8  -4       -0.3005119824       -0.1105559003
   8  -5        0.5202308234       -0.0935694331
   8  -6        0.0356610049       -0.0544702767
   8  -7       -0.5760614567        0.1742988210
   8  -8        0.0154243521       -0.5770599206
   9   9        0.1593221446       -0.2514745515
   9   8       -0.1556131559        0.2733573424
   9   7       -0.0675994890        0.1607189731
   9   6        0.0289516552        0.0519745180
   9   5       -0.0679310469       -0.1239450719
   9   4       -0.4074986675       -0.3181320977
   9   3        0.1277760005        0.1341534204
   9   2       -0.1128331177       -0.4230157570
   9   1       -0.0161129121        0.0630263541
   9   0        0.8747658523        0.0000000000
   9  -1        0.0161129121        0.0630263541
   9  -2       -0.1128331177        0.4230157570
   9  -3       -0.1277760005        0.1341534204
   9  -4       -0.4074986675        0.3181320977
   9  -5        0.0679310469       -0.1239450719
   9  -6        0.0289516552       -0.0519745180
   9  -7        0.0675994890        0.1607189731
   9  -8       -0.1556131559       -0.2733573424
   9  -9       -0.1593221446       -0.2514745515
  10  10       -0.0771765464        0.0401998046
  10   9        0.1067001267       -0.4236232351
  10   8       -0.2537129102        0.0080338002
  10   7       -0.0815339608        0.1452715163
  10   6        0.1830127450        0.0949527947
  10   5        0.1840642125       -0.0794856654
  10   4       -0.0322058851       -0.0271323479
  10   3        0.1281754495       -0.1151110748
  10   2       -0.2104712744       -0.5038940843
  10   1        0.3147421858        0.4817521755
  10   0        0.3111607483        0.0000000000
  10  -1       -0.3147421858        0.4817521755
  10  -2       -0.2104712744        0.5038940843
  10  -3       -0.1281754495       -0.1151110748
  10  -4       -0.0322058851        0.0271323479
  10  -5       -0.1840642125       -0.0794856654
  10  -6        0.1830127450       -0.0949527947
  10  -7        0.0815339608        0.1452715163
  10  -8       -0.2537129102       -0.0080338002
  10  -9       -0.1067001267       -0.4236232351
  10 -10       -0.0771765464       -0.0401998046
  11  11       -0.0507999901       -0.0885918541
  11  10       -0.0024152000        0.1686714326
  11   9        0.1861049286        0.1461615326
  11   8        0.0701167542       -0.0374436606
  11   7       -0.0794769846       -0.0637288266
  11   6       -0.1773742281        0.2305229460
  11   5        0.1753738642        0.1489500850
  11   4       -0.2972418362        0.1869195441
  11   3        0.2804122759       -0.2385117038
  11   2        0.0743069269        0.0308755536
  11   1        0.2938868881        0.0751582937
  11   0       -0.0211634995        0.0000000000
  11  -1       -0.2938868881        0.0751582937
  11  -2        0.0743069269       -0.0308755536
  11  -3       -0.2804122759       -0.2385117038
  11  -4       -0.2972418362       -0.1869195441
  11  -5       -0.1753738642        0.1489500850
  11  -6       -0.1773742281       -0.2305229460
  11  -7        0.0794769846       -0.0637288266
  11  -8        0.0701167542        0.0374436606
  11  -9       -0.1861049286        0.1461615326
  11 -10       -0.0024152000       -0.1686714326
  11 -11        0.0507999901       -0.0885918541
  12  12        0.2297369589        0.0889074972
  12  11       -0.0387153391       -0.1106541238
  12  10       -0.0195715209        0.1059982996
  12   9       -0.0312080793        0.0446854445
  12   8        0.1175916805        0.0186612710
  12   7       -0.0434242270        0.1390704616
  12   6       -0.1048936720       -0.0950041310
  12   5       -0.0894307357       -0.0178201381
  12   4       -0.2589815330       -0.0038953161
  12   3        0.0732154854        0.0563380181
  12   2        0.0154783353       -0.0264013448
  12   1        0.3239181222       -0.1341017963
  12   0        0.4862052482        0.0000000000
  12  -1       -0.3239181222       -0.1341017963
  12  -2        0.0154783353        0.0264013448
  12  -3       -0.0732154854        0.0563380181
  12  -4       -0.2589815330        0.0038953161
  12  -5        0.0894307357       -0.0178201381
  12  -6       -0.1048936720        0.0950041310
  12  -7        0.0434242270        0.1390704616
  12  -8        0.1175916805       -0.0186612710
  12  -9        0.0312080793        0.0446854445
  12 -10       -0.0195715209       -0.1059982996
  12 -11        0.0387153391       -0.1106541238
  12 -12        0.2297369589       -0.0889074972
  13  13       -0.0435237094        0.0535215134
  13  12        0.0147019348        0.0944715754
  13  11        0.0134542688       -0.2604061238
  13  10       -0.0042606067       -0.1184991384
  13   9       -0.0118700148       -0.0202295381
  13   8        0.0332780472        0.2431954565
  13   7        0.0556158837       -0.0065979037
  13   6        0.0014221457        0.0429435347
  13   5        0.0604560650       -0.2234542387
  13   4       -0.2174662084        0.0644608593
  13   3        0.0725529179       -0.2358351505
  13   2        0.0986970464       -0.0052146741
  13   1        0.3728236124        0.2016439230
  13   0        0.2573366653        0.0000000000
  13  -1       -0.3728236124        0.2016439230
  13  -2        0.0986970464        0.0052146741
  13  -3       -0.0725529179       -0.2358351505
  13  -4       -0.2174662084       -0.0644608593
  13  -5       -0.0604560650       -0.2234542387
  13  -6        0.0014221457       -0.0429435347
  13  -7       -0.0556158837       -0.0065979037
  13  -8        0.0332780472       -0.2431954565
  13  -9        0.0118700148       -0.0202295381
  13 -10       -0.0042606067        0.1184991384
  13 -11       -0.0134542688       -0.2604061238
  13 -12        0.0147019348       -0.0944715754
  13 -13        0.0435237094        0.0535215134
  14  14        0.0062166819       -0.0017145213
  14  13       -0.0679788493       -0.1682872972
  14  12        0.0257892938        0.0998656461
  14  11        0.1002394395       -0.0038514393
  14  10       -0.0038948274       -0.0710912320
  14   9        0.0577591391       -0.1568017006
  14   8       -0.0486166883        0.0405502128
  14   7        0.1036157699        0.0958935461
  14   6       -0.0328759896        0.0623909402
  14   5        0.1723848837       -0.0572095488
  14   4       -0.1354942347        0.1018636036
  14   3        0.1165024773       -0.4255068390
  14   2        0.0199885580        0.1904604449
  14   1        0.2545392753        0.0272060227
  14   0       -0.0419186725        0.0000000000
  14  -1       -0.2545392753        0.0272060227
  14  -2        0.0199885580       -0.1904604449
  14  -3       -0.1165024773       -0.4255068390
  14  -4       -0.1354942347       -0.1018636036
  14  -5       -0.1723848837       -0.0572095488
  14  -6       -0.0328759896       -0.0623909402
  14  -7       -0.1036157699        0.0958935461
  14  -8       -0.0486166883       -0.0405502128
  14  -9       -0.0577591391       -0.1568017006
  14 -10       -0.0038948274        0.0710912320
  14 -11       -0.1002394395       -0.0038514393
  14 -12        0.0257892938       -0.0998656461
  14 -13        0.0679788493       -0.1682872972
  14 -14        0.0062166819        0.0017145213
  15  15       -0.0822373129        0.0218837722
  15  14        0.1453893926       -0.0699625221
  15  13        0.0197159742        0.0348717179
  15  12       -0.1368053587        0.0716414442
  15  11        0.0107141525        0.0190005273
  15  10        0.0435738585       -0.0522042393
  15   9        0.0169287405       -0.0522072825
  15   8        0.0685642919       -0.1003281860
  15   7       -0.0904049948        0.0863809355
  15   6       -0.0655988859       -0.0137650853
  15   5       -0.0235292321        0.0241684508
  15   4       -0.1087337034        0.0770500172
  15   3       -0.0744771627       -0.2805453895
  15   2        0.1848506180        0.0596036248
  15   1        0.2102319297       -0.0216022198
  15   0        0.1036164257        0.0000000000
  15  -1       -0.2102319297       -0.0216022198
  15  -2        0.1848506180       -0.0596036248
  15  -3        0.0744771627       -0.2805453895
  15  -4       -0.1087337034       -0.0770500172
  15  -5        0.0235292321        0.0241684508
  15  -6       -0.0655988859        0.0137650853
  15  -7        0.0904049948        0.0863809355
  15  -8        0.0685642919        0.1003281860
  15  -9       -0.0169287405       -0.0522072825
  15 -10        0.0435738585        0.0522042393
  15 -11       -0.0107141525        0.0190005273
  15 -12       -0.1368053587       -0.0716414442
  15 -13       -0.0197159742        0.0348717179
  15 -14        0.1453893926        0.0699625221
  15 -15        0.0822373129        0.0218837722
  16  16       -0.0231612611       -0.0573245211
  16  15       -0.0905985895        0.0541065757
  16  14        0.0204742876        0.0824824496
  16  13        0.0375434339       -0.0584989769
  16  12        0.0652085610       -0.0728468225
  16  11       -0.0689807155        0.0059442213
  16  10        0.0234326758        0.0097769801
  16   9        0.0095472272       -0.0278139347
  16   8       -0.0117639721        0.0715221149
  16   7        0.0238972325        0.0200790618
  16   6       -0.0720919029       -0.0221756435
  16   5       -0.0527782263       -0.1939722941
  16   4       -0.0391933180        0.1248705154
  16   3       -0.0751456127       -0.2412032656
  16   2        0.2586236974        0.0595688339
  16   1        0.2044536556        0.0730956596
  16   0       -0.0188821415        0.0000000000
  16  -1       -0.2044536556        0.0730956596
  16  -2        0.2586236974       -0.0595688339
  16  -3        0.0751456127       -0.2412032656
  16  -4       -0.0391933180       -0.1248705154
  16  -5        0.0527782263       -0.1939722941
  16  -6       -0.0720919029        0.0221756435
  16  -7       -0.0238972325        0.0200790618
  16  -8       -0.0117639721       -0.0715221149
  16  -9       -0.0095472272       -0.0278139347
  16 -10        0.0234326758       -0.0097769801
  16 -11        0.0689807155        0.0059442213
  16 -12        0.0652085610        0.0728468225
  16 -13       -0.0375434339       -0.0584989769
  16 -14        0.0204742876       -0.0824824496
  16 -15        0.0905985895        0.0541065757
  16 -16       -0.0231612611        0.0573245211
  17  17        0.0237421695        0.0228783225
  17  16        0.0388417221        0.0111712428
  17  15       -0.1334558324       -0.1158277169
  17  14        0.0575202129        0.0045410818
  17  13        0.0168672378        0.0147945280
  17  12        0.0168264062        0.0186866895
  17  11       -0.0455441409       -0.0520782933
  17  10       -0.0315712362       -0.0441764497
  17   9        0.0448687606        0.0631741195
  17   8       -0.0031151505        0.0550555215
  17   7        0.0086861939       -0.0283745598
  17   6        0.0224081574       -0.0609549842
  17   5       -0.0533304103       -0.0932445326
  17   4       -0.0328804485        0.0822347466
  17   3       -0.1854003202       -0.2444305948
  17   2        0.1631304222        0.1933652853
  17   1        0.1436564436        0.1144989790
  17   0       -0.0009227523        0.0000000000
  17  -1       -0.1436564436        0.1144989790
  17  -2        0.1631304222       -0.1933652853
  17  -3        0.1854003202       -0.2444305948
  17  -4       -0.0328804485       -0.0822347466
  17  -5        0.0533304103       -0.0932445326
  17  -6        0.0224081574        0.0609549842
  17  -7       -0.0086861939       -0.0283745598
  17  -8       -0.0031151505       -0.0550555215
  17  -9       -0.0448687606        0.0631741195
  17 -10       -0.0315712362        0.0441764497
  17 -11        0.0455441409       -0.0520782933
  17 -12        0.0168264062       -0.0186866895
  17 -13       -0.0168672378        0.0147945280
  17 -14        0.0575202129       -0.0045410818
  17 -15        0.1334558324       -0.1158277169
  17 -16        0.0388417221       -0.0111712428
  17 -17       -0.0237421695        0.0228783225
  18  18        0.0165663027       -0.0374766218
  18  17       -0.0289267110        0.0136358762
  18  16        0.0632566472        0.0202625821
  18  15        0.0368766145        0.0335550350
  18  14       -0.1372209898       -0.0000870435
  18  13       -0.0199515913        0.0571241378
  18  12        0.0089506788        0.0045657919
  18  11        0.0710982824       -0.0134740173
  18  10        0.0470318063       -0.0488898153
  18   9        0.0236007973       -0.0970315210
  18   8       -0.0422677454        0.0503328129
  18   7       -0.0508900928        0.0289747301
  18   6        0.1348478824        0.1057265749
  18   5       -0.0262311936        0.0539836815
  18   4        0.0792430915       -0.0057662681
  18   3       -0.1476219968       -0.1804105578
  18   2        0.1739946906        0.1395859895
  18   1        0.0742894118       -0.0308395447
  18   0        0.0208199828        0.0000000000
  18  -1       -0.0742894118       -0.0308395447
  18  -2        0.1739946906       -0.1395859895
  18  -3        0.1476219968       -0.1804105578
  18  -4        0.0792430915        0.0057662681
  18  -5        0.0262311936        0.0539836815
  18  -6        0.1348478824       -0.1057265749
  18  -7        0.0508900928        0.0289747301
  18  -8       -0.0422677454       -0.0503328129
  18  -9       -0.0236007973       -0.0970315210
  18 -10        0.0470318063        0.0488898153
  18 -11       -0.0710982824       -0.0134740173
  18 -12        0.0089506788       -0.0045657919
  18 -13        0.0199515913        0.0571241378
  18 -14       -0.1372209898        0.0000870435
  18 -15       -0.0368766145        0.0335550350
  18 -16        0.0632566472       -0.0202625821
  18 -17        0.0289267110        0.0136358762
  18 -18        0.0165663027        0.0374766218
  19  19        0.0137363607        0.0227466508
  19  18        0.0658552634       -0.0531215509
  19  17       -0.0382815772        0.0619367347
  19  16       -0.0504983881        0.0674200537
  19  15        0.0162987488       -0.0499099067
  19  14        0.0494328892       -0.0330499790
  19  13        0.0218547591       -0.0276518931
  19  12       -0.0192795580       -0.0233057472
  19  11        0.0038579754       -0.0197847231
  19  10       -0.0368350834       -0.0243913497
  19   9        0.0585042129       -0.0221209287
  19   8        0.0131505665        0.0122867415
  19   7       -0.0327748467        0.0125879525
  19   6       -0.0108985459       -0.0801357195
  19   5       -0.0858189026       -0.0055918121
  19   4        0.0755367137       -0.0368281284
  19   3       -0.1121078120       -0.1911124616
  19   2        0.1913109113        0.0196641226
  19   1        0.0753814910        0.0702218881
  19   0       -0.1032950094        0.0000000000
  19  -1       -0.0753814910        0.0702218881
  19  -2        0.1913109113       -0.0196641226
  19  -3        0.1121078120       -0.1911124616
  19  -4        0.0755367137        0.0368281284
  19  -5        0.0858189026       -0.0055918121
  19  -6       -0.0108985459        0.0801357195
  19  -7        0.0327748467        0.0125879525
  19  -8        0.0131505665       -0.0122867415
  19  -9       -0.0585042129       -0.0221209287
  19 -10       -0.0368350834        0.0243913497
  19 -11       -0.0038579754       -0.0197847231
  19 -12       -0.0192795580        0.0233057472
  19 -13       -0.0218547591       -0.0276518931
  19 -14        0.0494328892        0.0330499790
  19 -15       -0.0162987488       -0.0499099067
  19 -16       -0.0504983881       -0.0674200537
  19 -17        0.0382815772        0.0619367347
  19 -18        0.0658552634        0.0531215509
  19 -19       -0.0137363607        0.0227466508
  20  20        0.0167730957       -0.0352898866
  20  19       -0.0447444674        0.0835431899
  20  18        0.0034030169       -0.0034034875
  20  17       -0.0893333038       -0.0480617221
  20  16       -0.0423300854       -0.0146747612
  20  15       -0.0086800496        0.0000215634
  20  14        0.0045886752       -0.0307080251
  20  13       -0.0085169997       -0.0198329105
  20  12       -0.0518273918       -0.0233405944
  20  11       -0.0596030444        0.0118125055
  20  10        0.0452334746       -0.0206730074
  20   9       -0.0000342807        0.0112021675
  20   8        0.0198415162        0.0060115638
  20   7       -0.0598029440       -0.0154843932
  20   6       -0.0238020727       -0.0463882341
  20   5       -0.0873592109        0.0685517731
  20   4        0.0982906066        0.0087256457
  20   3       -0.0520199843       -0.0758937082
  20   2        0.1593547515        0.0820223752
  20   1        0.0173600760        0.0557732431
  20   0       -0.2227420925        0.0000000000
  20  -1       -0.0173600760        0.0557732431
  20  -2        0.1593547515       -0.0820223752
  20  -3        0.0520199843       -0.0758937082
  20  -4        0.0982906066       -0.0087256457
  20  -5        0.0873592109        0.0685517731
  20  -6       -0.0238020727        0.0463882341
  20  -7        0.0598029440       -0.0154843932
  20  -8        0.0198415162       -0.0060115638
  20  -9        0.0000342807        0.0112021675
  20 -10        0.0452334746        0.0206730074
  20 -11        0.0596030444        0.0118125055
  20 -12       -0.0518273918        0.0233405944
  20 -13        0.0085169997       -0.0198329105
  20 -14        0.0045886752        0.0307080251
  20 -15        0.0086800496        0.0000215634
  20 -16       -0.0423300854        0.0146747612
  20 -17        0.0893333038       -0.0480617221
  20 -18        0.0034030169        0.0034034875
  20 -19        0.0447444674        0.0835431899
  20 -20        0.0167730957        0.0352898866
  21  21        0.0322895964        0.0267943789
  21  20       -0.0140860713        0.0071318020
  21  19       -0.0307401807        0.0098907606
  21  18        0.0682939657        0.0713753715
  21  17        0.0000457814        0.0282270655
  21  16       -0.0705902633       -0.0028731595
  21  15       -0.0089278146       -0.0030662388
  21  14       -0.0292353267       -0.0009642261
  21  13        0.0349757384        0.0184637275
  21  12        0.0316336234        0.0233183011
  21  11        0.0146391353       -0.0700802811
  21  10       -0.0353157068       -0.0124742160
  21   9       -0.0264391845       -0.0268052465
  21   8        0.0431487627        0.0895801173
  21   7        0.0731827510        0.0237235003
  21   6        0.0297698630       -0.0425699032
  21   5       -0.0621757954        0.0374741588
  21   4        0.0846970332       -0.1393162630
  21   3       -0.0730842775        0.0447091245
  21   2        0.1365485680        0.0853128289
  21   1       -0.0001323098       -0.0073497942
  21   0       -0.1062025172        0.0000000000
  21  -1        0.0001323098       -0.0073497942
  21  -2        0.1365485680       -0.0853128289
  21  -3        0.0730842775        0.0447091245
  21  -4        0.0846970332        0.1393162630
  21  -5        0.0621757954        0.0374741588
  21  -6        0.0297698630        0.0425699032
  21  -7       -0.0731827510        0.0237235003
  21  -8        0.0431487627       -0.0895801173
  21  -9        0.0264391845       -0.0268052465
  21 -10       -0.0353157068        0.0124742160
  21 -11       -0.0146391353       -0.0700802811
  21 -12        0.0316336234       -0.0233183011
  21 -13       -0.0349757384        0.0184637275
  21 -14       -0.0292353267        0.0009642261
  21 -15        0.0089278146       -0.0030662388
  21 -16       -0.0705902633        0.0028731595
  21 -17       -0.0000457814        0.0282270655
  21 -18        0.0682939657       -0.0713753715
  21 -19        0.0307401807        0.0098907606
  21 -20       -0.0140860713       -0.0071318020
  21 -21       -0.0322895964        0.0267943789
  22  22       -0.0484483427       -0.0273916093
  22  21        0.0117055591        0.0174953791
  22  20        0.0694945799       -0.0195799619
  22  19        0.0329459137        0.0188956735
  22  18       -0.0440764245        0.0570470261
  22  17        0.0094060745        0.0160073327
  22  16        0.0169505653        0.0123106123
  22  15        0.0108985630       -0.0091300415
  22  14       -0.0242105578        0.0252536773
  22  13        0.0108858514       -0.0030437413
  22  12       -0.0016300779        0.0091906996
  22  11        0.0475988728        0.0257536863
  22  10        0.0051801485       -0.0021230155
  22   9        0.0201936026       -0.0194421428
  22   8       -0.0153392295        0.0298614151
  22   7        0.0364224318        0.0687370817
  22   6       -0.0139459531       -0.0173802678
  22   5       -0.0383202874        0.0315946307
  22   4        0.0215291781       -0.0863060143
  22   3       -0.0263737593        0.0472162816
  22   2        0.0828121085        0.0471307470
  22   1       -0.0146917587       -0.0484585707
  22   0       -0.1155036919        0.0000000000
  22  -1        0.0146917587       -0.0484585707
  22  -2        0.0828121085       -0.0471307470
  22  -3        0.0263737593        0.0472162816
  22  -4        0.0215291781        0.0863060143
  22  -5        0.0383202874        0.0315946307
  22  -6       -0.0139459531        0.0173802678
  22  -7       -0.0364224318        0.0687370817
  22  -8       -0.0153392295       -0.0298614151
  22  -9       -0.0201936026       -0.0194421428
  22 -10        0.0051801485        0.0021230155
  22 -11       -0.0475988728        0.0257536863
  22 -12       -0.0016300779       -0.0091906996
  22 -13       -0.0108858514       -0.0030437413
  22 -14       -0.0242105578       -0.0252536773
  22 -15       -0.0108985630       -0.0091300415
  22 -16        0.0169505653       -0.0123106123
  22 -17       -0.0094060745        0.0160073327
  22 -18       -0.0440764245       -0.0570470261
  22 -19       -0.0329459137        0.0188956735
  22 -20        0.0694945799        0.0195799619
  22 -21       -0.0117055591        0.0174953791
  22 -22       -0.0484483427        0.0273916093
  23  23        0.0320088925       -0.0064068353
  23  22       -0.0243956588       -0.0307530258
  23  21       -0.0082993917        0.0705962788
  23  20       -0.0014513818       -0.0466439825
  23  19        0.0053120075       -0.0640433694
  23  18       -0.0212259558       -0.0152086760
  23  17       -0.0213229567        0.0150340092
  23  16       -0.0088516590       -0.0009457947
  23  15        0.0093383446       -0.0315094188
  23  14       -0.0038215894       -0.0185359062
  23  13       -0.0438535571        0.0017109454
  23  12       -0.0135903000        0.0135990201
  23  11       -0.0041598951       -0.0064386887
  23  10        0.0744914321       -0.0139886559
  23   9       -0.0411241771       -0.0674890882
  23   8        0.0461012544       -0.0246751180
  23   7        0.0029961918        0.0682092517
  23   6       -0.0539524736       -0.0903313249
  23   5        0.0227644024        0.0342182755
  23   4        0.0305010176       -0.1177241705
  23   3        0.0194351210       -0.0279764050
  23   2        0.0908402238        0.0317250594
  23   1       -0.0521806396       -0.0662708807
  23   0       -0.1917878249        0.0000000000
  23  -1        0.0521806396       -0.0662708807
  23  -2        0.0908402238       -0.0317250594
  23  -3       -0.0194351210       -0.0279764050
  23  -4        0.0305010176        0.1177241705
  23  -5       -0.0227644024        0.0342182755
  23  -6       -0.0539524736        0.0903313249
  23  -7       -0.0029961918        0.0682092517
  23  -8        0.0461012544        0.0246751180
  23  -9        0.0411241771       -0.0674890882
  23 -10        0.0744914321        0.0139886559
  23 -11        0.0041598951       -0.0064386887
  23 -12       -0.0135903000       -0.0135990201
  23 -13        0.0438535571        0.0017109454
  23 -14       -0.0038215894        0.0185359062
  23 -15       -0.0093383446       -0.0315094188
  23 -16       -0.0088516590        0.0009457947
  23 -17        0.0213229567        0.0150340092
  23 -18       -0.0212259558        0.0152086760
  23 -19       -0.0053120075       -0.0640433694
  23 -20       -0.0014513818        0.0466439825
  23 -21        0.0082993917        0.0705962788
  23 -22       -0.0243956588        0.0307530258
  23 -23       -0.0320088925       -0.0064068353
  24  24       -0.0009366666       -0.0316943730
  24  23        0.0022270999        0.0458564950
  24  22       -0.0454438014       -0.0446509616
  24  21       -0.0333885506       -0.0176780544
  24  20        0.0087202352        0.0395867180
  24  19        0.0202396127       -0.0221121326
  24  18       -0.0387435356       -0.0195794067
  24  17       -0.0194160826       -0.0138217587
  24  16       -0.0025071550        0.0070283394
  24  15        0.0009127420        0.0075829001
  24  14        0.0177595580       -0.0025865310
  24  13       -0.0346644045        0.0034587696
  24  12       -0.0226826635        0.0058374622
  24  11       -0.0351436489       -0.0006391348
  24  10       -0.0100334330       -0.0052276476
  24   9       -0.0049451580        0.0050569526
  24   8        0.0076170486        0.0202265242
  24   7        0.0356029154        0.0138895774
  24   6       -0.0804172051       -0.0338677964
  24   5        0.0515557734        0.0145655890
  24   4        0.0482103644       -0.1202819005
  24   3        0.0535012033        0.0459226955
  24   2        0.0596960623        0.0166733708
  24   1       -0.0506163248       -0.0457048488
  24   0       -0.1856588312        0.0000000000
  24  -1        0.0506163248       -0.0457048488
  24  -2        0.0596960623       -0.0166733708
  24  -3       -0.0535012033        0.0459226955
  24  -4        0.0482103644        0.1202819005
  24  -5       -0.0515557734        0.0145655890
  24  -6       -0.0804172051        0.0338677964
  24  -7       -0.0356029154        0.0138895774
  24  -8        0.0076170486       -0.0202265242
  24  -9        0.0049451580        0.0050569526
  24 -10       -0.0100334330        0.0052276476
  24 -11        0.0351436489       -0.0006391348
  24 -12       -0.0226826635       -0.0058374622
  24 -13        0.0346644045        0.0034587696
  24 -14        0.0177595580        0.0025865310
  24 -15       -0.0009127420        0.0075829001
  24 -16       -0.0025071550       -0.0070283394
  24 -17        0.0194160826       -0.0138217587
  24 -18       -0.0387435356        0.0195794067
  24 -19       -0.0202396127       -0.0221121326
  24 -20        0.0087202352       -0.0395867180
  24 -21        0.0333885506       -0.0176780544
  24 -22       -0.0454438014        0.0446509616
  24 -23       -0.0022270999        0.0458564950
  24 -24       -0.0009366666        0.0316943730
  25  25        0.0032507024        0.0304298964
  25  24       -0.0332204080       -0.0305142161
  25  23        0.0390200205        0.0009000453
  25  22        0.0255251023       -0.0086669231
  25  21       -0.0107635758       -0.0151000418
  25  20       -0.0360524876        0.0345756576
  25  19        0.0035515362        0.0145135514
  25  18        0.0030220328        0.0178373622
  25  17        0.0427019007       -0.0096629569
  25  16       -0.0019146635        0.0003271161
  25  15       -0.0213764969        0.0085157448
  25  14        0.0013606640        0.0179181204
  25  13        0.0292116953        0.0196144113
  25  12        0.0487393783       -0.0225902913
  25  11       -0.0697751002       -0.0084970309
  25  10        0.0253308146       -0.0194331804
  25   9        0.0062528498        0.0324751993
  25   8        0.0202746482        0.0138403692
  25   7        0.0814696315       -0.0009106582
  25   6       -0.0889143732       -0.0296298652
  25   5        0.0532436453       -0.0079330683
  25   4       -0.0031024964       -0.0425252516
  25   3        0.0434063717        0.0992647576
  25   2        0.0463381442        0.0430636057
  25   1       -0.0495554903       -0.0719898238
  25   0       -0.0610585609        0.0000000000
  25  -1        0.0495554903       -0.0719898238
  25  -2        0.0463381442       -0.0430636057
  25  -3       -0.0434063717        0.0992647576
  25  -4       -0.0031024964        0.0425252516
  25  -5       -0.0532436453       -0.0079330683
  25  -6       -0.0889143732        0.0296298652
  25  -7       -0.0814696315       -0.0009106582
  25  -8        0.0202746482       -0.0138403692
  25  -9       -0.0062528498        0.0324751993
  25 -10        0.0253308146        0.0194331804
  25 -11        0.0697751002       -0.0084970309
  25 -12        0.0487393783        0.0225902913
  25 -13       -0.0292116953        0.0196144113
  25 -14        0.0013606640       -0.0179181204
  25 -15        0.0213764969        0.0085157448
  25 -16       -0.0019146635       -0.0003271161
  25 -17       -0.0427019007       -0.0096629569
  25 -18        0.0030220328       -0.0178373622
  25 -19       -0.0035515362        0.0145135514
  25 -20       -0.0360524876       -0.0345756576
  25 -21        0.0107635758       -0.0151000418
  25 -22        0.0255251023        0.0086669231
  25 -23       -0.0390200205        0.0009000453
  25 -24       -0.0332204080        0.0305142161
  25 -25       -0.0032507024        0.0304298964
  26  26       -0.0211103552        0.0147502662
  26  25        0.0167067932       -0.0160321321
  26  24        0.0128558329       -0.0125866451
  26  23       -0.0074621111        0.0034605066
  26  22       -0.0247004568        0.0105100281
  26  21        0.0095839824       -0.0335234486
  26  20        0.0183593115        0.0216680686
  26  19       -0.0083860975       -0.0037445768
  26  18       -0.0128846668        0.0054415767
  26  17        0.0059356163       -0.0201866976
  26  16       -0.0116630386       -0.0116982656
  26  15        0.0054510770       -0.0227994060
  26  14        0.0149631540        0.0456419966
  26  13        0.0002759564       -0.0042711454
  26  12        0.0262736653        0.0268526421
  26  11       -0.0193151886       -0.0245396915
  26  10        0.0365165448        0.0201518650
  26   9       -0.0239863827       -0.0189633586
  26   8       -0.0271895993        0.0351394663
  26   7        0.0585578459        0.0412776166
  26   6       -0.0481804179       -0.0091719926
  26   5        0.0842047752       -0.0075584756
  26   4       -0.0297727285       -0.1086241392
  26   3        0.0724864214        0.0185196303
  26   2       -0.0226131036        0.0774879247
  26   1       -0.0498471887       -0.0743683080
  26   0       -0.0349606494        0.0000000000
  26  -1        0.0498471887       -0.0743683080
  26  -2       -0.0226131036       -0.0774879247
  26  -3       -0.0724864214        0.0185196303
  26  -4       -0.0297727285        0.1086241392
  26  -5       -0.0842047752       -0.0075584756
  26  -6       -0.0481804179        0.0091719926
  26  -7       -0.0585578459        0.0412776166
  26  -8       -0.0271895993       -0.0351394663
  26  -9        0.0239863827       -0.0189633586
  26 -10        0.0365165448       -0.0201518650
  26 -11        0.0193151886       -0.0245396915
  26 -12        0.0262736653       -0.0268526421
  26 -13       -0.0002759564       -0.0042711454
  26 -14        0.0149631540       -0.0456419966
  26 -15       -0.0054510770       -0.0227994060
  26 -16       -0.0116630386        0.0116982656
  26 -17       -0.0059356163       -0.0201866976
  26 -18       -0.0128846668       -0.0054415767
  26 -19        0.0083860975       -0.0037445768
  26 -20        0.0183593115       -0.0216680686
  26 -21       -0.0095839824       -0.0335234486
  26 -22       -0.0247004568       -0.0105100281
  26 -23        0.0074621111        0.0034605066
  26 -24        0.0128558329        0.0125866451
  26 -25       -0.0167067932       -0.0160321321
  26 -26       -0.0211103552       -0.0147502662
  27  27       -0.0033368205       -0.0152647117
  27  26       -0.0208523281        0.0101803261
  27  25        0.0245195941        0.0542195443
  27  24       -0.0024236659       -0.0278477128
  27  23       -0.0253412552       -0.0297811201
  27  22        0.0017585752        0.0564149953
  27  21        0.0190790503        0.0496879863
  27  20       -0.0049580937        0.0100678327
  27  19       -0.0261906233       -0.0343593884
  27  18       -0.0256798295        0.0117306801
  27  17        0.0014841377        0.0103287022
  27  16        0.0216900260        0.0043685426
  27  15        0.0155114686       -0.0203802787
  27  14       -0.0127771626       -0.0138933293
  27  13       -0.0511339791        0.0292192049
  27  12       -0.0405912627       -0.0143679502
  27  11        0.0129871965       -0.0068600107
  27  10        0.0328927385       -0.0321763213
  27   9       -0.0192877881       -0.0317577560
  27   8        0.0198924233        0.0548338891
  27   7        0.0491384181        0.0176581337
  27   6       -0.0676383750        0.0041153488
  27   5        0.1034474162       -0.0565525018
  27   4        0.0077284971       -0.0924021545
  27   3        0.0208859659        0.0303719442
  27   2        0.0238483808        0.0705432832
  27   1       -0.0647749960       -0.0435821555
  27   0       -0.0656556713        0.0000000000
  27  -1        0.0647749960       -0.0435821555
  27  -2        0.0238483808       -0.0705432832
  27  -3       -0.0208859659        0.0303719442
  27  -4        0.0077284971        0.0924021545
  27  -5       -0.1034474162       -0.0565525018
  27  -6       -0.0676383750       -0.0041153488
  27  -7       -0.0491384181        0.0176581337
  27  -8        0.0198924233       -0.0548338891
  27  -9        0.0192877881       -0.0317577560
  27 -10        0.0328927385        0.0321763213
  27 -11       -0.0129871965       -0.0068600107
  27 -12       -0.0405912627        0.0143679502
  27 -13        0.0511339791        0.0292192049
  27 -14       -0.0127771626        0.0138933293
  27 -15       -0.0155114686       -0.0203802787
  27 -16        0.0216900260       -0.0043685426
  27 -17       -0.0014841377        0.0103287022
  27 -18       -0.0256798295       -0.0117306801
  27 -19        0.0261906233       -0.0343593884
  27 -20       -0.0049580937       -0.0100678327
  27 -21       -0.0190790503        0.0496879863
  27 -22        0.0017585752       -0.0564149953
  27 -23        0.0253412552       -0.0297811201
  27 -24       -0.0024236659        0.0278477128
  27 -25       -0.0245195941        0.0542195443
  27 -26       -0.0208523281       -0.0101803261
  27 -27        0.0033368205       -0.0152647117
  28  28       -0.0169212919       -0.0326670522
  28  27        0.0169949038        0.0046101335
  28  26       -0.0703940516        0.0070313741
  28  25        0.0273901292        0.0043583796
  28  24        0.0386761203        0.0163054643
  28  23       -0.0192046151        0.0155214089
  28  22       -0.0259507701        0.0139736748
  28  21        0.0016215074        0.0072315892
  28  20        0.0015191679       -0.0070809256
  28  19       -0.0031568966        0.0204997046
  28  18        0.0086841232        0.0192629825
  28  17       -0.0158015127        0.0054280072
  28  16        0.0242364424        0.0041998117
  28  15        0.0019435250        0.0019404084
  28  14        0.0198870814        0.0004026137
  28  13       -0.0220429368        0.0320185411
  28  12       -0.0060459054       -0.0121129612
  28  11       -0.0157515519       -0.0063331730
  28  10        0.0336271100       -0.0308633663
  28   9        0.0166515543        0.0312018639
  28   8        0.0058976120       -0.0004066644
  28   7        0.0513455771       -0.0181114974
  28   6       -0.1175130965        0.0510208875
  28   5        0.0813258875       -0.0949734492
  28   4        0.0022201613       -0.0063722814
  28   3        0.0442791413        0.0622147670
  28   2        0.0266489975        0.0132806196
  28   1       -0.0998662199       -0.0638132362
  28   0       -0.0735261443        0.0000000000
  28  -1        0.0998662199       -0.0638132362
  28  -2        0.0266489975       -0.0132806196
  28  -3       -0.0442791413        0.0622147670
  28  -4        0.0022201613        0.0063722814
  28  -5       -0.0813258875       -0.0949734492
  28  -6       -0.1175130965       -0.0510208875
  28  -7       -0.0513455771       -0.0181114974
  28  -8        0.0058976120        0.0004066644
  28  -9       -0.0166515543        0.0312018639
  28 -10        0.0336271100        0.0308633663
  28 -11        0.0157515519       -0.0063331730
  28 -12       -0.0060459054        0.0121129612
  28 -13        0.0220429368        0.0320185411
  28 -14        0.0198870814       -0.0004026137
  28 -15       -0.0019435250        0.0019404084
  28 -16        0.0242364424       -0.0041998117
  28 -17        0.0158015127        0.0054280072
  28 -18        0.0086841232       -0.0192629825
  28 -19        0.0031568966        0.0204997046
  28 -20        0.0015191679        0.0070809256
  28 -21       -0.0016215074        0.0072315892
  28 -22       -0.0259507701       -0.0139736748
  28 -23        0.0192046151        0.0155214089
  28 -24        0.0386761203       -0.0163054643
  28 -25       -0.0273901292        0.0043583796
  28 -26       -0.0703940516       -0.0070313741
  28 -27       -0.0169949038        0.0046101335
  28 -28       -0.0169212919        0.0326670522
  29  29        0.0149393926       -0.0184769512
  29  28       -0.0309164295        0.0065530250
  29  27        0.0343624558       -0.0040808485
  29  26        0.0174262921        0.0004873675
  29  25       -0.0190964164        0.0040878122
  29  24        0.0132662647        0.0293216350
  29  23        0.0010408236       -0.0300951162
  29  22        0.0379076798       -0.0033355126
  29  21       -0.0182073089        0.0336722779
  29  20       -0.0069875554        0.0318784267
  29  19       -0.0179740290        0.0237900927
  29  18        0.0061634234       -0.0168221315
  29  17        0.0081335734       -0.0218610128
  29  16        0.0107069762       -0.0001817495
  29  15        0.0171098229        0.0137847758
  29  14        0.0078972528        0.0232599374
  29  13        0.0288936655        0.0232296667
  29  12       -0.0155152026       -0.0293865098
  29  11       -0.0114541800       -0.0079963697
  29  10        0.0264882432       -0.0009570676
  29   9       -0.0264090129        0.0367534860
  29   8        0.0028047907        0.0444257949
  29   7        0.0059260494        0.0022291911
  29   6       -0.0581277953        0.0594808511
  29   5        0.0278704111       -0.0796859064
  29   4       -0.0669399553        0.0383695901
  29   3        0.0424209276        0.0911484266
  29   2       -0.0314625419       -0.0024858215
  29   1       -0.0723708586       -0.0842692319
  29   0        0.0331503618        0.0000000000
  29  -1        0.0723708586       -0.0842692319
  29  -2       -0.0314625419        0.0024858215
  29  -3       -0.0424209276        0.0911484266
  29  -4       -0.0669399553       -0.0383695901
  29  -5       -0.0278704111       -0.0796859064
  29  -6       -0.0581277953       -0.0594808511
  29  -7       -0.0059260494        0.0022291911
  29  -8        0.0028047907       -0.0444257949
  29  -9        0.0264090129        0.0367534860
  29 -10        0.0264882432        0.0009570676
  29 -11        0.0114541800       -0.0079963697
  29 -12       -0.0155152026        0.0293865098
  29 -13       -0.0288936655        0.0232296667
  29 -14        0.0078972528       -0.0232599374
  29 -15       -0.0171098229        0.0137847758
  29 -16        0.0107069762        0.0001817495
  29 -17       -0.0081335734       -0.0218610128
  29 -18        0.0061634234        0.0168221315
  29 -19        0.0179740290        0.0237900927
  29 -20       -0.0069875554       -0.0318784267
  29 -21        0.0182073089        0.0336722779
  29 -22        0.0379076798        0.0033355126
  29 -23       -0.0010408236       -0.0300951162
  29 -24        0.0132662647       -0.0293216350
  29 -25        0.0190964164        0.0040878122
  29 -26        0.0174262921       -0.0004873675
  29 -27       -0.0343624558       -0.0040808485
  29 -28       -0.0309164295       -0.0065530250
  29 -29       -0.0149393926       -0.0184769512
  30  30       -0.0242094756        0.0311229158
  30  29        0.0212733489       -0.0173004211
  30  28       -0.0269354409        0.0204142613
  30  27        0.0212567483        0.0346638189
  30  26        0.0018279322       -0.0381728273
  30  25       -0.0322248529       -0.0331703527
  30  24        0.0032094862        0.0012896196
  30  23        0.0200954131        0.0275700996
  30  22        0.0032370609        0.0185334774
  30  21        0.0207111375       -0.0136801682
  30  20        0.0146099965        0.0139918343
  30  19        0.0033528097        0.0072964468
  30  18        0.0109301707        0.0094930467
  30  17        0.0293974258        0.0049732540
  30  16        0.0076428998       -0.0091357753
  30  15       -0.0014480876        0.0102970374
  30  14       -0.0009343970        0.0155616652
  30  13       -0.0184835469        0.0434829543
  30  12       -0.0025195403       -0.0202745926
  30  11        0.0077803310       -0.0210873192
  30  10        0.0033626335       -0.0101171480
  30   9       -0.0094210031       -0.0114785105
  30   8        0.0086104367        0.0605771542
  30   7       -0.0094706912       -0.0393133405
  30   6        0.0185207123        0.0357679499
  30   5        0.0247263103       -0.0925313118
  30   4       -0.0176826676       -0.0247770689
  30   3        0.0298977284        0.0573359925
  30   2       -0.0210841199       -0.0007606267
  30   1       -0.0785180720       -0.0187263575
  30   0        0.0684706202        0.0000000000
  30  -1        0.0785180720       -0.0187263575
  30  -2       -0.0210841199        0.0007606267
  30  -3       -0.0298977284        0.0573359925
  30  -4       -0.0176826676        0.0247770689
  30  -5       -0.0247263103       -0.0925313118
  30  -6        0.0185207123       -0.0357679499
  30  -7        0.0094706912       -0.0393133405
  30  -8        0.0086104367       -0.0605771542
  30  -9        0.0094210031       -0.0114785105
  30 -10        0.0033626335        0.0101171480
  30 -11       -0.0077803310       -0.0210873192
  30 -12       -0.0025195403        0.0202745926
  30 -13        0.0184835469        0.0434829543
  30 -14       -0.0009343970       -0.0155616652
  30 -15        0.0014480876        0.0102970374
  30 -16        0.0076428998        0.0091357753
  30 -17       -0.0293974258        0.0049732540
  30 -18        0.0109301707       -0.0094930467
  30 -19       -0.0033528097        0.0072964468
  30 -20        0.0146099965       -0.0139918343
  30 -21       -0.0207111375       -0.0136801682
  30 -22        0.0032370609       -0.0185334774
  30 -23       -0.0200954131        0.0275700996
  30 -24        0.0032094862       -0.0012896196
  30 -25        0.0322248529       -0.0331703527
  30 -26        0.0018279322        0.0381728273
  30 -27       -0.0212567483        0.0346638189
  30 -28       -0.0269354409       -0.0204142613
  30 -29       -0.0212733489       -0.0173004211
  30 -30       -0.0242094756       -0.0311229158
