   0   0       32.8176703607        0.0000000000
   1   1        0.1071379660        0.1785910765
   1   0        0.0658772291        0.0000000000
   1  -1       -0.1071379660        0.1785910765
   2   2        1.9293908578       -1.1123260525
   2   1       -0.1259602850       -0.6466108106
   2   0        4.9403001435        0.0000000000
   2  -1        0.1259602850       -0.6466108106
   2  -2        1.9293908578        1.1123260525
   3   3       -0.9402451468        0.3204900270
   3   2        0.3773272295        0.8102398184
   3   1        0.5606528320       -0.2348139586
   3   0       -0.5413166056        0.0000000000
   3  -1       -0.5606528320       -0.2348139586
   3  -2        0.3773272295       -0.8102398184
   3  -3        0.9402451468        0.3204900270
   4   4        0.0922445237       -0.1252865914
   4   3       -0.1309592240        0.0622191113
   4   2        0.4012579705        0.2200573709
   4   1        0.4311950235       -0.9684076897
   4   0        0.7015902676        0.0000000000
   4  -1       -0.4311950235       -0.9684076897
   4  -2        0.4012579705       -0.2200573709
   4  -3        0.1309592240        0.0622191113
   4  -4        0.0922445237        0.1252865914
   5   5       -0.5032102629        0.1288329848
   5   4        0.3063646932       -0.2318719664
   5   3       -0.4510815677        0.2391238156
   5   2        0.3174739540        0.0660765458
   5   1       -0.1640399151       -0.3175174096
   5   0       -0.3059319066        0.0000000000
   5  -1        0.1640399151       -0.3175174096
   5  -2        0.3174739540       -0.0660765458
   5  -3        0.4510815677        0.2391238156
   5  -4        0.3063646932        0.2318719664
   5  -5        0.5032102629        0.1288329848
   6   6        0.1472334406       -0.0534268731
   6   5        0.0382390085       -0.2794018474
   6   4       -0.0329772522        0.2318514947
   6   3        0.2244265368        0.1654970960
   6   2        0.0830384581        0.0475547307
   6   1        0.1743403381       -0.3839837201
   6   0        0.2657588194        0.0000000000
   6  -1       -0.1743403381       -0.3839837201
   6  -2        0.0830384581       -0.0475547307
   6  -3       -0.2244265368        0.1654970960
   6  -4       -0.0329772522       -0.2318514947
   6  -5       -0.0382390085       -0.2794018474
   6  -6        0.1472334406        0.0534268731
   7   7       -0.1211997798        0.0913960252
   7   6       -0.0664781194       -0.3438797056
   7   5       -0.3861598635        0.1265083318
   7   4        0.2248547173        0.0623746631
   7   3       -0.0782547796       -0.0706209329
   7   2        0.0491338685       -0.1165020651
   7   1       -0.1501255230       -0.2744288200
   7   0       -0.2186259017        0.0000000000
   7  -1        0.1501255230       -0.2744288200
   7  -2        0.0491338685        0.1165020651
   7  -3        0.0782547796       -0.0706209329
   7  -4        0.2248547173       -0.0623746631
   7  -5        0.3861598635        0.1265083318
   7  -6       -0.0664781194        0.3438797056
   7  -7        0.1211997798        0.0913960252
   8   8        0.1645961146       -0.1482086391
   8   7       -0.0957763899       -0.0878739691
   8   6        0.0765873225        0.0828774040
   8   5        0.0366521799       -0.1014225287
   8   4        0.2028414566        0.0597207464
   8   3        0.2606105791       -0.1363390507
   8   2       -0.0935367752        0.0007140737
   8   1        0.0402362088        0.0558954079
   8   0       -0.0272963835        0.0000000000
   8  -1       -0.0402362088        0.0558954079
   8  -2       -0.0935367752       -0.0007140737
   8  -3       -0.2606105791       -0.1363390507
   8  -4        0.2028414566       -0.0597207464
   8  -5       -0.0366521799       -0.1014225287
   8  -6        0.0765873225       -0.0828774040
   8  -7        0.0957763899       -0.0878739691
   8  -8        0.1645961146        0.1482086391
   9   9       -0.0218960083        0.0142833893
   9   8       -0.0908045027        0.0332546763
   9   7       -0.0360690484        0.0628556869
   9   6       -0.0941826203       -0.0176962558
   9   5        0.0435495867        0.0068785358
   9   4        0.0341261780        0.0871024192
   9   3       -0.1086560211       -0.0404674844
   9   2       -0.0846602470        0.0909381530
   9   1       -0.0489032251       -0.0504292376
   9   0       -0.2107753847        0.0000000000
   9  -1        0.0489032251       -0.0504292376
   9  -2       -0.0846602470       -0.0909381530
   9  -3        0.1086560211       -0.0404674844
   9  -4        0.0341261780       -0.0871024192
   9  -5       -0.0435495867        0.0068785358
   9  -6       -0.0941826203        0.0176962558
   9  -7        0.0360690484        0.0628556869
   9  -8       -0.0908045027       -0.0332546763
   9  -9        0.0218960083        0.0142833893
  10  10        0.0475431339       -0.1138515042
  10   9       -0.0030251709        0.1094445827
  10   8        0.0904308414       -0.0558650093
  10   7       -0.0458244610       -0.0335494533
  10   6        0.1253743793       -0.0381250191
  10   5        0.0596545499       -0.0629741187
  10   4        0.0819908684        0.0416567204
  10   3        0.0939182463       -0.0375011174
  10   2       -0.0311351170        0.0079564130
  10   1        0.1474801245       -0.0354518926
  10   0        0.0443489371        0.0000000000
  10  -1       -0.1474801245       -0.0354518926
  10  -2       -0.0311351170       -0.0079564130
  10  -3       -0.0939182463       -0.0375011174
  10  -4        0.0819908684       -0.0416567204
  10  -5       -0.0596545499       -0.0629741187
  10  -6        0.1253743793        0.0381250191
  10  -7        0.0458244610       -0.0335494533
  10  -8        0.0904308414        0.0558650093
  10  -9        0.0030251709        0.1094445827
  10 -10        0.0475431339        0.1138515042
  11  11       -0.0846203163        0.0233336944
  11  10        0.0377109368        0.1108157988
  11   9        0.0027036541       -0.1150181919
  11   8        0.0186792745       -0.0142251640
  11   7       -0.0936600233       -0.0536303126
  11   6       -0.0168141447        0.0999660744
  11   5        0.1253384476       -0.0500869130
  11   4        0.0215022731        0.0547347944
  11   3       -0.0537004158       -0.0306495687
  11   2       -0.0075764858        0.0117378302
  11   1       -0.0189589327        0.0414886133
  11   0       -0.0663085934        0.0000000000
  11  -1        0.0189589327        0.0414886133
  11  -2       -0.0075764858       -0.0117378302
  11  -3        0.0537004158       -0.0306495687
  11  -4        0.0215022731       -0.0547347944
  11  -5       -0.1253384476       -0.0500869130
  11  -6       -0.0168141447       -0.0999660744
  11  -7        0.0936600233       -0.0536303126
  11  -8        0.0186792745        0.0142251640
  11  -9       -0.0027036541       -0.1150181919
  11 -10        0.0377109368       -0.1108157988
  11 -11        0.0846203163        0.0233336944
  12  12        0.0186086516       -0.0275726356
  12  11        0.0520009393        0.0686392083
  12  10        0.0219367461       -0.1117631073
  12   9       -0.0326078274        0.0422175335
  12   8        0.0350358495       -0.0220882791
  12   7       -0.0406974290        0.0761200339
  12   6        0.0594615459        0.0070087457
  12   5        0.0258356649       -0.0548702558
  12   4       -0.0135712041        0.0281859083
  12   3       -0.0075469041       -0.0175657458
  12   2       -0.0404580148        0.0222458712
  12   1        0.0012665206        0.0178097008
  12   0        0.0130385597        0.0000000000
  12  -1       -0.0012665206        0.0178097008
  12  -2       -0.0404580148       -0.0222458712
  12  -3        0.0075469041       -0.0175657458
  12  -4       -0.0135712041       -0.0281859083
  12  -5       -0.0258356649       -0.0548702558
  12  -6        0.0594615459       -0.0070087457
  12  -7        0.0406974290        0.0761200339
  12  -8        0.0350358495        0.0220882791
  12  -9        0.0326078274        0.0422175335
  12 -10        0.0219367461        0.1117631073
  12 -11       -0.0520009393        0.0686392083
  12 -12        0.0186086516        0.0275726356
  13  13       -0.0339619656        0.0572727476
  13  12        0.0467526231       -0.0048769560
  13  11        0.0104604055       -0.0124122054
  13  10       -0.0167303864       -0.0091086951
  13   9       -0.0560048038       -0.0269679445
  13   8        0.0149291224        0.0876105970
  13   7        0.0065577440       -0.0398019764
  13   6       -0.0510490347       -0.0449811714
  13   5        0.0639206660       -0.0145235606
  13   4       -0.0273714775       -0.0134742643
  13   3        0.0608583180        0.0030097532
  13   2        0.0573495909       -0.0211674942
  13   1        0.0004838743        0.0411492645
  13   0        0.0179531128        0.0000000000
  13  -1       -0.0004838743        0.0411492645
  13  -2        0.0573495909        0.0211674942
  13  -3       -0.0608583180        0.0030097532
  13  -4       -0.0273714775        0.0134742643
  13  -5       -0.0639206660       -0.0145235606
  13  -6       -0.0510490347        0.0449811714
  13  -7       -0.0065577440       -0.0398019764
  13  -8        0.0149291224       -0.0876105970
  13  -9        0.0560048038       -0.0269679445
  13 -10       -0.0167303864        0.0091086951
  13 -11       -0.0104604055       -0.0124122054
  13 -12        0.0467526231        0.0048769560
  13 -13        0.0339619656        0.0572727476
  14  14        0.0002332367       -0.0101870338
  14  13        0.0001603161       -0.0703295950
  14  12        0.0222576718       -0.0053219261
  14  11        0.0284350810        0.0205957481
  14  10       -0.0004490676       -0.0038584760
  14   9        0.0275461020       -0.0907752957
  14   8       -0.0080330943        0.0220144594
  14   7       -0.0089437083       -0.0080553476
  14   6        0.0631599816        0.0133932043
  14   5       -0.0786674001        0.0097824788
  14   4        0.0359665387       -0.0009326960
  14   3        0.0567179992       -0.0108707851
  14   2        0.0188964358       -0.0433731302
  14   1        0.0193940052        0.0367844250
  14   0       -0.0480032465        0.0000000000
  14  -1       -0.0193940052        0.0367844250
  14  -2        0.0188964358        0.0433731302
  14  -3       -0.0567179992       -0.0108707851
  14  -4        0.0359665387        0.0009326960
  14  -5        0.0786674001        0.0097824788
  14  -6        0.0631599816       -0.0133932043
  14  -7        0.0089437083       -0.0080553476
  14  -8       -0.0080330943       -0.0220144594
  14  -9       -0.0275461020       -0.0907752957
  14 -10       -0.0004490676        0.0038584760
  14 -11       -0.0284350810        0.0205957481
  14 -12        0.0222576718        0.0053219261
  14 -13       -0.0001603161       -0.0703295950
  14 -14        0.0002332367        0.0101870338
  15  15       -0.0408561005        0.0441460422
  15  14       -0.0296396264       -0.0570143314
  15  13       -0.0064473729        0.0450854543
  15  12        0.0072456839       -0.0021974378
  15  11       -0.0111518897       -0.0151345804
  15  10        0.0152425575       -0.0718825362
  15   9       -0.0495044757       -0.0128175407
  15   8       -0.0076347048        0.0381900395
  15   7        0.0524887776       -0.0252550605
  15   6       -0.0171526756       -0.0333970821
  15   5        0.0330274470       -0.0143066141
  15   4       -0.0441772242        0.0016752753
  15   3        0.0252024919       -0.0069963470
  15   2       -0.0258863911        0.0136453719
  15   1       -0.0441183107        0.0268531119
  15   0        0.0274583700        0.0000000000
  15  -1        0.0441183107        0.0268531119
  15  -2       -0.0258863911       -0.0136453719
  15  -3       -0.0252024919       -0.0069963470
  15  -4       -0.0441772242       -0.0016752753
  15  -5       -0.0330274470       -0.0143066141
  15  -6       -0.0171526756        0.0333970821
  15  -7       -0.0524887776       -0.0252550605
  15  -8       -0.0076347048       -0.0381900395
  15  -9        0.0495044757       -0.0128175407
  15 -10        0.0152425575        0.0718825362
  15 -11        0.0111518897       -0.0151345804
  15 -12        0.0072456839        0.0021974378
  15 -13        0.0064473729        0.0450854543
  15 -14       -0.0296396264        0.0570143314
  15 -15        0.0408561005        0.0441460422
  16  16       -0.0057648351       -0.0238368970
  16  15        0.0306386113       -0.0158510090
  16  14        0.0189165213        0.0406569800
  16  13        0.0149098181        0.0090689535
  16  12        0.0007281937        0.0017124264
  16  11       -0.0192377378       -0.0470019592
  16  10       -0.0460680246        0.0688683656
  16   9        0.0045666158       -0.0260664337
  16   8        0.0469801423        0.0115061073
  16   7        0.0174315799       -0.0367074087
  16   6       -0.0337008998       -0.0163882221
  16   5       -0.0074110655        0.0198932814
  16   4        0.0063118813       -0.0087075203
  16   3        0.0618473614       -0.0187416041
  16   2       -0.0028125685        0.0661038171
  16   1        0.0379032316        0.0263583757
  16   0        0.0059846436        0.0000000000
  16  -1       -0.0379032316        0.0263583757
  16  -2       -0.0028125685       -0.0661038171
  16  -3       -0.0618473614       -0.0187416041
  16  -4        0.0063118813        0.0087075203
  16  -5        0.0074110655        0.0198932814
  16  -6       -0.0337008998        0.0163882221
  16  -7       -0.0174315799       -0.0367074087
  16  -8        0.0469801423       -0.0115061073
  16  -9       -0.0045666158       -0.0260664337
  16 -10       -0.0460680246       -0.0688683656
  16 -11        0.0192377378       -0.0470019592
  16 -12        0.0007281937       -0.0017124264
  16 -13       -0.0149098181        0.0090689535
  16 -14        0.0189165213       -0.0406569800
  16 -15       -0.0306386113       -0.0158510090
  16 -16       -0.0057648351        0.0238368970
  17  17       -0.0072292094       -0.0373684068
  17  16        0.0526479696        0.0098708843
  17  15        0.0206486980        0.0207824906
  17  14        0.0054634798       -0.0072641473
  17  13       -0.0156635136        0.0110340306
  17  12       -0.0491414558        0.0301270848
  17  11       -0.0078342980       -0.0092580193
  17  10        0.0231353693       -0.0253530303
  17   9        0.0300680684       -0.0101556506
  17   8        0.0171513785       -0.0173342439
  17   7       -0.0360528320       -0.0034050260
  17   6        0.0142101842        0.0087176521
  17   5        0.0097421966        0.0087386145
  17   4        0.0008678877       -0.0170820472
  17   3        0.0075532007        0.0240365390
  17   2        0.0247246722       -0.0229212874
  17   1        0.0143657634       -0.0028866254
  17   0        0.0039350355        0.0000000000
  17  -1       -0.0143657634       -0.0028866254
  17  -2        0.0247246722        0.0229212874
  17  -3       -0.0075532007        0.0240365390
  17  -4        0.0008678877        0.0170820472
  17  -5       -0.0097421966        0.0087386145
  17  -6        0.0142101842       -0.0087176521
  17  -7        0.0360528320       -0.0034050260
  17  -8        0.0171513785        0.0173342439
  17  -9       -0.0300680684       -0.0101556506
  17 -10        0.0231353693        0.0253530303
  17 -11        0.0078342980       -0.0092580193
  17 -12       -0.0491414558       -0.0301270848
  17 -13        0.0156635136        0.0110340306
  17 -14        0.0054634798        0.0072641473
  17 -15       -0.0206486980        0.0207824906
  17 -16        0.0526479696       -0.0098708843
  17 -17        0.0072292094       -0.0373684068
  18  18       -0.0021144514       -0.0216284908
  18  17       -0.0073557490        0.0329431981
  18  16        0.0338300555       -0.0545451626
  18  15       -0.0017094734       -0.0003686364
  18  14        0.0489994722       -0.0222161216
  18  13       -0.0265018137       -0.0313956191
  18  12        0.0768048996        0.0102606993
  18  11        0.0286633335        0.0089780400
  18  10        0.0108132143        0.0271080726
  18   9       -0.0222175628       -0.0049264103
  18   8       -0.0138904547        0.0209150633
  18   7        0.0250253272        0.0103545576
  18   6        0.0280329585       -0.0122635833
  18   5        0.0114818148       -0.0304376600
  18   4        0.0169989338       -0.0045463953
  18   3        0.0161732744        0.0163379035
  18   2        0.0357530852       -0.0068591920
  18   1        0.0204406176        0.0027906592
  18   0       -0.0153328332        0.0000000000
  18  -1       -0.0204406176        0.0027906592
  18  -2        0.0357530852        0.0068591920
  18  -3       -0.0161732744        0.0163379035
  18  -4        0.0169989338        0.0045463953
  18  -5       -0.0114818148       -0.0304376600
  18  -6        0.0280329585        0.0122635833
  18  -7       -0.0250253272        0.0103545576
  18  -8       -0.0138904547       -0.0209150633
  18  -9        0.0222175628       -0.0049264103
  18 -10        0.0108132143       -0.0271080726
  18 -11       -0.0286633335        0.0089780400
  18 -12        0.0768048996       -0.0102606993
  18 -13        0.0265018137       -0.0313956191
  18 -14        0.0489994722        0.0222161216
  18 -15        0.0017094734       -0.0003686364
  18 -16        0.0338300555        0.0545451626
  18 -17        0.0073557490        0.0329431981
  18 -18       -0.0021144514        0.0216284908
  19  19        0.0172900830        0.0081867150
  19  18        0.0236264913        0.0073764677
  19  17       -0.0140533267       -0.0319617253
  19  16       -0.0156498591       -0.0190849602
  19  15       -0.0031130662       -0.0374950555
  19  14       -0.0086304063       -0.0041808533
  19  13        0.0306311838        0.0143304020
  19  12        0.0044935825        0.0043886382
  19  11       -0.0565787994       -0.0352880818
  19  10       -0.0181882947        0.0525856366
  19   9        0.0084365247        0.0160240283
  19   8        0.0084674943        0.0126128836
  19   7        0.0128059200       -0.0213038861
  19   6       -0.0043147611       -0.0247869843
  19   5        0.0031400359        0.0007980211
  19   4       -0.0688667861        0.0062576322
  19   3       -0.0242345185        0.0136256462
  19   2        0.0270166052        0.0038722389
  19   1       -0.0179639437       -0.0375889571
  19   0        0.0187888492        0.0000000000
  19  -1        0.0179639437       -0.0375889571
  19  -2        0.0270166052       -0.0038722389
  19  -3        0.0242345185        0.0136256462
  19  -4       -0.0688667861       -0.0062576322
  19  -5       -0.0031400359        0.0007980211
  19  -6       -0.0043147611        0.0247869843
  19  -7       -0.0128059200       -0.0213038861
  19  -8        0.0084674943       -0.0126128836
  19  -9       -0.0084365247        0.0160240283
  19 -10       -0.0181882947       -0.0525856366
  19 -11        0.0565787994       -0.0352880818
  19 -12        0.0044935825       -0.0043886382
  19 -13       -0.0306311838        0.0143304020
  19 -14       -0.0086304063        0.0041808533
  19 -15        0.0031130662       -0.0374950555
  19 -16       -0.0156498591        0.0190849602
  19 -17        0.0140533267       -0.0319617253
  19 -18        0.0236264913       -0.0073764677
  19 -19       -0.0172900830        0.0081867150
  20  20       -0.0117552160       -0.0327861955
  20  19        0.0302879658       -0.0197706631
  20  18        0.0763926280       -0.0112311087
  20  17       -0.0121866050        0.0028049256
  20  16       -0.0502951844       -0.0160087126
  20  15        0.0386118479        0.0233611086
  20  14        0.0017115155       -0.0115869799
  20  13        0.0067815618       -0.0118659307
  20  12       -0.0116151301        0.0006715772
  20  11       -0.0167556908       -0.0029626290
  20  10        0.0336564871        0.0351405918
  20   9        0.0354389896        0.0007496579
  20   8        0.0045439667       -0.0037732284
  20   7        0.0109284699       -0.0177349922
  20   6        0.0064893915       -0.0499634583
  20   5       -0.0192658844       -0.0017651149
  20   4       -0.0167631141       -0.0170943070
  20   3        0.0112429893        0.0056973078
  20   2        0.0279414804       -0.0180764001
  20   1       -0.0280264319       -0.0202052906
  20   0        0.0087930428        0.0000000000
  20  -1        0.0280264319       -0.0202052906
  20  -2        0.0279414804        0.0180764001
  20  -3       -0.0112429893        0.0056973078
  20  -4       -0.0167631141        0.0170943070
  20  -5        0.0192658844       -0.0017651149
  20  -6        0.0064893915        0.0499634583
  20  -7       -0.0109284699       -0.0177349922
  20  -8        0.0045439667        0.0037732284
  20  -9       -0.0354389896        0.0007496579
  20 -10        0.0336564871       -0.0351405918
  20 -11        0.0167556908       -0.0029626290
  20 -12       -0.0116151301       -0.0006715772
  20 -13       -0.0067815618       -0.0118659307
  20 -14        0.0017115155        0.0115869799
  20 -15       -0.0386118479        0.0233611086
  20 -16       -0.0502951844        0.0160087126
  20 -17        0.0121866050        0.0028049256
  20 -18        0.0763926280        0.0112311087
  20 -19       -0.0302879658       -0.0197706631
  20 -20       -0.0117552160        0.0327861955
  21  21       -0.0148624138        0.0404931066
  21  20       -0.0449158778        0.0033701373
  21  19       -0.0097694231       -0.0130844503
  21  18       -0.0304545519       -0.0119547683
  21  17       -0.0386733962       -0.0133715584
  21  16        0.0053191833        0.0171442902
  21  15        0.0078331709        0.0045160190
  21  14        0.0080162915       -0.0174643027
  21  13        0.0106911432        0.0046297875
  21  12        0.0007834394        0.0098310824
  21  11        0.0112563904       -0.0041447814
  21  10       -0.0220780588       -0.0160235981
  21   9       -0.0270821199        0.0008224241
  21   8       -0.0262709112       -0.0020989411
  21   7        0.0030201705        0.0004528302
  21   6       -0.0229595400        0.0013616681
  21   5        0.0001492748        0.0057710447
  21   4       -0.0137009401       -0.0070639249
  21   3        0.0148665743       -0.0224300695
  21   2       -0.0250441331        0.0010817605
  21   1       -0.0076853748        0.0102301067
  21   0       -0.0129029989        0.0000000000
  21  -1        0.0076853748        0.0102301067
  21  -2       -0.0250441331       -0.0010817605
  21  -3       -0.0148665743       -0.0224300695
  21  -4       -0.0137009401        0.0070639249
  21  -5       -0.0001492748        0.0057710447
  21  -6       -0.0229595400       -0.0013616681
  21  -7       -0.0030201705        0.0004528302
  21  -8       -0.0262709112        0.0020989411
  21  -9        0.0270821199        0.0008224241
  21 -10       -0.0220780588        0.0160235981
  21 -11       -0.0112563904       -0.0041447814
  21 -12        0.0007834394       -0.0098310824
  21 -13       -0.0106911432        0.0046297875
  21 -14        0.0080162915        0.0174643027
  21 -15       -0.0078331709        0.0045160190
  21 -16        0.0053191833       -0.0171442902
  21 -17        0.0386733962       -0.0133715584
  21 -18       -0.0304545519        0.0119547683
  21 -19        0.0097694231       -0.0130844503
  21 -20       -0.0449158778       -0.0033701373
  21 -21        0.0148624138        0.0404931066
  22  22       -0.0136419744        0.0166152997
  22  21        0.0433975801        0.0127802219
  22  20        0.0072889177        0.0040316567
  22  19        0.0154306123       -0.0028264404
  22  18       -0.0064780548        0.0152849033
  22  17        0.0164866334        0.0074767178
  22  16       -0.0234898158       -0.0268155890
  22  15       -0.0355880471       -0.0039710566
  22  14        0.0059308592        0.0018517415
  22  13       -0.0026485518        0.0092626168
  22  12       -0.0052361672       -0.0069416957
  22  11       -0.0142801725       -0.0325469042
  22  10        0.0198716983       -0.0012927144
  22   9       -0.0030206643        0.0156418622
  22   8        0.0073345965        0.0050844384
  22   7        0.0092745677        0.0227693585
  22   6        0.0109549210        0.0002392767
  22   5       -0.0035368920       -0.0128814271
  22   4       -0.0002842412       -0.0659445781
  22   3       -0.0380965996       -0.0123904188
  22   2        0.0122402256        0.0162692836
  22   1        0.0038271121       -0.0218613714
  22   0       -0.0071312760        0.0000000000
  22  -1       -0.0038271121       -0.0218613714
  22  -2        0.0122402256       -0.0162692836
  22  -3        0.0380965996       -0.0123904188
  22  -4       -0.0002842412        0.0659445781
  22  -5        0.0035368920       -0.0128814271
  22  -6        0.0109549210       -0.0002392767
  22  -7       -0.0092745677        0.0227693585
  22  -8        0.0073345965       -0.0050844384
  22  -9        0.0030206643        0.0156418622
  22 -10        0.0198716983        0.0012927144
  22 -11        0.0142801725       -0.0325469042
  22 -12       -0.0052361672        0.0069416957
  22 -13        0.0026485518        0.0092626168
  22 -14        0.0059308592       -0.0018517415
  22 -15        0.0355880471       -0.0039710566
  22 -16       -0.0234898158        0.0268155890
  22 -17       -0.0164866334        0.0074767178
  22 -18       -0.0064780548       -0.0152849033
  22 -19       -0.0154306123       -0.0028264404
  22 -20        0.0072889177       -0.0040316567
  22 -21       -0.0433975801        0.0127802219
  22 -22       -0.0136419744       -0.0166152997
  23  23       -0.0189833887        0.0178992246
  23  22       -0.0180566995        0.0045787310
  23  21        0.0233514767        0.0078651654
  23  20       -0.0245418857        0.0101945200
  23  19       -0.0179825381       -0.0093160444
  23  18       -0.0164837054        0.0087478841
  23  17       -0.0120141522        0.0118530309
  23  16        0.0465266890        0.0213419285
  23  15       -0.0230407128        0.0256253336
  23  14       -0.0127554494       -0.0135684567
  23  13       -0.0172249207       -0.0158992438
  23  12       -0.0013954126        0.0188632456
  23  11        0.0116163391        0.0103647746
  23  10        0.0094899978        0.0310267954
  23   9        0.0112565692       -0.0248909153
  23   8        0.0116547274       -0.0340123002
  23   7       -0.0112623556       -0.0060265362
  23   6       -0.0332554618       -0.0069157719
  23   5        0.0206975858       -0.0191867877
  23   4       -0.0139117214       -0.0044993095
  23   3       -0.0130572065        0.0007299197
  23   2       -0.0333384432       -0.0029976859
  23   1        0.0156458213       -0.0400070182
  23   0       -0.0179512487        0.0000000000
  23  -1       -0.0156458213       -0.0400070182
  23  -2       -0.0333384432        0.0029976859
  23  -3        0.0130572065        0.0007299197
  23  -4       -0.0139117214        0.0044993095
  23  -5       -0.0206975858       -0.0191867877
  23  -6       -0.0332554618        0.0069157719
  23  -7        0.0112623556       -0.0060265362
  23  -8        0.0116547274        0.0340123002
  23  -9       -0.0112565692       -0.0248909153
  23 -10        0.0094899978       -0.0310267954
  23 -11       -0.0116163391        0.0103647746
  23 -12       -0.0013954126       -0.0188632456
  23 -13        0.0172249207       -0.0158992438
  23 -14       -0.0127554494        0.0135684567
  23 -15        0.0230407128        0.0256253336
  23 -16        0.0465266890       -0.0213419285
  23 -17        0.0120141522        0.0118530309
  23 -18       -0.0164837054       -0.0087478841
  23 -19        0.0179825381       -0.0093160444
  23 -20       -0.0245418857       -0.0101945200
  23 -21       -0.0233514767        0.0078651654
  23 -22       -0.0180566995       -0.0045787310
  23 -23        0.0189833887        0.0178992246
  24  24       -0.0362244078        0.0086542753
  24  23        0.0022730503        0.0241499652
  24  22       -0.0197061697       -0.0033905552
  24  21       -0.0003074556        0.0156945256
  24  20       -0.0065930096        0.0070941229
  24  19        0.0030320087       -0.0276901174
  24  18        0.0232929638        0.0057806410
  24  17        0.0076758547       -0.0071904533
  24  16       -0.0213934912        0.0120939908
  24  15       -0.0147278216       -0.0307335458
  24  14       -0.0119121975       -0.0303706976
  24  13       -0.0185845071       -0.0168818262
  24  12        0.0053502865        0.0124163054
  24  11        0.0239662952        0.0183057664
  24  10        0.0106717901       -0.0323762236
  24   9       -0.0195140069        0.0011675115
  24   8       -0.0124725529        0.0166292525
  24   7        0.0174009129        0.0088608352
  24   6       -0.0016110636       -0.0209847984
  24   5       -0.0019170825       -0.0080622388
  24   4        0.0158845959        0.0142152889
  24   3       -0.0128311425        0.0175655782
  24   2       -0.0203184333        0.0081783058
  24   1        0.0064153009       -0.0104931953
  24   0       -0.0371273199        0.0000000000
  24  -1       -0.0064153009       -0.0104931953
  24  -2       -0.0203184333       -0.0081783058
  24  -3        0.0128311425        0.0175655782
  24  -4        0.0158845959       -0.0142152889
  24  -5        0.0019170825       -0.0080622388
  24  -6       -0.0016110636        0.0209847984
  24  -7       -0.0174009129        0.0088608352
  24  -8       -0.0124725529       -0.0166292525
  24  -9        0.0195140069        0.0011675115
  24 -10        0.0106717901        0.0323762236
  24 -11       -0.0239662952        0.0183057664
  24 -12        0.0053502865       -0.0124163054
  24 -13        0.0185845071       -0.0168818262
  24 -14       -0.0119121975        0.0303706976
  24 -15        0.0147278216       -0.0307335458
  24 -16       -0.0213934912       -0.0120939908
  24 -17       -0.0076758547       -0.0071904533
  24 -18        0.0232929638       -0.0057806410
  24 -19       -0.0030320087       -0.0276901174
  24 -20       -0.0065930096       -0.0070941229
  24 -21        0.0003074556        0.0156945256
  24 -22       -0.0197061697        0.0033905552
  24 -23       -0.0022730503        0.0241499652
  24 -24       -0.0362244078       -0.0086542753
  25  25       -0.0296355859        0.0019825920
  25  24        0.0661471475        0.0055957979
  25  23        0.0022218417        0.0377978082
  25  22        0.0208357089       -0.0326376700
  25  21        0.0267646519        0.0118534745
  25  20        0.0035269678       -0.0031710465
  25  19       -0.0073388487        0.0170998745
  25  18       -0.0023637841        0.0278097750
  25  17        0.0015543642       -0.0089975559
  25  16       -0.0117871761       -0.0031622198
  25  15       -0.0222358516        0.0422529564
  25  14       -0.0112268077        0.0194486517
  25  13       -0.0085002875        0.0052147999
  25  12       -0.0023788146        0.0177658934
  25  11        0.0113688457        0.0097457886
  25  10       -0.0107841925        0.0145812583
  25   9        0.0268655987        0.0112448216
  25   8        0.0049539219       -0.0041766247
  25   7       -0.0099348333        0.0252168956
  25   6        0.0015524177       -0.0156490950
  25   5        0.0129478188        0.0067906930
  25   4       -0.0490182937       -0.0086971829
  25   3        0.0122393496        0.0212489372
  25   2        0.0093508263       -0.0089764713
  25   1        0.0095945627       -0.0020954736
  25   0        0.0004990163        0.0000000000
  25  -1       -0.0095945627       -0.0020954736
  25  -2        0.0093508263        0.0089764713
  25  -3       -0.0122393496        0.0212489372
  25  -4       -0.0490182937        0.0086971829
  25  -5       -0.0129478188        0.0067906930
  25  -6        0.0015524177        0.0156490950
  25  -7        0.0099348333        0.0252168956
  25  -8        0.0049539219        0.0041766247
  25  -9       -0.0268655987        0.0112448216
  25 -10       -0.0107841925       -0.0145812583
  25 -11       -0.0113688457        0.0097457886
  25 -12       -0.0023788146       -0.0177658934
  25 -13        0.0085002875        0.0052147999
  25 -14       -0.0112268077       -0.0194486517
  25 -15        0.0222358516        0.0422529564
  25 -16       -0.0117871761        0.0031622198
  25 -17       -0.0015543642       -0.0089975559
  25 -18       -0.0023637841       -0.0278097750
  25 -19        0.0073388487        0.0170998745
  25 -20        0.0035269678        0.0031710465
  25 -21       -0.0267646519        0.0118534745
  25 -22        0.0208357089        0.0326376700
  25 -23       -0.0022218417        0.0377978082
  25 -24        0.0661471475       -0.0055957979
  25 -25        0.0296355859        0.0019825920
  26  26        0.0005990024        0.0061692984
  26  25       -0.0216695158       -0.0032740501
  26  24        0.0082506798       -0.0328372297
  26  23       -0.0204215619       -0.0061511344
  26  22       -0.0015456867       -0.0095130490
  26  21        0.0205689650        0.0000080435
  26  20        0.0056112376       -0.0295021575
  26  19        0.0169108831        0.0111898034
  26  18       -0.0075970395        0.0012242846
  26  17       -0.0163038021       -0.0126927550
  26  16        0.0320339473       -0.0061854643
  26  15       -0.0031100150       -0.0003983607
  26  14        0.0087193094       -0.0040191944
  26  13        0.0074715147       -0.0131871899
  26  12        0.0364976064        0.0037296481
  26  11        0.0289981987        0.0184774921
  26  10        0.0109746570        0.0074722940
  26   9        0.0181810493       -0.0115165021
  26   8        0.0054040093        0.0165427951
  26   7        0.0071435352       -0.0363098065
  26   6       -0.0139515821       -0.0117777060
  26   5       -0.0090365508        0.0148484864
  26   4       -0.0070512746        0.0220701189
  26   3        0.0299062774        0.0157781055
  26   2       -0.0096579001        0.0179780367
  26   1       -0.0006612682        0.0336604868
  26   0       -0.0303692790        0.0000000000
  26  -1        0.0006612682        0.0336604868
  26  -2       -0.0096579001       -0.0179780367
  26  -3       -0.0299062774        0.0157781055
  26  -4       -0.0070512746       -0.0220701189
  26  -5        0.0090365508        0.0148484864
  26  -6       -0.0139515821        0.0117777060
  26  -7       -0.0071435352       -0.0363098065
  26  -8        0.0054040093       -0.0165427951
  26  -9       -0.0181810493       -0.0115165021
  26 -10        0.0109746570       -0.0074722940
  26 -11       -0.0289981987        0.0184774921
  26 -12        0.0364976064       -0.0037296481
  26 -13       -0.0074715147       -0.0131871899
  26 -14        0.0087193094        0.0040191944
  26 -15        0.0031100150       -0.0003983607
  26 -16        0.0320339473        0.0061854643
  26 -17        0.0163038021       -0.0126927550
  26 -18       -0.0075970395       -0.0012242846
  26 -19       -0.0169108831        0.0111898034
  26 -20        0.0056112376        0.0295021575
  26 -21       -0.0205689650        0.0000080435
  26 -22       -0.0015456867        0.0095130490
  26 -23        0.0204215619       -0.0061511344
  26 -24        0.0082506798        0.0328372297
  26 -25        0.0216695158       -0.0032740501
  26 -26        0.0005990024       -0.0061692984
  27  27        0.0130865659        0.0073931783
  27  26        0.0005149187       -0.0064487134
  27  25       -0.0071573418        0.0024608049
  27  24        0.0109951029       -0.0036265329
  27  23       -0.0164747421        0.0113644771
  27  22        0.0287761844       -0.0091483887
  27  21        0.0330862977       -0.0240622016
  27  20       -0.0293254101       -0.0179306749
  27  19       -0.0038376040        0.0106169754
  27  18        0.0019811089        0.0161885210
  27  17        0.0173902490       -0.0012512858
  27  16        0.0152758435        0.0017444002
  27  15        0.0278351674       -0.0332946693
  27  14       -0.0112819997        0.0243129874
  27  13       -0.0343135900       -0.0067432630
  27  12       -0.0024783330        0.0047837418
  27  11        0.0001825414        0.0106459806
  27  10       -0.0270558251        0.0026177140
  27   9       -0.0112226542       -0.0187199968
  27   8       -0.0148802298        0.0264867249
  27   7        0.0130882926       -0.0017596084
  27   6        0.0081127982       -0.0065147046
  27   5       -0.0038796352        0.0326317903
  27   4        0.0032077685       -0.0029753325
  27   3        0.0142217142       -0.0030855390
  27   2        0.0131545663        0.0055240796
  27   1        0.0035086519        0.0065688455
  27   0        0.0031888407        0.0000000000
  27  -1       -0.0035086519        0.0065688455
  27  -2        0.0131545663       -0.0055240796
  27  -3       -0.0142217142       -0.0030855390
  27  -4        0.0032077685        0.0029753325
  27  -5        0.0038796352        0.0326317903
  27  -6        0.0081127982        0.0065147046
  27  -7       -0.0130882926       -0.0017596084
  27  -8       -0.0148802298       -0.0264867249
  27  -9        0.0112226542       -0.0187199968
  27 -10       -0.0270558251       -0.0026177140
  27 -11       -0.0001825414        0.0106459806
  27 -12       -0.0024783330       -0.0047837418
  27 -13        0.0343135900       -0.0067432630
  27 -14       -0.0112819997       -0.0243129874
  27 -15       -0.0278351674       -0.0332946693
  27 -16        0.0152758435       -0.0017444002
  27 -17       -0.0173902490       -0.0012512858
  27 -18        0.0019811089       -0.0161885210
  27 -19        0.0038376040        0.0106169754
  27 -20       -0.0293254101        0.0179306749
  27 -21       -0.0330862977       -0.0240622016
  27 -22        0.0287761844        0.0091483887
  27 -23        0.0164747421        0.0113644771
  27 -24        0.0109951029        0.0036265329
  27 -25        0.0071573418        0.0024608049
  27 -26        0.0005149187        0.0064487134
  27 -27       -0.0130865659        0.0073931783
  28  28       -0.0000195357       -0.0120201411
  28  27       -0.0011176738       -0.0169382821
  28  26        0.0157265756       -0.0207175664
  28  25        0.0049626993       -0.0209917070
  28  24       -0.0106814622       -0.0141720468
  28  23        0.0241625899        0.0003975776
  28  22       -0.0050346279       -0.0254281286
  28  21       -0.0456028408       -0.0191230867
  28  20        0.0131071899        0.0103133744
  28  19        0.0028743246        0.0054719509
  28  18        0.0000186271       -0.0003057862
  28  17        0.0058768733       -0.0315552795
  28  16       -0.0184516383       -0.0108208844
  28  15       -0.0199311441       -0.0094709057
  28  14       -0.0123155330        0.0472848480
  28  13        0.0075190624        0.0044005713
  28  12        0.0155638016        0.0104765285
  28  11        0.0201586460       -0.0003193330
  28  10        0.0231894921       -0.0184305969
  28   9        0.0063977841       -0.0085398470
  28   8       -0.0005246023       -0.0005528019
  28   7        0.0078201519       -0.0159838445
  28   6        0.0175641010        0.0030533448
  28   5        0.0181910225       -0.0038435682
  28   4       -0.0143924395       -0.0310546772
  28   3       -0.0085126783        0.0206867526
  28   2        0.0112055712        0.0209676778
  28   1        0.0013419539        0.0170893548
  28   0       -0.0049065295        0.0000000000
  28  -1       -0.0013419539        0.0170893548
  28  -2        0.0112055712       -0.0209676778
  28  -3        0.0085126783        0.0206867526
  28  -4       -0.0143924395        0.0310546772
  28  -5       -0.0181910225       -0.0038435682
  28  -6        0.0175641010       -0.0030533448
  28  -7       -0.0078201519       -0.0159838445
  28  -8       -0.0005246023        0.0005528019
  28  -9       -0.0063977841       -0.0085398470
  28 -10        0.0231894921        0.0184305969
  28 -11       -0.0201586460       -0.0003193330
  28 -12        0.0155638016       -0.0104765285
  28 -13       -0.0075190624        0.0044005713
  28 -14       -0.0123155330       -0.0472848480
  28 -15        0.0199311441       -0.0094709057
  28 -16       -0.0184516383        0.0108208844
  28 -17       -0.0058768733       -0.0315552795
  28 -18        0.0000186271        0.0003057862
  28 -19       -0.0028743246        0.0054719509
  28 -20        0.0131071899       -0.0103133744
  28 -21        0.0456028408       -0.0191230867
  28 -22       -0.0050346279        0.0254281286
  28 -23       -0.0241625899        0.0003975776
  28 -24       -0.0106814622        0.0141720468
  28 -25       -0.0049626993       -0.0209917070
  28 -26        0.0157265756        0.0207175664
  28 -27        0.0011176738       -0.0169382821
  28 -28       -0.0000195357        0.0120201411
  29  29        0.0150567053        0.0221859060
  29  28       -0.0516240595       -0.0261172190
  29  27       -0.0108750805        0.0134853081
  29  26       -0.0203604912        0.0255903397
  29  25        0.0004133496        0.0143457615
  29  24       -0.0101640477        0.0279433609
  29  23       -0.0177123612       -0.0056388958
  29  22       -0.0283151176        0.0259505709
  29  21       -0.0155435257        0.0170559412
  29  20        0.0031837951       -0.0095574175
  29  19        0.0041055792        0.0060246684
  29  18        0.0135061887        0.0161184878
  29  17        0.0131217139       -0.0053986379
  29  16        0.0137735221        0.0159353141
  29  15        0.0102251368       -0.0192124885
  29  14       -0.0033695386        0.0181785612
  29  13       -0.0163186879        0.0124485975
  29  12        0.0012354375       -0.0105634753
  29  11       -0.0241593226       -0.0052240765
  29  10        0.0063858900        0.0031719753
  29   9        0.0076287097        0.0067250679
  29   8       -0.0120354883        0.0309659240
  29   7       -0.0154692264       -0.0093509789
  29   6        0.0131964552        0.0326708229
  29   5       -0.0087074408        0.0100023943
  29   4        0.0058757518        0.0070178900
  29   3        0.0059407808       -0.0113705239
  29   2       -0.0474904178        0.0350399628
  29   1        0.0118373215        0.0061604731
  29   0        0.0196218888        0.0000000000
  29  -1       -0.0118373215        0.0061604731
  29  -2       -0.0474904178       -0.0350399628
  29  -3       -0.0059407808       -0.0113705239
  29  -4        0.0058757518       -0.0070178900
  29  -5        0.0087074408        0.0100023943
  29  -6        0.0131964552       -0.0326708229
  29  -7        0.0154692264       -0.0093509789
  29  -8       -0.0120354883       -0.0309659240
  29  -9       -0.0076287097        0.0067250679
  29 -10        0.0063858900       -0.0031719753
  29 -11        0.0241593226       -0.0052240765
  29 -12        0.0012354375        0.0105634753
  29 -13        0.0163186879        0.0124485975
  29 -14       -0.0033695386       -0.0181785612
  29 -15       -0.0102251368       -0.0192124885
  29 -16        0.0137735221       -0.0159353141
  29 -17       -0.0131217139       -0.0053986379
  29 -18        0.0135061887       -0.0161184878
  29 -19       -0.0041055792        0.0060246684
  29 -20        0.0031837951        0.0095574175
  29 -21        0.0155435257        0.0170559412
  29 -22       -0.0283151176       -0.0259505709
  29 -23        0.0177123612       -0.0056388958
  29 -24       -0.0101640477       -0.0279433609
  29 -25       -0.0004133496        0.0143457615
  29 -26       -0.0203604912       -0.0255903397
  29 -27        0.0108750805        0.0134853081
  29 -28       -0.0516240595        0.0261172190
  29 -29       -0.0150567053        0.0221859060
  30  30        0.0033147359       -0.0311718305
  30  29        0.0073240146       -0.0046794765
  30  28        0.0007977907        0.0198261827
  30  27        0.0358012156        0.0062337468
  30  26        0.0077762514       -0.0000473998
  30  25        0.0190108517       -0.0167628918
  30  24        0.0048873610        0.0173376052
  30  23       -0.0146201014       -0.0151697277
  30  22        0.0093072034        0.0100808079
  30  21       -0.0079502794       -0.0047031003
  30  20        0.0023412537       -0.0270895953
  30  19       -0.0233017116        0.0003585686
  30  18       -0.0025377713        0.0104777224
  30  17        0.0017187393       -0.0273593771
  30  16        0.0059428140        0.0014558609
  30  15        0.0007743589       -0.0236983403
  30  14       -0.0007161403        0.0014025892
  30  13       -0.0178315451        0.0122256748
  30  12        0.0111898749       -0.0027511304
  30  11       -0.0006992801        0.0145943021
  30  10        0.0159887284        0.0045994911
  30   9        0.0281040047        0.0180795310
  30   8        0.0312077827       -0.0351163180
  30   7        0.0006583567       -0.0050687153
  30   6        0.0229700017        0.0117830267
  30   5        0.0246181835       -0.0061502619
  30   4        0.0183141825       -0.0129658484
  30   3       -0.0056234485       -0.0120195512
  30   2        0.0259842103       -0.0049910299
  30   1        0.0076340496       -0.0080999292
  30   0        0.0034739725        0.0000000000
  30  -1       -0.0076340496       -0.0080999292
  30  -2        0.0259842103        0.0049910299
  30  -3        0.0056234485       -0.0120195512
  30  -4        0.0183141825        0.0129658484
  30  -5       -0.0246181835       -0.0061502619
  30  -6        0.0229700017       -0.0117830267
  30  -7       -0.0006583567       -0.0050687153
  30  -8        0.0312077827        0.0351163180
  30  -9       -0.0281040047        0.0180795310
  30 -10        0.0159887284       -0.0045994911
  30 -11        0.0006992801        0.0145943021
  30 -12        0.0111898749        0.0027511304
  30 -13        0.0178315451        0.0122256748
  30 -14       -0.0007161403       -0.0014025892
  30 -15       -0.0007743589       -0.0236983403
  30 -16        0.0059428140       -0.0014558609
  30 -17       -0.0017187393       -0.0273593771
  30 -18       -0.0025377713       -0.0104777224
  30 -19        0.0233017116        0.0003585686
  30 -20        0.0023412537        0.0270895953
  30 -21        0.0079502794       -0.0047031003
  30 -22        0.0093072034       -0.0100808079
  30 -23        0.0146201014       -0.0151697277
  30 -24        0.0048873610       -0.0173376052
  30 -25       -0.0190108517       -0.0167628918
  30 -26        0.0077762514        0.0000473998
  30 -27       -0.0358012156        0.0062337468
  30 -28        0.0007977907       -0.0198261827
  30 -29       -0.0073240146       -0.0046794765
  30 -30        0.0033147359        0.0311718305
