   0   0        7.3454620481        0.0000000000
   1   1        0.1157823355        0.1175321054
   1   0        0.0956154664        0.0000000000
   1  -1       -0.1157823355        0.1175321054
   2   2        0.8123960647       -0.0420885152
   2   1        0.2913740705       -0.2222668014
   2   0       -2.0182445619        0.0000000000
   2  -1       -0.2913740705       -0.2222668014
   2  -2        0.8123960647        0.0420885152
   3   3       -0.2808029168       -0.0741592066
   3   2        0.0524898684       -0.0238966030
   3   1       -0.0331924197        0.0933419378
   3   0        0.0612337015        0.0000000000
   3  -1        0.0331924197        0.0933419378
   3  -2        0.0524898684        0.0238966030
   3  -3        0.2808029168       -0.0741592066
   4   4        0.0613652929       -0.0156474153
   4   3        0.0458041736        0.1009594027
   4   2       -0.1946542511        0.1746606898
   4   1       -0.1769767351        0.0652155253
   4   0        0.8895130788        0.0000000000
   4  -1        0.1769767351        0.0652155253
   4  -2       -0.1946542511       -0.1746606898
   4  -3       -0.0458041736        0.1009594027
   4  -4        0.0613652929        0.0156474153
   5   5       -0.1099157491       -0.0664459534
   5   4        0.0453198035        0.0447594162
   5   3        0.1447383133        0.0904822751
   5   2       -0.0222948783       -0.0341705953
   5   1       -0.0409264772        0.0242320353
   5   0       -0.0932504072        0.0000000000
   5  -1        0.0409264772        0.0242320353
   5  -2       -0.0222948783        0.0341705953
   5  -3       -0.1447383133        0.0904822751
   5  -4        0.0453198035       -0.0447594162
   5  -5        0.1099157491       -0.0664459534
   6   6       -0.0101440833        0.0126016787
   6   5        0.0332216537        0.0297058601
   6   4        0.0234416921        0.0917576661
   6   3       -0.0238992169       -0.0739340174
   6   2        0.0150705723       -0.1211414910
   6   1        0.1143841585       -0.0246090345
   6   0       -0.3639620552        0.0000000000
   6  -1       -0.1143841585       -0.0246090345
   6  -2        0.0150705723        0.1211414910
   6  -3        0.0238992169       -0.0739340174
   6  -4        0.0234416921       -0.0917576661
   6  -5       -0.0332216537        0.0297058601
   6  -6       -0.0101440833       -0.0126016787
   7   7       -0.0141256762        0.0314992456
   7   6        0.0326543460        0.0169311953
   7   5        0.0519353662        0.0170789826
   7   4       -0.0076494731       -0.0285070455
   7   3       -0.1014114397       -0.0265075012
   7   2        0.0106255851        0.0325342094
   7   1        0.0500970156       -0.0188089011
   7   0        0.0988136502        0.0000000000
   7  -1       -0.0500970156       -0.0188089011
   7  -2        0.0106255851       -0.0325342094
   7  -3        0.1014114397       -0.0265075012
   7  -4       -0.0076494731        0.0285070455
   7  -5       -0.0519353662        0.0170789826
   7  -6        0.0326543460       -0.0169311953
   7  -7        0.0141256762        0.0314992456
   8   8        0.0138814757        0.0160399330
   8   7       -0.0023120801        0.0009570223
   8   6        0.0111829985       -0.0058123542
   8   5       -0.0253382685       -0.0004864178
   8   4       -0.0534801785       -0.0611035539
   8   3        0.0114342565        0.0487237224
   8   2        0.0057794431        0.0770048557
   8   1       -0.0860796917        0.0108518685
   8   0        0.1419532965        0.0000000000
   8  -1        0.0860796917        0.0108518685
   8  -2        0.0057794431       -0.0770048557
   8  -3       -0.0114342565        0.0487237224
   8  -4       -0.0534801785        0.0611035539
   8  -5        0.0253382685       -0.0004864178
   8  -6        0.0111829985        0.0058123542
   8  -7        0.0023120801        0.0009570223
   8  -8        0.0138814757       -0.0160399330
   9   9       -0.0041013430        0.0179413284
   9   8        0.0054516401        0.0050065974
   9   7        0.0117082538       -0.0165447124
   9   6       -0.0156816116        0.0103191389
   9   5       -0.0325879790        0.0138336303
   9   4        0.0064943092        0.0197327303
   9   3        0.0517057351       -0.0096767355
   9   2        0.0091429252       -0.0559823207
   9   1       -0.0469072522        0.0269790443
   9   0       -0.0652966933        0.0000000000
   9  -1        0.0469072522        0.0269790443
   9  -2        0.0091429252        0.0559823207
   9  -3       -0.0517057351       -0.0096767355
   9  -4        0.0064943092       -0.0197327303
   9  -5        0.0325879790        0.0138336303
   9  -6       -0.0156816116       -0.0103191389
   9  -7       -0.0117082538       -0.0165447124
   9  -8        0.0054516401       -0.0050065974
   9  -9        0.0041013430        0.0179413284
  10  10        0.0082770981        0.0038753789
  10   9        0.0146251937       -0.0044021063
  10   8        0.0026327241       -0.0089705153
  10   7       -0.0006034531        0.0180133628
  10   6       -0.0026436359        0.0116758869
  10   5        0.0082539538        0.0010140918
  10   4        0.0299392392        0.0369965115
  10   3        0.0113725893       -0.0318281941
  10   2       -0.0099911722       -0.0165523359
  10   1        0.0655159017       -0.0062748203
  10   0       -0.0169046697        0.0000000000
  10  -1       -0.0655159017       -0.0062748203
  10  -2       -0.0099911722        0.0165523359
  10  -3       -0.0113725893       -0.0318281941
  10  -4        0.0299392392       -0.0369965115
  10  -5       -0.0082539538        0.0010140918
  10  -6       -0.0026436359       -0.0116758869
  10  -7        0.0006034531        0.0180133628
  10  -8        0.0026327241        0.0089705153
  10  -9       -0.0146251937       -0.0044021063
  10 -10        0.0082770981       -0.0038753789
  11  11        0.0075597596       -0.0080234584
  11  10       -0.0098892772        0.0104320638
  11   9        0.0106816980        0.0053072731
  11   8       -0.0021753104        0.0166212460
  11   7       -0.0169386236        0.0134607905
  11   6        0.0036143452       -0.0299540811
  11   5        0.0058607324       -0.0225004837
  11   4       -0.0030159603       -0.0112863831
  11   3       -0.0321097981        0.0249298866
  11   2       -0.0123132168        0.0220268014
  11   1        0.0349672854       -0.0083325445
  11   0        0.0367688745        0.0000000000
  11  -1       -0.0349672854       -0.0083325445
  11  -2       -0.0123132168       -0.0220268014
  11  -3        0.0321097981        0.0249298866
  11  -4       -0.0030159603        0.0112863831
  11  -5       -0.0058607324       -0.0225004837
  11  -6        0.0036143452        0.0299540811
  11  -7        0.0169386236        0.0134607905
  11  -8       -0.0021753104       -0.0166212460
  11  -9       -0.0106816980        0.0053072731
  11 -10       -0.0098892772       -0.0104320638
  11 -11       -0.0075597596       -0.0080234584
  12  12        0.0151930066       -0.0150567718
  12  11        0.0000588178        0.0067038162
  12  10        0.0044842716        0.0057301698
  12   9       -0.0092840500        0.0045205746
  12   8        0.0117625951       -0.0025309891
  12   7        0.0032609495       -0.0171118317
  12   6       -0.0140098228       -0.0173058830
  12   5        0.0074970540        0.0030616603
  12   4       -0.0164903125       -0.0181942765
  12   3       -0.0093436953        0.0136429445
  12   2        0.0094003673        0.0062093927
  12   1       -0.0490976471        0.0230105101
  12   0       -0.0118208647        0.0000000000
  12  -1        0.0490976471        0.0230105101
  12  -2        0.0094003673       -0.0062093927
  12  -3        0.0093436953        0.0136429445
  12  -4       -0.0164903125        0.0181942765
  12  -5       -0.0074970540        0.0030616603
  12  -6       -0.0140098228        0.0173058830
  12  -7       -0.0032609495       -0.0171118317
  12  -8        0.0117625951        0.0025309891
  12  -9        0.0092840500        0.0045205746
  12 -10        0.0044842716       -0.0057301698
  12 -11       -0.0000588178        0.0067038162
  12 -12        0.0151930066        0.0150567718
  13  13        0.0028849080        0.0055431871
  13  12       -0.0169232401        0.0003808112
  13  11       -0.0014932639        0.0263690140
  13  10        0.0065843698        0.0047360206
  13   9       -0.0082149219       -0.0092718146
  13   8        0.0048214446       -0.0286221335
  13   7        0.0030019152       -0.0187599417
  13   6        0.0000627554        0.0214443715
  13   5        0.0099476054        0.0225294373
  13   4       -0.0058886451        0.0038782001
  13   3        0.0044769812       -0.0241465059
  13   2        0.0101008757       -0.0122049008
  13   1       -0.0126367747        0.0103877081
  13   0       -0.0248689120        0.0000000000
  13  -1        0.0126367747        0.0103877081
  13  -2        0.0101008757        0.0122049008
  13  -3       -0.0044769812       -0.0241465059
  13  -4       -0.0058886451       -0.0038782001
  13  -5       -0.0099476054        0.0225294373
  13  -6        0.0000627554       -0.0214443715
  13  -7       -0.0030019152       -0.0187599417
  13  -8        0.0048214446        0.0286221335
  13  -9        0.0082149219       -0.0092718146
  13 -10        0.0065843698       -0.0047360206
  13 -11        0.0014932639        0.0263690140
  13 -12       -0.0169232401       -0.0003808112
  13 -13       -0.0028849080        0.0055431871
  14  14        0.0056774099       -0.0078262118
  14  13       -0.0032087589        0.0119481382
  14  12       -0.0042367850        0.0057572684
  14  11        0.0042698980        0.0001471022
  14  10        0.0015534557       -0.0067808090
  14   9        0.0094713733        0.0019680828
  14   8       -0.0126085887       -0.0018147956
  14   7        0.0061661039        0.0094793274
  14   6        0.0091276868        0.0102065639
  14   5       -0.0071881157       -0.0074228375
  14   4        0.0002151244        0.0117915271
  14   3        0.0106490829        0.0007998122
  14   2       -0.0034999529       -0.0008146207
  14   1        0.0340276294       -0.0250235122
  14   0        0.0107759344        0.0000000000
  14  -1       -0.0340276294       -0.0250235122
  14  -2       -0.0034999529        0.0008146207
  14  -3       -0.0106490829        0.0007998122
  14  -4        0.0002151244       -0.0117915271
  14  -5        0.0071881157       -0.0074228375
  14  -6        0.0091276868       -0.0102065639
  14  -7       -0.0061661039        0.0094793274
  14  -8       -0.0126085887        0.0018147956
  14  -9       -0.0094713733        0.0019680828
  14 -10        0.0015534557        0.0067808090
  14 -11       -0.0042698980        0.0001471022
  14 -12       -0.0042367850       -0.0057572684
  14 -13        0.0032087589        0.0119481382
  14 -14        0.0056774099        0.0078262118
  15  15       -0.0039356906       -0.0022540676
  15  14       -0.0117735672        0.0001798069
  15  13       -0.0052294094        0.0006921198
  15  12        0.0019544780        0.0074273548
  15  11       -0.0007860409       -0.0108342947
  15  10        0.0037588082       -0.0046352655
  15   9        0.0020146181       -0.0020280221
  15   8       -0.0022429838        0.0204103984
  15   7        0.0027957515        0.0099649781
  15   6       -0.0009709106       -0.0138341273
  15   5       -0.0132728292       -0.0180131620
  15   4        0.0066806528        0.0040095999
  15   3        0.0025978624        0.0154327895
  15   2       -0.0021551017       -0.0030523686
  15   1       -0.0053174536       -0.0040521516
  15   0        0.0135951974        0.0000000000
  15  -1        0.0053174536       -0.0040521516
  15  -2       -0.0021551017        0.0030523686
  15  -3       -0.0025978624        0.0154327895
  15  -4        0.0066806528       -0.0040095999
  15  -5        0.0132728292       -0.0180131620
  15  -6       -0.0009709106        0.0138341273
  15  -7       -0.0027957515        0.0099649781
  15  -8       -0.0022429838       -0.0204103984
  15  -9       -0.0020146181       -0.0020280221
  15 -10        0.0037588082        0.0046352655
  15 -11        0.0007860409       -0.0108342947
  15 -12        0.0019544780       -0.0074273548
  15 -13        0.0052294094        0.0006921198
  15 -14       -0.0117735672       -0.0001798069
  15 -15        0.0039356906       -0.0022540676
  16  16       -0.0002927456       -0.0065928920
  16  15        0.0029699580        0.0002339885
  16  14       -0.0072724544       -0.0018953502
  16  13        0.0020427563        0.0033746227
  16  12       -0.0081448272       -0.0069138791
  16  11       -0.0044414090        0.0129671007
  16  10        0.0023495683        0.0034340745
  16   9        0.0038638101       -0.0083586520
  16   8        0.0087235821       -0.0073181816
  16   7       -0.0101600321        0.0008666492
  16   6       -0.0081537528       -0.0018104366
  16   5        0.0090921963        0.0057207108
  16   4        0.0032484845       -0.0107651197
  16   3       -0.0115645183       -0.0078136343
  16   2       -0.0047575859        0.0089307292
  16   1       -0.0221438283        0.0173319156
  16   0       -0.0095836326        0.0000000000
  16  -1        0.0221438283        0.0173319156
  16  -2       -0.0047575859       -0.0089307292
  16  -3        0.0115645183       -0.0078136343
  16  -4        0.0032484845        0.0107651197
  16  -5       -0.0090921963        0.0057207108
  16  -6       -0.0081537528        0.0018104366
  16  -7        0.0101600321        0.0008666492
  16  -8        0.0087235821        0.0073181816
  16  -9       -0.0038638101       -0.0083586520
  16 -10        0.0023495683       -0.0034340745
  16 -11        0.0044414090        0.0129671007
  16 -12       -0.0081448272        0.0069138791
  16 -13       -0.0020427563        0.0033746227
  16 -14       -0.0072724544        0.0018953502
  16 -15       -0.0029699580        0.0002339885
  16 -16       -0.0002927456        0.0065928920
  17  17       -0.0049299896       -0.0052712390
  17  16        0.0004249881       -0.0113186761
  17  15       -0.0068610330        0.0004625278
  17  14       -0.0048831246        0.0009975298
  17  13       -0.0023425843        0.0035991456
  17  12        0.0110446940       -0.0009083435
  17  11        0.0034011901        0.0038674564
  17  10       -0.0033221673        0.0091043079
  17   9        0.0040344297        0.0045222449
  17   8       -0.0048054170       -0.0091998569
  17   7       -0.0058145365       -0.0076228705
  17   6        0.0079544354        0.0019638811
  17   5        0.0049656592        0.0118627066
  17   4       -0.0065110064       -0.0036663944
  17   3       -0.0032754352       -0.0050389098
  17   2       -0.0009468468        0.0088085261
  17   1        0.0127874511        0.0005478765
  17   0       -0.0023072971        0.0000000000
  17  -1       -0.0127874511        0.0005478765
  17  -2       -0.0009468468       -0.0088085261
  17  -3        0.0032754352       -0.0050389098
  17  -4       -0.0065110064        0.0036663944
  17  -5       -0.0049656592        0.0118627066
  17  -6        0.0079544354       -0.0019638811
  17  -7        0.0058145365       -0.0076228705
  17  -8       -0.0048054170        0.0091998569
  17  -9       -0.0040344297        0.0045222449
  17 -10       -0.0033221673       -0.0091043079
  17 -11       -0.0034011901        0.0038674564
  17 -12        0.0110446940        0.0009083435
  17 -13        0.0023425843        0.0035991456
  17 -14       -0.0048831246       -0.0009975298
  17 -15        0.0068610330        0.0004625278
  17 -16        0.0004249881        0.0113186761
  17 -17        0.0049299896       -0.0052712390
  18  18        0.0005974362        0.0048406887
  18  17        0.0092245272        0.0044939378
  18  16       -0.0059428885       -0.0005320957
  18  15        0.0002370099        0.0047815237
  18  14       -0.0005878915       -0.0014495171
  18  13       -0.0056085063        0.0024247342
  18  12        0.0034123977        0.0008560283
  18  11        0.0041112842       -0.0097355214
  18  10        0.0032212596       -0.0091098735
  18   9       -0.0005520243        0.0051170954
  18   8       -0.0058126433        0.0111156770
  18   7        0.0091949099       -0.0015598344
  18   6        0.0021046372       -0.0058326901
  18   5       -0.0068669219       -0.0059788312
  18   4       -0.0029380038        0.0107471521
  18   3        0.0113632123        0.0090162568
  18   2        0.0062846624       -0.0072130471
  18   1        0.0110365368       -0.0137866518
  18   0       -0.0046480382        0.0000000000
  18  -1       -0.0110365368       -0.0137866518
  18  -2        0.0062846624        0.0072130471
  18  -3       -0.0113632123        0.0090162568
  18  -4       -0.0029380038       -0.0107471521
  18  -5        0.0068669219       -0.0059788312
  18  -6        0.0021046372        0.0058326901
  18  -7       -0.0091949099       -0.0015598344
  18  -8       -0.0058126433       -0.0111156770
  18  -9        0.0005520243        0.0051170954
  18 -10        0.0032212596        0.0091098735
  18 -11       -0.0041112842       -0.0097355214
  18 -12        0.0034123977       -0.0008560283
  18 -13        0.0056085063        0.0024247342
  18 -14       -0.0005878915        0.0014495171
  18 -15       -0.0002370099        0.0047815237
  18 -16       -0.0059428885        0.0005320957
  18 -17       -0.0092245272        0.0044939378
  18 -18        0.0005974362       -0.0048406887
  19  19       -0.0038608945        0.0005307073
  19  18        0.0016043488       -0.0037839230
  19  17        0.0040744653       -0.0004022446
  19  16       -0.0026221733        0.0010601065
  19  15        0.0019166064       -0.0015386110
  19  14        0.0051188852        0.0020297463
  19  13        0.0036852333       -0.0012651251
  19  12       -0.0128300056        0.0034907675
  19  11       -0.0034971423        0.0047570898
  19  10       -0.0016519262       -0.0040202338
  19   9       -0.0063721898       -0.0036850496
  19   8        0.0034436562       -0.0003384913
  19   7       -0.0019732020        0.0057634918
  19   6       -0.0067212222        0.0068884131
  19   5        0.0028875464       -0.0044476551
  19   4        0.0022487099        0.0034756697
  19   3       -0.0047679958        0.0024083736
  19   2        0.0016101090       -0.0066348295
  19   1       -0.0156129317       -0.0008861952
  19   0       -0.0036394218        0.0000000000
  19  -1        0.0156129317       -0.0008861952
  19  -2        0.0016101090        0.0066348295
  19  -3        0.0047679958        0.0024083736
  19  -4        0.0022487099       -0.0034756697
  19  -5       -0.0028875464       -0.0044476551
  19  -6       -0.0067212222       -0.0068884131
  19  -7        0.0019732020        0.0057634918
  19  -8        0.0034436562        0.0003384913
  19  -9        0.0063721898       -0.0036850496
  19 -10       -0.0016519262        0.0040202338
  19 -11        0.0034971423        0.0047570898
  19 -12       -0.0128300056       -0.0034907675
  19 -13       -0.0036852333       -0.0012651251
  19 -14        0.0051188852       -0.0020297463
  19 -15       -0.0019166064       -0.0015386110
  19 -16       -0.0026221733       -0.0010601065
  19 -17       -0.0040744653       -0.0004022446
  19 -18        0.0016043488        0.0037839230
  19 -19        0.0038608945        0.0005307073
  20  20        0.0029207520       -0.0006403617
  20  19       -0.0033453555       -0.0005337686
  20  18       -0.0020587006       -0.0004399103
  20  17       -0.0034853055       -0.0032699811
  20  16       -0.0019735671        0.0005992536
  20  15       -0.0035630119       -0.0060716224
  20  14        0.0029129930       -0.0042942419
  20  13       -0.0018014586       -0.0000211059
  20  12        0.0017937164       -0.0002614489
  20  11       -0.0021381439        0.0056397004
  20  10       -0.0007554276        0.0029147162
  20   9       -0.0043131360       -0.0018575156
  20   8        0.0001335031       -0.0084661638
  20   7       -0.0025524564        0.0046772534
  20   6        0.0064463829        0.0040178331
  20   5        0.0064147056        0.0073968107
  20   4        0.0006712864       -0.0063272375
  20   3       -0.0071086119       -0.0062592714
  20   2       -0.0072192895        0.0079531700
  20   1       -0.0055582989        0.0075761660
  20   0        0.0063461614        0.0000000000
  20  -1        0.0055582989        0.0075761660
  20  -2       -0.0072192895       -0.0079531700
  20  -3        0.0071086119       -0.0062592714
  20  -4        0.0006712864        0.0063272375
  20  -5       -0.0064147056        0.0073968107
  20  -6        0.0064463829       -0.0040178331
  20  -7        0.0025524564        0.0046772534
  20  -8        0.0001335031        0.0084661638
  20  -9        0.0043131360       -0.0018575156
  20 -10       -0.0007554276       -0.0029147162
  20 -11        0.0021381439        0.0056397004
  20 -12        0.0017937164        0.0002614489
  20 -13        0.0018014586       -0.0000211059
  20 -14        0.0029129930        0.0042942419
  20 -15        0.0035630119       -0.0060716224
  20 -16       -0.0019735671       -0.0005992536
  20 -17        0.0034853055       -0.0032699811
  20 -18       -0.0020587006        0.0004399103
  20 -19        0.0033453555       -0.0005337686
  20 -20        0.0029207520        0.0006403617
  21  21        0.0034604999        0.0067763436
  21  20        0.0017952209       -0.0028788493
  21  19        0.0029283515        0.0009845857
  21  18        0.0011254908        0.0013001581
  21  17       -0.0033132484       -0.0015090560
  21  16       -0.0019806651       -0.0008875407
  21  15        0.0007619714        0.0023333880
  21  14       -0.0053346382        0.0023718564
  21  13       -0.0034028310        0.0018248206
  21  12        0.0040723891       -0.0025080344
  21  11        0.0048137629       -0.0011893550
  21  10       -0.0009526816        0.0030471809
  21   9       -0.0009360038        0.0041532260
  21   8       -0.0017896341        0.0053015566
  21   7        0.0029871865       -0.0046462571
  21   6        0.0046443494       -0.0125367426
  21   5       -0.0046229320        0.0000193265
  21   4       -0.0016189116       -0.0014498590
  21   3        0.0074143550       -0.0013380251
  21   2       -0.0031853002       -0.0010988258
  21   1        0.0120410457       -0.0022377846
  21   0        0.0060375939        0.0000000000
  21  -1       -0.0120410457       -0.0022377846
  21  -2       -0.0031853002        0.0010988258
  21  -3       -0.0074143550       -0.0013380251
  21  -4       -0.0016189116        0.0014498590
  21  -5        0.0046229320        0.0000193265
  21  -6        0.0046443494        0.0125367426
  21  -7       -0.0029871865       -0.0046462571
  21  -8       -0.0017896341       -0.0053015566
  21  -9        0.0009360038        0.0041532260
  21 -10       -0.0009526816       -0.0030471809
  21 -11       -0.0048137629       -0.0011893550
  21 -12        0.0040723891        0.0025080344
  21 -13        0.0034028310        0.0018248206
  21 -14       -0.0053346382       -0.0023718564
  21 -15       -0.0007619714        0.0023333880
  21 -16       -0.0019806651        0.0008875407
  21 -17        0.0033132484       -0.0015090560
  21 -18        0.0011254908       -0.0013001581
  21 -19       -0.0029283515        0.0009845857
  21 -20        0.0017952209        0.0028788493
  21 -21       -0.0034604999        0.0067763436
  22  22       -0.0021799477        0.0027328488
  22  21       -0.0000518398       -0.0023436490
  22  20       -0.0004704765        0.0015698235
  22  19        0.0038869239        0.0014833397
  22  18       -0.0049974277        0.0057389267
  22  17       -0.0022010182        0.0020206042
  22  16        0.0043509381       -0.0030879709
  22  15        0.0013245918        0.0054643688
  22  14        0.0020154769       -0.0011506043
  22  13        0.0025860794       -0.0032671278
  22  12       -0.0012532146        0.0004308681
  22  11       -0.0008502239       -0.0047824153
  22  10       -0.0027459122        0.0009152988
  22   9        0.0078736219        0.0022084124
  22   8        0.0022035169        0.0036652154
  22   7       -0.0025785805       -0.0027667603
  22   6       -0.0070452020        0.0004132645
  22   5       -0.0014262197       -0.0013009675
  22   4        0.0022191169        0.0050436498
  22   3        0.0035418739       -0.0012087237
  22   2        0.0022617153       -0.0062764224
  22   1        0.0002835094        0.0013259869
  22   0        0.0014392927        0.0000000000
  22  -1       -0.0002835094        0.0013259869
  22  -2        0.0022617153        0.0062764224
  22  -3       -0.0035418739       -0.0012087237
  22  -4        0.0022191169       -0.0050436498
  22  -5        0.0014262197       -0.0013009675
  22  -6       -0.0070452020       -0.0004132645
  22  -7        0.0025785805       -0.0027667603
  22  -8        0.0022035169       -0.0036652154
  22  -9       -0.0078736219        0.0022084124
  22 -10       -0.0027459122       -0.0009152988
  22 -11        0.0008502239       -0.0047824153
  22 -12       -0.0012532146       -0.0004308681
  22 -13       -0.0025860794       -0.0032671278
  22 -14        0.0020154769        0.0011506043
  22 -15       -0.0013245918        0.0054643688
  22 -16        0.0043509381        0.0030879709
  22 -17        0.0022010182        0.0020206042
  22 -18       -0.0049974277       -0.0057389267
  22 -19       -0.0038869239        0.0014833397
  22 -20       -0.0004704765       -0.0015698235
  22 -21        0.0000518398       -0.0023436490
  22 -22       -0.0021799477       -0.0027328488
  23  23       -0.0007240142        0.0033414340
  23  22       -0.0057805308       -0.0009002207
  23  21       -0.0029595384        0.0019475723
  23  20       -0.0041243940        0.0035879932
  23  19       -0.0025571692        0.0004364264
  23  18       -0.0020456918       -0.0047105975
  23  17        0.0010231927        0.0036805722
  23  16       -0.0023660433        0.0000121042
  23  15       -0.0037577883       -0.0004048171
  23  14        0.0008622991       -0.0054090069
  23  13        0.0012372875        0.0017724608
  23  12        0.0000089646        0.0000922010
  23  11       -0.0054256540        0.0004358724
  23  10       -0.0004907776        0.0025000629
  23   9       -0.0019450174       -0.0057665569
  23   8       -0.0032247138       -0.0074845937
  23   7        0.0031922543        0.0071818465
  23   6       -0.0033550098        0.0084657335
  23   5        0.0023578220        0.0043080225
  23   4        0.0002716667       -0.0010711951
  23   3       -0.0071738168       -0.0001867646
  23   2        0.0014156432        0.0018422879
  23   1       -0.0075695202        0.0030927205
  23   0       -0.0083579842        0.0000000000
  23  -1        0.0075695202        0.0030927205
  23  -2        0.0014156432       -0.0018422879
  23  -3        0.0071738168       -0.0001867646
  23  -4        0.0002716667        0.0010711951
  23  -5       -0.0023578220        0.0043080225
  23  -6       -0.0033550098       -0.0084657335
  23  -7       -0.0031922543        0.0071818465
  23  -8       -0.0032247138        0.0074845937
  23  -9        0.0019450174       -0.0057665569
  23 -10       -0.0004907776       -0.0025000629
  23 -11        0.0054256540        0.0004358724
  23 -12        0.0000089646       -0.0000922010
  23 -13       -0.0012372875        0.0017724608
  23 -14        0.0008622991        0.0054090069
  23 -15        0.0037577883       -0.0004048171
  23 -16       -0.0023660433       -0.0000121042
  23 -17       -0.0010231927        0.0036805722
  23 -18       -0.0020456918        0.0047105975
  23 -19        0.0025571692        0.0004364264
  23 -20       -0.0041243940       -0.0035879932
  23 -21        0.0029595384        0.0019475723
  23 -22       -0.0057805308        0.0009002207
  23 -23        0.0007240142        0.0033414340
  24  24       -0.0001432844       -0.0030031246
  24  23        0.0005658722       -0.0002439103
  24  22        0.0015729862        0.0040098069
  24  21       -0.0007711528       -0.0013428438
  24  20       -0.0029861542       -0.0023075069
  24  19       -0.0023857175       -0.0008747045
  24  18        0.0024018990       -0.0047440043
  24  17        0.0021607100       -0.0009472769
  24  16        0.0003624780       -0.0007548237
  24  15        0.0003722607       -0.0055492699
  24  14       -0.0006302353        0.0026702474
  24  13       -0.0012684686        0.0003968988
  24  12        0.0018080888       -0.0036675430
  24  11        0.0008747113        0.0013722805
  24  10        0.0045076441       -0.0023875827
  24   9       -0.0079809358       -0.0012156492
  24   8       -0.0026250529        0.0006593525
  24   7        0.0023991390        0.0020959387
  24   6        0.0042884366       -0.0029764289
  24   5       -0.0018754076       -0.0017141101
  24   4       -0.0016333971       -0.0059901139
  24   3       -0.0028252098        0.0029783048
  24   2        0.0004306075        0.0051191156
  24   1        0.0043643397       -0.0040677278
  24   0       -0.0063322857        0.0000000000
  24  -1       -0.0043643397       -0.0040677278
  24  -2        0.0004306075       -0.0051191156
  24  -3        0.0028252098        0.0029783048
  24  -4       -0.0016333971        0.0059901139
  24  -5        0.0018754076       -0.0017141101
  24  -6        0.0042884366        0.0029764289
  24  -7       -0.0023991390        0.0020959387
  24  -8       -0.0026250529       -0.0006593525
  24  -9        0.0079809358       -0.0012156492
  24 -10        0.0045076441        0.0023875827
  24 -11       -0.0008747113        0.0013722805
  24 -12        0.0018080888        0.0036675430
  24 -13        0.0012684686        0.0003968988
  24 -14       -0.0006302353       -0.0026702474
  24 -15       -0.0003722607       -0.0055492699
  24 -16        0.0003624780        0.0007548237
  24 -17       -0.0021607100       -0.0009472769
  24 -18        0.0024018990        0.0047440043
  24 -19        0.0023857175       -0.0008747045
  24 -20       -0.0029861542        0.0023075069
  24 -21        0.0007711528       -0.0013428438
  24 -22        0.0015729862       -0.0040098069
  24 -23       -0.0005658722       -0.0002439103
  24 -24       -0.0001432844        0.0030031246
  25  25       -0.0004043004       -0.0003161041
  25  24       -0.0023820019       -0.0011906803
  25  23       -0.0015679169       -0.0042816792
  25  22       -0.0011444995        0.0036697396
  25  21        0.0018114760        0.0004405490
  25  20        0.0021101622       -0.0025969929
  25  19        0.0020616032       -0.0004681278
  25  18        0.0015977798       -0.0020188500
  25  17       -0.0024354253       -0.0024150659
  25  16       -0.0008560862       -0.0021062154
  25  15        0.0038876052        0.0015417788
  25  14        0.0003771494        0.0032564152
  25  13       -0.0010252359       -0.0016350341
  25  12       -0.0030970173       -0.0022526878
  25  11        0.0044605993       -0.0003885622
  25  10       -0.0002999742       -0.0032023778
  25   9        0.0039638841        0.0070395179
  25   8        0.0049083572        0.0030290914
  25   7       -0.0071438109       -0.0051913778
  25   6        0.0006286117       -0.0035760447
  25   5       -0.0010606869       -0.0034753821
  25   4        0.0005719940       -0.0014366285
  25   3        0.0051366553        0.0012199104
  25   2       -0.0001815867        0.0016508028
  25   1        0.0015550177       -0.0038784383
  25   0        0.0055867627        0.0000000000
  25  -1       -0.0015550177       -0.0038784383
  25  -2       -0.0001815867       -0.0016508028
  25  -3       -0.0051366553        0.0012199104
  25  -4        0.0005719940        0.0014366285
  25  -5        0.0010606869       -0.0034753821
  25  -6        0.0006286117        0.0035760447
  25  -7        0.0071438109       -0.0051913778
  25  -8        0.0049083572       -0.0030290914
  25  -9       -0.0039638841        0.0070395179
  25 -10       -0.0002999742        0.0032023778
  25 -11       -0.0044605993       -0.0003885622
  25 -12       -0.0030970173        0.0022526878
  25 -13        0.0010252359       -0.0016350341
  25 -14        0.0003771494       -0.0032564152
  25 -15       -0.0038876052        0.0015417788
  25 -16       -0.0008560862        0.0021062154
  25 -17        0.0024354253       -0.0024150659
  25 -18        0.0015977798        0.0020188500
  25 -19       -0.0020616032       -0.0004681278
  25 -20        0.0021101622        0.0025969929
  25 -21       -0.0018114760        0.0004405490
  25 -22       -0.0011444995       -0.0036697396
  25 -23        0.0015679169       -0.0042816792
  25 -24       -0.0023820019        0.0011906803
  25 -25        0.0004043004       -0.0003161041
  26  26       -0.0036801141        0.0009323823
  26  25        0.0031631933        0.0029387240
  26  24        0.0013144624       -0.0010291010
  26  23       -0.0022441292       -0.0032606876
  26  22        0.0005802998       -0.0002425659
  26  21       -0.0001805434        0.0014823345
  26  20       -0.0009433346       -0.0013275561
  26  19       -0.0023396087        0.0007140863
  26  18        0.0020267062        0.0025018362
  26  17       -0.0006378025        0.0021513661
  26  16        0.0014928821        0.0002517058
  26  15        0.0000413592        0.0010863914
  26  14        0.0001821286       -0.0049878955
  26  13        0.0012257200       -0.0014239720
  26  12       -0.0028121711        0.0050124886
  26  11       -0.0015593543        0.0025800410
  26  10       -0.0022687418       -0.0010208514
  26   9        0.0037016472       -0.0011961304
  26   8       -0.0024585414       -0.0047252610
  26   7       -0.0014468077        0.0010332469
  26   6        0.0003514814        0.0053252043
  26   5        0.0025223757        0.0029699326
  26   4       -0.0006230860        0.0005707013
  26   3        0.0049497559       -0.0018574886
  26   2        0.0011644996        0.0013513787
  26   1       -0.0064452734        0.0056133848
  26   0        0.0045430383        0.0000000000
  26  -1        0.0064452734        0.0056133848
  26  -2        0.0011644996       -0.0013513787
  26  -3       -0.0049497559       -0.0018574886
  26  -4       -0.0006230860       -0.0005707013
  26  -5       -0.0025223757        0.0029699326
  26  -6        0.0003514814       -0.0053252043
  26  -7        0.0014468077        0.0010332469
  26  -8       -0.0024585414        0.0047252610
  26  -9       -0.0037016472       -0.0011961304
  26 -10       -0.0022687418        0.0010208514
  26 -11        0.0015593543        0.0025800410
  26 -12       -0.0028121711       -0.0050124886
  26 -13       -0.0012257200       -0.0014239720
  26 -14        0.0001821286        0.0049878955
  26 -15       -0.0000413592        0.0010863914
  26 -16        0.0014928821       -0.0002517058
  26 -17        0.0006378025        0.0021513661
  26 -18        0.0020267062       -0.0025018362
  26 -19        0.0023396087        0.0007140863
  26 -20       -0.0009433346        0.0013275561
  26 -21        0.0001805434        0.0014823345
  26 -22        0.0005802998        0.0002425659
  26 -23        0.0022441292       -0.0032606876
  26 -24        0.0013144624        0.0010291010
  26 -25       -0.0031631933        0.0029387240
  26 -26       -0.0036801141       -0.0009323823
  27  27       -0.0000973602       -0.0010757753
  27  26       -0.0024526582        0.0033103523
  27  25        0.0004170098       -0.0028362952
  27  24       -0.0013608975        0.0028482583
  27  23       -0.0022011803        0.0002400295
  27  22       -0.0029001352       -0.0022874388
  27  21       -0.0019096877       -0.0004558860
  27  20        0.0010677297        0.0000689773
  27  19       -0.0015179354        0.0007971203
  27  18       -0.0033012363        0.0019592925
  27  17        0.0035878264        0.0016055429
  27  16        0.0012506197       -0.0006106428
  27  15        0.0015534943       -0.0028701398
  27  14        0.0023388763       -0.0029086421
  27  13        0.0025929086        0.0008767285
  27  12        0.0041258170        0.0023291572
  27  11       -0.0009901770       -0.0039242210
  27  10       -0.0011537919        0.0024461294
  27   9       -0.0052845507       -0.0044855610
  27   8       -0.0021060042       -0.0006881238
  27   7        0.0066886167        0.0056969900
  27   6        0.0024538261        0.0008057011
  27   5        0.0011287795        0.0024537021
  27   4        0.0000524475       -0.0005414882
  27   3       -0.0053806532       -0.0011034786
  27   2        0.0013332305       -0.0025290243
  27   1        0.0003244091        0.0060186274
  27   0       -0.0063282536        0.0000000000
  27  -1       -0.0003244091        0.0060186274
  27  -2        0.0013332305        0.0025290243
  27  -3        0.0053806532       -0.0011034786
  27  -4        0.0000524475        0.0005414882
  27  -5       -0.0011287795        0.0024537021
  27  -6        0.0024538261       -0.0008057011
  27  -7       -0.0066886167        0.0056969900
  27  -8       -0.0021060042        0.0006881238
  27  -9        0.0052845507       -0.0044855610
  27 -10       -0.0011537919       -0.0024461294
  27 -11        0.0009901770       -0.0039242210
  27 -12        0.0041258170       -0.0023291572
  27 -13       -0.0025929086        0.0008767285
  27 -14        0.0023388763        0.0029086421
  27 -15       -0.0015534943       -0.0028701398
  27 -16        0.0012506197        0.0006106428
  27 -17       -0.0035878264        0.0016055429
  27 -18       -0.0033012363       -0.0019592925
  27 -19        0.0015179354        0.0007971203
  27 -20        0.0010677297       -0.0000689773
  27 -21        0.0019096877       -0.0004558860
  27 -22       -0.0029001352        0.0022874388
  27 -23        0.0022011803        0.0002400295
  27 -24       -0.0013608975       -0.0028482583
  27 -25       -0.0004170098       -0.0028362952
  27 -26       -0.0024526582       -0.0033103523
  27 -27        0.0000973602       -0.0010757753
  28  28        0.0015371506       -0.0009258372
  28  27       -0.0003467291        0.0029393958
  28  26       -0.0028292919       -0.0018075266
  28  25        0.0007518784       -0.0014329573
  28  24        0.0012902263       -0.0013061767
  28  23        0.0008867822       -0.0005971139
  28  22       -0.0041943288       -0.0028005701
  28  21        0.0008664270        0.0003967326
  28  20        0.0022306847       -0.0004211313
  28  19        0.0003831701        0.0000355644
  28  18       -0.0011037934       -0.0006371541
  28  17       -0.0002952201       -0.0043976727
  28  16       -0.0010781710        0.0006171417
  28  15        0.0018097988        0.0024949704
  28  14       -0.0002936249        0.0032914240
  28  13       -0.0007604066        0.0039039171
  28  12        0.0032316744       -0.0035687497
  28  11       -0.0019962454       -0.0047915182
  28  10       -0.0011721842        0.0001882580
  28   9       -0.0011533180        0.0030631881
  28   8        0.0018105021        0.0080755600
  28   7       -0.0011891768       -0.0015412999
  28   6       -0.0045509726       -0.0059762591
  28   5        0.0005199326       -0.0035688267
  28   4        0.0048471091        0.0012932767
  28   3       -0.0033208387        0.0013654069
  28   2       -0.0006093669       -0.0010531585
  28   1        0.0081433547       -0.0063741234
  28   0       -0.0029513921        0.0000000000
  28  -1       -0.0081433547       -0.0063741234
  28  -2       -0.0006093669        0.0010531585
  28  -3        0.0033208387        0.0013654069
  28  -4        0.0048471091       -0.0012932767
  28  -5       -0.0005199326       -0.0035688267
  28  -6       -0.0045509726        0.0059762591
  28  -7        0.0011891768       -0.0015412999
  28  -8        0.0018105021       -0.0080755600
  28  -9        0.0011533180        0.0030631881
  28 -10       -0.0011721842       -0.0001882580
  28 -11        0.0019962454       -0.0047915182
  28 -12        0.0032316744        0.0035687497
  28 -13        0.0007604066        0.0039039171
  28 -14       -0.0002936249       -0.0032914240
  28 -15       -0.0018097988        0.0024949704
  28 -16       -0.0010781710       -0.0006171417
  28 -17        0.0002952201       -0.0043976727
  28 -18       -0.0011037934        0.0006371541
  28 -19       -0.0003831701        0.0000355644
  28 -20        0.0022306847        0.0004211313
  28 -21       -0.0008664270        0.0003967326
  28 -22       -0.0041943288        0.0028005701
  28 -23       -0.0008867822       -0.0005971139
  28 -24        0.0012902263        0.0013061767
  28 -25       -0.0007518784       -0.0014329573
  28 -26       -0.0028292919        0.0018075266
  28 -27        0.0003467291        0.0029393958
  28 -28        0.0015371506        0.0009258372
  29  29       -0.0007630385        0.0001846588
  29  28       -0.0000569293       -0.0009052579
  29  27        0.0039660518        0.0023486190
  29  26       -0.0008057967        0.0002210422
  29  25       -0.0013549468       -0.0000571411
  29  24        0.0016054320       -0.0035923415
  29  23        0.0002593917       -0.0009454011
  29  22        0.0042421651        0.0004137136
  29  21        0.0006930420       -0.0010814253
  29  20       -0.0060703423       -0.0018839456
  29  19       -0.0003840967        0.0006658438
  29  18        0.0028482621       -0.0014023382
  29  17       -0.0000357333        0.0020301933
  29  16        0.0017999062        0.0005830885
  29  15       -0.0030883016        0.0016878052
  29  14       -0.0031809572        0.0026330710
  29  13       -0.0004750267       -0.0037908125
  29  12       -0.0005505149       -0.0010032682
  29  11       -0.0006520854        0.0067991206
  29  10        0.0010575271       -0.0022822857
  29   9        0.0016735683       -0.0004034035
  29   8       -0.0001216935        0.0007176893
  29   7       -0.0043301077       -0.0026279169
  29   6       -0.0007664106       -0.0007108054
  29   5       -0.0018345991       -0.0025731449
  29   4       -0.0008923189       -0.0006649121
  29   3        0.0025093987        0.0031085765
  29   2        0.0002004023        0.0030547714
  29   1        0.0001972490       -0.0061750670
  29   0        0.0061793418        0.0000000000
  29  -1       -0.0001972490       -0.0061750670
  29  -2        0.0002004023       -0.0030547714
  29  -3       -0.0025093987        0.0031085765
  29  -4       -0.0008923189        0.0006649121
  29  -5        0.0018345991       -0.0025731449
  29  -6       -0.0007664106        0.0007108054
  29  -7        0.0043301077       -0.0026279169
  29  -8       -0.0001216935       -0.0007176893
  29  -9       -0.0016735683       -0.0004034035
  29 -10        0.0010575271        0.0022822857
  29 -11        0.0006520854        0.0067991206
  29 -12       -0.0005505149        0.0010032682
  29 -13        0.0004750267       -0.0037908125
  29 -14       -0.0031809572       -0.0026330710
  29 -15        0.0030883016        0.0016878052
  29 -16        0.0017999062       -0.0005830885
  29 -17        0.0000357333        0.0020301933
  29 -18        0.0028482621        0.0014023382
  29 -19        0.0003840967        0.0006658438
  29 -20       -0.0060703423        0.0018839456
  29 -21       -0.0006930420       -0.0010814253
  29 -22        0.0042421651       -0.0004137136
  29 -23       -0.0002593917       -0.0009454011
  29 -24        0.0016054320        0.0035923415
  29 -25        0.0013549468       -0.0000571411
  29 -26       -0.0008057967       -0.0002210422
  29 -27       -0.0039660518        0.0023486190
  29 -28       -0.0000569293        0.0009052579
  29 -29        0.0007630385        0.0001846588
  30  30        0.0007910197        0.0016126933
  30  29       -0.0007245010       -0.0016682898
  30  28       -0.0017038782       -0.0004844809
  30  27        0.0006327357       -0.0005159100
  30  26        0.0031829160       -0.0016125392
  30  25        0.0007259794       -0.0012352787
  30  24       -0.0008671718        0.0007317442
  30  23        0.0001041763        0.0012740093
  30  22        0.0030374997       -0.0001108051
  30  21       -0.0018606674       -0.0035976394
  30  20       -0.0011060829       -0.0006427422
  30  19       -0.0006187182        0.0002506789
  30  18        0.0008314979        0.0024179483
  30  17        0.0037478792        0.0049783534
  30  16       -0.0010883455       -0.0000112632
  30  15       -0.0012655026       -0.0010604433
  30  14        0.0006919486        0.0000309637
  30  13        0.0008562020       -0.0020114680
  30  12       -0.0010238309        0.0035021228
  30  11        0.0004099579        0.0039541386
  30  10        0.0009799283       -0.0019689686
  30   9       -0.0018767959       -0.0024075185
  30   8       -0.0023352147       -0.0056806996
  30   7        0.0018002307        0.0040718889
  30   6        0.0044648741        0.0047750749
  30   5        0.0000878530        0.0026026259
  30   4       -0.0026542069       -0.0026682710
  30   3        0.0011807684       -0.0000656894
  30   2        0.0008348856        0.0009332368
  30   1       -0.0060055119        0.0052998311
  30   0        0.0010256519        0.0000000000
  30  -1        0.0060055119        0.0052998311
  30  -2        0.0008348856       -0.0009332368
  30  -3       -0.0011807684       -0.0000656894
  30  -4       -0.0026542069        0.0026682710
  30  -5       -0.0000878530        0.0026026259
  30  -6        0.0044648741       -0.0047750749
  30  -7       -0.0018002307        0.0040718889
  30  -8       -0.0023352147        0.0056806996
  30  -9        0.0018767959       -0.0024075185
  30 -10        0.0009799283        0.0019689686
  30 -11       -0.0004099579        0.0039541386
  30 -12       -0.0010238309       -0.0035021228
  30 -13       -0.0008562020       -0.0020114680
  30 -14        0.0006919486       -0.0000309637
  30 -15        0.0012655026       -0.0010604433
  30 -16       -0.0010883455        0.0000112632
  30 -17       -0.0037478792        0.0049783534
  30 -18        0.0008314979       -0.0024179483
  30 -19        0.0006187182        0.0002506789
  30 -20       -0.0011060829        0.0006427422
  30 -21        0.0018606674       -0.0035976394
  30 -22        0.0030374997        0.0001108051
  30 -23       -0.0001041763        0.0012740093
  30 -24       -0.0008671718       -0.0007317442
  30 -25       -0.0007259794       -0.0012352787
  30 -26        0.0031829160        0.0016125392
  30 -27       -0.0006327357       -0.0005159100
  30 -28       -0.0017038782        0.0004844809
  30 -29        0.0007245010       -0.0016682898
  30 -30        0.0007910197       -0.0016126933
