   0   0        2.6992156268        0.0000000000
   1   1       -0.0922657248        0.0458062723
   1   0       -0.0076211108        0.0000000000
   1  -1        0.0922657248        0.0458062723
   2   2        0.0530053194       -0.1185680209
   2   1       -0.2890559510       -0.0781081731
   2   0       -0.5279801469        0.0000000000
   2  -1        0.2890559510       -0.0781081731
   2  -2        0.0530053194        0.1185680209
   3   3        0.0234467478       -0.1356423774
   3   2       -0.0510734833        0.1185434367
   3   1       -0.1267623109       -0.0311721427
   3   0        0.1074223255        0.0000000000
   3  -1        0.1267623109       -0.0311721427
   3  -2       -0.0510734833       -0.1185434367
   3  -3       -0.0234467478       -0.1356423774
   4   4        0.0011191308        0.0545639245
   4   3        0.0189519675       -0.0316898555
   4   2       -0.0296011989        0.0515413437
   4   1        0.0943035289        0.0718735138
   4   0        0.0924226613        0.0000000000
   4  -1       -0.0943035289        0.0718735138
   4  -2       -0.0296011989       -0.0515413437
   4  -3       -0.0189519675       -0.0316898555
   4  -4        0.0011191308       -0.0545639245
   5   5       -0.0218569431        0.0358032051
   5   4       -0.0231769247        0.0381949880
   5   3        0.0098229689        0.0085357111
   5   2        0.0602272292       -0.0649769976
   5   1        0.0237909939       -0.0113482061
   5   0       -0.0821927676        0.0000000000
   5  -1       -0.0237909939       -0.0113482061
   5  -2        0.0602272292        0.0649769976
   5  -3       -0.0098229689        0.0085357111
   5  -4       -0.0231769247       -0.0381949880
   5  -5        0.0218569431        0.0358032051
   6   6       -0.0090906376        0.0183388126
   6   5        0.0223733684        0.0094702776
   6   4       -0.0269060533        0.0110329963
   6   3        0.0149716467       -0.0075374042
   6   2        0.0286189247       -0.0034444874
   6   1       -0.0511916957       -0.0433895977
   6   0       -0.0282630758        0.0000000000
   6  -1        0.0511916957       -0.0433895977
   6  -2        0.0286189247        0.0034444874
   6  -3       -0.0149716467       -0.0075374042
   6  -4       -0.0269060533       -0.0110329963
   6  -5       -0.0223733684        0.0094702776
   6  -6       -0.0090906376       -0.0183388126
   7   7       -0.0023647032       -0.0028711258
   7   6        0.0004151639       -0.0252407895
   7   5        0.0204145471       -0.0016039854
   7   4        0.0077020625       -0.0064870178
   7   3       -0.0125824274        0.0073448575
   7   2       -0.0294819497        0.0294037047
   7   1        0.0007123019        0.0230044436
   7   0        0.0137639849        0.0000000000
   7  -1       -0.0007123019        0.0230044436
   7  -2       -0.0294819497       -0.0294037047
   7  -3        0.0125824274        0.0073448575
   7  -4        0.0077020625        0.0064870178
   7  -5       -0.0204145471       -0.0016039854
   7  -6        0.0004151639        0.0252407895
   7  -7        0.0023647032       -0.0028711258
   8   8        0.0050122206       -0.0042866105
   8   7        0.0123244483        0.0044196561
   8   6       -0.0032165263       -0.0223506972
   8   5       -0.0066824079       -0.0082289093
   8   4        0.0177460635        0.0020872662
   8   3       -0.0158075435        0.0041657870
   8   2       -0.0109368165       -0.0026445814
   8   1        0.0229003548        0.0242949635
   8   0       -0.0058976583        0.0000000000
   8  -1       -0.0229003548        0.0242949635
   8  -2       -0.0109368165        0.0026445814
   8  -3        0.0158075435        0.0041657870
   8  -4        0.0177460635       -0.0020872662
   8  -5        0.0066824079       -0.0082289093
   8  -6       -0.0032165263        0.0223506972
   8  -7       -0.0123244483        0.0044196561
   8  -8        0.0050122206        0.0042866105
   9   9        0.0023793583       -0.0019029543
   9   8       -0.0035330684        0.0036638772
   9   7        0.0056579630        0.0038712451
   9   6       -0.0054199301       -0.0005455924
   9   5       -0.0043984315       -0.0095289895
   9   4       -0.0070928159        0.0116783937
   9   3        0.0063508021       -0.0137653239
   9   2        0.0181132976       -0.0035920089
   9   1        0.0102245611       -0.0095133147
   9   0        0.0063882597        0.0000000000
   9  -1       -0.0102245611       -0.0095133147
   9  -2        0.0181132976        0.0035920089
   9  -3       -0.0063508021       -0.0137653239
   9  -4       -0.0070928159       -0.0116783937
   9  -5        0.0043984315       -0.0095289895
   9  -6       -0.0054199301        0.0005455924
   9  -7       -0.0056579630        0.0038712451
   9  -8       -0.0035330684       -0.0036638772
   9  -9       -0.0023793583       -0.0019029543
  10  10       -0.0071041860        0.0032709668
  10   9       -0.0051954302        0.0029009752
  10   8        0.0046099705        0.0001920372
  10   7       -0.0057105791        0.0038003996
  10   6       -0.0023981111        0.0110357577
  10   5        0.0022865882       -0.0048350440
  10   4       -0.0113621208        0.0003256096
  10   3        0.0056919415       -0.0030357858
  10   2        0.0064086724       -0.0037988687
  10   1       -0.0017708680       -0.0052295723
  10   0        0.0096117210        0.0000000000
  10  -1        0.0017708680       -0.0052295723
  10  -2        0.0064086724        0.0037988687
  10  -3       -0.0056919415       -0.0030357858
  10  -4       -0.0113621208       -0.0003256096
  10  -5       -0.0022865882       -0.0048350440
  10  -6       -0.0023981111       -0.0110357577
  10  -7        0.0057105791        0.0038003996
  10  -8        0.0046099705       -0.0001920372
  10  -9        0.0051954302        0.0029009752
  10 -10       -0.0071041860       -0.0032709668
  11  11       -0.0086145958       -0.0020431582
  11  10        0.0039107867       -0.0030329938
  11   9       -0.0057548017       -0.0001905677
  11   8        0.0021890907       -0.0030503453
  11   7       -0.0011056286        0.0032275173
  11   6       -0.0028721102        0.0060930093
  11   5       -0.0005212275        0.0044168782
  11   4        0.0076674682       -0.0093497061
  11   3       -0.0066227175        0.0034124835
  11   2       -0.0104698184       -0.0088895323
  11   1       -0.0076441335        0.0037386132
  11   0       -0.0019216851        0.0000000000
  11  -1        0.0076441335        0.0037386132
  11  -2       -0.0104698184        0.0088895323
  11  -3        0.0066227175        0.0034124835
  11  -4        0.0076674682        0.0093497061
  11  -5        0.0005212275        0.0044168782
  11  -6       -0.0028721102       -0.0060930093
  11  -7        0.0011056286        0.0032275173
  11  -8        0.0021890907        0.0030503453
  11  -9        0.0057548017       -0.0001905677
  11 -10        0.0039107867        0.0030329938
  11 -11        0.0086145958       -0.0020431582
  12  12       -0.0033152903       -0.0036786604
  12  11        0.0065995767        0.0024618293
  12  10        0.0005388564       -0.0012880830
  12   9        0.0005684206       -0.0034820902
  12   8       -0.0047966847       -0.0002121362
  12   7        0.0075020079       -0.0007537709
  12   6        0.0005596198       -0.0032960708
  12   5        0.0031359408        0.0025438745
  12   4        0.0052868102        0.0030574995
  12   3       -0.0020694068        0.0030150310
  12   2       -0.0070860083        0.0001999382
  12   1       -0.0032014228       -0.0002804721
  12   0        0.0024494692        0.0000000000
  12  -1        0.0032014228       -0.0002804721
  12  -2       -0.0070860083       -0.0001999382
  12  -3        0.0020694068        0.0030150310
  12  -4        0.0052868102       -0.0030574995
  12  -5       -0.0031359408        0.0025438745
  12  -6        0.0005596198        0.0032960708
  12  -7       -0.0075020079       -0.0007537709
  12  -8       -0.0047966847        0.0002121362
  12  -9       -0.0005684206       -0.0034820902
  12 -10        0.0005388564        0.0012880830
  12 -11       -0.0065995767        0.0024618293
  12 -12       -0.0033152903        0.0036786604
  13  13        0.0011094761        0.0022400754
  13  12        0.0030214096        0.0025199430
  13  11        0.0001921880        0.0010983653
  13  10        0.0012027324        0.0025359351
  13   9        0.0012732355        0.0001675965
  13   8       -0.0011833929       -0.0010135145
  13   7        0.0053810554       -0.0014558758
  13   6        0.0016287565       -0.0052612567
  13   5       -0.0038944457        0.0001248541
  13   4       -0.0018482975        0.0080306717
  13   3        0.0032674534        0.0026841525
  13   2        0.0017870833        0.0082620273
  13   1        0.0031391569       -0.0021333213
  13   0        0.0045678983        0.0000000000
  13  -1       -0.0031391569       -0.0021333213
  13  -2        0.0017870833       -0.0082620273
  13  -3       -0.0032674534        0.0026841525
  13  -4       -0.0018482975       -0.0080306717
  13  -5        0.0038944457        0.0001248541
  13  -6        0.0016287565        0.0052612567
  13  -7       -0.0053810554       -0.0014558758
  13  -8       -0.0011833929        0.0010135145
  13  -9       -0.0012732355        0.0001675965
  13 -10        0.0012027324       -0.0025359351
  13 -11       -0.0001921880        0.0010983653
  13 -12        0.0030214096       -0.0025199430
  13 -13       -0.0011094761        0.0022400754
  14  14       -0.0017948532        0.0017606636
  14  13       -0.0025142308        0.0005820294
  14  12        0.0003243504        0.0014371337
  14  11       -0.0037763699        0.0011735481
  14  10        0.0031689329       -0.0004563672
  14   9        0.0004248080        0.0032875186
  14   8        0.0015970414       -0.0039136665
  14   7       -0.0047491381        0.0014659857
  14   6       -0.0018990003        0.0024103301
  14   5       -0.0054843260       -0.0014040791
  14   4       -0.0006121529       -0.0022018735
  14   3        0.0019820184       -0.0022035387
  14   2        0.0014171266       -0.0019639013
  14   1        0.0013185083       -0.0015633938
  14   0       -0.0080467168        0.0000000000
  14  -1       -0.0013185083       -0.0015633938
  14  -2        0.0014171266        0.0019639013
  14  -3       -0.0019820184       -0.0022035387
  14  -4       -0.0006121529        0.0022018735
  14  -5        0.0054843260       -0.0014040791
  14  -6       -0.0018990003       -0.0024103301
  14  -7        0.0047491381        0.0014659857
  14  -8        0.0015970414        0.0039136665
  14  -9       -0.0004248080        0.0032875186
  14 -10        0.0031689329        0.0004563672
  14 -11        0.0037763699        0.0011735481
  14 -12        0.0003243504       -0.0014371337
  14 -13        0.0025142308        0.0005820294
  14 -14       -0.0017948532       -0.0017606636
  15  15        0.0021609256        0.0012025348
  15  14        0.0012547648       -0.0022763103
  15  13       -0.0000544408        0.0008796012
  15  12       -0.0034794843        0.0011010690
  15  11        0.0016607660        0.0019219665
  15  10       -0.0000410442       -0.0018255478
  15   9       -0.0011110671        0.0006646691
  15   8        0.0003811019       -0.0007698781
  15   7       -0.0028314265        0.0022895685
  15   6       -0.0006233220        0.0005609937
  15   5        0.0027181232       -0.0009662324
  15   4       -0.0000952433       -0.0052142250
  15   3       -0.0005292451       -0.0043411376
  15   2        0.0004119211       -0.0024690028
  15   1       -0.0053059788       -0.0012141545
  15   0       -0.0030292327        0.0000000000
  15  -1        0.0053059788       -0.0012141545
  15  -2        0.0004119211        0.0024690028
  15  -3        0.0005292451       -0.0043411376
  15  -4       -0.0000952433        0.0052142250
  15  -5       -0.0027181232       -0.0009662324
  15  -6       -0.0006233220       -0.0005609937
  15  -7        0.0028314265        0.0022895685
  15  -8        0.0003811019        0.0007698781
  15  -9        0.0011110671        0.0006646691
  15 -10       -0.0000410442        0.0018255478
  15 -11       -0.0016607660        0.0019219665
  15 -12       -0.0034794843       -0.0011010690
  15 -13        0.0000544408        0.0008796012
  15 -14        0.0012547648        0.0022763103
  15 -15       -0.0021609256        0.0012025348
  16  16        0.0019195490        0.0005834256
  16  15       -0.0009815502       -0.0014923374
  16  14        0.0022239256        0.0013229673
  16  13        0.0000647391       -0.0010212719
  16  12        0.0010116556       -0.0002438260
  16  11       -0.0004781329        0.0000550448
  16  10       -0.0012667885        0.0010198659
  16   9       -0.0009611108       -0.0024785664
  16   8       -0.0000819052        0.0030912610
  16   7        0.0051762588        0.0002479978
  16   6        0.0030852910       -0.0007953078
  16   5       -0.0005726526       -0.0009245389
  16   4       -0.0020584601       -0.0003997880
  16   3        0.0018154066        0.0010824969
  16   2       -0.0005161012        0.0024062096
  16   1       -0.0024311227        0.0012186105
  16   0        0.0030007516        0.0000000000
  16  -1        0.0024311227        0.0012186105
  16  -2       -0.0005161012       -0.0024062096
  16  -3       -0.0018154066        0.0010824969
  16  -4       -0.0020584601        0.0003997880
  16  -5        0.0005726526       -0.0009245389
  16  -6        0.0030852910        0.0007953078
  16  -7       -0.0051762588        0.0002479978
  16  -8       -0.0000819052       -0.0030912610
  16  -9        0.0009611108       -0.0024785664
  16 -10       -0.0012667885       -0.0010198659
  16 -11        0.0004781329        0.0000550448
  16 -12        0.0010116556        0.0002438260
  16 -13       -0.0000647391       -0.0010212719
  16 -14        0.0022239256       -0.0013229673
  16 -15        0.0009815502       -0.0014923374
  16 -16        0.0019195490       -0.0005834256
  17  17        0.0011275818       -0.0001716164
  17  16        0.0009259267        0.0017658862
  17  15       -0.0008228884       -0.0002897882
  17  14       -0.0000679788        0.0008615097
  17  13        0.0004186512       -0.0024762037
  17  12        0.0022619187        0.0000408142
  17  11       -0.0034247126       -0.0011711993
  17  10        0.0010536122        0.0011553980
  17   9       -0.0013489614       -0.0009314356
  17   8        0.0003292306        0.0012087700
  17   7        0.0039020428       -0.0010531125
  17   6        0.0011178480       -0.0003261573
  17   5       -0.0026497544        0.0000299824
  17   4        0.0001848156        0.0039350252
  17   3       -0.0008013093        0.0020439446
  17   2       -0.0009683439       -0.0001304054
  17   1        0.0000181882        0.0026113170
  17   0       -0.0013545818        0.0000000000
  17  -1       -0.0000181882        0.0026113170
  17  -2       -0.0009683439        0.0001304054
  17  -3        0.0008013093        0.0020439446
  17  -4        0.0001848156       -0.0039350252
  17  -5        0.0026497544        0.0000299824
  17  -6        0.0011178480        0.0003261573
  17  -7       -0.0039020428       -0.0010531125
  17  -8        0.0003292306       -0.0012087700
  17  -9        0.0013489614       -0.0009314356
  17 -10        0.0010536122       -0.0011553980
  17 -11        0.0034247126       -0.0011711993
  17 -12        0.0022619187       -0.0000408142
  17 -13       -0.0004186512       -0.0024762037
  17 -14       -0.0000679788       -0.0008615097
  17 -15        0.0008228884       -0.0002897882
  17 -16        0.0009259267       -0.0017658862
  17 -17       -0.0011275818       -0.0001716164
  18  18        0.0001239682       -0.0010456766
  18  17       -0.0003482708        0.0002367162
  18  16       -0.0009796402       -0.0008252798
  18  15        0.0005698448       -0.0000786737
  18  14        0.0012945098       -0.0003368127
  18  13       -0.0017027190       -0.0008139378
  18  12        0.0004686178       -0.0002429480
  18  11        0.0002274623        0.0006848685
  18  10       -0.0001095832        0.0007355540
  18   9        0.0000293477       -0.0000804709
  18   8        0.0003311963       -0.0035524963
  18   7       -0.0021485568        0.0010461068
  18   6       -0.0008184512       -0.0003983051
  18   5        0.0031978006        0.0033664122
  18   4        0.0001165008        0.0011220766
  18   3       -0.0002645592       -0.0025764317
  18   2        0.0013980248       -0.0009285953
  18   1        0.0012508324       -0.0021597092
  18   0       -0.0030738665        0.0000000000
  18  -1       -0.0012508324       -0.0021597092
  18  -2        0.0013980248        0.0009285953
  18  -3        0.0002645592       -0.0025764317
  18  -4        0.0001165008       -0.0011220766
  18  -5       -0.0031978006        0.0033664122
  18  -6       -0.0008184512        0.0003983051
  18  -7        0.0021485568        0.0010461068
  18  -8        0.0003311963        0.0035524963
  18  -9       -0.0000293477       -0.0000804709
  18 -10       -0.0001095832       -0.0007355540
  18 -11       -0.0002274623        0.0006848685
  18 -12        0.0004686178        0.0002429480
  18 -13        0.0017027190       -0.0008139378
  18 -14        0.0012945098        0.0003368127
  18 -15       -0.0005698448       -0.0000786737
  18 -16       -0.0009796402        0.0008252798
  18 -17        0.0003482708        0.0002367162
  18 -18        0.0001239682        0.0010456766
  19  19       -0.0002022096        0.0008446524
  19  18       -0.0013339116        0.0008189720
  19  17       -0.0003126152       -0.0001072564
  19  16       -0.0017807092       -0.0001706772
  19  15        0.0015562297       -0.0004061800
  19  14       -0.0000025590        0.0011796711
  19  13        0.0006655074       -0.0009811117
  19  12       -0.0009732267        0.0013595218
  19  11        0.0016292897       -0.0001234424
  19  10        0.0003180614        0.0000865475
  19   9        0.0007417141       -0.0005075350
  19   8       -0.0020392980       -0.0006760213
  19   7       -0.0009817745        0.0005769372
  19   6        0.0004673523        0.0014671204
  19   5        0.0017483609       -0.0008549129
  19   4       -0.0004982064       -0.0018799697
  19   3        0.0010602836       -0.0017637795
  19   2        0.0024323956       -0.0004651030
  19   1       -0.0005502595       -0.0007789829
  19   0       -0.0016003732        0.0000000000
  19  -1        0.0005502595       -0.0007789829
  19  -2        0.0024323956        0.0004651030
  19  -3       -0.0010602836       -0.0017637795
  19  -4       -0.0004982064        0.0018799697
  19  -5       -0.0017483609       -0.0008549129
  19  -6        0.0004673523       -0.0014671204
  19  -7        0.0009817745        0.0005769372
  19  -8       -0.0020392980        0.0006760213
  19  -9       -0.0007417141       -0.0005075350
  19 -10        0.0003180614       -0.0000865475
  19 -11       -0.0016292897       -0.0001234424
  19 -12       -0.0009732267       -0.0013595218
  19 -13       -0.0006655074       -0.0009811117
  19 -14       -0.0000025590       -0.0011796711
  19 -15       -0.0015562297       -0.0004061800
  19 -16       -0.0017807092        0.0001706772
  19 -17        0.0003126152       -0.0001072564
  19 -18       -0.0013339116       -0.0008189720
  19 -19        0.0002022096        0.0008446524
  20  20       -0.0005666005        0.0004533301
  20  19        0.0008503415       -0.0011749321
  20  18       -0.0001306642       -0.0009364504
  20  17       -0.0005264663        0.0001812018
  20  16        0.0002728479        0.0018206495
  20  15       -0.0004419789        0.0002143209
  20  14        0.0003609841        0.0009675733
  20  13        0.0012192967        0.0006337917
  20  12        0.0010140217        0.0007553318
  20  11       -0.0008222872       -0.0007779446
  20  10        0.0016571444       -0.0000457498
  20   9       -0.0010774670        0.0010484401
  20   8       -0.0010728922        0.0004530316
  20   7        0.0009195724       -0.0011642238
  20   6       -0.0002095652       -0.0001457854
  20   5       -0.0008142694       -0.0021029565
  20   4        0.0004939832       -0.0004195058
  20   3       -0.0006171965        0.0016469596
  20   2       -0.0005367646       -0.0007226249
  20   1       -0.0022913883        0.0000663332
  20   0        0.0002100840        0.0000000000
  20  -1        0.0022913883        0.0000663332
  20  -2       -0.0005367646        0.0007226249
  20  -3        0.0006171965        0.0016469596
  20  -4        0.0004939832        0.0004195058
  20  -5        0.0008142694       -0.0021029565
  20  -6       -0.0002095652        0.0001457854
  20  -7       -0.0009195724       -0.0011642238
  20  -8       -0.0010728922       -0.0004530316
  20  -9        0.0010774670        0.0010484401
  20 -10        0.0016571444        0.0000457498
  20 -11        0.0008222872       -0.0007779446
  20 -12        0.0010140217       -0.0007553318
  20 -13       -0.0012192967        0.0006337917
  20 -14        0.0003609841       -0.0009675733
  20 -15        0.0004419789        0.0002143209
  20 -16        0.0002728479       -0.0018206495
  20 -17        0.0005264663        0.0001812018
  20 -18       -0.0001306642        0.0009364504
  20 -19       -0.0008503415       -0.0011749321
  20 -20       -0.0005666005       -0.0004533301
  21  21        0.0003695350        0.0013028636
  21  20       -0.0000770627       -0.0001165512
  21  19        0.0013907279        0.0012657863
  21  18       -0.0003762211       -0.0013309749
  21  17        0.0005395069        0.0009903540
  21  16       -0.0001784940        0.0000530863
  21  15        0.0010375533       -0.0005103216
  21  14        0.0000873100       -0.0004809143
  21  13       -0.0001113232        0.0005003567
  21  12       -0.0006280208       -0.0016580723
  21  11       -0.0002540341        0.0006740251
  21  10        0.0006535214       -0.0001703960
  21   9        0.0000679281       -0.0005498203
  21   8        0.0005200015       -0.0008114838
  21   7        0.0002693337        0.0009618132
  21   6        0.0005168079       -0.0006897641
  21   5       -0.0013546765        0.0001075805
  21   4       -0.0003414059        0.0001329187
  21   3       -0.0001939337        0.0005849288
  21   2       -0.0013186961       -0.0016741960
  21   1        0.0003110711        0.0007153911
  21   0        0.0003228021        0.0000000000
  21  -1       -0.0003110711        0.0007153911
  21  -2       -0.0013186961        0.0016741960
  21  -3        0.0001939337        0.0005849288
  21  -4       -0.0003414059       -0.0001329187
  21  -5        0.0013546765        0.0001075805
  21  -6        0.0005168079        0.0006897641
  21  -7       -0.0002693337        0.0009618132
  21  -8        0.0005200015        0.0008114838
  21  -9       -0.0000679281       -0.0005498203
  21 -10        0.0006535214        0.0001703960
  21 -11        0.0002540341        0.0006740251
  21 -12       -0.0006280208        0.0016580723
  21 -13        0.0001113232        0.0005003567
  21 -14        0.0000873100        0.0004809143
  21 -15       -0.0010375533       -0.0005103216
  21 -16       -0.0001784940       -0.0000530863
  21 -17       -0.0005395069        0.0009903540
  21 -18       -0.0003762211        0.0013309749
  21 -19       -0.0013907279        0.0012657863
  21 -20       -0.0000770627        0.0001165512
  21 -21       -0.0003695350        0.0013028636
  22  22        0.0007264514        0.0003655257
  22  21       -0.0001211459       -0.0000902841
  22  20        0.0014550804        0.0003953230
  22  19       -0.0007165662        0.0002913711
  22  18       -0.0001265128        0.0003502287
  22  17       -0.0003541557        0.0006624157
  22  16       -0.0004865175       -0.0005584521
  22  15        0.0005718801        0.0001589220
  22  14       -0.0011536181       -0.0007723463
  22  13       -0.0006161808        0.0002642036
  22  12       -0.0005580651       -0.0001078933
  22  11        0.0001495862        0.0000008536
  22  10       -0.0000362764        0.0004373557
  22   9        0.0010701905       -0.0000408375
  22   8       -0.0001605215       -0.0003293800
  22   7       -0.0004866289        0.0004001073
  22   6       -0.0006594385        0.0001617689
  22   5        0.0004254977        0.0011473815
  22   4       -0.0001449719        0.0012048579
  22   3       -0.0002159310       -0.0008444768
  22   2        0.0008252840       -0.0001037389
  22   1        0.0010117095       -0.0009394304
  22   0        0.0011876896        0.0000000000
  22  -1       -0.0010117095       -0.0009394304
  22  -2        0.0008252840        0.0001037389
  22  -3        0.0002159310       -0.0008444768
  22  -4       -0.0001449719       -0.0012048579
  22  -5       -0.0004254977        0.0011473815
  22  -6       -0.0006594385       -0.0001617689
  22  -7        0.0004866289        0.0004001073
  22  -8       -0.0001605215        0.0003293800
  22  -9       -0.0010701905       -0.0000408375
  22 -10       -0.0000362764       -0.0004373557
  22 -11       -0.0001495862        0.0000008536
  22 -12       -0.0005580651        0.0001078933
  22 -13        0.0006161808        0.0002642036
  22 -14       -0.0011536181        0.0007723463
  22 -15       -0.0005718801        0.0001589220
  22 -16       -0.0004865175        0.0005584521
  22 -17        0.0003541557        0.0006624157
  22 -18       -0.0001265128       -0.0003502287
  22 -19        0.0007165662        0.0002913711
  22 -20        0.0014550804       -0.0003953230
  22 -21        0.0001211459       -0.0000902841
  22 -22        0.0007264514       -0.0003655257
  23  23       -0.0001737918       -0.0006214951
  23  22       -0.0010811526       -0.0002385981
  23  21        0.0001080264        0.0003173010
  23  20        0.0008717508        0.0002043079
  23  19       -0.0006579897       -0.0007411420
  23  18        0.0001922079        0.0003983833
  23  17        0.0000987657       -0.0002643042
  23  16        0.0001454914       -0.0001747323
  23  15       -0.0013051532       -0.0004452766
  23  14       -0.0004888153       -0.0003426881
  23  13        0.0003538647       -0.0004219178
  23  12        0.0011420941        0.0020149197
  23  11       -0.0008564747       -0.0001212439
  23  10        0.0002425513        0.0007726026
  23   9       -0.0009118000        0.0002933881
  23   8       -0.0005049011       -0.0000620202
  23   7       -0.0006703124        0.0001176468
  23   6        0.0011454809        0.0003514407
  23   5        0.0005591813        0.0009931455
  23   4       -0.0000240893       -0.0012408606
  23   3       -0.0015254415        0.0000004835
  23   2       -0.0000322001       -0.0007987026
  23   1       -0.0004430781       -0.0010452228
  23   0       -0.0004946141        0.0000000000
  23  -1        0.0004430781       -0.0010452228
  23  -2       -0.0000322001        0.0007987026
  23  -3        0.0015254415        0.0000004835
  23  -4       -0.0000240893        0.0012408606
  23  -5       -0.0005591813        0.0009931455
  23  -6        0.0011454809       -0.0003514407
  23  -7        0.0006703124        0.0001176468
  23  -8       -0.0005049011        0.0000620202
  23  -9        0.0009118000        0.0002933881
  23 -10        0.0002425513       -0.0007726026
  23 -11        0.0008564747       -0.0001212439
  23 -12        0.0011420941       -0.0020149197
  23 -13       -0.0003538647       -0.0004219178
  23 -14       -0.0004888153        0.0003426881
  23 -15        0.0013051532       -0.0004452766
  23 -16        0.0001454914        0.0001747323
  23 -17       -0.0000987657       -0.0002643042
  23 -18        0.0001922079       -0.0003983833
  23 -19        0.0006579897       -0.0007411420
  23 -20        0.0008717508       -0.0002043079
  23 -21       -0.0001080264        0.0003173010
  23 -22       -0.0010811526        0.0002385981
  23 -23        0.0001737918       -0.0006214951
  24  24        0.0007745564       -0.0004203355
  24  23       -0.0001658695        0.0002499308
  24  22       -0.0002401634       -0.0008439514
  24  21       -0.0000191726       -0.0000080121
  24  20        0.0000505054       -0.0004291685
  24  19        0.0006468237       -0.0002534535
  24  18        0.0002565813       -0.0003128778
  24  17        0.0000301129        0.0000165785
  24  16        0.0004130455        0.0000239545
  24  15       -0.0011616417       -0.0003107859
  24  14       -0.0005004009       -0.0003023889
  24  13        0.0006081397        0.0005789469
  24  12        0.0008488062       -0.0003236564
  24  11       -0.0000167714       -0.0002725154
  24  10       -0.0006242127       -0.0004819427
  24   9       -0.0009758838        0.0003840984
  24   8       -0.0000819857       -0.0005139754
  24   7        0.0011443119       -0.0003722930
  24   6        0.0004545227        0.0003503057
  24   5       -0.0007496823       -0.0002736973
  24   4       -0.0006119642       -0.0012503157
  24   3        0.0013701137       -0.0002409314
  24   2       -0.0004918081        0.0015696794
  24   1       -0.0004157020        0.0009675701
  24   0       -0.0007581206        0.0000000000
  24  -1        0.0004157020        0.0009675701
  24  -2       -0.0004918081       -0.0015696794
  24  -3       -0.0013701137       -0.0002409314
  24  -4       -0.0006119642        0.0012503157
  24  -5        0.0007496823       -0.0002736973
  24  -6        0.0004545227       -0.0003503057
  24  -7       -0.0011443119       -0.0003722930
  24  -8       -0.0000819857        0.0005139754
  24  -9        0.0009758838        0.0003840984
  24 -10       -0.0006242127        0.0004819427
  24 -11        0.0000167714       -0.0002725154
  24 -12        0.0008488062        0.0003236564
  24 -13       -0.0006081397        0.0005789469
  24 -14       -0.0005004009        0.0003023889
  24 -15        0.0011616417       -0.0003107859
  24 -16        0.0004130455       -0.0000239545
  24 -17       -0.0000301129        0.0000165785
  24 -18        0.0002565813        0.0003128778
  24 -19       -0.0006468237       -0.0002534535
  24 -20        0.0000505054        0.0004291685
  24 -21        0.0000191726       -0.0000080121
  24 -22       -0.0002401634        0.0008439514
  24 -23        0.0001658695        0.0002499308
  24 -24        0.0007745564        0.0004203355
  25  25       -0.0001903041       -0.0005099931
  25  24        0.0003437310       -0.0002543777
  25  23        0.0005753965       -0.0001562405
  25  22        0.0008334787        0.0000906062
  25  21       -0.0002800311       -0.0004916384
  25  20       -0.0000250569       -0.0000558029
  25  19       -0.0004276929        0.0007279970
  25  18        0.0001275100       -0.0000323211
  25  17        0.0007545767       -0.0008172460
  25  16        0.0003261327        0.0004478860
  25  15       -0.0007993231        0.0004341982
  25  14        0.0001145869       -0.0006879727
  25  13       -0.0001117598       -0.0000818396
  25  12       -0.0000753499       -0.0004952272
  25  11        0.0000523984       -0.0005244103
  25  10        0.0003660265        0.0006377096
  25   9       -0.0004257160        0.0002276141
  25   8       -0.0003309667       -0.0006845356
  25   7       -0.0004782377        0.0005077968
  25   6       -0.0004395346       -0.0002346859
  25   5        0.0013408109       -0.0005901030
  25   4        0.0004003142        0.0006450549
  25   3        0.0010504112        0.0000720749
  25   2       -0.0001151617        0.0018595087
  25   1       -0.0007169513        0.0002471861
  25   0       -0.0000026161        0.0000000000
  25  -1        0.0007169513        0.0002471861
  25  -2       -0.0001151617       -0.0018595087
  25  -3       -0.0010504112        0.0000720749
  25  -4        0.0004003142       -0.0006450549
  25  -5       -0.0013408109       -0.0005901030
  25  -6       -0.0004395346        0.0002346859
  25  -7        0.0004782377        0.0005077968
  25  -8       -0.0003309667        0.0006845356
  25  -9        0.0004257160        0.0002276141
  25 -10        0.0003660265       -0.0006377096
  25 -11       -0.0000523984       -0.0005244103
  25 -12       -0.0000753499        0.0004952272
  25 -13        0.0001117598       -0.0000818396
  25 -14        0.0001145869        0.0006879727
  25 -15        0.0007993231        0.0004341982
  25 -16        0.0003261327       -0.0004478860
  25 -17       -0.0007545767       -0.0008172460
  25 -18        0.0001275100        0.0000323211
  25 -19        0.0004276929        0.0007279970
  25 -20       -0.0000250569        0.0000558029
  25 -21        0.0002800311       -0.0004916384
  25 -22        0.0008334787       -0.0000906062
  25 -23       -0.0005753965       -0.0001562405
  25 -24        0.0003437310        0.0002543777
  25 -25        0.0001903041       -0.0005099931
  26  26        0.0002007836        0.0002764786
  26  25        0.0002452447        0.0012669405
  26  24       -0.0005110029        0.0004024190
  26  23        0.0010512679        0.0001044807
  26  22        0.0005299915        0.0003846221
  26  21        0.0006637689       -0.0002228728
  26  20       -0.0006348920        0.0001566706
  26  19       -0.0010180364        0.0001841534
  26  18        0.0010653858        0.0008158769
  26  17       -0.0007939106        0.0000420445
  26  16        0.0009213683        0.0011021639
  26  15        0.0001711484       -0.0002884928
  26  14        0.0003138132        0.0000592989
  26  13       -0.0009443409       -0.0000862805
  26  12        0.0002405642        0.0004624824
  26  11        0.0007381511        0.0002520781
  26  10       -0.0000913518        0.0008113372
  26   9        0.0011672338       -0.0001048922
  26   8        0.0008064512        0.0006999949
  26   7       -0.0001538065       -0.0003747224
  26   6       -0.0004105695       -0.0004889235
  26   5        0.0003899314       -0.0003296605
  26   4       -0.0008385851        0.0012095682
  26   3       -0.0011808842       -0.0005122337
  26   2        0.0009392682       -0.0012457450
  26   1        0.0001592375        0.0010361124
  26   0        0.0009881843        0.0000000000
  26  -1       -0.0001592375        0.0010361124
  26  -2        0.0009392682        0.0012457450
  26  -3        0.0011808842       -0.0005122337
  26  -4       -0.0008385851       -0.0012095682
  26  -5       -0.0003899314       -0.0003296605
  26  -6       -0.0004105695        0.0004889235
  26  -7        0.0001538065       -0.0003747224
  26  -8        0.0008064512       -0.0006999949
  26  -9       -0.0011672338       -0.0001048922
  26 -10       -0.0000913518       -0.0008113372
  26 -11       -0.0007381511        0.0002520781
  26 -12        0.0002405642       -0.0004624824
  26 -13        0.0009443409       -0.0000862805
  26 -14        0.0003138132       -0.0000592989
  26 -15       -0.0001711484       -0.0002884928
  26 -16        0.0009213683       -0.0011021639
  26 -17        0.0007939106        0.0000420445
  26 -18        0.0010653858       -0.0008158769
  26 -19        0.0010180364        0.0001841534
  26 -20       -0.0006348920       -0.0001566706
  26 -21       -0.0006637689       -0.0002228728
  26 -22        0.0005299915       -0.0003846221
  26 -23       -0.0010512679        0.0001044807
  26 -24       -0.0005110029       -0.0004024190
  26 -25       -0.0002452447        0.0012669405
  26 -26        0.0002007836       -0.0002764786
  27  27        0.0000056261       -0.0006107142
  27  26        0.0005490914        0.0000204116
  27  25       -0.0010540706        0.0005355997
  27  24        0.0005468873       -0.0005128767
  27  23       -0.0000296322       -0.0005298354
  27  22       -0.0010955580        0.0004674083
  27  21       -0.0001718044        0.0009562621
  27  20        0.0001400865       -0.0006398998
  27  19       -0.0004801000        0.0003840235
  27  18        0.0001520836        0.0006533870
  27  17       -0.0000664883        0.0007798597
  27  16        0.0011056156       -0.0002255076
  27  15        0.0008370303       -0.0001521422
  27  14       -0.0002068236       -0.0007466088
  27  13       -0.0002441639        0.0000272074
  27  12        0.0005956846        0.0007724247
  27  11        0.0001570293        0.0000670834
  27  10        0.0012108295       -0.0002456135
  27   9        0.0013893935       -0.0004443892
  27   8        0.0004203524       -0.0008788462
  27   7       -0.0002835025       -0.0007619023
  27   6       -0.0001602119        0.0002942458
  27   5       -0.0005948823        0.0009819569
  27   4        0.0003332634       -0.0004111557
  27   3        0.0001004391       -0.0011862484
  27   2        0.0003967591       -0.0006175034
  27   1        0.0012529848       -0.0003820251
  27   0       -0.0011998601        0.0000000000
  27  -1       -0.0012529848       -0.0003820251
  27  -2        0.0003967591        0.0006175034
  27  -3       -0.0001004391       -0.0011862484
  27  -4        0.0003332634        0.0004111557
  27  -5        0.0005948823        0.0009819569
  27  -6       -0.0001602119       -0.0002942458
  27  -7        0.0002835025       -0.0007619023
  27  -8        0.0004203524        0.0008788462
  27  -9       -0.0013893935       -0.0004443892
  27 -10        0.0012108295        0.0002456135
  27 -11       -0.0001570293        0.0000670834
  27 -12        0.0005956846       -0.0007724247
  27 -13        0.0002441639        0.0000272074
  27 -14       -0.0002068236        0.0007466088
  27 -15       -0.0008370303       -0.0001521422
  27 -16        0.0011056156        0.0002255076
  27 -17        0.0000664883        0.0007798597
  27 -18        0.0001520836       -0.0006533870
  27 -19        0.0004801000        0.0003840235
  27 -20        0.0001400865        0.0006398998
  27 -21        0.0001718044        0.0009562621
  27 -22       -0.0010955580       -0.0004674083
  27 -23        0.0000296322       -0.0005298354
  27 -24        0.0005468873        0.0005128767
  27 -25        0.0010540706        0.0005355997
  27 -26        0.0005490914       -0.0000204116
  27 -27       -0.0000056261       -0.0006107142
  28  28        0.0001841686       -0.0005118585
  28  27        0.0007410367       -0.0000817391
  28  26        0.0005434379        0.0000432724
  28  25       -0.0007394415       -0.0003277440
  28  24       -0.0005944494       -0.0004868361
  28  23       -0.0001786468        0.0004707907
  28  22        0.0000967522        0.0010440528
  28  21        0.0006617730       -0.0009275918
  28  20        0.0001439706        0.0003285958
  28  19        0.0000805966        0.0001411202
  28  18       -0.0007644341        0.0000034863
  28  17        0.0008511660        0.0003054363
  28  16       -0.0002134342       -0.0007509401
  28  15        0.0000565640       -0.0005977565
  28  14       -0.0001209012       -0.0002941535
  28  13        0.0002763100        0.0003961424
  28  12        0.0000085037        0.0006391580
  28  11        0.0002549214       -0.0008743753
  28  10       -0.0006199024        0.0000661119
  28   9       -0.0005703861        0.0002717263
  28   8        0.0001468490       -0.0008232369
  28   7        0.0002112206        0.0005307290
  28   6       -0.0002233827        0.0000023935
  28   5       -0.0001288398        0.0002393143
  28   4        0.0003753657       -0.0009005574
  28   3       -0.0002205981        0.0008045146
  28   2        0.0009145102        0.0007397065
  28   1        0.0002675516       -0.0005567031
  28   0       -0.0006274072        0.0000000000
  28  -1       -0.0002675516       -0.0005567031
  28  -2        0.0009145102       -0.0007397065
  28  -3        0.0002205981        0.0008045146
  28  -4        0.0003753657        0.0009005574
  28  -5        0.0001288398        0.0002393143
  28  -6       -0.0002233827       -0.0000023935
  28  -7       -0.0002112206        0.0005307290
  28  -8        0.0001468490        0.0008232369
  28  -9        0.0005703861        0.0002717263
  28 -10       -0.0006199024       -0.0000661119
  28 -11       -0.0002549214       -0.0008743753
  28 -12        0.0000085037       -0.0006391580
  28 -13       -0.0002763100        0.0003961424
  28 -14       -0.0001209012        0.0002941535
  28 -15       -0.0000565640       -0.0005977565
  28 -16       -0.0002134342        0.0007509401
  28 -17       -0.0008511660        0.0003054363
  28 -18       -0.0007644341       -0.0000034863
  28 -19       -0.0000805966        0.0001411202
  28 -20        0.0001439706       -0.0003285958
  28 -21       -0.0006617730       -0.0009275918
  28 -22        0.0000967522       -0.0010440528
  28 -23        0.0001786468        0.0004707907
  28 -24       -0.0005944494        0.0004868361
  28 -25        0.0007394415       -0.0003277440
  28 -26        0.0005434379       -0.0000432724
  28 -27       -0.0007410367       -0.0000817391
  28 -28        0.0001841686        0.0005118585
  29  29        0.0004097867        0.0004529286
  29  28        0.0000215955       -0.0008489150
  29  27        0.0000021101        0.0002597153
  29  26        0.0001158453        0.0000222212
  29  25        0.0002677560        0.0000454253
  29  24       -0.0003343772       -0.0005555014
  29  23       -0.0001558566        0.0012043740
  29  22        0.0003084791        0.0006099285
  29  21        0.0007058584       -0.0010129327
  29  20        0.0002948841       -0.0000873199
  29  19       -0.0002010206       -0.0009400548
  29  18        0.0001369376       -0.0002207761
  29  17       -0.0005952641       -0.0001947636
  29  16       -0.0009090234        0.0005550846
  29  15        0.0005162906        0.0008227250
  29  14       -0.0006946778        0.0007903825
  29  13        0.0003703354        0.0001100013
  29  12        0.0000242997       -0.0005374486
  29  11       -0.0008218055        0.0001206121
  29  10       -0.0016312606        0.0006171458
  29   9       -0.0003931827        0.0003141084
  29   8        0.0005838904        0.0002073407
  29   7       -0.0008575787        0.0001958014
  29   6        0.0001542028        0.0008185727
  29   5       -0.0000315410       -0.0004793402
  29   4       -0.0010300078       -0.0000690797
  29   3        0.0006463119        0.0006911602
  29   2        0.0009053704       -0.0002015905
  29   1        0.0002981554        0.0012583781
  29   0        0.0005036803        0.0000000000
  29  -1       -0.0002981554        0.0012583781
  29  -2        0.0009053704        0.0002015905
  29  -3       -0.0006463119        0.0006911602
  29  -4       -0.0010300078        0.0000690797
  29  -5        0.0000315410       -0.0004793402
  29  -6        0.0001542028       -0.0008185727
  29  -7        0.0008575787        0.0001958014
  29  -8        0.0005838904       -0.0002073407
  29  -9        0.0003931827        0.0003141084
  29 -10       -0.0016312606       -0.0006171458
  29 -11        0.0008218055        0.0001206121
  29 -12        0.0000242997        0.0005374486
  29 -13       -0.0003703354        0.0001100013
  29 -14       -0.0006946778       -0.0007903825
  29 -15       -0.0005162906        0.0008227250
  29 -16       -0.0009090234       -0.0005550846
  29 -17        0.0005952641       -0.0001947636
  29 -18        0.0001369376        0.0002207761
  29 -19        0.0002010206       -0.0009400548
  29 -20        0.0002948841        0.0000873199
  29 -21       -0.0007058584       -0.0010129327
  29 -22        0.0003084791       -0.0006099285
  29 -23        0.0001558566        0.0012043740
  29 -24       -0.0003343772        0.0005555014
  29 -25       -0.0002677560        0.0000454253
  29 -26        0.0001158453       -0.0000222212
  29 -27       -0.0000021101        0.0002597153
  29 -28        0.0000215955        0.0008489150
  29 -29       -0.0004097867        0.0004529286
  30  30       -0.0000178085        0.0002534756
  30  29        0.0001921951       -0.0001999884
  30  28        0.0003756917       -0.0007094951
  30  27        0.0003235296        0.0006908534
  30  26        0.0001735176       -0.0005283264
  30  25        0.0005663406        0.0002166139
  30  24        0.0009456167       -0.0002256961
  30  23       -0.0006377566        0.0008368106
  30  22       -0.0002560683        0.0003429691
  30  21        0.0008744135       -0.0003347547
  30  20       -0.0001119122       -0.0002778943
  30  19       -0.0004834487       -0.0000587241
  30  18       -0.0000968042       -0.0004852308
  30  17       -0.0004289509        0.0004551738
  30  16       -0.0000858897        0.0007401707
  30  15       -0.0004024932       -0.0004852935
  30  14        0.0001997535        0.0001557836
  30  13        0.0002291194       -0.0005543846
  30  12       -0.0006166463       -0.0002666646
  30  11       -0.0010670396       -0.0004261309
  30  10        0.0003086732        0.0005881731
  30   9        0.0000473271        0.0002576953
  30   8       -0.0007173323        0.0007565798
  30   7       -0.0009050739       -0.0004920204
  30   6        0.0011033921        0.0003577534
  30   5        0.0001855826        0.0000143737
  30   4        0.0001384031       -0.0003795531
  30   3        0.0001045057       -0.0006018675
  30   2       -0.0007157154       -0.0006999021
  30   1        0.0006164954       -0.0001358519
  30   0       -0.0001831577        0.0000000000
  30  -1       -0.0006164954       -0.0001358519
  30  -2       -0.0007157154        0.0006999021
  30  -3       -0.0001045057       -0.0006018675
  30  -4        0.0001384031        0.0003795531
  30  -5       -0.0001855826        0.0000143737
  30  -6        0.0011033921       -0.0003577534
  30  -7        0.0009050739       -0.0004920204
  30  -8       -0.0007173323       -0.0007565798
  30  -9       -0.0000473271        0.0002576953
  30 -10        0.0003086732       -0.0005881731
  30 -11        0.0010670396       -0.0004261309
  30 -12       -0.0006166463        0.0002666646
  30 -13       -0.0002291194       -0.0005543846
  30 -14        0.0001997535       -0.0001557836
  30 -15        0.0004024932       -0.0004852935
  30 -16       -0.0000858897       -0.0007401707
  30 -17        0.0004289509        0.0004551738
  30 -18       -0.0000968042        0.0004852308
  30 -19        0.0004834487       -0.0000587241
  30 -20       -0.0001119122        0.0002778943
  30 -21       -0.0008744135       -0.0003347547
  30 -22       -0.0002560683       -0.0003429691
  30 -23        0.0006377566        0.0008368106
  30 -24        0.0009456167        0.0002256961
  30 -25       -0.0005663406        0.0002166139
  30 -26        0.0001735176        0.0005283264
  30 -27       -0.0003235296        0.0006908534
  30 -28        0.0003756917        0.0007094951
  30 -29       -0.0001921951       -0.0001999884
  30 -30       -0.0000178085       -0.0002534756
