   0   0       90.5782886165        0.0000000000
   1   1       -0.0861961734       -0.0271896957
   1   0       -0.0138574604        0.0000000000
   1  -1        0.0861961734       -0.0271896957
   2   2        0.7042669900       -0.9215782795
   2   1        0.6039641326        1.4496885543
   2   0       -0.9318007443        0.0000000000
   2  -1       -0.6039641326        1.4496885543
   2  -2        0.7042669900        0.9215782795
   3   3        0.2179223963       -0.0327836986
   3   2       -0.7271093253        0.2167532812
   3   1       -0.1453746731        0.4958652247
   3   0        0.1671541984        0.0000000000
   3  -1        0.1453746731        0.4958652247
   3  -2       -0.7271093253       -0.2167532812
   3  -3       -0.2179223963       -0.0327836986
   4   4        0.0897516469       -0.3669378940
   4   3       -0.2439234523       -0.2563166741
   4   2       -0.2010078103       -0.0248467828
   4   1        0.3032211064        0.3978504962
   4   0        0.0784087922        0.0000000000
   4  -1       -0.3032211064        0.3978504962
   4  -2       -0.2010078103        0.0248467828
   4  -3        0.2439234523       -0.2563166741
   4  -4        0.0897516469        0.3669378940
   5   5       -0.1303500783       -0.2138850974
   5   4       -0.2912074080       -0.0088252847
   5   3       -0.4329536178       -0.2263500935
   5   2       -0.2383098041       -0.0641229019
   5   1       -0.0127560433        0.1281535887
   5   0        0.5327469444        0.0000000000
   5  -1        0.0127560433        0.1281535887
   5  -2       -0.2383098041        0.0641229019
   5  -3        0.4329536178       -0.2263500935
   5  -4       -0.2912074080        0.0088252847
   5  -5        0.1303500783       -0.2138850974
   6   6       -0.1484956726       -0.0444701102
   6   5       -0.3399303688        0.2546665350
   6   4       -0.1436399156        0.1201788228
   6   3        0.1818074541        0.1709875420
   6   2       -0.1262972058        0.1731005315
   6   1        0.2420655465        0.2392746105
   6   0        0.0780349972        0.0000000000
   6  -1       -0.2420655465        0.2392746105
   6  -2       -0.1262972058       -0.1731005315
   6  -3       -0.1818074541        0.1709875420
   6  -4       -0.1436399156       -0.1201788228
   6  -5        0.3399303688        0.2546665350
   6  -6       -0.1484956726        0.0444701102
   7   7       -0.2047070997       -0.0032290626
   7   6        0.0730579961        0.1754872701
   7   5       -0.0456285170        0.0474947449
   7   4        0.2938668204       -0.1921867586
   7   3       -0.2263753878       -0.3369321252
   7   2       -0.4587281489       -0.2496752519
   7   1       -0.0043617616        0.2473219730
   7   0        0.0703296302        0.0000000000
   7  -1        0.0043617616        0.2473219730
   7  -2       -0.4587281489        0.2496752519
   7  -3        0.2263753878       -0.3369321252
   7  -4        0.2938668204        0.1921867586
   7  -5        0.0456285170        0.0474947449
   7  -6        0.0730579961       -0.1754872701
   7  -7        0.2047070997       -0.0032290626
   8   8       -0.1231174207        0.0230348735
   8   7        0.1421218164        0.3892655509
   8   6       -0.0348279438        0.0711165724
   8   5        0.0301616471       -0.0263070276
   8   4        0.1156825431       -0.0660424954
   8   3       -0.0453414909       -0.0270473888
   8   2       -0.1644082048        0.2690964584
   8   1        0.1681617374        0.0241573678
   8   0        0.0164237879        0.0000000000
   8  -1       -0.1681617374        0.0241573678
   8  -2       -0.1644082048       -0.2690964584
   8  -3        0.0453414909       -0.0270473888
   8  -4        0.1156825431        0.0660424954
   8  -5       -0.0301616471       -0.0263070276
   8  -6       -0.0348279438       -0.0711165724
   8  -7       -0.1421218164        0.3892655509
   8  -8       -0.1231174207       -0.0230348735
   9   9       -0.0037252258        0.0496446790
   9   8        0.2555527269        0.1095748558
   9   7        0.0045144990       -0.1222657570
   9   6       -0.0752415086       -0.1529288750
   9   5       -0.1199489046        0.0058319747
   9   4       -0.0215683962       -0.0797973856
   9   3       -0.1850469080       -0.1126113027
   9   2       -0.0710016438        0.0443596866
   9   1        0.2402179333       -0.0546053007
   9   0        0.1218094718        0.0000000000
   9  -1       -0.2402179333       -0.0546053007
   9  -2       -0.0710016438       -0.0443596866
   9  -3        0.1850469080       -0.1126113027
   9  -4       -0.0215683962        0.0797973856
   9  -5        0.1199489046        0.0058319747
   9  -6       -0.0752415086        0.1529288750
   9  -7       -0.0045144990       -0.1222657570
   9  -8        0.2555527269       -0.1095748558
   9  -9        0.0037252258        0.0496446790
  10  10        0.0582463120        0.0594307077
  10   9        0.2558723897       -0.0084564326
  10   8        0.0412199350        0.0411897578
  10   7       -0.0635803317       -0.0282473355
  10   6       -0.0501133452        0.0925504984
  10   5        0.0895130884        0.2526858208
  10   4        0.1843675935        0.1294719218
  10   3        0.0235531095       -0.2015228759
  10   2       -0.0012726695       -0.0991366842
  10   1       -0.1289605777       -0.0162911246
  10   0       -0.0982491285        0.0000000000
  10  -1        0.1289605777       -0.0162911246
  10  -2       -0.0012726695        0.0991366842
  10  -3       -0.0235531095       -0.2015228759
  10  -4        0.1843675935       -0.1294719218
  10  -5       -0.0895130884        0.2526858208
  10  -6       -0.0501133452       -0.0925504984
  10  -7        0.0635803317       -0.0282473355
  10  -8        0.0412199350       -0.0411897578
  10  -9       -0.2558723897       -0.0084564326
  10 -10        0.0582463120       -0.0594307077
  11  11       -0.0310685707        0.0275317126
  11  10        0.0982639653       -0.1425440896
  11   9       -0.0413290638       -0.0009924370
  11   8       -0.0671822047        0.0210125434
  11   7       -0.0404662368        0.0414594374
  11   6        0.0476778823        0.0454815630
  11   5        0.0381597068        0.0534485974
  11   4       -0.0190156960       -0.1545532860
  11   3       -0.0415348128       -0.1868273716
  11   2       -0.0084900717        0.0183429461
  11   1        0.0707160030       -0.0685559393
  11   0        0.0556893244        0.0000000000
  11  -1       -0.0707160030       -0.0685559393
  11  -2       -0.0084900717       -0.0183429461
  11  -3        0.0415348128       -0.1868273716
  11  -4       -0.0190156960        0.1545532860
  11  -5       -0.0381597068        0.0534485974
  11  -6        0.0476778823       -0.0454815630
  11  -7        0.0404662368        0.0414594374
  11  -8       -0.0671822047       -0.0210125434
  11  -9        0.0413290638       -0.0009924370
  11 -10        0.0982639653        0.1425440896
  11 -11        0.0310685707        0.0275317126
  12  12        0.0125693200        0.0576409041
  12  11        0.0623773328       -0.0933165211
  12  10       -0.0368818207        0.0219325918
  12   9        0.0009315629        0.0536372432
  12   8        0.1030088209        0.0930673420
  12   7        0.1035203626       -0.0588183656
  12   6       -0.0477085153       -0.0118461821
  12   5       -0.0234820233        0.0848064410
  12   4        0.1125133579       -0.0318514430
  12   3       -0.0692726724       -0.0486466389
  12   2       -0.0574318367       -0.0934876742
  12   1        0.0084722226       -0.0384122302
  12   0        0.1098573898        0.0000000000
  12  -1       -0.0084722226       -0.0384122302
  12  -2       -0.0574318367        0.0934876742
  12  -3        0.0692726724       -0.0486466389
  12  -4        0.1125133579        0.0318514430
  12  -5        0.0234820233        0.0848064410
  12  -6       -0.0477085153        0.0118461821
  12  -7       -0.1035203626       -0.0588183656
  12  -8        0.1030088209       -0.0930673420
  12  -9       -0.0009315629        0.0536372432
  12 -10       -0.0368818207       -0.0219325918
  12 -11       -0.0623773328       -0.0933165211
  12 -12        0.0125693200       -0.0576409041
  13  13       -0.0134929354        0.0492432317
  13  12       -0.0426603511       -0.1163976555
  13  11        0.0109065418       -0.0189893235
  13  10       -0.0077743356        0.0548014609
  13   9        0.0133284458        0.0400209738
  13   8        0.0694239669       -0.0417169891
  13   7        0.0024687538       -0.0359227399
  13   6       -0.1182806449       -0.0607399008
  13   5        0.0627907513        0.0056300020
  13   4        0.0829120007       -0.0944858200
  13   3       -0.0829235011       -0.0401486822
  13   2        0.0009213489       -0.0802435149
  13   1        0.0443483570        0.0767287575
  13   0        0.0800497797        0.0000000000
  13  -1       -0.0443483570        0.0767287575
  13  -2        0.0009213489        0.0802435149
  13  -3        0.0829235011       -0.0401486822
  13  -4        0.0829120007        0.0944858200
  13  -5       -0.0627907513        0.0056300020
  13  -6       -0.1182806449        0.0607399008
  13  -7       -0.0024687538       -0.0359227399
  13  -8        0.0694239669        0.0417169891
  13  -9       -0.0133284458        0.0400209738
  13 -10       -0.0077743356       -0.0548014609
  13 -11       -0.0109065418       -0.0189893235
  13 -12       -0.0426603511        0.1163976555
  13 -13        0.0134929354        0.0492432317
  14  14        0.0535707923        0.0119015226
  14  13       -0.0139773310       -0.0405135551
  14  12       -0.0417092313        0.0181393598
  14  11        0.0475438121       -0.0164592599
  14  10        0.0851808341        0.0248995648
  14   9       -0.0144341790       -0.0395033168
  14   8        0.0714874957        0.0333837047
  14   7       -0.0205117995        0.0006118811
  14   6       -0.0678969269       -0.0100506297
  14   5        0.0345248656        0.0959616202
  14   4       -0.0625412377        0.0312854498
  14   3       -0.0564774884       -0.0102801103
  14   2       -0.0038291076        0.0100923556
  14   1        0.0816304844        0.0556703447
  14   0        0.1292851106        0.0000000000
  14  -1       -0.0816304844        0.0556703447
  14  -2       -0.0038291076       -0.0100923556
  14  -3        0.0564774884       -0.0102801103
  14  -4       -0.0625412377       -0.0312854498
  14  -5       -0.0345248656        0.0959616202
  14  -6       -0.0678969269        0.0100506297
  14  -7        0.0205117995        0.0006118811
  14  -8        0.0714874957       -0.0333837047
  14  -9        0.0144341790       -0.0395033168
  14 -10        0.0851808341       -0.0248995648
  14 -11       -0.0475438121       -0.0164592599
  14 -12       -0.0417092313       -0.0181393598
  14 -13        0.0139773310       -0.0405135551
  14 -14        0.0535707923       -0.0119015226
  15  15        0.0630927363        0.0334888701
  15  14       -0.0895377545        0.0431643595
  15  13       -0.0209847643        0.0171897129
  15  12        0.0503083605       -0.0412483009
  15  11        0.0248223101       -0.0115104194
  15  10       -0.0314573118       -0.0833260910
  15   9       -0.0272683570       -0.0217478214
  15   8       -0.0155350628        0.0286535020
  15   7       -0.0255782219       -0.0709657808
  15   6       -0.0871735778        0.0048929389
  15   5        0.0004856872        0.0319349611
  15   4       -0.0316505611        0.0237708944
  15   3        0.0275447934       -0.0333527418
  15   2        0.0271911575       -0.0450600657
  15   1        0.0456435897        0.0332318595
  15   0       -0.0346707895        0.0000000000
  15  -1       -0.0456435897        0.0332318595
  15  -2        0.0271911575        0.0450600657
  15  -3       -0.0275447934       -0.0333527418
  15  -4       -0.0316505611       -0.0237708944
  15  -5       -0.0004856872        0.0319349611
  15  -6       -0.0871735778       -0.0048929389
  15  -7        0.0255782219       -0.0709657808
  15  -8       -0.0155350628       -0.0286535020
  15  -9        0.0272683570       -0.0217478214
  15 -10       -0.0314573118        0.0833260910
  15 -11       -0.0248223101       -0.0115104194
  15 -12        0.0503083605        0.0412483009
  15 -13        0.0209847643        0.0171897129
  15 -14       -0.0895377545       -0.0431643595
  15 -15       -0.0630927363        0.0334888701
  16  16        0.0083270942        0.0207638255
  16  15       -0.0502495299        0.0178049841
  16  14       -0.0119844441        0.0812235082
  16  13        0.0168364584       -0.0830531986
  16  12        0.0238356732        0.0028074858
  16  11       -0.0552245319        0.0167256539
  16  10        0.0099044165       -0.0225705459
  16   9        0.0081741281        0.0667006338
  16   8        0.0000731599        0.0454013968
  16   7       -0.0171999405       -0.0091255864
  16   6       -0.0133271098        0.0337393612
  16   5       -0.0176593346        0.0073543015
  16   4       -0.0152294043       -0.0369989038
  16   3        0.0033456122       -0.0426298009
  16   2       -0.0286051132       -0.0237885745
  16   1       -0.0104409403        0.0783355694
  16   0        0.0310392217        0.0000000000
  16  -1        0.0104409403        0.0783355694
  16  -2       -0.0286051132        0.0237885745
  16  -3       -0.0033456122       -0.0426298009
  16  -4       -0.0152294043        0.0369989038
  16  -5        0.0176593346        0.0073543015
  16  -6       -0.0133271098       -0.0337393612
  16  -7        0.0171999405       -0.0091255864
  16  -8        0.0000731599       -0.0454013968
  16  -9       -0.0081741281        0.0667006338
  16 -10        0.0099044165        0.0225705459
  16 -11        0.0552245319        0.0167256539
  16 -12        0.0238356732       -0.0028074858
  16 -13       -0.0168364584       -0.0830531986
  16 -14       -0.0119844441       -0.0812235082
  16 -15        0.0502495299        0.0178049841
  16 -16        0.0083270942       -0.0207638255
  17  17        0.0416360464       -0.0409299629
  17  16        0.0026851753        0.0815400936
  17  15        0.0195889674        0.0295963853
  17  14       -0.0166616220       -0.0473447626
  17  13       -0.0120044720       -0.0500790352
  17  12       -0.0373315555        0.0078912732
  17  11       -0.0145722613       -0.0145673812
  17  10       -0.0511647881       -0.0274206736
  17   9       -0.0074812718        0.0112780875
  17   8        0.0185341606        0.0194730527
  17   7       -0.0256489517       -0.0680261959
  17   6       -0.0091367307       -0.0040670938
  17   5       -0.0307484825        0.0235010724
  17   4       -0.0142055963        0.0086015783
  17   3        0.0057640997       -0.0308762594
  17   2       -0.0129524513       -0.0009838682
  17   1        0.0675694678        0.0234909459
  17   0        0.0015672119        0.0000000000
  17  -1       -0.0675694678        0.0234909459
  17  -2       -0.0129524513        0.0009838682
  17  -3       -0.0057640997       -0.0308762594
  17  -4       -0.0142055963       -0.0086015783
  17  -5        0.0307484825        0.0235010724
  17  -6       -0.0091367307        0.0040670938
  17  -7        0.0256489517       -0.0680261959
  17  -8        0.0185341606       -0.0194730527
  17  -9        0.0074812718        0.0112780875
  17 -10       -0.0511647881        0.0274206736
  17 -11        0.0145722613       -0.0145673812
  17 -12       -0.0373315555       -0.0078912732
  17 -13        0.0120044720       -0.0500790352
  17 -14       -0.0166616220        0.0473447626
  17 -15       -0.0195889674        0.0295963853
  17 -16        0.0026851753       -0.0815400936
  17 -17       -0.0416360464       -0.0409299629
  18  18        0.0008133529       -0.0284555645
  18  17        0.0114732575       -0.0016821356
  18  16        0.0501874244        0.0296330824
  18  15       -0.0675922704       -0.0517704911
  18  14        0.0199631912       -0.0160338999
  18  13       -0.0246026111        0.0508672076
  18  12        0.0063769372        0.0044878311
  18  11        0.0069546114        0.0247475361
  18  10        0.0261010373        0.0303557347
  18   9        0.0254180617        0.0578817332
  18   8        0.0246966104       -0.0024250017
  18   7       -0.0071783962       -0.0504470129
  18   6       -0.0290971287        0.0306378954
  18   5        0.0108462213        0.0305581747
  18   4        0.0069871176        0.0654408165
  18   3        0.0171041058       -0.0200529630
  18   2       -0.0334761561       -0.0026919261
  18   1        0.0033606139        0.0136307279
  18   0        0.0289383845        0.0000000000
  18  -1       -0.0033606139        0.0136307279
  18  -2       -0.0334761561        0.0026919261
  18  -3       -0.0171041058       -0.0200529630
  18  -4        0.0069871176       -0.0654408165
  18  -5       -0.0108462213        0.0305581747
  18  -6       -0.0290971287       -0.0306378954
  18  -7        0.0071783962       -0.0504470129
  18  -8        0.0246966104        0.0024250017
  18  -9       -0.0254180617        0.0578817332
  18 -10        0.0261010373       -0.0303557347
  18 -11       -0.0069546114        0.0247475361
  18 -12        0.0063769372       -0.0044878311
  18 -13        0.0246026111        0.0508672076
  18 -14        0.0199631912        0.0160338999
  18 -15        0.0675922704       -0.0517704911
  18 -16        0.0501874244       -0.0296330824
  18 -17       -0.0114732575       -0.0016821356
  18 -18        0.0008133529        0.0284555645
  19  19       -0.0130075143       -0.0377612691
  19  18        0.0638830262        0.0127332963
  19  17        0.0330881158        0.0009008487
  19  16       -0.0398437949        0.0088296928
  19  15       -0.0431380620        0.0206289354
  19  14        0.0118528118        0.0157669489
  19  13        0.0136327015        0.0029672976
  19  12       -0.0425370533        0.0230983904
  19  11        0.0225376765       -0.0551512561
  19  10        0.0033832929       -0.0396091719
  19   9       -0.0411574695        0.0142131233
  19   8        0.0162900052        0.0275731616
  19   7       -0.0000049536        0.0028347899
  19   6        0.0183085205        0.0307065630
  19   5        0.0115963902        0.0266534845
  19   4       -0.0571395714       -0.0171631532
  19   3        0.0249477342       -0.0436900849
  19   2       -0.0154535898        0.0533718925
  19   1       -0.0159816597        0.0103188435
  19   0       -0.0309702372        0.0000000000
  19  -1        0.0159816597        0.0103188435
  19  -2       -0.0154535898       -0.0533718925
  19  -3       -0.0249477342       -0.0436900849
  19  -4       -0.0571395714        0.0171631532
  19  -5       -0.0115963902        0.0266534845
  19  -6        0.0183085205       -0.0307065630
  19  -7        0.0000049536        0.0028347899
  19  -8        0.0162900052       -0.0275731616
  19  -9        0.0411574695        0.0142131233
  19 -10        0.0033832929        0.0396091719
  19 -11       -0.0225376765       -0.0551512561
  19 -12       -0.0425370533       -0.0230983904
  19 -13       -0.0136327015        0.0029672976
  19 -14        0.0118528118       -0.0157669489
  19 -15        0.0431380620        0.0206289354
  19 -16       -0.0398437949       -0.0088296928
  19 -17       -0.0330881158        0.0009008487
  19 -18        0.0638830262       -0.0127332963
  19 -19        0.0130075143       -0.0377612691
  20  20       -0.0509672376       -0.0078787259
  20  19        0.0481432578       -0.0211573790
  20  18        0.0298603643       -0.0246053920
  20  17       -0.0226374190        0.0296752998
  20  16       -0.0082317016       -0.0229772330
  20  15        0.0187499564        0.0401794937
  20  14       -0.0140684385        0.0241357009
  20  13       -0.0043383622        0.0111857672
  20  12        0.0178762101        0.0272029866
  20  11        0.0263943947        0.0196854186
  20  10       -0.0165319238        0.0221465908
  20   9        0.0127428106        0.0613429255
  20   8        0.0234862053        0.0021016360
  20   7        0.0022105806       -0.0214129154
  20   6        0.0158442337        0.0158740683
  20   5       -0.0547121181        0.0109607980
  20   4        0.0064121371        0.0076815289
  20   3       -0.0203683073       -0.0386485546
  20   2       -0.0209335121        0.0100775845
  20   1        0.0439528432        0.0264642818
  20   0        0.0182790320        0.0000000000
  20  -1       -0.0439528432        0.0264642818
  20  -2       -0.0209335121       -0.0100775845
  20  -3        0.0203683073       -0.0386485546
  20  -4        0.0064121371       -0.0076815289
  20  -5        0.0547121181        0.0109607980
  20  -6        0.0158442337       -0.0158740683
  20  -7       -0.0022105806       -0.0214129154
  20  -8        0.0234862053       -0.0021016360
  20  -9       -0.0127428106        0.0613429255
  20 -10       -0.0165319238       -0.0221465908
  20 -11       -0.0263943947        0.0196854186
  20 -12        0.0178762101       -0.0272029866
  20 -13        0.0043383622        0.0111857672
  20 -14       -0.0140684385       -0.0241357009
  20 -15       -0.0187499564        0.0401794937
  20 -16       -0.0082317016        0.0229772330
  20 -17        0.0226374190        0.0296752998
  20 -18        0.0298603643        0.0246053920
  20 -19       -0.0481432578       -0.0211573790
  20 -20       -0.0509672376        0.0078787259
  21  21       -0.0191945130       -0.0040475395
  21  20        0.0390525250       -0.0295471811
  21  19        0.0123250439       -0.0227430758
  21  18       -0.0206720483        0.0385461469
  21  17        0.0169733951        0.0302144714
  21  16        0.0098693267        0.0446709647
  21  15        0.0456492325       -0.0025523030
  21  14        0.0218050630        0.0121404084
  21  13        0.0049830517       -0.0441896761
  21  12        0.0157749606       -0.0357022575
  21  11        0.0160203280       -0.0047252058
  21  10        0.0038535304       -0.0064250337
  21   9        0.0211444335        0.0295803289
  21   8        0.0062789375        0.0056398399
  21   7        0.0201201338       -0.0112830291
  21   6       -0.0110340818        0.0081523626
  21   5       -0.0351545634       -0.0367674184
  21   4        0.0476300476        0.0355198632
  21   3       -0.0251382762       -0.0256381111
  21   2        0.0249744064       -0.0288862461
  21   1        0.0000927214       -0.0096230525
  21   0       -0.0275923317        0.0000000000
  21  -1       -0.0000927214       -0.0096230525
  21  -2        0.0249744064        0.0288862461
  21  -3        0.0251382762       -0.0256381111
  21  -4        0.0476300476       -0.0355198632
  21  -5        0.0351545634       -0.0367674184
  21  -6       -0.0110340818       -0.0081523626
  21  -7       -0.0201201338       -0.0112830291
  21  -8        0.0062789375       -0.0056398399
  21  -9       -0.0211444335        0.0295803289
  21 -10        0.0038535304        0.0064250337
  21 -11       -0.0160203280       -0.0047252058
  21 -12        0.0157749606        0.0357022575
  21 -13       -0.0049830517       -0.0441896761
  21 -14        0.0218050630       -0.0121404084
  21 -15       -0.0456492325       -0.0025523030
  21 -16        0.0098693267       -0.0446709647
  21 -17       -0.0169733951        0.0302144714
  21 -18       -0.0206720483       -0.0385461469
  21 -19       -0.0123250439       -0.0227430758
  21 -20        0.0390525250        0.0295471811
  21 -21        0.0191945130       -0.0040475395
  22  22       -0.0210626969       -0.0003640983
  22  21       -0.0217336240       -0.0213542984
  22  20        0.0090888776       -0.0214744084
  22  19        0.0074884417        0.0070532751
  22  18        0.0074003928        0.0012799683
  22  17        0.0201522432        0.0201931584
  22  16        0.0290525140        0.0027948262
  22  15       -0.0004459673       -0.0120469812
  22  14       -0.0054843757       -0.0134509255
  22  13       -0.0123439923        0.0140614909
  22  12        0.0003630016        0.0117231131
  22  11        0.0302761726       -0.0142650176
  22  10        0.0115970171       -0.0034766615
  22   9        0.0069114297       -0.0069122688
  22   8        0.0176196679       -0.0107313787
  22   7        0.0046760673        0.0038093728
  22   6        0.0036890704       -0.0170192880
  22   5       -0.0046441304        0.0145991394
  22   4       -0.0147098932       -0.0073945441
  22   3       -0.0081966445       -0.0551519081
  22   2        0.0165025580        0.0009482357
  22   1        0.0068815493        0.0273196785
  22   0        0.0601073553        0.0000000000
  22  -1       -0.0068815493        0.0273196785
  22  -2        0.0165025580       -0.0009482357
  22  -3        0.0081966445       -0.0551519081
  22  -4       -0.0147098932        0.0073945441
  22  -5        0.0046441304        0.0145991394
  22  -6        0.0036890704        0.0170192880
  22  -7       -0.0046760673        0.0038093728
  22  -8        0.0176196679        0.0107313787
  22  -9       -0.0069114297       -0.0069122688
  22 -10        0.0115970171        0.0034766615
  22 -11       -0.0302761726       -0.0142650176
  22 -12        0.0003630016       -0.0117231131
  22 -13        0.0123439923        0.0140614909
  22 -14       -0.0054843757        0.0134509255
  22 -15        0.0004459673       -0.0120469812
  22 -16        0.0290525140       -0.0027948262
  22 -17       -0.0201522432        0.0201931584
  22 -18        0.0074003928       -0.0012799683
  22 -19       -0.0074884417        0.0070532751
  22 -20        0.0090888776        0.0214744084
  22 -21        0.0217336240       -0.0213542984
  22 -22       -0.0210626969        0.0003640983
  23  23        0.0230744819        0.0141615546
  23  22        0.0089540269       -0.0163365872
  23  21       -0.0249513584       -0.0187205585
  23  20        0.0091735136       -0.0038612298
  23  19        0.0360691722       -0.0018748912
  23  18        0.0404876740        0.0061763067
  23  17        0.0067793211       -0.0392303192
  23  16       -0.0143687987       -0.0320858604
  23  15       -0.0235156143       -0.0170035259
  23  14        0.0032955622        0.0039036996
  23  13        0.0035358156       -0.0071818258
  23  12        0.0462639673       -0.0128728303
  23  11        0.0325576437       -0.0205274827
  23  10       -0.0042995791       -0.0108662998
  23   9       -0.0226552521        0.0342579025
  23   8        0.0129965143        0.0053439188
  23   7        0.0039839859        0.0054938860
  23   6        0.0180437816       -0.0073574142
  23   5        0.0138413366        0.0094806163
  23   4       -0.0070198785       -0.0314550108
  23   3        0.0194522602       -0.0098611051
  23   2       -0.0119541462        0.0088571589
  23   1       -0.0238265326       -0.0131297392
  23   0        0.0353731490        0.0000000000
  23  -1        0.0238265326       -0.0131297392
  23  -2       -0.0119541462       -0.0088571589
  23  -3       -0.0194522602       -0.0098611051
  23  -4       -0.0070198785        0.0314550108
  23  -5       -0.0138413366        0.0094806163
  23  -6        0.0180437816        0.0073574142
  23  -7       -0.0039839859        0.0054938860
  23  -8        0.0129965143       -0.0053439188
  23  -9        0.0226552521        0.0342579025
  23 -10       -0.0042995791        0.0108662998
  23 -11       -0.0325576437       -0.0205274827
  23 -12        0.0462639673        0.0128728303
  23 -13       -0.0035358156       -0.0071818258
  23 -14        0.0032955622       -0.0039036996
  23 -15        0.0235156143       -0.0170035259
  23 -16       -0.0143687987        0.0320858604
  23 -17       -0.0067793211       -0.0392303192
  23 -18        0.0404876740       -0.0061763067
  23 -19       -0.0360691722       -0.0018748912
  23 -20        0.0091735136        0.0038612298
  23 -21        0.0249513584       -0.0187205585
  23 -22        0.0089540269        0.0163365872
  23 -23       -0.0230744819        0.0141615546
  24  24        0.0030071180        0.0259999840
  24  23        0.0003255157        0.0035615521
  24  22       -0.0316913195       -0.0107828009
  24  21        0.0028664037        0.0097593140
  24  20        0.0197048721       -0.0085473127
  24  19        0.0276425877       -0.0101837175
  24  18       -0.0124573160       -0.0203615090
  24  17        0.0015511237       -0.0181386568
  24  16       -0.0046181453        0.0241413342
  24  15        0.0017105701        0.0386211994
  24  14       -0.0034704518       -0.0069061525
  24  13        0.0038165710        0.0053161344
  24  12       -0.0050746252        0.0053634996
  24  11        0.0118240388       -0.0334617787
  24  10       -0.0168225027        0.0003861121
  24   9       -0.0099582696       -0.0231326555
  24   8       -0.0044558773        0.0042104964
  24   7       -0.0143293986       -0.0058172415
  24   6        0.0028140068        0.0223741138
  24   5       -0.0283292435        0.0187975639
  24   4        0.0279210198       -0.0149474934
  24   3        0.0110452814        0.0015964366
  24   2       -0.0279026536        0.0277873387
  24   1        0.0156995047        0.0157422871
  24   0       -0.0022678578        0.0000000000
  24  -1       -0.0156995047        0.0157422871
  24  -2       -0.0279026536       -0.0277873387
  24  -3       -0.0110452814        0.0015964366
  24  -4        0.0279210198        0.0149474934
  24  -5        0.0283292435        0.0187975639
  24  -6        0.0028140068       -0.0223741138
  24  -7        0.0143293986       -0.0058172415
  24  -8       -0.0044558773       -0.0042104964
  24  -9        0.0099582696       -0.0231326555
  24 -10       -0.0168225027       -0.0003861121
  24 -11       -0.0118240388       -0.0334617787
  24 -12       -0.0050746252       -0.0053634996
  24 -13       -0.0038165710        0.0053161344
  24 -14       -0.0034704518        0.0069061525
  24 -15       -0.0017105701        0.0386211994
  24 -16       -0.0046181453       -0.0241413342
  24 -17       -0.0015511237       -0.0181386568
  24 -18       -0.0124573160        0.0203615090
  24 -19       -0.0276425877       -0.0101837175
  24 -20        0.0197048721        0.0085473127
  24 -21       -0.0028664037        0.0097593140
  24 -22       -0.0316913195        0.0107828009
  24 -23       -0.0003255157        0.0035615521
  24 -24        0.0030071180       -0.0259999840
  25  25        0.0258352945        0.0087235477
  25  24        0.0005200944       -0.0132217551
  25  23       -0.0231167062        0.0280530588
  25  22        0.0211609629        0.0147648777
  25  21        0.0029170673       -0.0362497693
  25  20        0.0250206071       -0.0469154089
  25  19       -0.0136551886        0.0055710084
  25  18       -0.0161308839       -0.0015608173
  25  17       -0.0017835959        0.0202426727
  25  16        0.0084554428       -0.0138843217
  25  15        0.0008223135       -0.0283435562
  25  14        0.0007209983       -0.0335708280
  25  13       -0.0184308956        0.0255647443
  25  12        0.0116317578       -0.0055728110
  25  11       -0.0012308432        0.0130681694
  25  10       -0.0326784087        0.0259876774
  25   9        0.0067749496        0.0125377173
  25   8        0.0070481945        0.0018881622
  25   7       -0.0009758244       -0.0019241717
  25   6       -0.0129461106       -0.0074253363
  25   5       -0.0202155855        0.0071745177
  25   4        0.0176167608       -0.0008355434
  25   3       -0.0011845472       -0.0074091634
  25   2        0.0023462019       -0.0251920931
  25   1       -0.0023084632        0.0113362975
  25   0        0.0107590160        0.0000000000
  25  -1        0.0023084632        0.0113362975
  25  -2        0.0023462019        0.0251920931
  25  -3        0.0011845472       -0.0074091634
  25  -4        0.0176167608        0.0008355434
  25  -5        0.0202155855        0.0071745177
  25  -6       -0.0129461106        0.0074253363
  25  -7        0.0009758244       -0.0019241717
  25  -8        0.0070481945       -0.0018881622
  25  -9       -0.0067749496        0.0125377173
  25 -10       -0.0326784087       -0.0259876774
  25 -11        0.0012308432        0.0130681694
  25 -12        0.0116317578        0.0055728110
  25 -13        0.0184308956        0.0255647443
  25 -14        0.0007209983        0.0335708280
  25 -15       -0.0008223135       -0.0283435562
  25 -16        0.0084554428        0.0138843217
  25 -17        0.0017835959        0.0202426727
  25 -18       -0.0161308839        0.0015608173
  25 -19        0.0136551886        0.0055710084
  25 -20        0.0250206071        0.0469154089
  25 -21       -0.0029170673       -0.0362497693
  25 -22        0.0211609629       -0.0147648777
  25 -23        0.0231167062        0.0280530588
  25 -24        0.0005200944        0.0132217551
  25 -25       -0.0258352945        0.0087235477
  26  26        0.0059740927        0.0278796332
  26  25        0.0022226672        0.0187877575
  26  24       -0.0092611752        0.0231729763
  26  23       -0.0011409589        0.0105974634
  26  22       -0.0084101370       -0.0301022906
  26  21       -0.0060617947       -0.0123818758
  26  20       -0.0056956919        0.0231006094
  26  19       -0.0178924210       -0.0053450528
  26  18        0.0136286373        0.0183738843
  26  17        0.0259048650       -0.0101285347
  26  16       -0.0146679727       -0.0102041845
  26  15       -0.0148251921       -0.0225457289
  26  14       -0.0214792255        0.0063971887
  26  13       -0.0444495402       -0.0088351490
  26  12        0.0205030320       -0.0021476662
  26  11       -0.0139096306       -0.0159403982
  26  10        0.0032543269       -0.0213127110
  26   9       -0.0223255391        0.0131777803
  26   8        0.0060720171        0.0024699115
  26   7        0.0019321596        0.0000370324
  26   6        0.0027972554       -0.0078671252
  26   5        0.0052350299        0.0044133823
  26   4        0.0078811277       -0.0035992742
  26   3       -0.0123486372       -0.0030904467
  26   2       -0.0055173996       -0.0121116827
  26   1       -0.0098964118        0.0172287826
  26   0        0.0134143397        0.0000000000
  26  -1        0.0098964118        0.0172287826
  26  -2       -0.0055173996        0.0121116827
  26  -3        0.0123486372       -0.0030904467
  26  -4        0.0078811277        0.0035992742
  26  -5       -0.0052350299        0.0044133823
  26  -6        0.0027972554        0.0078671252
  26  -7       -0.0019321596        0.0000370324
  26  -8        0.0060720171       -0.0024699115
  26  -9        0.0223255391        0.0131777803
  26 -10        0.0032543269        0.0213127110
  26 -11        0.0139096306       -0.0159403982
  26 -12        0.0205030320        0.0021476662
  26 -13        0.0444495402       -0.0088351490
  26 -14       -0.0214792255       -0.0063971887
  26 -15        0.0148251921       -0.0225457289
  26 -16       -0.0146679727        0.0102041845
  26 -17       -0.0259048650       -0.0101285347
  26 -18        0.0136286373       -0.0183738843
  26 -19        0.0178924210       -0.0053450528
  26 -20       -0.0056956919       -0.0231006094
  26 -21        0.0060617947       -0.0123818758
  26 -22       -0.0084101370        0.0301022906
  26 -23        0.0011409589        0.0105974634
  26 -24       -0.0092611752       -0.0231729763
  26 -25       -0.0022226672        0.0187877575
  26 -26        0.0059740927       -0.0278796332
  27  27        0.0074300572       -0.0024172449
  27  26       -0.0315498271        0.0117602371
  27  25        0.0010690000        0.0065342154
  27  24        0.0367143719        0.0017459881
  27  23       -0.0010675628       -0.0045673855
  27  22       -0.0287509756       -0.0190939684
  27  21        0.0106123544        0.0218486464
  27  20       -0.0136412899        0.0128848571
  27  19        0.0150437382       -0.0058553946
  27  18        0.0181400600       -0.0017266690
  27  17       -0.0143622171        0.0033050466
  27  16       -0.0159392892       -0.0120288914
  27  15        0.0087093775        0.0201141342
  27  14       -0.0265653165        0.0143226275
  27  13        0.0163681559        0.0021361488
  27  12        0.0271361211        0.0149483767
  27  11       -0.0041384984       -0.0047007399
  27  10        0.0018348060        0.0111111704
  27   9       -0.0041834686        0.0036703394
  27   8       -0.0139729127        0.0108974582
  27   7        0.0076241180       -0.0184657052
  27   6        0.0174018669       -0.0011710020
  27   5       -0.0340919242        0.0112029943
  27   4       -0.0260407268        0.0127187691
  27   3       -0.0164941800       -0.0060583811
  27   2       -0.0050859662       -0.0093047570
  27   1        0.0087998002        0.0229244698
  27   0        0.0274708969        0.0000000000
  27  -1       -0.0087998002        0.0229244698
  27  -2       -0.0050859662        0.0093047570
  27  -3        0.0164941800       -0.0060583811
  27  -4       -0.0260407268       -0.0127187691
  27  -5        0.0340919242        0.0112029943
  27  -6        0.0174018669        0.0011710020
  27  -7       -0.0076241180       -0.0184657052
  27  -8       -0.0139729127       -0.0108974582
  27  -9        0.0041834686        0.0036703394
  27 -10        0.0018348060       -0.0111111704
  27 -11        0.0041384984       -0.0047007399
  27 -12        0.0271361211       -0.0149483767
  27 -13       -0.0163681559        0.0021361488
  27 -14       -0.0265653165       -0.0143226275
  27 -15       -0.0087093775        0.0201141342
  27 -16       -0.0159392892        0.0120288914
  27 -17        0.0143622171        0.0033050466
  27 -18        0.0181400600        0.0017266690
  27 -19       -0.0150437382       -0.0058553946
  27 -20       -0.0136412899       -0.0128848571
  27 -21       -0.0106123544        0.0218486464
  27 -22       -0.0287509756        0.0190939684
  27 -23        0.0010675628       -0.0045673855
  27 -24        0.0367143719       -0.0017459881
  27 -25       -0.0010690000        0.0065342154
  27 -26       -0.0315498271       -0.0117602371
  27 -27       -0.0074300572       -0.0024172449
  28  28        0.0107032388       -0.0258990982
  28  27       -0.0150459476       -0.0177620011
  28  26        0.0086541466        0.0389644607
  28  25        0.0192340076        0.0085433987
  28  24       -0.0221042996        0.0208737478
  28  23       -0.0321565991        0.0003439434
  28  22       -0.0033027549        0.0329582149
  28  21        0.0176575753       -0.0081920139
  28  20       -0.0021926556       -0.0086312012
  28  19       -0.0110453651       -0.0071415661
  28  18       -0.0139037049        0.0047535668
  28  17       -0.0027622422        0.0010987528
  28  16        0.0196617833        0.0044732080
  28  15       -0.0082729292       -0.0011174601
  28  14        0.0096209069       -0.0074755188
  28  13        0.0004172771        0.0014607810
  28  12        0.0189026900       -0.0067177559
  28  11        0.0022305364        0.0016650423
  28  10       -0.0001634335        0.0058835615
  28   9        0.0091700172       -0.0020415490
  28   8        0.0141502761       -0.0148300114
  28   7       -0.0008866418        0.0092977889
  28   6       -0.0128137662        0.0196649872
  28   5       -0.0056120544        0.0156026860
  28   4        0.0001095816        0.0029549738
  28   3        0.0053504565        0.0046765227
  28   2        0.0010665988       -0.0161517397
  28   1       -0.0040051054       -0.0048687139
  28   0        0.0169477489        0.0000000000
  28  -1        0.0040051054       -0.0048687139
  28  -2        0.0010665988        0.0161517397
  28  -3       -0.0053504565        0.0046765227
  28  -4        0.0001095816       -0.0029549738
  28  -5        0.0056120544        0.0156026860
  28  -6       -0.0128137662       -0.0196649872
  28  -7        0.0008866418        0.0092977889
  28  -8        0.0141502761        0.0148300114
  28  -9       -0.0091700172       -0.0020415490
  28 -10       -0.0001634335       -0.0058835615
  28 -11       -0.0022305364        0.0016650423
  28 -12        0.0189026900        0.0067177559
  28 -13       -0.0004172771        0.0014607810
  28 -14        0.0096209069        0.0074755188
  28 -15        0.0082729292       -0.0011174601
  28 -16        0.0196617833       -0.0044732080
  28 -17        0.0027622422        0.0010987528
  28 -18       -0.0139037049       -0.0047535668
  28 -19        0.0110453651       -0.0071415661
  28 -20       -0.0021926556        0.0086312012
  28 -21       -0.0176575753       -0.0081920139
  28 -22       -0.0033027549       -0.0329582149
  28 -23        0.0321565991        0.0003439434
  28 -24       -0.0221042996       -0.0208737478
  28 -25       -0.0192340076        0.0085433987
  28 -26        0.0086541466       -0.0389644607
  28 -27        0.0150459476       -0.0177620011
  28 -28        0.0107032388        0.0258990982
  29  29        0.0205504763        0.0111556693
  29  28        0.0051640630        0.0079969222
  29  27        0.0064593904        0.0006653024
  29  26        0.0225100043       -0.0178374194
  29  25       -0.0386219437        0.0025296507
  29  24       -0.0099743524       -0.0068701766
  29  23        0.0225535960        0.0111309634
  29  22        0.0183779688        0.0094457719
  29  21       -0.0156955806        0.0009308713
  29  20        0.0085998656       -0.0149124154
  29  19        0.0083561009        0.0245950686
  29  18       -0.0063694942        0.0142708800
  29  17        0.0058487037       -0.0204738711
  29  16       -0.0027556185        0.0190975111
  29  15       -0.0056865810        0.0018893518
  29  14       -0.0032072808        0.0041710056
  29  13       -0.0145234085        0.0036177833
  29  12        0.0027311883        0.0195594304
  29  11        0.0053226062       -0.0077338941
  29  10        0.0045573983       -0.0093938541
  29   9       -0.0015280640       -0.0076949517
  29   8        0.0029219924        0.0155025067
  29   7       -0.0107617766        0.0120478560
  29   6       -0.0009020305       -0.0054239761
  29   5       -0.0022246547        0.0002869633
  29   4        0.0209141032       -0.0081067582
  29   3       -0.0137197866        0.0062746537
  29   2       -0.0214128884       -0.0018719956
  29   1       -0.0048866486        0.0191457941
  29   0       -0.0169016000        0.0000000000
  29  -1        0.0048866486        0.0191457941
  29  -2       -0.0214128884        0.0018719956
  29  -3        0.0137197866        0.0062746537
  29  -4        0.0209141032        0.0081067582
  29  -5        0.0022246547        0.0002869633
  29  -6       -0.0009020305        0.0054239761
  29  -7        0.0107617766        0.0120478560
  29  -8        0.0029219924       -0.0155025067
  29  -9        0.0015280640       -0.0076949517
  29 -10        0.0045573983        0.0093938541
  29 -11       -0.0053226062       -0.0077338941
  29 -12        0.0027311883       -0.0195594304
  29 -13        0.0145234085        0.0036177833
  29 -14       -0.0032072808       -0.0041710056
  29 -15        0.0056865810        0.0018893518
  29 -16       -0.0027556185       -0.0190975111
  29 -17       -0.0058487037       -0.0204738711
  29 -18       -0.0063694942       -0.0142708800
  29 -19       -0.0083561009        0.0245950686
  29 -20        0.0085998656        0.0149124154
  29 -21        0.0156955806        0.0009308713
  29 -22        0.0183779688       -0.0094457719
  29 -23       -0.0225535960        0.0111309634
  29 -24       -0.0099743524        0.0068701766
  29 -25        0.0386219437        0.0025296507
  29 -26        0.0225100043        0.0178374194
  29 -27       -0.0064593904        0.0006653024
  29 -28        0.0051640630       -0.0079969222
  29 -29       -0.0205504763        0.0111556693
  30  30       -0.0245924594       -0.0298791382
  30  29        0.0147410190        0.0095149242
  30  28        0.0058312120        0.0001511170
  30  27        0.0227512865        0.0095536662
  30  26        0.0104349211        0.0092071602
  30  25        0.0017163644        0.0276430568
  30  24        0.0022187474       -0.0052127327
  30  23        0.0123202852        0.0004191241
  30  22        0.0049474100        0.0007303550
  30  21        0.0152177668        0.0078294140
  30  20        0.0030518916        0.0225763242
  30  19       -0.0166356234       -0.0132638372
  30  18       -0.0014179860       -0.0006367418
  30  17       -0.0015549618        0.0159545305
  30  16       -0.0035002070       -0.0011077449
  30  15        0.0054172020       -0.0026365877
  30  14       -0.0005439407       -0.0150937073
  30  13       -0.0004314170       -0.0030285128
  30  12        0.0214476148       -0.0128448422
  30  11        0.0048626333        0.0032706496
  30  10        0.0050206603        0.0242510749
  30   9       -0.0012225372        0.0300198626
  30   8        0.0179286562        0.0073407306
  30   7        0.0126309874       -0.0030113582
  30   6        0.0003016832        0.0197745088
  30   5       -0.0094459042        0.0131365414
  30   4       -0.0070990974       -0.0071194256
  30   3        0.0017503286        0.0169691528
  30   2       -0.0001004387       -0.0124946995
  30   1       -0.0135735984        0.0217970372
  30   0       -0.0133373955        0.0000000000
  30  -1        0.0135735984        0.0217970372
  30  -2       -0.0001004387        0.0124946995
  30  -3       -0.0017503286        0.0169691528
  30  -4       -0.0070990974        0.0071194256
  30  -5        0.0094459042        0.0131365414
  30  -6        0.0003016832       -0.0197745088
  30  -7       -0.0126309874       -0.0030113582
  30  -8        0.0179286562       -0.0073407306
  30  -9        0.0012225372        0.0300198626
  30 -10        0.0050206603       -0.0242510749
  30 -11       -0.0048626333        0.0032706496
  30 -12        0.0214476148        0.0128448422
  30 -13        0.0004314170       -0.0030285128
  30 -14       -0.0005439407        0.0150937073
  30 -15       -0.0054172020       -0.0026365877
  30 -16       -0.0035002070        0.0011077449
  30 -17        0.0015549618        0.0159545305
  30 -18       -0.0014179860        0.0006367418
  30 -19        0.0166356234       -0.0132638372
  30 -20        0.0030518916       -0.0225763242
  30 -21       -0.0152177668        0.0078294140
  30 -22        0.0049474100       -0.0007303550
  30 -23       -0.0123202852        0.0004191241
  30 -24        0.0022187474        0.0052127327
  30 -25       -0.0017163644        0.0276430568
  30 -26        0.0104349211       -0.0092071602
  30 -27       -0.0227512865        0.0095536662
  30 -28        0.0058312120       -0.0001511170
  30 -29       -0.0147410190        0.0095149242
  30 -30       -0.0245924594        0.0298791382
