   0   0       41.6110494745        0.0000000000
   1   1       -0.0150204757        0.0892758285
   1   0        0.2195724782        0.0000000000
   1  -1        0.0150204757        0.0892758285
   2   2        1.3491907447        2.8373482539
   2   1        0.3240587120       -1.1843206164
   2   0       -3.3995555509        0.0000000000
   2  -1       -0.3240587120       -1.1843206164
   2  -2        1.3491907447       -2.8373482539
   3   3        0.1599773365        0.2473626698
   3   2        1.3622213317        0.2267248495
   3   1        0.4602706755        0.9230148869
   3   0        1.2370373333        0.0000000000
   3  -1       -0.4602706755        0.9230148869
   3  -2        1.3622213317       -0.2267248495
   3  -3       -0.1599773365        0.2473626698
   4   4        0.1535721954       -0.1567118200
   4   3        0.5988666311        0.0383128498
   4   2        0.4448062354       -0.3687229313
   4   1       -0.3506645784        0.1125832544
   4   0        0.0505966455        0.0000000000
   4  -1        0.3506645784        0.1125832544
   4  -2        0.4448062354        0.3687229313
   4  -3       -0.5988666311        0.0383128498
   4  -4        0.1535721954        0.1567118200
   5   5       -0.6848119573        0.1162610128
   5   4        0.3182569589        0.3207247129
   5   3       -0.0905281329       -0.3122105819
   5   2       -0.0410545431       -0.0748339384
   5   1        0.1763261348       -0.2222160292
   5   0        0.3133430077        0.0000000000
   5  -1       -0.1763261348       -0.2222160292
   5  -2       -0.0410545431        0.0748339384
   5  -3        0.0905281329       -0.3122105819
   5  -4        0.3182569589       -0.3207247129
   5  -5        0.6848119573        0.1162610128
   6   6        0.0695650522        0.0933659579
   6   5        0.2980411200        0.1255144940
   6   4       -0.1102847862        0.0330812574
   6   3       -0.0044398755       -0.0603301203
   6   2       -0.1697458793       -0.0173104270
   6   1        0.2979892673        0.5392996013
   6   0        0.0656506061        0.0000000000
   6  -1       -0.2979892673        0.5392996013
   6  -2       -0.1697458793        0.0173104270
   6  -3        0.0044398755       -0.0603301203
   6  -4       -0.1102847862       -0.0330812574
   6  -5       -0.2980411200        0.1255144940
   6  -6        0.0695650522       -0.0933659579
   7   7       -0.1733841477       -0.1815358929
   7   6       -0.1382095696        0.2207351800
   7   5        0.0016854310       -0.0531526078
   7   4       -0.0119088856        0.1207847252
   7   3        0.1362654788        0.0139148239
   7   2        0.1247275507       -0.1360429332
   7   1       -0.1246211046       -0.1454364877
   7   0        0.0565225409        0.0000000000
   7  -1        0.1246211046       -0.1454364877
   7  -2        0.1247275507        0.1360429332
   7  -3       -0.1362654788        0.0139148239
   7  -4       -0.0119088856       -0.1207847252
   7  -5       -0.0016854310       -0.0531526078
   7  -6       -0.1382095696       -0.2207351800
   7  -7        0.1733841477       -0.1815358929
   8   8       -0.0693537524       -0.0694804003
   8   7       -0.1259729611        0.0723129191
   8   6        0.0937168969       -0.1088914715
   8   5        0.0187540949        0.1613472088
   8   4       -0.0378109695        0.0645359315
   8   3       -0.0177487924        0.0988336264
   8   2        0.1200900576        0.1439056557
   8   1        0.0367875436        0.0176975327
   8   0       -0.0550904807        0.0000000000
   8  -1       -0.0367875436        0.0176975327
   8  -2        0.1200900576       -0.1439056557
   8  -3        0.0177487924        0.0988336264
   8  -4       -0.0378109695       -0.0645359315
   8  -5       -0.0187540949        0.1613472088
   8  -6        0.0937168969        0.1088914715
   8  -7        0.1259729611        0.0723129191
   8  -8       -0.0693537524        0.0694804003
   9   9        0.0045353827        0.0500983932
   9   8       -0.1188088308        0.0901728256
   9   7       -0.0205137154        0.0145105587
   9   6        0.0054307409        0.1307767049
   9   5        0.1827586801       -0.1033731347
   9   4       -0.0378389272        0.0223832499
   9   3       -0.1291979824       -0.0040684782
   9   2       -0.0187975163        0.0809242289
   9   1       -0.0529755899        0.1754556349
   9   0       -0.0742902013        0.0000000000
   9  -1        0.0529755899        0.1754556349
   9  -2       -0.0187975163       -0.0809242289
   9  -3        0.1291979824       -0.0040684782
   9  -4       -0.0378389272       -0.0223832499
   9  -5       -0.1827586801       -0.1033731347
   9  -6        0.0054307409       -0.1307767049
   9  -7        0.0205137154        0.0145105587
   9  -8       -0.1188088308       -0.0901728256
   9  -9       -0.0045353827        0.0500983932
  10  10        0.0870038708       -0.0667202379
  10   9       -0.0146576999       -0.0754123192
  10   8        0.0162143143       -0.0994069986
  10   7       -0.1050590546        0.0660063293
  10   6       -0.0691736188       -0.1188125505
  10   5       -0.0155042065        0.0117789510
  10   4        0.0581026812       -0.0247933091
  10   3        0.1062683724        0.0076517635
  10   2       -0.0132350953       -0.0261126891
  10   1       -0.0916775766       -0.1504934018
  10   0        0.0439598125        0.0000000000
  10  -1        0.0916775766       -0.1504934018
  10  -2       -0.0132350953        0.0261126891
  10  -3       -0.1062683724        0.0076517635
  10  -4        0.0581026812        0.0247933091
  10  -5        0.0155042065        0.0117789510
  10  -6       -0.0691736188        0.1188125505
  10  -7        0.1050590546        0.0660063293
  10  -8        0.0162143143        0.0994069986
  10  -9        0.0146576999       -0.0754123192
  10 -10        0.0870038708        0.0667202379
  11  11       -0.0570992497        0.0192573491
  11  10       -0.0035286947       -0.0693510166
  11   9       -0.0713673452       -0.0048052416
  11   8        0.0103479424        0.0596720454
  11   7        0.0178392082       -0.0348152891
  11   6       -0.0149274959       -0.0142511909
  11   5       -0.1446589800        0.0534975380
  11   4       -0.0733258268        0.0581654154
  11   3       -0.0297485250        0.0266598478
  11   2       -0.0406460280        0.0734763825
  11   1        0.0146975077       -0.0141512669
  11   0        0.0397221942        0.0000000000
  11  -1       -0.0146975077       -0.0141512669
  11  -2       -0.0406460280       -0.0734763825
  11  -3        0.0297485250        0.0266598478
  11  -4       -0.0733258268       -0.0581654154
  11  -5        0.1446589800        0.0534975380
  11  -6       -0.0149274959        0.0142511909
  11  -7       -0.0178392082       -0.0348152891
  11  -8        0.0103479424       -0.0596720454
  11  -9        0.0713673452       -0.0048052416
  11 -10       -0.0035286947        0.0693510166
  11 -11        0.0570992497        0.0192573491
  12  12        0.0052063592        0.0228809522
  12  11        0.0276741032       -0.0676108597
  12  10        0.0086281588       -0.0642204935
  12   9       -0.1182252148       -0.0217192972
  12   8        0.0349409875        0.0594795836
  12   7        0.0279241285        0.0706369636
  12   6        0.0174235231        0.0651323556
  12   5        0.0101980310       -0.1111542403
  12   4        0.0469117680        0.0681329498
  12   3       -0.0706609985       -0.0616046735
  12   2       -0.0819739298       -0.0239048502
  12   1        0.0426447934        0.0542033428
  12   0       -0.0025092935        0.0000000000
  12  -1       -0.0426447934        0.0542033428
  12  -2       -0.0819739298        0.0239048502
  12  -3        0.0706609985       -0.0616046735
  12  -4        0.0469117680       -0.0681329498
  12  -5       -0.0101980310       -0.1111542403
  12  -6        0.0174235231       -0.0651323556
  12  -7       -0.0279241285        0.0706369636
  12  -8        0.0349409875       -0.0594795836
  12  -9        0.1182252148       -0.0217192972
  12 -10        0.0086281588        0.0642204935
  12 -11       -0.0276741032       -0.0676108597
  12 -12        0.0052063592       -0.0228809522
  13  13       -0.0192997505        0.0199485516
  13  12        0.0554454576        0.0172596003
  13  11        0.0252919858       -0.0212422333
  13  10        0.0293337699        0.0079443629
  13   9        0.0387792426       -0.0281952123
  13   8       -0.0299101936       -0.0503416276
  13   7        0.0189394775       -0.0395011234
  13   6       -0.0166200383       -0.0453520839
  13   5        0.0309323123        0.0702363969
  13   4       -0.0021486287       -0.0261037171
  13   3        0.0692897281       -0.0226983164
  13   2        0.0329239480       -0.0962477284
  13   1        0.0292766502       -0.0388522374
  13   0        0.0826184707        0.0000000000
  13  -1       -0.0292766502       -0.0388522374
  13  -2        0.0329239480        0.0962477284
  13  -3       -0.0692897281       -0.0226983164
  13  -4       -0.0021486287        0.0261037171
  13  -5       -0.0309323123        0.0702363969
  13  -6       -0.0166200383        0.0453520839
  13  -7       -0.0189394775       -0.0395011234
  13  -8       -0.0299101936        0.0503416276
  13  -9       -0.0387792426       -0.0281952123
  13 -10        0.0293337699       -0.0079443629
  13 -11       -0.0252919858       -0.0212422333
  13 -12        0.0554454576       -0.0172596003
  13 -13        0.0192997505        0.0199485516
  14  14        0.0128406790        0.0162872441
  14  13        0.0303345242        0.0431157915
  14  12       -0.0324812081       -0.0207599688
  14  11       -0.0108420214       -0.0449701105
  14  10       -0.0279836976        0.0425579856
  14   9        0.0194825600        0.0527197752
  14   8        0.0448949407       -0.0100455478
  14   7       -0.0300527527       -0.0236112918
  14   6       -0.0059177219        0.0664485739
  14   5       -0.0518232851       -0.0445493359
  14   4       -0.0556679407        0.0129038854
  14   3       -0.0525444730        0.0040544116
  14   2       -0.0321739290        0.0581250352
  14   1       -0.0118027461       -0.0400369609
  14   0        0.0443369432        0.0000000000
  14  -1        0.0118027461       -0.0400369609
  14  -2       -0.0321739290       -0.0581250352
  14  -3        0.0525444730        0.0040544116
  14  -4       -0.0556679407       -0.0129038854
  14  -5        0.0518232851       -0.0445493359
  14  -6       -0.0059177219       -0.0664485739
  14  -7        0.0300527527       -0.0236112918
  14  -8        0.0448949407        0.0100455478
  14  -9       -0.0194825600        0.0527197752
  14 -10       -0.0279836976       -0.0425579856
  14 -11        0.0108420214       -0.0449701105
  14 -12       -0.0324812081        0.0207599688
  14 -13       -0.0303345242        0.0431157915
  14 -14        0.0128406790       -0.0162872441
  15  15        0.0091780763        0.0153645172
  15  14        0.0005376528        0.0304514238
  15  13        0.0274826691        0.0333608449
  15  12        0.0802342446       -0.0104252219
  15  11       -0.0133644436       -0.0016080419
  15  10       -0.0645678879       -0.0352206126
  15   9       -0.0382834192       -0.0057022609
  15   8       -0.0159756868        0.0001557466
  15   7        0.0298001779        0.0038670566
  15   6        0.0089617631        0.0160644489
  15   5        0.0772577932       -0.0126017306
  15   4       -0.0061176239       -0.0352706505
  15   3       -0.0135939811       -0.0181726694
  15   2       -0.0105610501        0.0129763805
  15   1       -0.0058472129       -0.0023271915
  15   0       -0.0538550280        0.0000000000
  15  -1        0.0058472129       -0.0023271915
  15  -2       -0.0105610501       -0.0129763805
  15  -3        0.0135939811       -0.0181726694
  15  -4       -0.0061176239        0.0352706505
  15  -5       -0.0772577932       -0.0126017306
  15  -6        0.0089617631       -0.0160644489
  15  -7       -0.0298001779        0.0038670566
  15  -8       -0.0159756868       -0.0001557466
  15  -9        0.0382834192       -0.0057022609
  15 -10       -0.0645678879        0.0352206126
  15 -11        0.0133644436       -0.0016080419
  15 -12        0.0802342446        0.0104252219
  15 -13       -0.0274826691        0.0333608449
  15 -14        0.0005376528       -0.0304514238
  15 -15       -0.0091780763        0.0153645172
  16  16       -0.0000106607       -0.0181422361
  16  15       -0.0006146239        0.0470248396
  16  14       -0.0200084799       -0.0003904574
  16  13        0.0107641557       -0.0463779966
  16  12        0.0124004913        0.0378761357
  16  11        0.0704022113        0.0180350719
  16  10        0.0047092815        0.0432569935
  16   9        0.0051616798       -0.0562966965
  16   8        0.0017747109        0.0339436203
  16   7       -0.0315595978       -0.0401030251
  16   6       -0.0015148888        0.0128042563
  16   5       -0.0190511874        0.0238327676
  16   4        0.0308899701       -0.0543807724
  16   3        0.0911054737       -0.0106157006
  16   2        0.0569593836       -0.0063588297
  16   1        0.0022497832       -0.0286888636
  16   0        0.0532401796        0.0000000000
  16  -1       -0.0022497832       -0.0286888636
  16  -2        0.0569593836        0.0063588297
  16  -3       -0.0911054737       -0.0106157006
  16  -4        0.0308899701        0.0543807724
  16  -5        0.0190511874        0.0238327676
  16  -6       -0.0015148888       -0.0128042563
  16  -7        0.0315595978       -0.0401030251
  16  -8        0.0017747109       -0.0339436203
  16  -9       -0.0051616798       -0.0562966965
  16 -10        0.0047092815       -0.0432569935
  16 -11       -0.0704022113        0.0180350719
  16 -12        0.0124004913       -0.0378761357
  16 -13       -0.0107641557       -0.0463779966
  16 -14       -0.0200084799        0.0003904574
  16 -15        0.0006146239        0.0470248396
  16 -16       -0.0000106607        0.0181422361
  17  17        0.0045771418        0.0299154133
  17  16       -0.0116284010        0.0295066849
  17  15        0.0065483906       -0.0097274095
  17  14        0.0479741295       -0.0219982784
  17  13        0.0048355182       -0.0577876430
  17  12       -0.0175095571       -0.0547847543
  17  11       -0.0448684744        0.0339234822
  17  10       -0.0154917202       -0.0267079773
  17   9        0.0054528891        0.0334959736
  17   8       -0.0034016170       -0.0074888550
  17   7       -0.0105748003        0.0316850606
  17   6        0.0049012257       -0.0281542481
  17   5       -0.0431771589       -0.0425190714
  17   4        0.0108491473        0.0209638628
  17   3       -0.0509550599       -0.0089190814
  17   2       -0.0118625086        0.0593660009
  17   1       -0.0327033466       -0.0337748221
  17   0        0.0119971850        0.0000000000
  17  -1        0.0327033466       -0.0337748221
  17  -2       -0.0118625086       -0.0593660009
  17  -3        0.0509550599       -0.0089190814
  17  -4        0.0108491473       -0.0209638628
  17  -5        0.0431771589       -0.0425190714
  17  -6        0.0049012257        0.0281542481
  17  -7        0.0105748003        0.0316850606
  17  -8       -0.0034016170        0.0074888550
  17  -9       -0.0054528891        0.0334959736
  17 -10       -0.0154917202        0.0267079773
  17 -11        0.0448684744        0.0339234822
  17 -12       -0.0175095571        0.0547847543
  17 -13       -0.0048355182       -0.0577876430
  17 -14        0.0479741295        0.0219982784
  17 -15       -0.0065483906       -0.0097274095
  17 -16       -0.0116284010       -0.0295066849
  17 -17       -0.0045771418        0.0299154133
  18  18        0.0349085982        0.0073966741
  18  17        0.0190903981       -0.0112263602
  18  16       -0.0536875739       -0.0067727715
  18  15       -0.0066749862        0.0116148639
  18  14       -0.0124608203        0.0366290969
  18  13        0.0585643848       -0.0124422673
  18  12       -0.0343032420       -0.0417625041
  18  11       -0.0026461114        0.0063782001
  18  10        0.0517205748        0.0195456869
  18   9       -0.0123929447       -0.0648584807
  18   8       -0.0046979429        0.0462355387
  18   7        0.0138448005       -0.0187386737
  18   6        0.0153198266       -0.0056225404
  18   5        0.0176346524       -0.0251602197
  18   4       -0.0368779020       -0.0207632464
  18   3        0.0380195085       -0.0127447635
  18   2       -0.0189532107       -0.0399264842
  18   1        0.0164819791        0.0199614730
  18   0        0.0000036418        0.0000000000
  18  -1       -0.0164819791        0.0199614730
  18  -2       -0.0189532107        0.0399264842
  18  -3       -0.0380195085       -0.0127447635
  18  -4       -0.0368779020        0.0207632464
  18  -5       -0.0176346524       -0.0251602197
  18  -6        0.0153198266        0.0056225404
  18  -7       -0.0138448005       -0.0187386737
  18  -8       -0.0046979429       -0.0462355387
  18  -9        0.0123929447       -0.0648584807
  18 -10        0.0517205748       -0.0195456869
  18 -11        0.0026461114        0.0063782001
  18 -12       -0.0343032420        0.0417625041
  18 -13       -0.0585643848       -0.0124422673
  18 -14       -0.0124608203       -0.0366290969
  18 -15        0.0066749862        0.0116148639
  18 -16       -0.0536875739        0.0067727715
  18 -17       -0.0190903981       -0.0112263602
  18 -18        0.0349085982       -0.0073966741
  19  19       -0.0110402104       -0.0620291391
  19  18        0.0156586054       -0.0324075522
  19  17       -0.0085169007        0.0368345584
  19  16        0.0347459819       -0.0000868872
  19  15        0.0012027812        0.0009569382
  19  14        0.0137167334       -0.0456003974
  19  13       -0.0492313155        0.0045938322
  19  12        0.0032782778        0.0207329610
  19  11       -0.0301179945        0.0085530982
  19  10        0.0009079795       -0.0279643701
  19   9        0.0291027517       -0.0232062191
  19   8       -0.0229488499        0.0053464618
  19   7       -0.0097612915       -0.0390209739
  19   6        0.0048855164       -0.0057351384
  19   5        0.0046650129        0.0125730193
  19   4       -0.0039130418        0.0319763051
  19   3        0.0073037755        0.0084330440
  19   2       -0.0062477742       -0.0296271933
  19   1       -0.0058145333       -0.0565735446
  19   0        0.0534249437        0.0000000000
  19  -1        0.0058145333       -0.0565735446
  19  -2       -0.0062477742        0.0296271933
  19  -3       -0.0073037755        0.0084330440
  19  -4       -0.0039130418       -0.0319763051
  19  -5       -0.0046650129        0.0125730193
  19  -6        0.0048855164        0.0057351384
  19  -7        0.0097612915       -0.0390209739
  19  -8       -0.0229488499       -0.0053464618
  19  -9       -0.0291027517       -0.0232062191
  19 -10        0.0009079795        0.0279643701
  19 -11        0.0301179945        0.0085530982
  19 -12        0.0032782778       -0.0207329610
  19 -13        0.0492313155        0.0045938322
  19 -14        0.0137167334        0.0456003974
  19 -15       -0.0012027812        0.0009569382
  19 -16        0.0347459819        0.0000868872
  19 -17        0.0085169007        0.0368345584
  19 -18        0.0156586054        0.0324075522
  19 -19        0.0110402104       -0.0620291391
  20  20        0.0317214202       -0.0498060552
  20  19        0.0301488456        0.0137526520
  20  18       -0.0403474583       -0.0042086827
  20  17       -0.0073319548       -0.0166031506
  20  16       -0.0009934366        0.0483575834
  20  15        0.0774991818        0.0220079363
  20  14       -0.0112726324       -0.0119427216
  20  13       -0.0480806618       -0.0299658932
  20  12        0.0038743113       -0.0239843496
  20  11        0.0375219999       -0.0072485520
  20  10       -0.0320339381        0.0211582891
  20   9        0.0202231936        0.0189977945
  20   8        0.0058372219       -0.0247413460
  20   7       -0.0066482211        0.0078107689
  20   6       -0.0265740827       -0.0392861170
  20   5        0.0048956495       -0.0103178960
  20   4       -0.0071015975       -0.0451195529
  20   3       -0.0015896874        0.0404532729
  20   2       -0.0165905737        0.0229423119
  20   1       -0.0432059099        0.0074691664
  20   0       -0.0365754375        0.0000000000
  20  -1        0.0432059099        0.0074691664
  20  -2       -0.0165905737       -0.0229423119
  20  -3        0.0015896874        0.0404532729
  20  -4       -0.0071015975        0.0451195529
  20  -5       -0.0048956495       -0.0103178960
  20  -6       -0.0265740827        0.0392861170
  20  -7        0.0066482211        0.0078107689
  20  -8        0.0058372219        0.0247413460
  20  -9       -0.0202231936        0.0189977945
  20 -10       -0.0320339381       -0.0211582891
  20 -11       -0.0375219999       -0.0072485520
  20 -12        0.0038743113        0.0239843496
  20 -13        0.0480806618       -0.0299658932
  20 -14       -0.0112726324        0.0119427216
  20 -15       -0.0774991818        0.0220079363
  20 -16       -0.0009934366       -0.0483575834
  20 -17        0.0073319548       -0.0166031506
  20 -18       -0.0403474583        0.0042086827
  20 -19       -0.0301488456        0.0137526520
  20 -20        0.0317214202        0.0498060552
  21  21        0.0107067787        0.0469039854
  21  20        0.0057224542        0.0092712619
  21  19       -0.0213406210       -0.0256549058
  21  18       -0.0160459086        0.0447828589
  21  17       -0.0502658011       -0.0052454911
  21  16        0.0140747432       -0.0422235786
  21  15       -0.0348717178        0.0019028552
  21  14       -0.0052660287        0.0051484456
  21  13       -0.0055716568        0.0285946312
  21  12        0.0026099843        0.0168926990
  21  11        0.0033897259       -0.0282729333
  21  10        0.0045193913        0.0096049675
  21   9        0.0154509962        0.0189880556
  21   8        0.0205510276        0.0138826747
  21   7        0.0197578545        0.0013224870
  21   6        0.0256989106        0.0225480837
  21   5        0.0098120174       -0.0189000376
  21   4        0.0123608000       -0.0145140404
  21   3        0.0360833615       -0.0146170666
  21   2        0.0045079415       -0.0130335379
  21   1        0.0150326442        0.0375159566
  21   0       -0.0308239840        0.0000000000
  21  -1       -0.0150326442        0.0375159566
  21  -2        0.0045079415        0.0130335379
  21  -3       -0.0360833615       -0.0146170666
  21  -4        0.0123608000        0.0145140404
  21  -5       -0.0098120174       -0.0189000376
  21  -6        0.0256989106       -0.0225480837
  21  -7       -0.0197578545        0.0013224870
  21  -8        0.0205510276       -0.0138826747
  21  -9       -0.0154509962        0.0189880556
  21 -10        0.0045193913       -0.0096049675
  21 -11       -0.0033897259       -0.0282729333
  21 -12        0.0026099843       -0.0168926990
  21 -13        0.0055716568        0.0285946312
  21 -14       -0.0052660287       -0.0051484456
  21 -15        0.0348717178        0.0019028552
  21 -16        0.0140747432        0.0422235786
  21 -17        0.0502658011       -0.0052454911
  21 -18       -0.0160459086       -0.0447828589
  21 -19        0.0213406210       -0.0256549058
  21 -20        0.0057224542       -0.0092712619
  21 -21       -0.0107067787        0.0469039854
  22  22        0.0128419351       -0.0025070363
  22  21        0.0108439730       -0.0261818115
  22  20       -0.0040948157        0.0267063279
  22  19       -0.0222794506        0.0104453248
  22  18        0.0191831418        0.0141919173
  22  17        0.0276308187        0.0088566097
  22  16        0.0499295799        0.0058481760
  22  15        0.0136081901       -0.0207218980
  22  14        0.0176174007       -0.0315323942
  22  13        0.0264979960        0.0063120105
  22  12        0.0312949862        0.0074745565
  22  11       -0.0330025617       -0.0076584014
  22  10        0.0311513809       -0.0232762716
  22   9        0.0274686891       -0.0071206678
  22   8       -0.0204586093       -0.0053990656
  22   7       -0.0015583571       -0.0146518752
  22   6        0.0292994386       -0.0407493089
  22   5        0.0179254011        0.0479162688
  22   4       -0.0145184320        0.0395454394
  22   3        0.0209157837       -0.0057098874
  22   2        0.0247976577       -0.0143318539
  22   1        0.0105067275        0.0014602716
  22   0        0.0265612357        0.0000000000
  22  -1       -0.0105067275        0.0014602716
  22  -2        0.0247976577        0.0143318539
  22  -3       -0.0209157837       -0.0057098874
  22  -4       -0.0145184320       -0.0395454394
  22  -5       -0.0179254011        0.0479162688
  22  -6        0.0292994386        0.0407493089
  22  -7        0.0015583571       -0.0146518752
  22  -8       -0.0204586093        0.0053990656
  22  -9       -0.0274686891       -0.0071206678
  22 -10        0.0311513809        0.0232762716
  22 -11        0.0330025617       -0.0076584014
  22 -12        0.0312949862       -0.0074745565
  22 -13       -0.0264979960        0.0063120105
  22 -14        0.0176174007        0.0315323942
  22 -15       -0.0136081901       -0.0207218980
  22 -16        0.0499295799       -0.0058481760
  22 -17       -0.0276308187        0.0088566097
  22 -18        0.0191831418       -0.0141919173
  22 -19        0.0222794506        0.0104453248
  22 -20       -0.0040948157       -0.0267063279
  22 -21       -0.0108439730       -0.0261818115
  22 -22        0.0128419351        0.0025070363
  23  23        0.0084049450       -0.0209774707
  23  22       -0.0044104453       -0.0149629361
  23  21        0.0278967402       -0.0007454274
  23  20        0.0048579574       -0.0320712598
  23  19       -0.0246473244       -0.0011646117
  23  18       -0.0325660752       -0.0022005150
  23  17       -0.0014251339        0.0084786666
  23  16       -0.0233709848        0.0085033298
  23  15        0.0058383993       -0.0296573739
  23  14        0.0092160247        0.0244456600
  23  13       -0.0102958491       -0.0049780730
  23  12       -0.0396426740       -0.0134947862
  23  11       -0.0030024950       -0.0029158628
  23  10       -0.0111639757        0.0115096945
  23   9        0.0138356639       -0.0011376881
  23   8        0.0170431159       -0.0047567001
  23   7       -0.0012585114       -0.0282737237
  23   6       -0.0274686286       -0.0057951360
  23   5       -0.0203218082       -0.0252761394
  23   4       -0.0092566040       -0.0042603079
  23   3       -0.0314084406       -0.0132919917
  23   2       -0.0241171400       -0.0105750044
  23   1       -0.0231986720        0.0199350558
  23   0        0.0079671315        0.0000000000
  23  -1        0.0231986720        0.0199350558
  23  -2       -0.0241171400        0.0105750044
  23  -3        0.0314084406       -0.0132919917
  23  -4       -0.0092566040        0.0042603079
  23  -5        0.0203218082       -0.0252761394
  23  -6       -0.0274686286        0.0057951360
  23  -7        0.0012585114       -0.0282737237
  23  -8        0.0170431159        0.0047567001
  23  -9       -0.0138356639       -0.0011376881
  23 -10       -0.0111639757       -0.0115096945
  23 -11        0.0030024950       -0.0029158628
  23 -12       -0.0396426740        0.0134947862
  23 -13        0.0102958491       -0.0049780730
  23 -14        0.0092160247       -0.0244456600
  23 -15       -0.0058383993       -0.0296573739
  23 -16       -0.0233709848       -0.0085033298
  23 -17        0.0014251339        0.0084786666
  23 -18       -0.0325660752        0.0022005150
  23 -19        0.0246473244       -0.0011646117
  23 -20        0.0048579574        0.0320712598
  23 -21       -0.0278967402       -0.0007454274
  23 -22       -0.0044104453        0.0149629361
  23 -23       -0.0084049450       -0.0209774707
  24  24       -0.0334982608        0.0251206766
  24  23        0.0300423022        0.0290876329
  24  22        0.0075149380       -0.0126134513
  24  21       -0.0245872581       -0.0092088138
  24  20        0.0137138292        0.0156216972
  24  19       -0.0082214944       -0.0021267405
  24  18        0.0371263316        0.0326029772
  24  17       -0.0055663753       -0.0411106123
  24  16        0.0131892829       -0.0230751421
  24  15       -0.0146308469        0.0099909600
  24  14       -0.0343021716        0.0374656642
  24  13       -0.0004124229        0.0354884503
  24  12        0.0013768573       -0.0298734268
  24  11        0.0386027948        0.0048126754
  24  10       -0.0175045198       -0.0318651327
  24   9       -0.0055891079        0.0284417693
  24   8        0.0378900996        0.0079097568
  24   7       -0.0085905957        0.0192147239
  24   6       -0.0087006377        0.0439137791
  24   5       -0.0016506433        0.0070853052
  24   4       -0.0047978600       -0.0053507891
  24   3       -0.0184403044       -0.0064446681
  24   2       -0.0542892237       -0.0184191840
  24   1       -0.0204926478        0.0120218394
  24   0        0.0052175060        0.0000000000
  24  -1        0.0204926478        0.0120218394
  24  -2       -0.0542892237        0.0184191840
  24  -3        0.0184403044       -0.0064446681
  24  -4       -0.0047978600        0.0053507891
  24  -5        0.0016506433        0.0070853052
  24  -6       -0.0087006377       -0.0439137791
  24  -7        0.0085905957        0.0192147239
  24  -8        0.0378900996       -0.0079097568
  24  -9        0.0055891079        0.0284417693
  24 -10       -0.0175045198        0.0318651327
  24 -11       -0.0386027948        0.0048126754
  24 -12        0.0013768573        0.0298734268
  24 -13        0.0004124229        0.0354884503
  24 -14       -0.0343021716       -0.0374656642
  24 -15        0.0146308469        0.0099909600
  24 -16        0.0131892829        0.0230751421
  24 -17        0.0055663753       -0.0411106123
  24 -18        0.0371263316       -0.0326029772
  24 -19        0.0082214944       -0.0021267405
  24 -20        0.0137138292       -0.0156216972
  24 -21        0.0245872581       -0.0092088138
  24 -22        0.0075149380        0.0126134513
  24 -23       -0.0300423022        0.0290876329
  24 -24       -0.0334982608       -0.0251206766
  25  25       -0.0487854724        0.0620143954
  25  24        0.0032014840        0.0044088740
  25  23       -0.0055587796       -0.0108053848
  25  22       -0.0093344942        0.0308360242
  25  21       -0.0095793240        0.0115194864
  25  20       -0.0260855278       -0.0225172356
  25  19        0.0070451893        0.0189225036
  25  18        0.0045471338        0.0067313928
  25  17       -0.0021350431       -0.0128222864
  25  16        0.0055817745       -0.0044803266
  25  15       -0.0012643794        0.0087128998
  25  14       -0.0127892913       -0.0184001989
  25  13       -0.0088243244       -0.0003289759
  25  12        0.0330304930        0.0136006850
  25  11       -0.0134519004        0.0108391644
  25  10        0.0048515446       -0.0099312178
  25   9       -0.0087788426       -0.0036065111
  25   8       -0.0176384173       -0.0011187736
  25   7       -0.0313235767       -0.0129258960
  25   6       -0.0015055809       -0.0281955708
  25   5        0.0107982515        0.0090697062
  25   4       -0.0259313441        0.0125047449
  25   3        0.0330104336        0.0084129052
  25   2       -0.0011743723       -0.0052006536
  25   1       -0.0038997179       -0.0288428971
  25   0       -0.0136933437        0.0000000000
  25  -1        0.0038997179       -0.0288428971
  25  -2       -0.0011743723        0.0052006536
  25  -3       -0.0330104336        0.0084129052
  25  -4       -0.0259313441       -0.0125047449
  25  -5       -0.0107982515        0.0090697062
  25  -6       -0.0015055809        0.0281955708
  25  -7        0.0313235767       -0.0129258960
  25  -8       -0.0176384173        0.0011187736
  25  -9        0.0087788426       -0.0036065111
  25 -10        0.0048515446        0.0099312178
  25 -11        0.0134519004        0.0108391644
  25 -12        0.0330304930       -0.0136006850
  25 -13        0.0088243244       -0.0003289759
  25 -14       -0.0127892913        0.0184001989
  25 -15        0.0012643794        0.0087128998
  25 -16        0.0055817745        0.0044803266
  25 -17        0.0021350431       -0.0128222864
  25 -18        0.0045471338       -0.0067313928
  25 -19       -0.0070451893        0.0189225036
  25 -20       -0.0260855278        0.0225172356
  25 -21        0.0095793240        0.0115194864
  25 -22       -0.0093344942       -0.0308360242
  25 -23        0.0055587796       -0.0108053848
  25 -24        0.0032014840       -0.0044088740
  25 -25        0.0487854724        0.0620143954
  26  26        0.0002392964        0.0145672477
  26  25        0.0143674241        0.0174228462
  26  24       -0.0080217625        0.0279052569
  26  23        0.0082886497       -0.0176573224
  26  22       -0.0208709794       -0.0105747800
  26  21       -0.0116330869        0.0077584637
  26  20        0.0317997427        0.0086997696
  26  19       -0.0306902981       -0.0004323244
  26  18        0.0153865732       -0.0271592107
  26  17       -0.0044433520        0.0070118345
  26  16        0.0062507636        0.0161865284
  26  15       -0.0234648696        0.0140552436
  26  14        0.0319836229       -0.0228551651
  26  13       -0.0354133067       -0.0066967013
  26  12       -0.0235594120        0.0087170505
  26  11       -0.0279335242       -0.0066118945
  26  10        0.0009999064       -0.0037178202
  26   9       -0.0100029784       -0.0042467698
  26   8        0.0058092034        0.0060518352
  26   7       -0.0089924945        0.0219485960
  26   6       -0.0183193989       -0.0173135621
  26   5       -0.0377420071       -0.0505737699
  26   4        0.0013346704       -0.0447960894
  26   3       -0.0291980110       -0.0445895234
  26   2        0.0382496799       -0.0255063128
  26   1       -0.0103351717        0.0009825258
  26   0       -0.0448547734        0.0000000000
  26  -1        0.0103351717        0.0009825258
  26  -2        0.0382496799        0.0255063128
  26  -3        0.0291980110       -0.0445895234
  26  -4        0.0013346704        0.0447960894
  26  -5        0.0377420071       -0.0505737699
  26  -6       -0.0183193989        0.0173135621
  26  -7        0.0089924945        0.0219485960
  26  -8        0.0058092034       -0.0060518352
  26  -9        0.0100029784       -0.0042467698
  26 -10        0.0009999064        0.0037178202
  26 -11        0.0279335242       -0.0066118945
  26 -12       -0.0235594120       -0.0087170505
  26 -13        0.0354133067       -0.0066967013
  26 -14        0.0319836229        0.0228551651
  26 -15        0.0234648696        0.0140552436
  26 -16        0.0062507636       -0.0161865284
  26 -17        0.0044433520        0.0070118345
  26 -18        0.0153865732        0.0271592107
  26 -19        0.0306902981       -0.0004323244
  26 -20        0.0317997427       -0.0086997696
  26 -21        0.0116330869        0.0077584637
  26 -22       -0.0208709794        0.0105747800
  26 -23       -0.0082886497       -0.0176573224
  26 -24       -0.0080217625       -0.0279052569
  26 -25       -0.0143674241        0.0174228462
  26 -26        0.0002392964       -0.0145672477
  27  27       -0.0062681441        0.0220704905
  27  26        0.0013279528        0.0162811521
  27  25        0.0049826999        0.0238754683
  27  24        0.0097822755       -0.0093392424
  27  23       -0.0378382943       -0.0177140799
  27  22        0.0033929930       -0.0140000867
  27  21       -0.0046112738       -0.0147622932
  27  20        0.0060881367        0.0218963737
  27  19        0.0298354618        0.0298415078
  27  18        0.0061643203       -0.0014695261
  27  17        0.0039761039        0.0220819880
  27  16       -0.0141319855        0.0062093776
  27  15       -0.0259085613        0.0030210325
  27  14        0.0150592007        0.0062069183
  27  13        0.0075917159        0.0099984370
  27  12        0.0175842714       -0.0211547602
  27  11        0.0271163437        0.0036145546
  27  10        0.0026717283       -0.0323027144
  27   9        0.0281135351       -0.0044673243
  27   8       -0.0123199276        0.0026460255
  27   7        0.0201138989        0.0068435454
  27   6       -0.0023238338        0.0307629721
  27   5        0.0370524450       -0.0043502224
  27   4        0.0173639458        0.0165921405
  27   3        0.0150052981       -0.0114106503
  27   2       -0.0117682622       -0.0004157630
  27   1       -0.0127001405        0.0127440056
  27   0       -0.0057667984        0.0000000000
  27  -1        0.0127001405        0.0127440056
  27  -2       -0.0117682622        0.0004157630
  27  -3       -0.0150052981       -0.0114106503
  27  -4        0.0173639458       -0.0165921405
  27  -5       -0.0370524450       -0.0043502224
  27  -6       -0.0023238338       -0.0307629721
  27  -7       -0.0201138989        0.0068435454
  27  -8       -0.0123199276       -0.0026460255
  27  -9       -0.0281135351       -0.0044673243
  27 -10        0.0026717283        0.0323027144
  27 -11       -0.0271163437        0.0036145546
  27 -12        0.0175842714        0.0211547602
  27 -13       -0.0075917159        0.0099984370
  27 -14        0.0150592007       -0.0062069183
  27 -15        0.0259085613        0.0030210325
  27 -16       -0.0141319855       -0.0062093776
  27 -17       -0.0039761039        0.0220819880
  27 -18        0.0061643203        0.0014695261
  27 -19       -0.0298354618        0.0298415078
  27 -20        0.0060881367       -0.0218963737
  27 -21        0.0046112738       -0.0147622932
  27 -22        0.0033929930        0.0140000867
  27 -23        0.0378382943       -0.0177140799
  27 -24        0.0097822755        0.0093392424
  27 -25       -0.0049826999        0.0238754683
  27 -26        0.0013279528       -0.0162811521
  27 -27        0.0062681441        0.0220704905
  28  28        0.0076242161       -0.0263695776
  28  27        0.0130072534        0.0330068076
  28  26        0.0011509250       -0.0016439902
  28  25       -0.0097545568        0.0088995414
  28  24       -0.0013225682       -0.0116575107
  28  23        0.0088577773        0.0093450287
  28  22       -0.0267539959       -0.0299815133
  28  21       -0.0130684963        0.0076456514
  28  20       -0.0077558410        0.0072978473
  28  19       -0.0066807084       -0.0130334395
  28  18        0.0276380711        0.0108888459
  28  17       -0.0101381219       -0.0062066411
  28  16        0.0121746864       -0.0171596279
  28  15        0.0008215643        0.0065339527
  28  14       -0.0192655801       -0.0071909240
  28  13       -0.0354549001       -0.0032165536
  28  12        0.0024666086       -0.0054748595
  28  11        0.0120967174       -0.0089725468
  28  10        0.0356743900       -0.0172899913
  28   9        0.0051223470       -0.0297235773
  28   8        0.0207716898       -0.0147124712
  28   7       -0.0079265001       -0.0092869312
  28   6       -0.0278082017       -0.0341026710
  28   5        0.0006726245        0.0023899557
  28   4       -0.0175326446        0.0158344175
  28   3        0.0433228259        0.0044511904
  28   2        0.0092182070        0.0124062825
  28   1       -0.0004780232       -0.0390474882
  28   0        0.0410611446        0.0000000000
  28  -1        0.0004780232       -0.0390474882
  28  -2        0.0092182070       -0.0124062825
  28  -3       -0.0433228259        0.0044511904
  28  -4       -0.0175326446       -0.0158344175
  28  -5       -0.0006726245        0.0023899557
  28  -6       -0.0278082017        0.0341026710
  28  -7        0.0079265001       -0.0092869312
  28  -8        0.0207716898        0.0147124712
  28  -9       -0.0051223470       -0.0297235773
  28 -10        0.0356743900        0.0172899913
  28 -11       -0.0120967174       -0.0089725468
  28 -12        0.0024666086        0.0054748595
  28 -13        0.0354549001       -0.0032165536
  28 -14       -0.0192655801        0.0071909240
  28 -15       -0.0008215643        0.0065339527
  28 -16        0.0121746864        0.0171596279
  28 -17        0.0101381219       -0.0062066411
  28 -18        0.0276380711       -0.0108888459
  28 -19        0.0066807084       -0.0130334395
  28 -20       -0.0077558410       -0.0072978473
  28 -21        0.0130684963        0.0076456514
  28 -22       -0.0267539959        0.0299815133
  28 -23       -0.0088577773        0.0093450287
  28 -24       -0.0013225682        0.0116575107
  28 -25        0.0097545568        0.0088995414
  28 -26        0.0011509250        0.0016439902
  28 -27       -0.0130072534        0.0330068076
  28 -28        0.0076242161        0.0263695776
  29  29       -0.0000854488        0.0152380829
  29  28       -0.0043989411       -0.0374647617
  29  27       -0.0133729214       -0.0019974861
  29  26        0.0091738290       -0.0175076847
  29  25        0.0080705146        0.0021733457
  29  24        0.0411730484       -0.0235519741
  29  23        0.0211705481        0.0094013695
  29  22       -0.0181815702        0.0118960169
  29  21       -0.0103068681        0.0071132564
  29  20       -0.0208139522        0.0269956885
  29  19        0.0001946744       -0.0183581694
  29  18       -0.0359086878        0.0278478295
  29  17        0.0030694459       -0.0086780801
  29  16       -0.0270870132        0.0190323180
  29  15        0.0103336382        0.0009892964
  29  14       -0.0040777733       -0.0152534201
  29  13        0.0131294000       -0.0078639774
  29  12       -0.0250678460       -0.0203687206
  29  11        0.0296627016        0.0215359644
  29  10       -0.0218200644       -0.0253875681
  29   9       -0.0182319564        0.0099175122
  29   8       -0.0128816717       -0.0004178322
  29   7        0.0255467296        0.0401674243
  29   6       -0.0113119703       -0.0003961323
  29   5       -0.0327496012       -0.0253825605
  29   4       -0.0108846748       -0.0213549023
  29   3       -0.0162563218       -0.0078045432
  29   2       -0.0183635151        0.0190498903
  29   1       -0.0200647148        0.0089584420
  29   0       -0.0458815262        0.0000000000
  29  -1        0.0200647148        0.0089584420
  29  -2       -0.0183635151       -0.0190498903
  29  -3        0.0162563218       -0.0078045432
  29  -4       -0.0108846748        0.0213549023
  29  -5        0.0327496012       -0.0253825605
  29  -6       -0.0113119703        0.0003961323
  29  -7       -0.0255467296        0.0401674243
  29  -8       -0.0128816717        0.0004178322
  29  -9        0.0182319564        0.0099175122
  29 -10       -0.0218200644        0.0253875681
  29 -11       -0.0296627016        0.0215359644
  29 -12       -0.0250678460        0.0203687206
  29 -13       -0.0131294000       -0.0078639774
  29 -14       -0.0040777733        0.0152534201
  29 -15       -0.0103336382        0.0009892964
  29 -16       -0.0270870132       -0.0190323180
  29 -17       -0.0030694459       -0.0086780801
  29 -18       -0.0359086878       -0.0278478295
  29 -19       -0.0001946744       -0.0183581694
  29 -20       -0.0208139522       -0.0269956885
  29 -21        0.0103068681        0.0071132564
  29 -22       -0.0181815702       -0.0118960169
  29 -23       -0.0211705481        0.0094013695
  29 -24        0.0411730484        0.0235519741
  29 -25       -0.0080705146        0.0021733457
  29 -26        0.0091738290        0.0175076847
  29 -27        0.0133729214       -0.0019974861
  29 -28       -0.0043989411        0.0374647617
  29 -29        0.0000854488        0.0152380829
  30  30        0.0121103265        0.0090050998
  30  29        0.0053029044       -0.0134988960
  30  28       -0.0046573333        0.0428505315
  30  27        0.0052835064        0.0310170278
  30  26       -0.0206422296        0.0169294725
  30  25        0.0213698878        0.0379235918
  30  24        0.0030510353       -0.0122856881
  30  23       -0.0044660016        0.0065260168
  30  22       -0.0177473664        0.0157838797
  30  21       -0.0020229057       -0.0226191777
  30  20        0.0227114171        0.0186942487
  30  19        0.0032266443        0.0009603769
  30  18        0.0170077058       -0.0071770394
  30  17       -0.0108323510       -0.0117705145
  30  16        0.0004630980        0.0064724317
  30  15       -0.0077368836       -0.0223167292
  30  14        0.0031827546       -0.0002575941
  30  13       -0.0088497351        0.0108300950
  30  12        0.0305058809        0.0095347800
  30  11        0.0008924267        0.0119726574
  30  10        0.0164030999       -0.0045829602
  30   9       -0.0092504168        0.0118541431
  30   8       -0.0051729778        0.0054344130
  30   7        0.0200289522        0.0004121818
  30   6        0.0471935456        0.0475374886
  30   5        0.0110177424        0.0340800389
  30   4        0.0018591737        0.0198181943
  30   3       -0.0042145332        0.0022291842
  30   2       -0.0019306958        0.0121486661
  30   1        0.0088678156       -0.0071588989
  30   0       -0.0430233958        0.0000000000
  30  -1       -0.0088678156       -0.0071588989
  30  -2       -0.0019306958       -0.0121486661
  30  -3        0.0042145332        0.0022291842
  30  -4        0.0018591737       -0.0198181943
  30  -5       -0.0110177424        0.0340800389
  30  -6        0.0471935456       -0.0475374886
  30  -7       -0.0200289522        0.0004121818
  30  -8       -0.0051729778       -0.0054344130
  30  -9        0.0092504168        0.0118541431
  30 -10        0.0164030999        0.0045829602
  30 -11       -0.0008924267        0.0119726574
  30 -12        0.0305058809       -0.0095347800
  30 -13        0.0088497351        0.0108300950
  30 -14        0.0031827546        0.0002575941
  30 -15        0.0077368836       -0.0223167292
  30 -16        0.0004630980       -0.0064724317
  30 -17        0.0108323510       -0.0117705145
  30 -18        0.0170077058        0.0071770394
  30 -19       -0.0032266443        0.0009603769
  30 -20        0.0227114171       -0.0186942487
  30 -21        0.0020229057       -0.0226191777
  30 -22       -0.0177473664       -0.0157838797
  30 -23        0.0044660016        0.0065260168
  30 -24        0.0030510353        0.0122856881
  30 -25       -0.0213698878        0.0379235918
  30 -26       -0.0206422296       -0.0169294725
  30 -27       -0.0052835064        0.0310170278
  30 -28       -0.0046573333       -0.0428505315
  30 -29       -0.0053029044       -0.0134988960
  30 -30        0.0121103265       -0.0090050998
