   0   0       38.6711919903        0.0000000000
   1   1        0.8714667369       -0.0346377347
   1   0        0.3361134160        0.0000000000
   1  -1       -0.8714667369       -0.0346377347
   2   2        2.9090588444       -1.6207658688
   2   1       -2.7329065759       -4.1361054096
   2   0        1.8144451091        0.0000000000
   2  -1        2.7329065759       -4.1361054096
   2  -2        2.9090588444        1.6207658688
   3   3       -0.5617896470       -0.9261357529
   3   2        1.5586460911        0.9697384959
   3   1        1.0958252277        0.2069279220
   3   0        0.4037598327        0.0000000000
   3  -1       -1.0958252277        0.2069279220
   3  -2        1.5586460911       -0.9697384959
   3  -3        0.5617896470       -0.9261357529
   4   4        0.0185239760        0.0601437499
   4   3       -0.8491310681       -0.7883395416
   4   2        0.0956143179        0.3793334358
   4   1       -0.9447089480       -0.1759831646
   4   0       -1.1131803843        0.0000000000
   4  -1        0.9447089480       -0.1759831646
   4  -2        0.0956143179       -0.3793334358
   4  -3        0.8491310681       -0.7883395416
   4  -4        0.0185239760       -0.0601437499
   5   5       -0.9118889397       -0.0209882296
   5   4        0.5043347237        0.3505294678
   5   3        0.4226709790       -0.8544369739
   5   2        0.0707829864       -0.0695031830
   5   1        0.5214022530       -0.4557303411
   5   0        0.2258413338        0.0000000000
   5  -1       -0.5214022530       -0.4557303411
   5  -2        0.0707829864        0.0695031830
   5  -3       -0.4226709790       -0.8544369739
   5  -4        0.5043347237       -0.3505294678
   5  -5        0.9118889397       -0.0209882296
   6   6        0.0694226284        0.3050611251
   6   5       -0.1340242506        0.0667656946
   6   4       -0.0494523592        0.3238921300
   6   3        0.1769618995        0.2053734773
   6   2        0.3081366946        0.4045967384
   6   1        0.0670052364        0.2648154654
   6   0        0.1572393434        0.0000000000
   6  -1       -0.0670052364        0.2648154654
   6  -2        0.3081366946       -0.4045967384
   6  -3       -0.1769618995        0.2053734773
   6  -4       -0.0494523592       -0.3238921300
   6  -5        0.1340242506        0.0667656946
   6  -6        0.0694226284       -0.3050611251
   7   7       -0.2635951868        0.3534449601
   7   6        0.1460762759        0.1921807461
   7   5        0.0536661916       -0.6147765925
   7   4       -0.0899080035        0.1700039215
   7   3        0.0796550571       -0.4346273127
   7   2       -0.2756087960       -0.0488468725
   7   1       -0.0751290387        0.0196978170
   7   0       -0.0729130562        0.0000000000
   7  -1        0.0751290387        0.0196978170
   7  -2       -0.2756087960        0.0488468725
   7  -3       -0.0796550571       -0.4346273127
   7  -4       -0.0899080035       -0.1700039215
   7  -5       -0.0536661916       -0.6147765925
   7  -6        0.1460762759       -0.1921807461
   7  -7        0.2635951868        0.3534449601
   8   8        0.3489953331        0.0022048375
   8   7        0.0006409802        0.0457633774
   8   6       -0.0078934413        0.0731538476
   8   5        0.2116695453       -0.0586893042
   8   4        0.3285700684       -0.1646585409
   8   3        0.2248843995       -0.0745061639
   8   2        0.1586864124       -0.0989995466
   8   1        0.1217157508       -0.1811619700
   8   0        0.0006797460        0.0000000000
   8  -1       -0.1217157508       -0.1811619700
   8  -2        0.1586864124        0.0989995466
   8  -3       -0.2248843995       -0.0745061639
   8  -4        0.3285700684        0.1646585409
   8  -5       -0.2116695453       -0.0586893042
   8  -6       -0.0078934413       -0.0731538476
   8  -7       -0.0006409802        0.0457633774
   8  -8        0.3489953331       -0.0022048375
   9   9       -0.0656865985        0.1016880929
   9   8        0.1513903167        0.0628580314
   9   7       -0.1417250321       -0.0625599694
   9   6       -0.0651046401        0.1155773235
   9   5        0.0800732746       -0.2014791433
   9   4       -0.0927939417        0.1525409282
   9   3        0.1619295139        0.1879664378
   9   2       -0.1494506758        0.0913858438
   9   1        0.0366670254       -0.0609917991
   9   0        0.2134429833        0.0000000000
   9  -1       -0.0366670254       -0.0609917991
   9  -2       -0.1494506758       -0.0913858438
   9  -3       -0.1619295139        0.1879664378
   9  -4       -0.0927939417       -0.1525409282
   9  -5       -0.0800732746       -0.2014791433
   9  -6       -0.0651046401       -0.1155773235
   9  -7        0.1417250321       -0.0625599694
   9  -8        0.1513903167       -0.0628580314
   9  -9        0.0656865985        0.1016880929
  10  10        0.1754519213       -0.1868672009
  10   9       -0.1259799375       -0.0718295170
  10   8       -0.0032693620        0.1339974427
  10   7        0.1091601836       -0.1644651282
  10   6       -0.0837011803       -0.1155567315
  10   5       -0.0481549421       -0.1273199557
  10   4       -0.0291352835       -0.1465841090
  10   3       -0.0343495275       -0.0998252536
  10   2        0.0688426892        0.1003919818
  10   1       -0.1343813258        0.0121982815
  10   0        0.0193363018        0.0000000000
  10  -1        0.1343813258        0.0121982815
  10  -2        0.0688426892       -0.1003919818
  10  -3        0.0343495275       -0.0998252536
  10  -4       -0.0291352835        0.1465841090
  10  -5        0.0481549421       -0.1273199557
  10  -6       -0.0837011803        0.1155567315
  10  -7       -0.1091601836       -0.1644651282
  10  -8       -0.0032693620       -0.1339974427
  10  -9        0.1259799375       -0.0718295170
  10 -10        0.1754519213        0.1868672009
  11  11       -0.0967945309        0.0841240916
  11  10        0.1097782408       -0.0219225310
  11   9        0.0011361855        0.0089371139
  11   8       -0.0093726348        0.0641007824
  11   7        0.0605491109       -0.1178708663
  11   6        0.1094262341        0.1481008284
  11   5        0.1105904938       -0.0141857446
  11   4        0.0933493649       -0.0073696410
  11   3        0.0332529163        0.0466302658
  11   2        0.0296735989       -0.1271087655
  11   1        0.0635853618        0.0337671583
  11   0       -0.1214282044        0.0000000000
  11  -1       -0.0635853618        0.0337671583
  11  -2        0.0296735989        0.1271087655
  11  -3       -0.0332529163        0.0466302658
  11  -4        0.0933493649        0.0073696410
  11  -5       -0.1105904938       -0.0141857446
  11  -6        0.1094262341       -0.1481008284
  11  -7       -0.0605491109       -0.1178708663
  11  -8       -0.0093726348       -0.0641007824
  11  -9       -0.0011361855        0.0089371139
  11 -10        0.1097782408        0.0219225310
  11 -11        0.0967945309        0.0841240916
  12  12        0.0157046069       -0.0826908152
  12  11       -0.1793855798       -0.0283431594
  12  10        0.0771947431        0.0558831356
  12   9        0.0498747834       -0.1442554500
  12   8       -0.1073877847        0.0194757096
  12   7        0.0696224966       -0.0642980747
  12   6       -0.0480311178       -0.0168524653
  12   5       -0.0566164426        0.0694700935
  12   4       -0.0479504921        0.0512945071
  12   3        0.0290970140       -0.0466532501
  12   2        0.0740805791        0.0596190861
  12   1        0.0848207471       -0.0826584200
  12   0       -0.1140741353        0.0000000000
  12  -1       -0.0848207471       -0.0826584200
  12  -2        0.0740805791       -0.0596190861
  12  -3       -0.0290970140       -0.0466532501
  12  -4       -0.0479504921       -0.0512945071
  12  -5        0.0566164426        0.0694700935
  12  -6       -0.0480311178        0.0168524653
  12  -7       -0.0696224966       -0.0642980747
  12  -8       -0.1073877847       -0.0194757096
  12  -9       -0.0498747834       -0.1442554500
  12 -10        0.0771947431       -0.0558831356
  12 -11        0.1793855798       -0.0283431594
  12 -12        0.0157046069        0.0826908152
  13  13       -0.0622863917        0.1283120344
  13  12        0.0754996026        0.0504698888
  13  11        0.0378341285       -0.0542258511
  13  10       -0.0158291889        0.0335733075
  13   9        0.0188286438       -0.0140657129
  13   8        0.0657230691       -0.0112880062
  13   7        0.0468587975       -0.1216773277
  13   6        0.0321111973       -0.0487419035
  13   5        0.0364454093       -0.0692864877
  13   4       -0.0516869350       -0.0336315318
  13   3       -0.0513958410       -0.0954767213
  13   2       -0.0362435686        0.0537783304
  13   1       -0.0334364392        0.0170072015
  13   0        0.1561642957        0.0000000000
  13  -1        0.0334364392        0.0170072015
  13  -2       -0.0362435686       -0.0537783304
  13  -3        0.0513958410       -0.0954767213
  13  -4       -0.0516869350        0.0336315318
  13  -5       -0.0364454093       -0.0692864877
  13  -6        0.0321111973        0.0487419035
  13  -7       -0.0468587975       -0.1216773277
  13  -8        0.0657230691        0.0112880062
  13  -9       -0.0188286438       -0.0140657129
  13 -10       -0.0158291889       -0.0335733075
  13 -11       -0.0378341285       -0.0542258511
  13 -12        0.0754996026       -0.0504698888
  13 -13        0.0622863917        0.1283120344
  14  14       -0.0082107198       -0.0050643137
  14  13       -0.0901514591        0.0032956333
  14  12        0.0620138395        0.0327287304
  14  11       -0.0167934827       -0.0507644919
  14  10       -0.0703670021        0.1041239297
  14   9        0.0640492924       -0.0217287259
  14   8       -0.1060828413        0.0167807151
  14   7        0.0967215300        0.0639390085
  14   6        0.0480150151       -0.0298914148
  14   5        0.0383629978        0.0664812844
  14   4        0.0736410373        0.0462365838
  14   3       -0.0363948843       -0.0681720051
  14   2       -0.0061159102       -0.0584734035
  14   1       -0.0081830891        0.0093901637
  14   0       -0.0562061045        0.0000000000
  14  -1        0.0081830891        0.0093901637
  14  -2       -0.0061159102        0.0584734035
  14  -3        0.0363948843       -0.0681720051
  14  -4        0.0736410373       -0.0462365838
  14  -5       -0.0383629978        0.0664812844
  14  -6        0.0480150151        0.0298914148
  14  -7       -0.0967215300        0.0639390085
  14  -8       -0.1060828413       -0.0167807151
  14  -9       -0.0640492924       -0.0217287259
  14 -10       -0.0703670021       -0.1041239297
  14 -11        0.0167934827       -0.0507644919
  14 -12        0.0620138395       -0.0327287304
  14 -13        0.0901514591        0.0032956333
  14 -14       -0.0082107198        0.0050643137
  15  15       -0.0100713306        0.0852270237
  15  14        0.0754452481       -0.0441448756
  15  13        0.0003002810       -0.1107620914
  15  12       -0.0175388415        0.0570666980
  15  11        0.0208740872       -0.0128358050
  15  10       -0.0551096523       -0.0406035351
  15   9        0.0267800472       -0.0127615131
  15   8        0.0016141232       -0.0219448525
  15   7       -0.0257674857       -0.0366039085
  15   6       -0.0141016252        0.0532693942
  15   5       -0.0110674464       -0.0327596533
  15   4       -0.0000469898        0.0425325022
  15   3        0.1146664263        0.0420850306
  15   2       -0.0039565522       -0.0312030555
  15   1       -0.0207774777       -0.0475586419
  15   0        0.0330848602        0.0000000000
  15  -1        0.0207774777       -0.0475586419
  15  -2       -0.0039565522        0.0312030555
  15  -3       -0.1146664263        0.0420850306
  15  -4       -0.0000469898       -0.0425325022
  15  -5        0.0110674464       -0.0327596533
  15  -6       -0.0141016252       -0.0532693942
  15  -7        0.0257674857       -0.0366039085
  15  -8        0.0016141232        0.0219448525
  15  -9       -0.0267800472       -0.0127615131
  15 -10       -0.0551096523        0.0406035351
  15 -11       -0.0208740872       -0.0128358050
  15 -12       -0.0175388415       -0.0570666980
  15 -13       -0.0003002810       -0.1107620914
  15 -14        0.0754452481        0.0441448756
  15 -15        0.0100713306        0.0852270237
  16  16       -0.0016254178       -0.0201748478
  16  15       -0.0384876749        0.0047666468
  16  14        0.0139618945        0.0314897492
  16  13       -0.0311416814       -0.0204071059
  16  12        0.0318500104        0.0593336108
  16  11        0.0401441869       -0.0095478632
  16  10       -0.0341146756        0.0253963935
  16   9        0.0736893954       -0.0424401558
  16   8        0.0149729239       -0.0598612674
  16   7        0.0025669288        0.0305249129
  16   6        0.0860032001       -0.0129204137
  16   5        0.0111937075       -0.0138546743
  16   4       -0.0074049310       -0.0192225176
  16   3       -0.0401677519       -0.0021578971
  16   2       -0.0320122813        0.0675353455
  16   1       -0.0039355081       -0.0017886914
  16   0        0.1096490618        0.0000000000
  16  -1        0.0039355081       -0.0017886914
  16  -2       -0.0320122813       -0.0675353455
  16  -3        0.0401677519       -0.0021578971
  16  -4       -0.0074049310        0.0192225176
  16  -5       -0.0111937075       -0.0138546743
  16  -6        0.0860032001        0.0129204137
  16  -7       -0.0025669288        0.0305249129
  16  -8        0.0149729239        0.0598612674
  16  -9       -0.0736893954       -0.0424401558
  16 -10       -0.0341146756       -0.0253963935
  16 -11       -0.0401441869       -0.0095478632
  16 -12        0.0318500104       -0.0593336108
  16 -13        0.0311416814       -0.0204071059
  16 -14        0.0139618945       -0.0314897492
  16 -15        0.0384876749        0.0047666468
  16 -16       -0.0016254178        0.0201748478
  17  17        0.0022646031        0.0128691594
  17  16        0.0576984515       -0.0515598956
  17  15       -0.0675473372        0.0125189775
  17  14       -0.0585170604        0.0224043169
  17  13        0.0249690249       -0.0411348887
  17  12       -0.0416416671       -0.0294771377
  17  11        0.0259614587        0.0153883386
  17  10       -0.0147611761       -0.0515255816
  17   9       -0.0680627579        0.0439383299
  17   8        0.0585724756        0.0059394081
  17   7       -0.0105039751        0.0456615997
  17   6       -0.0218805762        0.0401945930
  17   5        0.0361980314       -0.0432282021
  17   4       -0.0083382847       -0.0546455879
  17   3       -0.0183256849        0.0174551885
  17   2       -0.0094701373       -0.0471399457
  17   1       -0.0664999896        0.0452613654
  17   0       -0.0594602547        0.0000000000
  17  -1        0.0664999896        0.0452613654
  17  -2       -0.0094701373        0.0471399457
  17  -3        0.0183256849        0.0174551885
  17  -4       -0.0083382847        0.0546455879
  17  -5       -0.0361980314       -0.0432282021
  17  -6       -0.0218805762       -0.0401945930
  17  -7        0.0105039751        0.0456615997
  17  -8        0.0585724756       -0.0059394081
  17  -9        0.0680627579        0.0439383299
  17 -10       -0.0147611761        0.0515255816
  17 -11       -0.0259614587        0.0153883386
  17 -12       -0.0416416671        0.0294771377
  17 -13       -0.0249690249       -0.0411348887
  17 -14       -0.0585170604       -0.0224043169
  17 -15        0.0675473372        0.0125189775
  17 -16        0.0576984515        0.0515598956
  17 -17       -0.0022646031        0.0128691594
  18  18        0.0014252324       -0.0580565042
  18  17       -0.0334022135        0.0150654806
  18  16        0.0413505417       -0.0173729329
  18  15        0.0250853927        0.0024892470
  18  14        0.0639359070       -0.0157371410
  18  13       -0.0300751330        0.0362832024
  18  12        0.0182133855       -0.0353317312
  18  11        0.0153224778       -0.0401842066
  18  10       -0.0320519469       -0.0446468346
  18   9       -0.0191265484       -0.0258221049
  18   8        0.0397161625       -0.0007231797
  18   7        0.0344592933       -0.0489484566
  18   6        0.0309232859       -0.0033286015
  18   5       -0.0129661463        0.0344683796
  18   4        0.0234614460        0.0154359090
  18   3        0.0227694325       -0.0344977356
  18   2       -0.0036182801       -0.0157807397
  18   1        0.0248235730       -0.0282847724
  18   0       -0.0535381888        0.0000000000
  18  -1       -0.0248235730       -0.0282847724
  18  -2       -0.0036182801        0.0157807397
  18  -3       -0.0227694325       -0.0344977356
  18  -4        0.0234614460       -0.0154359090
  18  -5        0.0129661463        0.0344683796
  18  -6        0.0309232859        0.0033286015
  18  -7       -0.0344592933       -0.0489484566
  18  -8        0.0397161625        0.0007231797
  18  -9        0.0191265484       -0.0258221049
  18 -10       -0.0320519469        0.0446468346
  18 -11       -0.0153224778       -0.0401842066
  18 -12        0.0182133855        0.0353317312
  18 -13        0.0300751330        0.0362832024
  18 -14        0.0639359070        0.0157371410
  18 -15       -0.0250853927        0.0024892470
  18 -16        0.0413505417        0.0173729329
  18 -17        0.0334022135        0.0150654806
  18 -18        0.0014252324        0.0580565042
  19  19       -0.0065005557        0.0135736875
  19  18        0.0520650710       -0.0447543681
  19  17       -0.0471198387       -0.0092187360
  19  16        0.0097702604        0.0471985984
  19  15        0.0181544012        0.0045155005
  19  14       -0.0138336759        0.0252981036
  19  13        0.0614681987       -0.0203281564
  19  12       -0.0446947387       -0.0274210458
  19  11       -0.0000625316        0.0294155288
  19  10        0.0720621583       -0.0024991773
  19   9       -0.0041284599       -0.0018410663
  19   8        0.0543745133        0.0360044819
  19   7        0.0239920376       -0.0046219334
  19   6        0.0092396188       -0.0152382211
  19   5       -0.0401644694       -0.0010718406
  19   4       -0.0567805908       -0.0428052917
  19   3        0.0134443138        0.0337907442
  19   2       -0.0027017144        0.0439938313
  19   1       -0.0112125675       -0.0329339110
  19   0        0.0611195007        0.0000000000
  19  -1        0.0112125675       -0.0329339110
  19  -2       -0.0027017144       -0.0439938313
  19  -3       -0.0134443138        0.0337907442
  19  -4       -0.0567805908        0.0428052917
  19  -5        0.0401644694       -0.0010718406
  19  -6        0.0092396188        0.0152382211
  19  -7       -0.0239920376       -0.0046219334
  19  -8        0.0543745133       -0.0360044819
  19  -9        0.0041284599       -0.0018410663
  19 -10        0.0720621583        0.0024991773
  19 -11        0.0000625316        0.0294155288
  19 -12       -0.0446947387        0.0274210458
  19 -13       -0.0614681987       -0.0203281564
  19 -14       -0.0138336759       -0.0252981036
  19 -15       -0.0181544012        0.0045155005
  19 -16        0.0097702604       -0.0471985984
  19 -17        0.0471198387       -0.0092187360
  19 -18        0.0520650710        0.0447543681
  19 -19        0.0065005557        0.0135736875
  20  20       -0.0239167514       -0.0095283917
  20  19       -0.0359137432        0.0628552137
  20  18        0.0124832930       -0.0119797458
  20  17       -0.0084499450       -0.0029085179
  20  16       -0.0097776844       -0.0209812212
  20  15        0.0111251530       -0.0027578737
  20  14        0.0065348778       -0.0384813809
  20  13       -0.0145024354       -0.0580570751
  20  12        0.0036267146       -0.0034615517
  20  11       -0.0402456268       -0.0280519236
  20  10        0.0127505825        0.0412502866
  20   9        0.0157592671        0.0152507526
  20   8       -0.0211777901        0.0273145042
  20   7        0.0052538843        0.0236782018
  20   6        0.0059223627       -0.0449734693
  20   5        0.0132027229       -0.0018403372
  20   4        0.0100242617       -0.0030322507
  20   3       -0.0432928040       -0.0265621516
  20   2        0.0336283129       -0.0051852062
  20   1        0.0047797371        0.0014123971
  20   0       -0.0381262472        0.0000000000
  20  -1       -0.0047797371        0.0014123971
  20  -2        0.0336283129        0.0051852062
  20  -3        0.0432928040       -0.0265621516
  20  -4        0.0100242617        0.0030322507
  20  -5       -0.0132027229       -0.0018403372
  20  -6        0.0059223627        0.0449734693
  20  -7       -0.0052538843        0.0236782018
  20  -8       -0.0211777901       -0.0273145042
  20  -9       -0.0157592671        0.0152507526
  20 -10        0.0127505825       -0.0412502866
  20 -11        0.0402456268       -0.0280519236
  20 -12        0.0036267146        0.0034615517
  20 -13        0.0145024354       -0.0580570751
  20 -14        0.0065348778        0.0384813809
  20 -15       -0.0111251530       -0.0027578737
  20 -16       -0.0097776844        0.0209812212
  20 -17        0.0084499450       -0.0029085179
  20 -18        0.0124832930        0.0119797458
  20 -19        0.0359137432        0.0628552137
  20 -20       -0.0239167514        0.0095283917
  21  21       -0.0145895642        0.0243943386
  21  20        0.0022817313       -0.0048681767
  21  19       -0.0335609241       -0.0111365945
  21  18        0.0254775085        0.0125931954
  21  17       -0.0547361093       -0.0318107228
  21  16       -0.0124862384       -0.0048696701
  21  15       -0.0042094549       -0.0648741518
  21  14        0.0016270195       -0.0468782794
  21  13        0.0105776217        0.0271285605
  21  12        0.0054351660       -0.0728301025
  21  11        0.0031430124        0.0178188653
  21  10        0.0754576777        0.0461873788
  21   9       -0.0043474678       -0.0135035571
  21   8        0.0312647979       -0.0052980425
  21   7        0.0126392555       -0.0141097900
  21   6       -0.0094972530        0.0434509477
  21   5        0.0331110457        0.0049534946
  21   4        0.0227878415        0.0282254395
  21   3        0.0248781759       -0.0023654147
  21   2        0.0165485917       -0.0020477814
  21   1       -0.0508136389       -0.0217855340
  21   0       -0.0224452863        0.0000000000
  21  -1        0.0508136389       -0.0217855340
  21  -2        0.0165485917        0.0020477814
  21  -3       -0.0248781759       -0.0023654147
  21  -4        0.0227878415       -0.0282254395
  21  -5       -0.0331110457        0.0049534946
  21  -6       -0.0094972530       -0.0434509477
  21  -7       -0.0126392555       -0.0141097900
  21  -8        0.0312647979        0.0052980425
  21  -9        0.0043474678       -0.0135035571
  21 -10        0.0754576777       -0.0461873788
  21 -11       -0.0031430124        0.0178188653
  21 -12        0.0054351660        0.0728301025
  21 -13       -0.0105776217        0.0271285605
  21 -14        0.0016270195        0.0468782794
  21 -15        0.0042094549       -0.0648741518
  21 -16       -0.0124862384        0.0048696701
  21 -17        0.0547361093       -0.0318107228
  21 -18        0.0254775085       -0.0125931954
  21 -19        0.0335609241       -0.0111365945
  21 -20        0.0022817313        0.0048681767
  21 -21        0.0145895642        0.0243943386
  22  22       -0.0069500326       -0.0195693434
  22  21        0.0067035128        0.0253066657
  22  20        0.0354906164        0.0027090273
  22  19       -0.0138771932       -0.0271811600
  22  18        0.0040135743       -0.0047550520
  22  17        0.0113602149       -0.0250349480
  22  16        0.0123813927       -0.0002055052
  22  15       -0.0093085047        0.0011513689
  22  14       -0.0094610766       -0.0189746208
  22  13        0.0063005345        0.0293761830
  22  12        0.0498852264        0.0175764025
  22  11        0.0201604573        0.0116627918
  22  10        0.0422644897        0.0026764795
  22   9        0.0260495006        0.0290908963
  22   8       -0.0117733150        0.0265078285
  22   7        0.0236994322       -0.0142742219
  22   6       -0.0032442622       -0.0241553774
  22   5       -0.0061872608       -0.0157256002
  22   4       -0.0042578602        0.0059414305
  22   3       -0.0098289425        0.0314190838
  22   2        0.0019971862        0.0170997953
  22   1        0.0213177140       -0.0275654325
  22   0        0.0368349066        0.0000000000
  22  -1       -0.0213177140       -0.0275654325
  22  -2        0.0019971862       -0.0170997953
  22  -3        0.0098289425        0.0314190838
  22  -4       -0.0042578602       -0.0059414305
  22  -5        0.0061872608       -0.0157256002
  22  -6       -0.0032442622        0.0241553774
  22  -7       -0.0236994322       -0.0142742219
  22  -8       -0.0117733150       -0.0265078285
  22  -9       -0.0260495006        0.0290908963
  22 -10        0.0422644897       -0.0026764795
  22 -11       -0.0201604573        0.0116627918
  22 -12        0.0498852264       -0.0175764025
  22 -13       -0.0063005345        0.0293761830
  22 -14       -0.0094610766        0.0189746208
  22 -15        0.0093085047        0.0011513689
  22 -16        0.0123813927        0.0002055052
  22 -17       -0.0113602149       -0.0250349480
  22 -18        0.0040135743        0.0047550520
  22 -19        0.0138771932       -0.0271811600
  22 -20        0.0354906164       -0.0027090273
  22 -21       -0.0067035128        0.0253066657
  22 -22       -0.0069500326        0.0195693434
  23  23        0.0020268989        0.0273723526
  23  22        0.0514819436       -0.0431500451
  23  21       -0.0065227592       -0.0034315318
  23  20        0.0313615103       -0.0230535686
  23  19       -0.0028677134       -0.0250174621
  23  18        0.0008779312       -0.0265042624
  23  17        0.0398953229       -0.0129060356
  23  16        0.0441079944        0.0150708111
  23  15        0.0496099044       -0.0038421002
  23  14        0.0149078061       -0.0019563937
  23  13       -0.0271475227        0.0377880642
  23  12       -0.0081258615       -0.0236869620
  23  11       -0.0406930915       -0.0260264803
  23  10        0.0216714338       -0.0117103379
  23   9       -0.0034893201        0.0031724158
  23   8        0.0322462154        0.0418018076
  23   7        0.0115893902       -0.0229962389
  23   6       -0.0161691174        0.0045386253
  23   5        0.0339037188       -0.0072982623
  23   4       -0.0335579329       -0.0078673405
  23   3        0.0082552925       -0.0218064955
  23   2       -0.0014919413        0.0243625323
  23   1       -0.0286040532       -0.0031456516
  23   0        0.0322634588        0.0000000000
  23  -1        0.0286040532       -0.0031456516
  23  -2       -0.0014919413       -0.0243625323
  23  -3       -0.0082552925       -0.0218064955
  23  -4       -0.0335579329        0.0078673405
  23  -5       -0.0339037188       -0.0072982623
  23  -6       -0.0161691174       -0.0045386253
  23  -7       -0.0115893902       -0.0229962389
  23  -8        0.0322462154       -0.0418018076
  23  -9        0.0034893201        0.0031724158
  23 -10        0.0216714338        0.0117103379
  23 -11        0.0406930915       -0.0260264803
  23 -12       -0.0081258615        0.0236869620
  23 -13        0.0271475227        0.0377880642
  23 -14        0.0149078061        0.0019563937
  23 -15       -0.0496099044       -0.0038421002
  23 -16        0.0441079944       -0.0150708111
  23 -17       -0.0398953229       -0.0129060356
  23 -18        0.0008779312        0.0265042624
  23 -19        0.0028677134       -0.0250174621
  23 -20        0.0313615103        0.0230535686
  23 -21        0.0065227592       -0.0034315318
  23 -22        0.0514819436        0.0431500451
  23 -23       -0.0020268989        0.0273723526
  24  24       -0.0052758230       -0.0149707870
  24  23       -0.0154347792        0.0082293484
  24  22        0.0553664365       -0.0309804248
  24  21       -0.0206934223       -0.0146675359
  24  20        0.0089865919        0.0057408574
  24  19        0.0102885129       -0.0069216053
  24  18       -0.0378299293        0.0217685542
  24  17        0.0012682937        0.0066694141
  24  16        0.0000473623       -0.0211799414
  24  15       -0.0274326874        0.0271769668
  24  14        0.0210160455       -0.0347392054
  24  13       -0.0276549434       -0.0462735605
  24  12        0.0145743609        0.0117892832
  24  11       -0.0107892817       -0.0084366919
  24  10       -0.0139348171        0.0170108256
  24   9       -0.0221970284        0.0053164947
  24   8        0.0232897972       -0.0361746236
  24   7       -0.0142152822        0.0318559947
  24   6        0.0021792483       -0.0076676127
  24   5       -0.0278851529       -0.0084679325
  24   4        0.0100042814       -0.0135195483
  24   3       -0.0005900632        0.0214818831
  24   2       -0.0165276535       -0.0324149584
  24   1       -0.0208172948        0.0178393841
  24   0        0.0191538250        0.0000000000
  24  -1        0.0208172948        0.0178393841
  24  -2       -0.0165276535        0.0324149584
  24  -3        0.0005900632        0.0214818831
  24  -4        0.0100042814        0.0135195483
  24  -5        0.0278851529       -0.0084679325
  24  -6        0.0021792483        0.0076676127
  24  -7        0.0142152822        0.0318559947
  24  -8        0.0232897972        0.0361746236
  24  -9        0.0221970284        0.0053164947
  24 -10       -0.0139348171       -0.0170108256
  24 -11        0.0107892817       -0.0084366919
  24 -12        0.0145743609       -0.0117892832
  24 -13        0.0276549434       -0.0462735605
  24 -14        0.0210160455        0.0347392054
  24 -15        0.0274326874        0.0271769668
  24 -16        0.0000473623        0.0211799414
  24 -17       -0.0012682937        0.0066694141
  24 -18       -0.0378299293       -0.0217685542
  24 -19       -0.0102885129       -0.0069216053
  24 -20        0.0089865919       -0.0057408574
  24 -21        0.0206934223       -0.0146675359
  24 -22        0.0553664365        0.0309804248
  24 -23        0.0154347792        0.0082293484
  24 -24       -0.0052758230        0.0149707870
  25  25        0.0180909677       -0.0215665802
  25  24       -0.0077623085       -0.0285163749
  25  23       -0.0240785204        0.0195203596
  25  22        0.0067616564        0.0045607738
  25  21        0.0426298550       -0.0104359831
  25  20        0.0166156441       -0.0023697590
  25  19       -0.0204783753       -0.0097640639
  25  18       -0.0098688694        0.0037848180
  25  17       -0.0222035891       -0.0263813274
  25  16        0.0031938683       -0.0097734780
  25  15        0.0070228587       -0.0155619277
  25  14       -0.0117744224        0.0245741892
  25  13       -0.0037211494        0.0008557775
  25  12        0.0145926966       -0.0153199811
  25  11       -0.0266117573        0.0185811534
  25  10        0.0209494376       -0.0027142895
  25   9       -0.0017413145        0.0227512867
  25   8        0.0121485139       -0.0413794976
  25   7        0.0025159874       -0.0282643971
  25   6        0.0091785372        0.0053889715
  25   5       -0.0233301739       -0.0433117588
  25   4       -0.0218611178       -0.0511201808
  25   3       -0.0191842937        0.0178812460
  25   2       -0.0012559837       -0.0083054659
  25   1       -0.0095779295       -0.0034649188
  25   0        0.0048419300        0.0000000000
  25  -1        0.0095779295       -0.0034649188
  25  -2       -0.0012559837        0.0083054659
  25  -3        0.0191842937        0.0178812460
  25  -4       -0.0218611178        0.0511201808
  25  -5        0.0233301739       -0.0433117588
  25  -6        0.0091785372       -0.0053889715
  25  -7       -0.0025159874       -0.0282643971
  25  -8        0.0121485139        0.0413794976
  25  -9        0.0017413145        0.0227512867
  25 -10        0.0209494376        0.0027142895
  25 -11        0.0266117573        0.0185811534
  25 -12        0.0145926966        0.0153199811
  25 -13        0.0037211494        0.0008557775
  25 -14       -0.0117744224       -0.0245741892
  25 -15       -0.0070228587       -0.0155619277
  25 -16        0.0031938683        0.0097734780
  25 -17        0.0222035891       -0.0263813274
  25 -18       -0.0098688694       -0.0037848180
  25 -19        0.0204783753       -0.0097640639
  25 -20        0.0166156441        0.0023697590
  25 -21       -0.0426298550       -0.0104359831
  25 -22        0.0067616564       -0.0045607738
  25 -23        0.0240785204        0.0195203596
  25 -24       -0.0077623085        0.0285163749
  25 -25       -0.0180909677       -0.0215665802
  26  26       -0.0041456916       -0.0182793694
  26  25       -0.0244841657        0.0320255148
  26  24        0.0096054122       -0.0302498179
  26  23        0.0008397052        0.0089675794
  26  22       -0.0136863587       -0.0055635151
  26  21       -0.0024729390       -0.0223112990
  26  20       -0.0229270954        0.0224452521
  26  19        0.0136333100       -0.0388540984
  26  18       -0.0011672240       -0.0095887688
  26  17       -0.0060527242        0.0052619983
  26  16        0.0031251775       -0.0574960539
  26  15       -0.0259077680        0.0151714562
  26  14        0.0263429323       -0.0059872486
  26  13       -0.0066877079       -0.0484299522
  26  12        0.0173946895        0.0215408268
  26  11       -0.0000953471       -0.0078305666
  26  10        0.0107168780       -0.0344904290
  26   9        0.0172230527        0.0071179534
  26   8        0.0272020965       -0.0488808958
  26   7       -0.0096410324        0.0073018681
  26   6       -0.0120414035       -0.0133119434
  26   5       -0.0096493481        0.0416199528
  26   4       -0.0482952607        0.0051529595
  26   3        0.0045420395       -0.0392074406
  26   2        0.0206654107        0.0163298411
  26   1        0.0097397642        0.0119834751
  26   0        0.0096314325        0.0000000000
  26  -1       -0.0097397642        0.0119834751
  26  -2        0.0206654107       -0.0163298411
  26  -3       -0.0045420395       -0.0392074406
  26  -4       -0.0482952607       -0.0051529595
  26  -5        0.0096493481        0.0416199528
  26  -6       -0.0120414035        0.0133119434
  26  -7        0.0096410324        0.0073018681
  26  -8        0.0272020965        0.0488808958
  26  -9       -0.0172230527        0.0071179534
  26 -10        0.0107168780        0.0344904290
  26 -11        0.0000953471       -0.0078305666
  26 -12        0.0173946895       -0.0215408268
  26 -13        0.0066877079       -0.0484299522
  26 -14        0.0263429323        0.0059872486
  26 -15        0.0259077680        0.0151714562
  26 -16        0.0031251775        0.0574960539
  26 -17        0.0060527242        0.0052619983
  26 -18       -0.0011672240        0.0095887688
  26 -19       -0.0136333100       -0.0388540984
  26 -20       -0.0229270954       -0.0224452521
  26 -21        0.0024729390       -0.0223112990
  26 -22       -0.0136863587        0.0055635151
  26 -23       -0.0008397052        0.0089675794
  26 -24        0.0096054122        0.0302498179
  26 -25        0.0244841657        0.0320255148
  26 -26       -0.0041456916        0.0182793694
  27  27        0.0311953204        0.0105355519
  27  26       -0.0315517853        0.0093049295
  27  25       -0.0020758018        0.0125006434
  27  24        0.0014577201        0.0085283009
  27  23        0.0035148296        0.0056822172
  27  22       -0.0138422209        0.0050470465
  27  21       -0.0190384056        0.0099043617
  27  20        0.0130613305       -0.0310634624
  27  19       -0.0485261661       -0.0169871921
  27  18        0.0154732259       -0.0308430143
  27  17        0.0112323018       -0.0082214055
  27  16        0.0129405374        0.0094319201
  27  15        0.0049634086       -0.0065428077
  27  14       -0.0040292932       -0.0287362129
  27  13       -0.0025872220        0.0198009968
  27  12        0.0133220460       -0.0376056410
  27  11        0.0292930606        0.0353256448
  27  10        0.0278469885       -0.0182449829
  27   9       -0.0234586961       -0.0188173827
  27   8        0.0069902885        0.0220816464
  27   7       -0.0109656231       -0.0012281516
  27   6        0.0301172970       -0.0196817194
  27   5        0.0126126315        0.0201223085
  27   4        0.0326028305       -0.0047809120
  27   3        0.0245761608       -0.0324827232
  27   2       -0.0120394773       -0.0020595398
  27   1       -0.0230775427       -0.0065512283
  27   0       -0.0091051055        0.0000000000
  27  -1        0.0230775427       -0.0065512283
  27  -2       -0.0120394773        0.0020595398
  27  -3       -0.0245761608       -0.0324827232
  27  -4        0.0326028305        0.0047809120
  27  -5       -0.0126126315        0.0201223085
  27  -6        0.0301172970        0.0196817194
  27  -7        0.0109656231       -0.0012281516
  27  -8        0.0069902885       -0.0220816464
  27  -9        0.0234586961       -0.0188173827
  27 -10        0.0278469885        0.0182449829
  27 -11       -0.0292930606        0.0353256448
  27 -12        0.0133220460        0.0376056410
  27 -13        0.0025872220        0.0198009968
  27 -14       -0.0040292932        0.0287362129
  27 -15       -0.0049634086       -0.0065428077
  27 -16        0.0129405374       -0.0094319201
  27 -17       -0.0112323018       -0.0082214055
  27 -18        0.0154732259        0.0308430143
  27 -19        0.0485261661       -0.0169871921
  27 -20        0.0130613305        0.0310634624
  27 -21        0.0190384056        0.0099043617
  27 -22       -0.0138422209       -0.0050470465
  27 -23       -0.0035148296        0.0056822172
  27 -24        0.0014577201       -0.0085283009
  27 -25        0.0020758018        0.0125006434
  27 -26       -0.0315517853       -0.0093049295
  27 -27       -0.0311953204        0.0105355519
  28  28       -0.0119728682       -0.0251954597
  28  27        0.0291513941        0.0411065662
  28  26       -0.0022470208       -0.0077059414
  28  25       -0.0225760307        0.0166837034
  28  24       -0.0044399546       -0.0071227904
  28  23        0.0117150324        0.0362322794
  28  22        0.0138710158        0.0115903192
  28  21       -0.0189265522       -0.0165577872
  28  20       -0.0039821777        0.0067205464
  28  19        0.0379836271        0.0252423322
  28  18       -0.0044614576       -0.0387401865
  28  17       -0.0180856643       -0.0024987832
  28  16        0.0104989711       -0.0075353778
  28  15        0.0133129957        0.0166723809
  28  14        0.0263261430        0.0146686089
  28  13        0.0017740757        0.0025778405
  28  12       -0.0155974908        0.0371827594
  28  11        0.0215634160        0.0179956341
  28  10        0.0449693970       -0.0059158277
  28   9        0.0294585936        0.0012240062
  28   8       -0.0018284216        0.0080173020
  28   7        0.0226633350       -0.0177701278
  28   6       -0.0264936974       -0.0029542663
  28   5       -0.0060177012        0.0024584005
  28   4        0.0109360624        0.0105592158
  28   3        0.0327034677        0.0187683784
  28   2       -0.0021520102       -0.0315463380
  28   1        0.0092471148       -0.0073486213
  28   0       -0.0158420971        0.0000000000
  28  -1       -0.0092471148       -0.0073486213
  28  -2       -0.0021520102        0.0315463380
  28  -3       -0.0327034677        0.0187683784
  28  -4        0.0109360624       -0.0105592158
  28  -5        0.0060177012        0.0024584005
  28  -6       -0.0264936974        0.0029542663
  28  -7       -0.0226633350       -0.0177701278
  28  -8       -0.0018284216       -0.0080173020
  28  -9       -0.0294585936        0.0012240062
  28 -10        0.0449693970        0.0059158277
  28 -11       -0.0215634160        0.0179956341
  28 -12       -0.0155974908       -0.0371827594
  28 -13       -0.0017740757        0.0025778405
  28 -14        0.0263261430       -0.0146686089
  28 -15       -0.0133129957        0.0166723809
  28 -16        0.0104989711        0.0075353778
  28 -17        0.0180856643       -0.0024987832
  28 -18       -0.0044614576        0.0387401865
  28 -19       -0.0379836271        0.0252423322
  28 -20       -0.0039821777       -0.0067205464
  28 -21        0.0189265522       -0.0165577872
  28 -22        0.0138710158       -0.0115903192
  28 -23       -0.0117150324        0.0362322794
  28 -24       -0.0044399546        0.0071227904
  28 -25        0.0225760307        0.0166837034
  28 -26       -0.0022470208        0.0077059414
  28 -27       -0.0291513941        0.0411065662
  28 -28       -0.0119728682        0.0251954597
  29  29        0.0377031068       -0.0048499820
  29  28       -0.0318926363       -0.0152019990
  29  27        0.0020938124        0.0200517873
  29  26        0.0195990404        0.0007522483
  29  25        0.0064847449        0.0113741757
  29  24        0.0119097836       -0.0289991829
  29  23        0.0095521647       -0.0216333426
  29  22        0.0097028281       -0.0037176829
  29  21        0.0181839311        0.0017925317
  29  20        0.0293185056        0.0024133048
  29  19       -0.0163572855        0.0058455281
  29  18        0.0447450501        0.0030572735
  29  17        0.0176406664       -0.0277101365
  29  16       -0.0440626544        0.0194227598
  29  15       -0.0025755306        0.0123509456
  29  14       -0.0098358091        0.0193159717
  29  13        0.0050481807        0.0355265979
  29  12        0.0285055972       -0.0068876262
  29  11       -0.0046733293       -0.0148169053
  29  10        0.0293311639       -0.0122749205
  29   9        0.0032680656        0.0143725327
  29   8       -0.0006301539        0.0264001096
  29   7        0.0210394012        0.0028286863
  29   6        0.0096000653        0.0012264173
  29   5       -0.0030899595        0.0006770318
  29   4       -0.0079976019        0.0266901747
  29   3        0.0016934211       -0.0118278372
  29   2        0.0166032479        0.0303790123
  29   1       -0.0001731439       -0.0366244762
  29   0        0.0202476193        0.0000000000
  29  -1        0.0001731439       -0.0366244762
  29  -2        0.0166032479       -0.0303790123
  29  -3       -0.0016934211       -0.0118278372
  29  -4       -0.0079976019       -0.0266901747
  29  -5        0.0030899595        0.0006770318
  29  -6        0.0096000653       -0.0012264173
  29  -7       -0.0210394012        0.0028286863
  29  -8       -0.0006301539       -0.0264001096
  29  -9       -0.0032680656        0.0143725327
  29 -10        0.0293311639        0.0122749205
  29 -11        0.0046733293       -0.0148169053
  29 -12        0.0285055972        0.0068876262
  29 -13       -0.0050481807        0.0355265979
  29 -14       -0.0098358091       -0.0193159717
  29 -15        0.0025755306        0.0123509456
  29 -16       -0.0440626544       -0.0194227598
  29 -17       -0.0176406664       -0.0277101365
  29 -18        0.0447450501       -0.0030572735
  29 -19        0.0163572855        0.0058455281
  29 -20        0.0293185056       -0.0024133048
  29 -21       -0.0181839311        0.0017925317
  29 -22        0.0097028281        0.0037176829
  29 -23       -0.0095521647       -0.0216333426
  29 -24        0.0119097836        0.0289991829
  29 -25       -0.0064847449        0.0113741757
  29 -26        0.0195990404       -0.0007522483
  29 -27       -0.0020938124        0.0200517873
  29 -28       -0.0318926363        0.0152019990
  29 -29       -0.0377031068       -0.0048499820
  30  30       -0.0005386454       -0.0098259558
  30  29        0.0198695682       -0.0184794798
  30  28       -0.0017132872       -0.0023995554
  30  27       -0.0094568031        0.0109711906
  30  26        0.0224036412       -0.0315183827
  30  25       -0.0005891230       -0.0157830567
  30  24        0.0172296363       -0.0299889316
  30  23       -0.0116224250       -0.0149703443
  30  22        0.0089481894        0.0296182670
  30  21        0.0424513853       -0.0301556605
  30  20        0.0224597149       -0.0034042411
  30  19        0.0045661006       -0.0145473482
  30  18        0.0122151196        0.0055646253
  30  17       -0.0091390897        0.0155808248
  30  16        0.0230239445        0.0027102405
  30  15        0.0035425329        0.0077466931
  30  14        0.0200675110        0.0210968926
  30  13       -0.0080876823       -0.0076965552
  30  12        0.0289394422       -0.0021046512
  30  11       -0.0091707145       -0.0035779392
  30  10       -0.0199086193        0.0179323870
  30   9        0.0051542451        0.0074242689
  30   8        0.0164124959        0.0140411169
  30   7       -0.0064668323        0.0075780651
  30   6       -0.0156995675        0.0160146310
  30   5       -0.0107237173       -0.0125099191
  30   4        0.0232894406       -0.0088998531
  30   3        0.0113966204        0.0005652162
  30   2       -0.0138282066        0.0012674289
  30   1       -0.0171046799        0.0025133300
  30   0       -0.0307339784        0.0000000000
  30  -1        0.0171046799        0.0025133300
  30  -2       -0.0138282066       -0.0012674289
  30  -3       -0.0113966204        0.0005652162
  30  -4        0.0232894406        0.0088998531
  30  -5        0.0107237173       -0.0125099191
  30  -6       -0.0156995675       -0.0160146310
  30  -7        0.0064668323        0.0075780651
  30  -8        0.0164124959       -0.0140411169
  30  -9       -0.0051542451        0.0074242689
  30 -10       -0.0199086193       -0.0179323870
  30 -11        0.0091707145       -0.0035779392
  30 -12        0.0289394422        0.0021046512
  30 -13        0.0080876823       -0.0076965552
  30 -14        0.0200675110       -0.0210968926
  30 -15       -0.0035425329        0.0077466931
  30 -16        0.0230239445       -0.0027102405
  30 -17        0.0091390897        0.0155808248
  30 -18        0.0122151196       -0.0055646253
  30 -19       -0.0045661006       -0.0145473482
  30 -20        0.0224597149        0.0034042411
  30 -21       -0.0424513853       -0.0301556605
  30 -22        0.0089481894       -0.0296182670
  30 -23        0.0116224250       -0.0149703443
  30 -24        0.0172296363        0.0299889316
  30 -25        0.0005891230       -0.0157830567
  30 -26        0.0224036412        0.0315183827
  30 -27        0.0094568031        0.0109711906
  30 -28       -0.0017132872        0.0023995554
  30 -29       -0.0198695682       -0.0184794798
  30 -30       -0.0005386454        0.0098259558
