   0   0       41.9993943114        0.0000000000
   1   1        0.0617675639        0.0299715117
   1   0       -0.4164238085        0.0000000000
   1  -1       -0.0617675639        0.0299715117
   2   2        2.2551799950        1.2758639827
   2   1       -2.5077869417       -0.5753697864
   2   0       -1.3234346126        0.0000000000
   2  -1        2.5077869417       -0.5753697864
   2  -2        2.2551799950       -1.2758639827
   3   3       -0.0596475954        1.8736416212
   3   2       -0.0061867110        1.1867332396
   3   1       -0.8778565394        0.9545517496
   3   0        0.0076039675        0.0000000000
   3  -1        0.8778565394        0.9545517496
   3  -2       -0.0061867110       -1.1867332396
   3  -3        0.0596475954        1.8736416212
   4   4        0.2579317869       -0.3487953680
   4   3        0.4029603050       -0.6404611108
   4   2        0.4489523998        1.1626770594
   4   1        0.7440595085        0.1739585355
   4   0       -0.2954841452        0.0000000000
   4  -1       -0.7440595085        0.1739585355
   4  -2        0.4489523998       -1.1626770594
   4  -3       -0.4029603050       -0.6404611108
   4  -4        0.2579317869        0.3487953680
   5   5       -0.4018644684        0.5567297240
   5   4       -0.2903513577        0.2069263194
   5   3       -0.0714722552       -0.4200049917
   5   2        0.2149556747        0.1506092276
   5   1        0.3043812525        0.0916077350
   5   0        0.0194979180        0.0000000000
   5  -1       -0.3043812525        0.0916077350
   5  -2        0.2149556747       -0.1506092276
   5  -3        0.0714722552       -0.4200049917
   5  -4       -0.2903513577       -0.2069263194
   5  -5        0.4018644684        0.5567297240
   6   6       -0.1778545011       -0.0506525579
   6   5       -0.0665721773       -0.5346829333
   6   4       -0.1766069941        0.3864558738
   6   3       -0.0253727159       -0.0141050833
   6   2       -0.2744669619       -0.2901419321
   6   1       -0.1343242709        0.1509844360
   6   0       -0.0012909794        0.0000000000
   6  -1        0.1343242709        0.1509844360
   6  -2       -0.2744669619        0.2901419321
   6  -3        0.0253727159       -0.0141050833
   6  -4       -0.1766069941       -0.3864558738
   6  -5        0.0665721773       -0.5346829333
   6  -6       -0.1778545011        0.0506525579
   7   7       -0.1324714009        0.0960790468
   7   6        0.2055017894        0.3518879983
   7   5        0.0747403075       -0.0411167690
   7   4       -0.0627485341        0.1254721797
   7   3       -0.3049613075        0.2078268358
   7   2       -0.0026138383       -0.0901450136
   7   1       -0.1813779600        0.1864619147
   7   0        0.1358119599        0.0000000000
   7  -1        0.1813779600        0.1864619147
   7  -2       -0.0026138383        0.0901450136
   7  -3        0.3049613075        0.2078268358
   7  -4       -0.0627485341       -0.1254721797
   7  -5       -0.0747403075       -0.0411167690
   7  -6        0.2055017894       -0.3518879983
   7  -7        0.1324714009        0.0960790468
   8   8       -0.1835101369       -0.0297528249
   8   7       -0.0465205420       -0.3890333176
   8   6        0.0504723843        0.0903006208
   8   5        0.1467081017        0.1229385862
   8   4       -0.0745931707       -0.1523635461
   8   3       -0.0250399695        0.0953445959
   8   2        0.1824016933        0.0797725266
   8   1       -0.0660793061       -0.1364383709
   8   0        0.0582689778        0.0000000000
   8  -1        0.0660793061       -0.1364383709
   8  -2        0.1824016933       -0.0797725266
   8  -3        0.0250399695        0.0953445959
   8  -4       -0.0745931707        0.1523635461
   8  -5       -0.1467081017        0.1229385862
   8  -6        0.0504723843       -0.0903006208
   8  -7        0.0465205420       -0.3890333176
   8  -8       -0.1835101369        0.0297528249
   9   9       -0.0432409533        0.0481027534
   9   8        0.2022882848        0.1165487390
   9   7        0.0597012017       -0.0872414831
   9   6       -0.1410599529        0.0551226047
   9   5       -0.0688751549        0.0851011513
   9   4       -0.0020166900       -0.1295772164
   9   3        0.1041261610       -0.0725371965
   9   2       -0.0652340759        0.1966442052
   9   1        0.0491491725       -0.0825860514
   9   0       -0.1743529267        0.0000000000
   9  -1       -0.0491491725       -0.0825860514
   9  -2       -0.0652340759       -0.1966442052
   9  -3       -0.1041261610       -0.0725371965
   9  -4       -0.0020166900        0.1295772164
   9  -5        0.0688751549        0.0851011513
   9  -6       -0.1410599529       -0.0551226047
   9  -7       -0.0597012017       -0.0872414831
   9  -8        0.2022882848       -0.1165487390
   9  -9        0.0432409533        0.0481027534
  10  10       -0.1096130144       -0.0097853288
  10   9       -0.0814134437       -0.1078329331
  10   8        0.0092940707        0.0268475124
  10   7        0.0562013168        0.0646894198
  10   6       -0.0719169286       -0.1079505158
  10   5       -0.0806753018       -0.0482289182
  10   4        0.1157136033       -0.0019905271
  10   3       -0.0035572471       -0.0783043765
  10   2       -0.0434079881       -0.0655056655
  10   1        0.0200770694        0.0986044613
  10   0       -0.0244359116        0.0000000000
  10  -1       -0.0200770694        0.0986044613
  10  -2       -0.0434079881        0.0655056655
  10  -3        0.0035572471       -0.0783043765
  10  -4        0.1157136033        0.0019905271
  10  -5        0.0806753018       -0.0482289182
  10  -6       -0.0719169286        0.1079505158
  10  -7       -0.0562013168        0.0646894198
  10  -8        0.0092940707       -0.0268475124
  10  -9        0.0814134437       -0.1078329331
  10 -10       -0.1096130144        0.0097853288
  11  11        0.0022069029       -0.0263843170
  11  10        0.1038332978        0.0073831509
  11   9        0.1209612382       -0.1002941213
  11   8       -0.0565545895        0.0340616807
  11   7       -0.0728786720        0.0933509801
  11   6        0.0191564057       -0.0489528154
  11   5       -0.0079317448       -0.1308946162
  11   4       -0.0242382557        0.1644102138
  11   3       -0.0083221579       -0.0308276414
  11   2       -0.0390917765       -0.0549155437
  11   1       -0.0360149457        0.0936372029
  11   0        0.2084862843        0.0000000000
  11  -1        0.0360149457        0.0936372029
  11  -2       -0.0390917765        0.0549155437
  11  -3        0.0083221579       -0.0308276414
  11  -4       -0.0242382557       -0.1644102138
  11  -5        0.0079317448       -0.1308946162
  11  -6        0.0191564057        0.0489528154
  11  -7        0.0728786720        0.0933509801
  11  -8       -0.0565545895       -0.0340616807
  11  -9       -0.1209612382       -0.1002941213
  11 -10        0.1038332978       -0.0073831509
  11 -11       -0.0022069029       -0.0263843170
  12  12       -0.0531226116       -0.0602953770
  12  11       -0.0377231238       -0.0041647941
  12  10       -0.0146522803        0.0431994229
  12   9        0.0750263251       -0.0402484213
  12   8       -0.0629798363        0.0158712880
  12   7       -0.0092304565        0.0242762633
  12   6        0.0593355612       -0.0491261926
  12   5       -0.0056679965       -0.0011186180
  12   4       -0.0848848721        0.0531369461
  12   3        0.0360832106       -0.0424797425
  12   2        0.0099024203        0.0036350669
  12   1       -0.0200540240       -0.0282483897
  12   0        0.0544454148        0.0000000000
  12  -1        0.0200540240       -0.0282483897
  12  -2        0.0099024203       -0.0036350669
  12  -3       -0.0360832106       -0.0424797425
  12  -4       -0.0848848721       -0.0531369461
  12  -5        0.0056679965       -0.0011186180
  12  -6        0.0593355612        0.0491261926
  12  -7        0.0092304565        0.0242762633
  12  -8       -0.0629798363       -0.0158712880
  12  -9       -0.0750263251       -0.0402484213
  12 -10       -0.0146522803       -0.0431994229
  12 -11        0.0377231238       -0.0041647941
  12 -12       -0.0531226116        0.0602953770
  13  13        0.0179794217       -0.0592574783
  13  12        0.0168385323        0.0065740231
  13  11        0.0300082916       -0.0497569454
  13  10       -0.0560248995        0.0482952955
  13   9       -0.0087920021        0.0679163423
  13   8        0.0237108486       -0.0071791268
  13   7        0.0196858163       -0.1033698565
  13   6       -0.0235048080        0.0604386795
  13   5        0.0187193125        0.0774914553
  13   4       -0.0621180496       -0.0969635865
  13   3        0.0759964529        0.0552865503
  13   2        0.0175758073        0.0193775820
  13   1        0.0164031888       -0.0277502086
  13   0       -0.0583668985        0.0000000000
  13  -1       -0.0164031888       -0.0277502086
  13  -2        0.0175758073       -0.0193775820
  13  -3       -0.0759964529        0.0552865503
  13  -4       -0.0621180496        0.0969635865
  13  -5       -0.0187193125        0.0774914553
  13  -6       -0.0235048080       -0.0604386795
  13  -7       -0.0196858163       -0.1033698565
  13  -8        0.0237108486        0.0071791268
  13  -9        0.0087920021        0.0679163423
  13 -10       -0.0560248995       -0.0482952955
  13 -11       -0.0300082916       -0.0497569454
  13 -12        0.0168385323       -0.0065740231
  13 -13       -0.0179794217       -0.0592574783
  14  14       -0.0370564052       -0.0360215660
  14  13        0.0252356434       -0.0166083054
  14  12        0.0064176266        0.0996186400
  14  11        0.0219128220       -0.0160642150
  14  10       -0.0311529569       -0.0086022659
  14   9       -0.0440647959        0.0117930717
  14   8        0.0990053451       -0.0289212816
  14   7        0.0209706170       -0.0288331410
  14   6       -0.0315673330        0.0616931074
  14   5       -0.0151488359       -0.0289546265
  14   4        0.0157110552       -0.0928414601
  14   3       -0.0630336530       -0.0376673532
  14   2       -0.0011608082        0.0176777070
  14   1       -0.0085705976        0.0192166654
  14   0       -0.0792649808        0.0000000000
  14  -1        0.0085705976        0.0192166654
  14  -2       -0.0011608082       -0.0176777070
  14  -3        0.0630336530       -0.0376673532
  14  -4        0.0157110552        0.0928414601
  14  -5        0.0151488359       -0.0289546265
  14  -6       -0.0315673330       -0.0616931074
  14  -7       -0.0209706170       -0.0288331410
  14  -8        0.0990053451        0.0289212816
  14  -9        0.0440647959        0.0117930717
  14 -10       -0.0311529569        0.0086022659
  14 -11       -0.0219128220       -0.0160642150
  14 -12        0.0064176266       -0.0996186400
  14 -13       -0.0252356434       -0.0166083054
  14 -14       -0.0370564052        0.0360215660
  15  15       -0.0370006113        0.0393820204
  15  14        0.0077209859        0.0059851751
  15  13        0.0407936049       -0.0033423886
  15  12       -0.0057475337       -0.0215372028
  15  11        0.0425410711        0.0536557482
  15  10       -0.0050175146       -0.0401488756
  15   9       -0.0203567902       -0.0486075256
  15   8        0.0212098574        0.0467944162
  15   7        0.0344425487        0.0816144599
  15   6       -0.0147550535        0.0045204445
  15   5       -0.0157981042        0.0097293609
  15   4        0.0124505888        0.0531471420
  15   3       -0.0296394115       -0.0708853533
  15   2       -0.0277970249        0.0298099484
  15   1        0.0023391608        0.0286552435
  15   0        0.0337851938        0.0000000000
  15  -1       -0.0023391608        0.0286552435
  15  -2       -0.0277970249       -0.0298099484
  15  -3        0.0296394115       -0.0708853533
  15  -4        0.0124505888       -0.0531471420
  15  -5        0.0157981042        0.0097293609
  15  -6       -0.0147550535       -0.0045204445
  15  -7       -0.0344425487        0.0816144599
  15  -8        0.0212098574       -0.0467944162
  15  -9        0.0203567902       -0.0486075256
  15 -10       -0.0050175146        0.0401488756
  15 -11       -0.0425410711        0.0536557482
  15 -12       -0.0057475337        0.0215372028
  15 -13       -0.0407936049       -0.0033423886
  15 -14        0.0077209859       -0.0059851751
  15 -15        0.0370006113        0.0393820204
  16  16       -0.0690283838        0.0294184089
  16  15        0.0284540087        0.0066600020
  16  14       -0.0032303845        0.0496570912
  16  13        0.0250540036        0.0074239391
  16  12       -0.0242147144       -0.0244308973
  16  11        0.0315539161        0.0209211414
  16  10        0.0209658562       -0.0083700181
  16   9        0.0395762961       -0.0659793825
  16   8       -0.0520282598       -0.0111517255
  16   7        0.0177599663       -0.0451336482
  16   6        0.0583166131       -0.0627295428
  16   5       -0.0443715791        0.0360822436
  16   4        0.0007047459        0.0317668190
  16   3        0.0516996466       -0.0038753870
  16   2       -0.0187236982       -0.0186829571
  16   1        0.0596414543       -0.0083550202
  16   0        0.0583967658        0.0000000000
  16  -1       -0.0596414543       -0.0083550202
  16  -2       -0.0187236982        0.0186829571
  16  -3       -0.0516996466       -0.0038753870
  16  -4        0.0007047459       -0.0317668190
  16  -5        0.0443715791        0.0360822436
  16  -6        0.0583166131        0.0627295428
  16  -7       -0.0177599663       -0.0451336482
  16  -8       -0.0520282598        0.0111517255
  16  -9       -0.0395762961       -0.0659793825
  16 -10        0.0209658562        0.0083700181
  16 -11       -0.0315539161        0.0209211414
  16 -12       -0.0242147144        0.0244308973
  16 -13       -0.0250540036        0.0074239391
  16 -14       -0.0032303845       -0.0496570912
  16 -15       -0.0284540087        0.0066600020
  16 -16       -0.0690283838       -0.0294184089
  17  17        0.0296963497        0.0169815597
  17  16        0.0172788431       -0.0124779883
  17  15       -0.0015165613        0.0096197365
  17  14       -0.0455980867        0.0105964910
  17  13        0.0062422737        0.0204519177
  17  12        0.0517084183       -0.0382391915
  17  11       -0.0175086021       -0.0005373529
  17  10       -0.0032778398        0.0149979554
  17   9        0.0185195275        0.0415514902
  17   8       -0.0074159602       -0.0211886644
  17   7        0.0090378595       -0.0307215130
  17   6        0.0696797227        0.0144146778
  17   5        0.0006406503       -0.0017032172
  17   4       -0.0107899152       -0.0077082182
  17   3        0.0323488589        0.0333977230
  17   2       -0.0026400728        0.0079360992
  17   1        0.0359035158       -0.0098076967
  17   0        0.0132544966        0.0000000000
  17  -1       -0.0359035158       -0.0098076967
  17  -2       -0.0026400728       -0.0079360992
  17  -3       -0.0323488589        0.0333977230
  17  -4       -0.0107899152        0.0077082182
  17  -5       -0.0006406503       -0.0017032172
  17  -6        0.0696797227       -0.0144146778
  17  -7       -0.0090378595       -0.0307215130
  17  -8       -0.0074159602        0.0211886644
  17  -9       -0.0185195275        0.0415514902
  17 -10       -0.0032778398       -0.0149979554
  17 -11        0.0175086021       -0.0005373529
  17 -12        0.0517084183        0.0382391915
  17 -13       -0.0062422737        0.0204519177
  17 -14       -0.0455980867       -0.0105964910
  17 -15        0.0015165613        0.0096197365
  17 -16        0.0172788431        0.0124779883
  17 -17       -0.0296963497        0.0169815597
  18  18       -0.0326562252        0.0145390453
  18  17       -0.0028407830        0.0214682989
  18  16        0.0036475697        0.0550447927
  18  15        0.0067090719       -0.0025517328
  18  14       -0.0246313191       -0.0130263545
  18  13       -0.0332276162       -0.0040484768
  18  12        0.0535321811        0.0222215772
  18  11       -0.0132428782       -0.0353906187
  18  10        0.0057933860        0.0208635735
  18   9        0.0287210457        0.0284472239
  18   8        0.0234788396       -0.0179858679
  18   7        0.0166202741       -0.0128845440
  18   6       -0.0399748995        0.0866163756
  18   5        0.0283488692       -0.0736374660
  18   4        0.0097332573       -0.0245807306
  18   3       -0.0010671926        0.0150400389
  18   2        0.0009877418        0.0516329620
  18   1       -0.0635325741        0.0081812918
  18   0       -0.0176919293        0.0000000000
  18  -1        0.0635325741        0.0081812918
  18  -2        0.0009877418       -0.0516329620
  18  -3        0.0010671926        0.0150400389
  18  -4        0.0097332573        0.0245807306
  18  -5       -0.0283488692       -0.0736374660
  18  -6       -0.0399748995       -0.0866163756
  18  -7       -0.0166202741       -0.0128845440
  18  -8        0.0234788396        0.0179858679
  18  -9       -0.0287210457        0.0284472239
  18 -10        0.0057933860       -0.0208635735
  18 -11        0.0132428782       -0.0353906187
  18 -12        0.0535321811       -0.0222215772
  18 -13        0.0332276162       -0.0040484768
  18 -14       -0.0246313191        0.0130263545
  18 -15       -0.0067090719       -0.0025517328
  18 -16        0.0036475697       -0.0550447927
  18 -17        0.0028407830        0.0214682989
  18 -18       -0.0326562252       -0.0145390453
  19  19        0.0034646866       -0.0324988784
  19  18        0.0092829377       -0.0360686709
  19  17       -0.0044384289        0.0207381721
  19  16       -0.0171014186        0.0178070957
  19  15       -0.0060846900        0.0003961025
  19  14        0.0303345236        0.0402255154
  19  13        0.0349918597        0.0063451172
  19  12        0.0164509852        0.0171719835
  19  11        0.0196331428        0.0211276607
  19  10       -0.0190034728       -0.0197868599
  19   9        0.0135626589       -0.0065008618
  19   8        0.0180089410        0.0150118301
  19   7        0.0017046683        0.0137719551
  19   6       -0.0443482987       -0.0078226724
  19   5        0.0319591171       -0.0330945370
  19   4       -0.0105274934       -0.0062986740
  19   3       -0.0250654425        0.0022955726
  19   2        0.0224350267        0.0295473595
  19   1       -0.0119500445       -0.0291430760
  19   0        0.0329548937        0.0000000000
  19  -1        0.0119500445       -0.0291430760
  19  -2        0.0224350267       -0.0295473595
  19  -3        0.0250654425        0.0022955726
  19  -4       -0.0105274934        0.0062986740
  19  -5       -0.0319591171       -0.0330945370
  19  -6       -0.0443482987        0.0078226724
  19  -7       -0.0017046683        0.0137719551
  19  -8        0.0180089410       -0.0150118301
  19  -9       -0.0135626589       -0.0065008618
  19 -10       -0.0190034728        0.0197868599
  19 -11       -0.0196331428        0.0211276607
  19 -12        0.0164509852       -0.0171719835
  19 -13       -0.0349918597        0.0063451172
  19 -14        0.0303345236       -0.0402255154
  19 -15        0.0060846900        0.0003961025
  19 -16       -0.0171014186       -0.0178070957
  19 -17        0.0044384289        0.0207381721
  19 -18        0.0092829377        0.0360686709
  19 -19       -0.0034646866       -0.0324988784
  20  20        0.0159876595       -0.0514884134
  20  19        0.0168019502        0.0043782531
  20  18        0.0187108428        0.0134806245
  20  17        0.0365613314        0.0028284814
  20  16       -0.0020468397       -0.0355536674
  20  15        0.0010482333        0.0242121175
  20  14        0.0206914903        0.0190545418
  20  13       -0.0197904854       -0.0303012324
  20  12       -0.0646250563        0.0120462598
  20  11       -0.0115782209       -0.0065557490
  20  10        0.0231950830        0.0006892084
  20   9        0.0018673077       -0.0178595471
  20   8       -0.0011960566        0.0429420330
  20   7       -0.0110088793       -0.0118989679
  20   6       -0.0245309340       -0.0332448748
  20   5       -0.0007209887        0.0328747023
  20   4        0.0003550387        0.0341997800
  20   3       -0.0015323858       -0.0207493813
  20   2       -0.0307718892        0.0019920578
  20   1        0.0402816699       -0.0452926464
  20   0        0.0163955463        0.0000000000
  20  -1       -0.0402816699       -0.0452926464
  20  -2       -0.0307718892       -0.0019920578
  20  -3        0.0015323858       -0.0207493813
  20  -4        0.0003550387       -0.0341997800
  20  -5        0.0007209887        0.0328747023
  20  -6       -0.0245309340        0.0332448748
  20  -7        0.0110088793       -0.0118989679
  20  -8       -0.0011960566       -0.0429420330
  20  -9       -0.0018673077       -0.0178595471
  20 -10        0.0231950830       -0.0006892084
  20 -11        0.0115782209       -0.0065557490
  20 -12       -0.0646250563       -0.0120462598
  20 -13        0.0197904854       -0.0303012324
  20 -14        0.0206914903       -0.0190545418
  20 -15       -0.0010482333        0.0242121175
  20 -16       -0.0020468397        0.0355536674
  20 -17       -0.0365613314        0.0028284814
  20 -18        0.0187108428       -0.0134806245
  20 -19       -0.0168019502        0.0043782531
  20 -20        0.0159876595        0.0514884134
  21  21        0.0585491859        0.0047461882
  21  20        0.0271522894        0.0478457170
  21  19       -0.0199602381        0.0000508551
  21  18       -0.0124288678        0.0012337257
  21  17        0.0211013474       -0.0106225322
  21  16       -0.0029910278       -0.0157852767
  21  15       -0.0016633228       -0.0106471331
  21  14       -0.0127896291        0.0094746355
  21  13        0.0038204900        0.0083322440
  21  12       -0.0098886854       -0.0240424894
  21  11       -0.0063472209        0.0564716438
  21  10        0.0157360115        0.0080281839
  21   9        0.0063817763        0.0180255351
  21   8       -0.0202787920        0.0082441007
  21   7       -0.0112054412       -0.0081071391
  21   6        0.0245028463       -0.0084758855
  21   5       -0.0308488399        0.0212099615
  21   4       -0.0028206795        0.0161386419
  21   3        0.0095382850       -0.0187239385
  21   2        0.0053654425       -0.0200897364
  21   1       -0.0101701047        0.0344660649
  21   0        0.0521291615        0.0000000000
  21  -1        0.0101701047        0.0344660649
  21  -2        0.0053654425        0.0200897364
  21  -3       -0.0095382850       -0.0187239385
  21  -4       -0.0028206795       -0.0161386419
  21  -5        0.0308488399        0.0212099615
  21  -6        0.0245028463        0.0084758855
  21  -7        0.0112054412       -0.0081071391
  21  -8       -0.0202787920       -0.0082441007
  21  -9       -0.0063817763        0.0180255351
  21 -10        0.0157360115       -0.0080281839
  21 -11        0.0063472209        0.0564716438
  21 -12       -0.0098886854        0.0240424894
  21 -13       -0.0038204900        0.0083322440
  21 -14       -0.0127896291       -0.0094746355
  21 -15        0.0016633228       -0.0106471331
  21 -16       -0.0029910278        0.0157852767
  21 -17       -0.0211013474       -0.0106225322
  21 -18       -0.0124288678       -0.0012337257
  21 -19        0.0199602381        0.0000508551
  21 -20        0.0271522894       -0.0478457170
  21 -21       -0.0585491859        0.0047461882
  22  22       -0.0032038598       -0.0400287453
  22  21        0.0221493660       -0.0038027437
  22  20       -0.0092558995        0.0321093532
  22  19       -0.0100938271       -0.0326216548
  22  18        0.0032592122       -0.0547277540
  22  17        0.0082398020        0.0153592083
  22  16        0.0163841254        0.0325390645
  22  15       -0.0313117904       -0.0021301115
  22  14       -0.0431360941        0.0109199388
  22  13        0.0089684208        0.0017374876
  22  12        0.0295578476       -0.0232026468
  22  11       -0.0384178880       -0.0049614385
  22  10       -0.0284987815        0.0355457493
  22   9       -0.0174501516        0.0210006629
  22   8       -0.0147328463       -0.0091321117
  22   7        0.0274502128       -0.0128413784
  22   6        0.0050769112        0.0246350593
  22   5        0.0013336582       -0.0184691523
  22   4       -0.0080969090        0.0021106865
  22   3       -0.0021777717       -0.0081647779
  22   2        0.0516344043        0.0099646228
  22   1       -0.0370123938       -0.0083557304
  22   0        0.0277038470        0.0000000000
  22  -1        0.0370123938       -0.0083557304
  22  -2        0.0516344043       -0.0099646228
  22  -3        0.0021777717       -0.0081647779
  22  -4       -0.0080969090       -0.0021106865
  22  -5       -0.0013336582       -0.0184691523
  22  -6        0.0050769112       -0.0246350593
  22  -7       -0.0274502128       -0.0128413784
  22  -8       -0.0147328463        0.0091321117
  22  -9        0.0174501516        0.0210006629
  22 -10       -0.0284987815       -0.0355457493
  22 -11        0.0384178880       -0.0049614385
  22 -12        0.0295578476        0.0232026468
  22 -13       -0.0089684208        0.0017374876
  22 -14       -0.0431360941       -0.0109199388
  22 -15        0.0313117904       -0.0021301115
  22 -16        0.0163841254       -0.0325390645
  22 -17       -0.0082398020        0.0153592083
  22 -18        0.0032592122        0.0547277540
  22 -19        0.0100938271       -0.0326216548
  22 -20       -0.0092558995       -0.0321093532
  22 -21       -0.0221493660       -0.0038027437
  22 -22       -0.0032038598        0.0400287453
  23  23        0.0094533881       -0.0194076746
  23  22        0.0078906158        0.0090512382
  23  21        0.0090804205       -0.0001340172
  23  20       -0.0439187954       -0.0104549951
  23  19       -0.0148106371        0.0016811652
  23  18       -0.0126833671       -0.0307354875
  23  17       -0.0323030715        0.0349608660
  23  16       -0.0212157508        0.0555750596
  23  15        0.0026854105       -0.0229903550
  23  14        0.0077114863       -0.0809603573
  23  13        0.0020047088        0.0205782950
  23  12        0.0019750022       -0.0357398802
  23  11       -0.0096700823       -0.0059239162
  23  10        0.0064714367       -0.0102232191
  23   9       -0.0019604363       -0.0049011852
  23   8        0.0389137948       -0.0027641305
  23   7       -0.0045952300        0.0042855989
  23   6        0.0262764575        0.0174607256
  23   5        0.0226106186        0.0084126733
  23   4       -0.0171043186       -0.0329798525
  23   3       -0.0179543565        0.0241086825
  23   2        0.0060933548        0.0285150467
  23   1       -0.0209475304       -0.0187559045
  23   0        0.0123260328        0.0000000000
  23  -1        0.0209475304       -0.0187559045
  23  -2        0.0060933548       -0.0285150467
  23  -3        0.0179543565        0.0241086825
  23  -4       -0.0171043186        0.0329798525
  23  -5       -0.0226106186        0.0084126733
  23  -6        0.0262764575       -0.0174607256
  23  -7        0.0045952300        0.0042855989
  23  -8        0.0389137948        0.0027641305
  23  -9        0.0019604363       -0.0049011852
  23 -10        0.0064714367        0.0102232191
  23 -11        0.0096700823       -0.0059239162
  23 -12        0.0019750022        0.0357398802
  23 -13       -0.0020047088        0.0205782950
  23 -14        0.0077114863        0.0809603573
  23 -15       -0.0026854105       -0.0229903550
  23 -16       -0.0212157508       -0.0555750596
  23 -17        0.0323030715        0.0349608660
  23 -18       -0.0126833671        0.0307354875
  23 -19        0.0148106371        0.0016811652
  23 -20       -0.0439187954        0.0104549951
  23 -21       -0.0090804205       -0.0001340172
  23 -22        0.0078906158       -0.0090512382
  23 -23       -0.0094533881       -0.0194076746
  24  24        0.0213685837        0.0191598266
  24  23        0.0117931261        0.0144575458
  24  22       -0.0072188741        0.0188483105
  24  21        0.0061600585       -0.0119491872
  24  20       -0.0254940044        0.0076170206
  24  19       -0.0128698715        0.0068439779
  24  18        0.0161001962        0.0317918054
  24  17       -0.0002187908        0.0006557471
  24  16       -0.0252428159       -0.0229118765
  24  15        0.0515730797       -0.0021002036
  24  14        0.0005826117       -0.0117375350
  24  13       -0.0161177095       -0.0252187535
  24  12        0.0041913641        0.0086498619
  24  11        0.0215996498        0.0429833012
  24  10        0.0377368978        0.0033563495
  24   9        0.0349797088       -0.0090958857
  24   8        0.0227803573        0.0198986903
  24   7       -0.0242050295       -0.0270818770
  24   6        0.0334970117        0.0015456223
  24   5       -0.0050805143        0.0047973593
  24   4       -0.0081093963       -0.0056140511
  24   3       -0.0374364531        0.0168965185
  24   2       -0.0188471353        0.0143583242
  24   1        0.0135519037       -0.0177286432
  24   0        0.0072199247        0.0000000000
  24  -1       -0.0135519037       -0.0177286432
  24  -2       -0.0188471353       -0.0143583242
  24  -3        0.0374364531        0.0168965185
  24  -4       -0.0081093963        0.0056140511
  24  -5        0.0050805143        0.0047973593
  24  -6        0.0334970117       -0.0015456223
  24  -7        0.0242050295       -0.0270818770
  24  -8        0.0227803573       -0.0198986903
  24  -9       -0.0349797088       -0.0090958857
  24 -10        0.0377368978       -0.0033563495
  24 -11       -0.0215996498        0.0429833012
  24 -12        0.0041913641       -0.0086498619
  24 -13        0.0161177095       -0.0252187535
  24 -14        0.0005826117        0.0117375350
  24 -15       -0.0515730797       -0.0021002036
  24 -16       -0.0252428159        0.0229118765
  24 -17        0.0002187908        0.0006557471
  24 -18        0.0161001962       -0.0317918054
  24 -19        0.0128698715        0.0068439779
  24 -20       -0.0254940044       -0.0076170206
  24 -21       -0.0061600585       -0.0119491872
  24 -22       -0.0072188741       -0.0188483105
  24 -23       -0.0117931261        0.0144575458
  24 -24        0.0213685837       -0.0191598266
  25  25        0.0389515342        0.0227690387
  25  24       -0.0034946701        0.0311357691
  25  23       -0.0222697725        0.0079181115
  25  22       -0.0034195928       -0.0411628293
  25  21       -0.0011947595       -0.0045331155
  25  20        0.0008118064       -0.0062184817
  25  19       -0.0267944175        0.0471913977
  25  18        0.0050567817        0.0262495893
  25  17        0.0176838680       -0.0191485426
  25  16        0.0180579827       -0.0029530027
  25  15       -0.0130947016        0.0345494588
  25  14        0.0018632184        0.0163145237
  25  13        0.0043066543       -0.0328791042
  25  12        0.0016340966        0.0120833233
  25  11       -0.0165506621       -0.0315236633
  25  10       -0.0105936322        0.0144031961
  25   9        0.0026009069       -0.0192727976
  25   8       -0.0104754562        0.0421136368
  25   7        0.0320923751        0.0136008550
  25   6       -0.0124360517        0.0040296659
  25   5        0.0172659887       -0.0088417154
  25   4       -0.0180302107       -0.0144938793
  25   3        0.0181279882       -0.0119817607
  25   2       -0.0015764632       -0.0406897280
  25   1       -0.0106014884        0.0442174441
  25   0       -0.0145527104        0.0000000000
  25  -1        0.0106014884        0.0442174441
  25  -2       -0.0015764632        0.0406897280
  25  -3       -0.0181279882       -0.0119817607
  25  -4       -0.0180302107        0.0144938793
  25  -5       -0.0172659887       -0.0088417154
  25  -6       -0.0124360517       -0.0040296659
  25  -7       -0.0320923751        0.0136008550
  25  -8       -0.0104754562       -0.0421136368
  25  -9       -0.0026009069       -0.0192727976
  25 -10       -0.0105936322       -0.0144031961
  25 -11        0.0165506621       -0.0315236633
  25 -12        0.0016340966       -0.0120833233
  25 -13       -0.0043066543       -0.0328791042
  25 -14        0.0018632184       -0.0163145237
  25 -15        0.0130947016        0.0345494588
  25 -16        0.0180579827        0.0029530027
  25 -17       -0.0176838680       -0.0191485426
  25 -18        0.0050567817       -0.0262495893
  25 -19        0.0267944175        0.0471913977
  25 -20        0.0008118064        0.0062184817
  25 -21        0.0011947595       -0.0045331155
  25 -22       -0.0034195928        0.0411628293
  25 -23        0.0222697725        0.0079181115
  25 -24       -0.0034946701       -0.0311357691
  25 -25       -0.0389515342        0.0227690387
  26  26        0.0420840039        0.0059039474
  26  25        0.0322953274       -0.0214595628
  26  24        0.0063887761       -0.0059927004
  26  23       -0.0092115637       -0.0055655854
  26  22        0.0069067078       -0.0046163326
  26  21       -0.0185704559        0.0282084097
  26  20        0.0280984310        0.0194175020
  26  19        0.0256541757       -0.0262168224
  26  18       -0.0270450497       -0.0027777550
  26  17        0.0360662377       -0.0123556769
  26  16       -0.0318556075       -0.0166411002
  26  15       -0.0269559655        0.0211851296
  26  14       -0.0173944665        0.0308990147
  26  13        0.0044514165       -0.0273108852
  26  12        0.0029917504        0.0100956334
  26  11       -0.0164798372        0.0029694200
  26  10        0.0059633914        0.0043281648
  26   9       -0.0190936753       -0.0248065830
  26   8       -0.0192297757        0.0067513429
  26   7        0.0188386973        0.0211618517
  26   6        0.0031918649        0.0164625377
  26   5       -0.0140360072        0.0175855070
  26   4       -0.0139740307        0.0217517445
  26   3       -0.0023792007       -0.0335429233
  26   2       -0.0107572246       -0.0003683227
  26   1        0.0091373008       -0.0059321340
  26   0       -0.0250727369        0.0000000000
  26  -1       -0.0091373008       -0.0059321340
  26  -2       -0.0107572246        0.0003683227
  26  -3        0.0023792007       -0.0335429233
  26  -4       -0.0139740307       -0.0217517445
  26  -5        0.0140360072        0.0175855070
  26  -6        0.0031918649       -0.0164625377
  26  -7       -0.0188386973        0.0211618517
  26  -8       -0.0192297757       -0.0067513429
  26  -9        0.0190936753       -0.0248065830
  26 -10        0.0059633914       -0.0043281648
  26 -11        0.0164798372        0.0029694200
  26 -12        0.0029917504       -0.0100956334
  26 -13       -0.0044514165       -0.0273108852
  26 -14       -0.0173944665       -0.0308990147
  26 -15        0.0269559655        0.0211851296
  26 -16       -0.0318556075        0.0166411002
  26 -17       -0.0360662377       -0.0123556769
  26 -18       -0.0270450497        0.0027777550
  26 -19       -0.0256541757       -0.0262168224
  26 -20        0.0280984310       -0.0194175020
  26 -21        0.0185704559        0.0282084097
  26 -22        0.0069067078        0.0046163326
  26 -23        0.0092115637       -0.0055655854
  26 -24        0.0063887761        0.0059927004
  26 -25       -0.0322953274       -0.0214595628
  26 -26        0.0420840039       -0.0059039474
  27  27        0.0420092684        0.0147480151
  27  26        0.0117198236        0.0144610368
  27  25       -0.0172668093        0.0344681244
  27  24       -0.0031205364        0.0135067896
  27  23       -0.0235193589       -0.0135866591
  27  22       -0.0196455048        0.0000138937
  27  21       -0.0180185314        0.0146176349
  27  20        0.0022401929        0.0170100223
  27  19        0.0070560774        0.0042394480
  27  18       -0.0089700482        0.0165565224
  27  17       -0.0153739430        0.0316470261
  27  16        0.0038167317        0.0359204206
  27  15        0.0314515005       -0.0289317118
  27  14        0.0024927765        0.0056338654
  27  13        0.0378817786        0.0092622573
  27  12       -0.0428586558       -0.0151450049
  27  11       -0.0073710780       -0.0046698719
  27  10       -0.0099042182       -0.0000173687
  27   9        0.0110808230        0.0168589122
  27   8       -0.0122373256       -0.0014274090
  27   7        0.0128555399        0.0036705496
  27   6        0.0076557184        0.0121260490
  27   5       -0.0123914288       -0.0146693068
  27   4       -0.0056227495        0.0015177131
  27   3        0.0038232497        0.0451607982
  27   2       -0.0173597890        0.0139410996
  27   1       -0.0165254146        0.0067378608
  27   0        0.0146821614        0.0000000000
  27  -1        0.0165254146        0.0067378608
  27  -2       -0.0173597890       -0.0139410996
  27  -3       -0.0038232497        0.0451607982
  27  -4       -0.0056227495       -0.0015177131
  27  -5        0.0123914288       -0.0146693068
  27  -6        0.0076557184       -0.0121260490
  27  -7       -0.0128555399        0.0036705496
  27  -8       -0.0122373256        0.0014274090
  27  -9       -0.0110808230        0.0168589122
  27 -10       -0.0099042182        0.0000173687
  27 -11        0.0073710780       -0.0046698719
  27 -12       -0.0428586558        0.0151450049
  27 -13       -0.0378817786        0.0092622573
  27 -14        0.0024927765       -0.0056338654
  27 -15       -0.0314515005       -0.0289317118
  27 -16        0.0038167317       -0.0359204206
  27 -17        0.0153739430        0.0316470261
  27 -18       -0.0089700482       -0.0165565224
  27 -19       -0.0070560774        0.0042394480
  27 -20        0.0022401929       -0.0170100223
  27 -21        0.0180185314        0.0146176349
  27 -22       -0.0196455048       -0.0000138937
  27 -23        0.0235193589       -0.0135866591
  27 -24       -0.0031205364       -0.0135067896
  27 -25        0.0172668093        0.0344681244
  27 -26        0.0117198236       -0.0144610368
  27 -27       -0.0420092684        0.0147480151
  28  28        0.0052435816       -0.0189211688
  28  27        0.0052872914       -0.0024500308
  28  26       -0.0184381450       -0.0318487608
  28  25        0.0199639965       -0.0097792113
  28  24       -0.0017734950        0.0028217441
  28  23       -0.0162926690        0.0062312158
  28  22       -0.0113546654        0.0011484487
  28  21        0.0250773478       -0.0463615524
  28  20       -0.0011192930       -0.0431553071
  28  19        0.0193167697       -0.0032103657
  28  18       -0.0024779923       -0.0121248813
  28  17       -0.0084799512        0.0125343439
  28  16       -0.0202041329        0.0344546995
  28  15        0.0244873811        0.0087478659
  28  14        0.0176683139       -0.0111605342
  28  13       -0.0029334612        0.0182674239
  28  12       -0.0104264930       -0.0145990179
  28  11       -0.0005102991        0.0041645385
  28  10       -0.0123929210       -0.0168583541
  28   9        0.0083177217       -0.0145201761
  28   8        0.0245116359        0.0044479442
  28   7       -0.0334698557        0.0156752152
  28   6        0.0172120150       -0.0066460448
  28   5       -0.0102097476        0.0073760356
  28   4        0.0038428763       -0.0008582589
  28   3       -0.0031938234        0.0100059003
  28   2       -0.0154746006       -0.0033418018
  28   1       -0.0203884866       -0.0206342359
  28   0        0.0218261026        0.0000000000
  28  -1        0.0203884866       -0.0206342359
  28  -2       -0.0154746006        0.0033418018
  28  -3        0.0031938234        0.0100059003
  28  -4        0.0038428763        0.0008582589
  28  -5        0.0102097476        0.0073760356
  28  -6        0.0172120150        0.0066460448
  28  -7        0.0334698557        0.0156752152
  28  -8        0.0245116359       -0.0044479442
  28  -9       -0.0083177217       -0.0145201761
  28 -10       -0.0123929210        0.0168583541
  28 -11        0.0005102991        0.0041645385
  28 -12       -0.0104264930        0.0145990179
  28 -13        0.0029334612        0.0182674239
  28 -14        0.0176683139        0.0111605342
  28 -15       -0.0244873811        0.0087478659
  28 -16       -0.0202041329       -0.0344546995
  28 -17        0.0084799512        0.0125343439
  28 -18       -0.0024779923        0.0121248813
  28 -19       -0.0193167697       -0.0032103657
  28 -20       -0.0011192930        0.0431553071
  28 -21       -0.0250773478       -0.0463615524
  28 -22       -0.0113546654       -0.0011484487
  28 -23        0.0162926690        0.0062312158
  28 -24       -0.0017734950       -0.0028217441
  28 -25       -0.0199639965       -0.0097792113
  28 -26       -0.0184381450        0.0318487608
  28 -27       -0.0052872914       -0.0024500308
  28 -28        0.0052435816        0.0189211688
  29  29        0.0459097284        0.0048283477
  29  28       -0.0110679688       -0.0019801396
  29  27       -0.0227433969        0.0043157661
  29  26        0.0455768335       -0.0114429187
  29  25        0.0315860296       -0.0015912209
  29  24       -0.0142624997        0.0194114985
  29  23       -0.0037522875        0.0039488355
  29  22        0.0207745089        0.0085626022
  29  21        0.0211424876        0.0097595459
  29  20       -0.0162695947        0.0223922519
  29  19        0.0044448849       -0.0262387300
  29  18        0.0160673031        0.0034893193
  29  17       -0.0232611107       -0.0163622272
  29  16       -0.0064692299       -0.0075872393
  29  15        0.0089170648        0.0309207214
  29  14       -0.0176604982        0.0003953700
  29  13       -0.0067627283       -0.0201629248
  29  12        0.0038338979       -0.0092790027
  29  11        0.0223921941       -0.0027550452
  29  10        0.0024848406       -0.0551421784
  29   9        0.0222875420       -0.0070773159
  29   8       -0.0088629677       -0.0101716927
  29   7        0.0243856570        0.0099187297
  29   6       -0.0165659016        0.0307991355
  29   5        0.0177597774        0.0202951990
  29   4       -0.0037728277        0.0310305980
  29   3       -0.0076024038        0.0166209812
  29   2       -0.0067236227        0.0174660205
  29   1        0.0217334663       -0.0067283022
  29   0       -0.0107271649        0.0000000000
  29  -1       -0.0217334663       -0.0067283022
  29  -2       -0.0067236227       -0.0174660205
  29  -3        0.0076024038        0.0166209812
  29  -4       -0.0037728277       -0.0310305980
  29  -5       -0.0177597774        0.0202951990
  29  -6       -0.0165659016       -0.0307991355
  29  -7       -0.0243856570        0.0099187297
  29  -8       -0.0088629677        0.0101716927
  29  -9       -0.0222875420       -0.0070773159
  29 -10        0.0024848406        0.0551421784
  29 -11       -0.0223921941       -0.0027550452
  29 -12        0.0038338979        0.0092790027
  29 -13        0.0067627283       -0.0201629248
  29 -14       -0.0176604982       -0.0003953700
  29 -15       -0.0089170648        0.0309207214
  29 -16       -0.0064692299        0.0075872393
  29 -17        0.0232611107       -0.0163622272
  29 -18        0.0160673031       -0.0034893193
  29 -19       -0.0044448849       -0.0262387300
  29 -20       -0.0162695947       -0.0223922519
  29 -21       -0.0211424876        0.0097595459
  29 -22        0.0207745089       -0.0085626022
  29 -23        0.0037522875        0.0039488355
  29 -24       -0.0142624997       -0.0194114985
  29 -25       -0.0315860296       -0.0015912209
  29 -26        0.0455768335        0.0114429187
  29 -27        0.0227433969        0.0043157661
  29 -28       -0.0110679688        0.0019801396
  29 -29       -0.0459097284        0.0048283477
  30  30        0.0138118568        0.0313055393
  30  29       -0.0557034977       -0.0103454834
  30  28       -0.0132970817       -0.0082736268
  30  27       -0.0169694778       -0.0290663684
  30  26       -0.0280838143        0.0020366557
  30  25        0.0065840475        0.0185556419
  30  24        0.0108202730       -0.0013742067
  30  23       -0.0129357815       -0.0202841962
  30  22        0.0096619375        0.0066164877
  30  21       -0.0144677302        0.0165060194
  30  20        0.0011755944       -0.0248718764
  30  19        0.0064919269        0.0045961094
  30  18       -0.0224108105       -0.0002949909
  30  17        0.0253710800       -0.0258133268
  30  16       -0.0044682609        0.0120957232
  30  15        0.0253580024        0.0217800116
  30  14        0.0047636701       -0.0054437967
  30  13       -0.0015509227       -0.0093798287
  30  12       -0.0153547280        0.0019674879
  30  11       -0.0042702649        0.0015211411
  30  10       -0.0178525784        0.0113450941
  30   9       -0.0034098918       -0.0136854157
  30   8       -0.0171464693       -0.0152244028
  30   7        0.0204057976        0.0165256806
  30   6       -0.0250743484       -0.0171997828
  30   5       -0.0159870198        0.0227718540
  30   4        0.0028673459       -0.0510041882
  30   3       -0.0076281455       -0.0071870282
  30   2        0.0067592116       -0.0010340947
  30   1        0.0038229599        0.0032701640
  30   0       -0.0228962546        0.0000000000
  30  -1       -0.0038229599        0.0032701640
  30  -2        0.0067592116        0.0010340947
  30  -3        0.0076281455       -0.0071870282
  30  -4        0.0028673459        0.0510041882
  30  -5        0.0159870198        0.0227718540
  30  -6       -0.0250743484        0.0171997828
  30  -7       -0.0204057976        0.0165256806
  30  -8       -0.0171464693        0.0152244028
  30  -9        0.0034098918       -0.0136854157
  30 -10       -0.0178525784       -0.0113450941
  30 -11        0.0042702649        0.0015211411
  30 -12       -0.0153547280       -0.0019674879
  30 -13        0.0015509227       -0.0093798287
  30 -14        0.0047636701        0.0054437967
  30 -15       -0.0253580024        0.0217800116
  30 -16       -0.0044682609       -0.0120957232
  30 -17       -0.0253710800       -0.0258133268
  30 -18       -0.0224108105        0.0002949909
  30 -19       -0.0064919269        0.0045961094
  30 -20        0.0011755944        0.0248718764
  30 -21        0.0144677302        0.0165060194
  30 -22        0.0096619375       -0.0066164877
  30 -23        0.0129357815       -0.0202841962
  30 -24        0.0108202730        0.0013742067
  30 -25       -0.0065840475        0.0185556419
  30 -26       -0.0280838143       -0.0020366557
  30 -27        0.0169694778       -0.0290663684
  30 -28       -0.0132970817        0.0082736268
  30 -29        0.0557034977       -0.0103454834
  30 -30        0.0138118568       -0.0313055393
