   0   0       39.4434880625        0.0000000000
   1   1       -0.3013048039       -0.3302293243
   1   0        0.1082228275        0.0000000000
   1  -1        0.3013048039       -0.3302293243
   2   2        2.2673961884        0.2791855403
   2   1        0.9324719688       -0.5409761500
   2   0       -1.2373676685        0.0000000000
   2  -1       -0.9324719688       -0.5409761500
   2  -2        2.2673961884       -0.2791855403
   3   3        0.9580730140        1.6165362800
   3   2       -0.0710571417       -0.2400526688
   3   1       -0.9022084198       -2.2564315519
   3   0       -0.2285296989        0.0000000000
   3  -1        0.9022084198       -2.2564315519
   3  -2       -0.0710571417        0.2400526688
   3  -3       -0.9580730140        1.6165362800
   4   4        0.4150931218       -0.0985334753
   4   3        0.5584408784        0.4139889019
   4   2        0.7694723315        0.1177779371
   4   1       -0.0282417610        0.8220931840
   4   0       -0.5815330995        0.0000000000
   4  -1        0.0282417610        0.8220931840
   4  -2        0.7694723315       -0.1177779371
   4  -3       -0.5584408784        0.4139889019
   4  -4        0.4150931218        0.0985334753
   5   5       -0.0498722435        0.8057905557
   5   4       -0.0571278813        0.3124202150
   5   3       -0.0561952147       -0.5183794073
   5   2        0.2060558642        0.0100793324
   5   1        0.2970903363        0.4150329951
   5   0        0.2117046479        0.0000000000
   5  -1       -0.2970903363        0.4150329951
   5  -2        0.2060558642       -0.0100793324
   5  -3        0.0561952147       -0.5183794073
   5  -4       -0.0571278813       -0.3124202150
   5  -5        0.0498722435        0.8057905557
   6   6        0.0933393010        0.0255350987
   6   5        0.0227644969        0.3532078110
   6   4        0.5276499472       -0.0511305662
   6   3       -0.0413341681        0.1177696289
   6   2       -0.5517566082        0.0108153903
   6   1       -0.2047235721        0.1434251606
   6   0       -0.0268037172        0.0000000000
   6  -1        0.2047235721        0.1434251606
   6  -2       -0.5517566082       -0.0108153903
   6  -3        0.0413341681        0.1177696289
   6  -4        0.5276499472        0.0511305662
   6  -5       -0.0227644969        0.3532078110
   6  -6        0.0933393010       -0.0255350987
   7   7       -0.1143226911        0.2076966820
   7   6       -0.1031331526        0.2420993000
   7   5        0.0979568971       -0.1482659310
   7   4        0.0551617236       -0.1827423985
   7   3       -0.1731653136       -0.0005823900
   7   2        0.2178284987       -0.1341411100
   7   1        0.0950613185        0.1579849806
   7   0        0.3069373582        0.0000000000
   7  -1       -0.0950613185        0.1579849806
   7  -2        0.2178284987        0.1341411100
   7  -3        0.1731653136       -0.0005823900
   7  -4        0.0551617236        0.1827423985
   7  -5       -0.0979568971       -0.1482659310
   7  -6       -0.1031331526       -0.2420993000
   7  -7        0.1143226911        0.2076966820
   8   8       -0.1573637910       -0.0211843525
   8   7       -0.0149468492        0.1194981300
   8   6        0.2700783944        0.0060439124
   8   5        0.1416917937        0.1122956807
   8   4       -0.1641994103        0.1366862174
   8   3       -0.0552403945        0.0089303627
   8   2        0.1573928278       -0.0886796886
   8   1        0.1970654823       -0.0688500039
   8   0       -0.0572509809        0.0000000000
   8  -1       -0.1970654823       -0.0688500039
   8  -2        0.1573928278        0.0886796886
   8  -3        0.0552403945        0.0089303627
   8  -4       -0.1641994103       -0.1366862174
   8  -5       -0.1416917937        0.1122956807
   8  -6        0.2700783944       -0.0060439124
   8  -7        0.0149468492        0.1194981300
   8  -8       -0.1573637910        0.0211843525
   9   9       -0.0559135236        0.0622036549
   9   8       -0.1564647692        0.1146180646
   9   7        0.0637266183        0.0256101250
   9   6        0.0343314500        0.0247021726
   9   5       -0.1206615424       -0.0113615871
   9   4        0.0792434023       -0.0368740454
   9   3        0.0737686444        0.1661817636
   9   2       -0.0003403013        0.0641646862
   9   1       -0.0706878589        0.0957742200
   9   0       -0.1668870703        0.0000000000
   9  -1        0.0706878589        0.0957742200
   9  -2       -0.0003403013       -0.0641646862
   9  -3       -0.0737686444        0.1661817636
   9  -4        0.0792434023        0.0368740454
   9  -5        0.1206615424       -0.0113615871
   9  -6        0.0343314500       -0.0247021726
   9  -7       -0.0637266183        0.0256101250
   9  -8       -0.1564647692       -0.1146180646
   9  -9        0.0559135236        0.0622036549
  10  10       -0.0835073765       -0.0668035453
  10   9       -0.0299819121       -0.0094804791
  10   8        0.0125924364        0.0306759048
  10   7        0.0729049886        0.1688127728
  10   6       -0.1118273431        0.0503385740
  10   5       -0.0729389037       -0.0229503049
  10   4        0.0125857689       -0.0112366544
  10   3       -0.0345967232        0.0974116603
  10   2        0.0903827517        0.0956101362
  10   1       -0.0774425801       -0.1115580309
  10   0       -0.0481245954        0.0000000000
  10  -1        0.0774425801       -0.1115580309
  10  -2        0.0903827517       -0.0956101362
  10  -3        0.0345967232        0.0974116603
  10  -4        0.0125857689        0.0112366544
  10  -5        0.0729389037       -0.0229503049
  10  -6       -0.1118273431       -0.0503385740
  10  -7       -0.0729049886        0.1688127728
  10  -8        0.0125924364       -0.0306759048
  10  -9        0.0299819121       -0.0094804791
  10 -10       -0.0835073765        0.0668035453
  11  11        0.0017149499        0.0308807423
  11  10       -0.0997565816        0.0166913940
  11   9       -0.0791540321        0.0007845958
  11   8       -0.0149121166        0.1261979781
  11   7       -0.0478305810       -0.0451488307
  11   6       -0.0567773458       -0.0320399976
  11   5        0.0191294991        0.0549741927
  11   4        0.0161836474        0.0174274777
  11   3       -0.0208793153        0.0543589362
  11   2       -0.0247052544       -0.0118069168
  11   1        0.0291296362        0.0434066340
  11   0       -0.1871966683        0.0000000000
  11  -1       -0.0291296362        0.0434066340
  11  -2       -0.0247052544        0.0118069168
  11  -3        0.0208793153        0.0543589362
  11  -4        0.0161836474       -0.0174274777
  11  -5       -0.0191294991        0.0549741927
  11  -6       -0.0567773458        0.0320399976
  11  -7        0.0478305810       -0.0451488307
  11  -8       -0.0149121166       -0.1261979781
  11  -9        0.0791540321        0.0007845958
  11 -10       -0.0997565816       -0.0166913940
  11 -11       -0.0017149499        0.0308807423
  12  12       -0.0319973600       -0.0712454944
  12  11        0.0058715400       -0.0339135865
  12  10       -0.0365207588       -0.0103480196
  12   9        0.0323022510        0.0436486140
  12   8       -0.0453250207       -0.0012000497
  12   7       -0.0296922273       -0.0436578352
  12   6       -0.0327851244       -0.0102594198
  12   5        0.0025283594        0.0234540196
  12   4        0.0218507628        0.0131933393
  12   3        0.0030074655        0.0780740385
  12   2       -0.0285289387       -0.0314935174
  12   1       -0.0186893346        0.1595865605
  12   0       -0.0226912254        0.0000000000
  12  -1        0.0186893346        0.1595865605
  12  -2       -0.0285289387        0.0314935174
  12  -3       -0.0030074655        0.0780740385
  12  -4        0.0218507628       -0.0131933393
  12  -5       -0.0025283594        0.0234540196
  12  -6       -0.0327851244        0.0102594198
  12  -7        0.0296922273       -0.0436578352
  12  -8       -0.0453250207        0.0012000497
  12  -9       -0.0323022510        0.0436486140
  12 -10       -0.0365207588        0.0103480196
  12 -11       -0.0058715400       -0.0339135865
  12 -12       -0.0319973600        0.0712454944
  13  13       -0.0269027058        0.0463651192
  13  12       -0.0315439184       -0.0044436768
  13  11       -0.0404825543       -0.0237428057
  13  10       -0.0793032129        0.0698787724
  13   9        0.0023441056        0.0012710945
  13   8        0.0152289108       -0.0244355487
  13   7        0.0202133591        0.0631342622
  13   6       -0.0117768908       -0.0039776879
  13   5        0.0220542073       -0.0157709429
  13   4       -0.0258398823        0.0291729078
  13   3        0.0386581117       -0.0227979136
  13   2       -0.0481854916        0.0044574636
  13   1       -0.0122762168        0.0277924890
  13   0       -0.0916265738        0.0000000000
  13  -1        0.0122762168        0.0277924890
  13  -2       -0.0481854916       -0.0044574636
  13  -3       -0.0386581117       -0.0227979136
  13  -4       -0.0258398823       -0.0291729078
  13  -5       -0.0220542073       -0.0157709429
  13  -6       -0.0117768908        0.0039776879
  13  -7       -0.0202133591        0.0631342622
  13  -8        0.0152289108        0.0244355487
  13  -9       -0.0023441056        0.0012710945
  13 -10       -0.0793032129       -0.0698787724
  13 -11        0.0404825543       -0.0237428057
  13 -12       -0.0315439184        0.0044436768
  13 -13        0.0269027058        0.0463651192
  14  14       -0.0010362910       -0.0319982773
  14  13        0.0254726024       -0.0250337070
  14  12       -0.0295688011       -0.0320475501
  14  11       -0.0113188447        0.0121772487
  14  10       -0.0965293416       -0.0015931884
  14   9        0.0342141407       -0.0114708903
  14   8        0.0282603157        0.0101229371
  14   7        0.0176568691        0.0150383169
  14   6       -0.0426836434        0.0121976202
  14   5       -0.0379479661        0.0127455292
  14   4       -0.0487362883       -0.0424179286
  14   3       -0.0050743525       -0.0302936455
  14   2       -0.0290944756       -0.0356494291
  14   1       -0.0175299802        0.0707121460
  14   0       -0.0464250547        0.0000000000
  14  -1        0.0175299802        0.0707121460
  14  -2       -0.0290944756        0.0356494291
  14  -3        0.0050743525       -0.0302936455
  14  -4       -0.0487362883        0.0424179286
  14  -5        0.0379479661        0.0127455292
  14  -6       -0.0426836434       -0.0121976202
  14  -7       -0.0176568691        0.0150383169
  14  -8        0.0282603157       -0.0101229371
  14  -9       -0.0342141407       -0.0114708903
  14 -10       -0.0965293416        0.0015931884
  14 -11        0.0113188447        0.0121772487
  14 -12       -0.0295688011        0.0320475501
  14 -13       -0.0254726024       -0.0250337070
  14 -14       -0.0010362910        0.0319982773
  15  15        0.0029427169       -0.0108870902
  15  14        0.0033846856       -0.0140576444
  15  13       -0.0415301105       -0.0644767646
  15  12       -0.0397893819       -0.0293292247
  15  11       -0.0479813696        0.0460404973
  15  10        0.0018318640        0.0025401972
  15   9       -0.0193812081       -0.0060047475
  15   8       -0.0236575848       -0.0284802457
  15   7        0.0171420832        0.0062266008
  15   6        0.0016626659       -0.0036479719
  15   5        0.0084801462        0.0296576709
  15   4       -0.0152005279        0.0093177747
  15   3       -0.0390724429       -0.0277285543
  15   2       -0.0032782134       -0.0300783782
  15   1       -0.0347232927        0.0028327278
  15   0        0.0269151429        0.0000000000
  15  -1        0.0347232927        0.0028327278
  15  -2       -0.0032782134        0.0300783782
  15  -3        0.0390724429       -0.0277285543
  15  -4       -0.0152005279       -0.0093177747
  15  -5       -0.0084801462        0.0296576709
  15  -6        0.0016626659        0.0036479719
  15  -7       -0.0171420832        0.0062266008
  15  -8       -0.0236575848        0.0284802457
  15  -9        0.0193812081       -0.0060047475
  15 -10        0.0018318640       -0.0025401972
  15 -11        0.0479813696        0.0460404973
  15 -12       -0.0397893819        0.0293292247
  15 -13        0.0415301105       -0.0644767646
  15 -14        0.0033846856        0.0140576444
  15 -15       -0.0029427169       -0.0108870902
  16  16       -0.0330642761       -0.0000976254
  16  15        0.0429723247       -0.0091528982
  16  14        0.0209158558       -0.0138544419
  16  13       -0.0115251622       -0.0361010537
  16  12       -0.0178611915       -0.0271480391
  16  11       -0.0048478316       -0.0029461440
  16  10       -0.0013891906        0.0207179404
  16   9       -0.0675925513        0.0347036099
  16   8        0.0245923355       -0.0386115529
  16   7       -0.0416196663        0.0261835537
  16   6       -0.0222530648        0.0142262948
  16   5        0.0299190025       -0.0217179944
  16   4       -0.0681344499        0.0069928260
  16   3        0.0064522178       -0.0100995042
  16   2       -0.0425249489       -0.0082930813
  16   1       -0.0277851552       -0.0026369839
  16   0       -0.0326143978        0.0000000000
  16  -1        0.0277851552       -0.0026369839
  16  -2       -0.0425249489        0.0082930813
  16  -3       -0.0064522178       -0.0100995042
  16  -4       -0.0681344499       -0.0069928260
  16  -5       -0.0299190025       -0.0217179944
  16  -6       -0.0222530648       -0.0142262948
  16  -7        0.0416196663        0.0261835537
  16  -8        0.0245923355        0.0386115529
  16  -9        0.0675925513        0.0347036099
  16 -10       -0.0013891906       -0.0207179404
  16 -11        0.0048478316       -0.0029461440
  16 -12       -0.0178611915        0.0271480391
  16 -13        0.0115251622       -0.0361010537
  16 -14        0.0209158558        0.0138544419
  16 -15       -0.0429723247       -0.0091528982
  16 -16       -0.0330642761        0.0000976254
  17  17       -0.0028868325        0.0085711544
  17  16       -0.0035871142       -0.0217907919
  17  15        0.0166757558       -0.0403481023
  17  14       -0.0001080921       -0.0543940847
  17  13       -0.0381682998        0.0099363994
  17  12       -0.0216081680       -0.0167987067
  17  11        0.0183905320        0.0172578798
  17  10        0.0075853801       -0.0153995397
  17   9        0.0379922923       -0.0441415729
  17   8        0.0023327398       -0.0358755168
  17   7        0.0217315715        0.0224951320
  17   6       -0.0046029423        0.0375848841
  17   5       -0.0107958294       -0.0417046642
  17   4       -0.0494099204        0.0044155881
  17   3       -0.0225206923       -0.0031316697
  17   2        0.0012235297        0.0004302131
  17   1       -0.0451136900        0.0042198122
  17   0        0.0319993708        0.0000000000
  17  -1        0.0451136900        0.0042198122
  17  -2        0.0012235297       -0.0004302131
  17  -3        0.0225206923       -0.0031316697
  17  -4       -0.0494099204       -0.0044155881
  17  -5        0.0107958294       -0.0417046642
  17  -6       -0.0046029423       -0.0375848841
  17  -7       -0.0217315715        0.0224951320
  17  -8        0.0023327398        0.0358755168
  17  -9       -0.0379922923       -0.0441415729
  17 -10        0.0075853801        0.0153995397
  17 -11       -0.0183905320        0.0172578798
  17 -12       -0.0216081680        0.0167987067
  17 -13        0.0381682998        0.0099363994
  17 -14       -0.0001080921        0.0543940847
  17 -15       -0.0166757558       -0.0403481023
  17 -16       -0.0035871142        0.0217907919
  17 -17        0.0028868325        0.0085711544
  18  18       -0.0176455951       -0.0205806271
  18  17        0.0163655144       -0.0265375998
  18  16        0.0318971902       -0.0041347444
  18  15        0.0138387072       -0.0078778640
  18  14       -0.0155556918       -0.0157836836
  18  13       -0.0356821086       -0.0182872726
  18  12        0.0033697511        0.0022607550
  18  11       -0.0165114804       -0.0254819019
  18  10       -0.0129645824       -0.0045027990
  18   9       -0.0293851191        0.0331273790
  18   8       -0.0284550944       -0.0123143459
  18   7        0.0090119497       -0.0217579481
  18   6        0.0341588319       -0.0520966062
  18   5        0.0137390982       -0.0512239220
  18   4       -0.0089426634        0.0367613057
  18   3       -0.0103466989       -0.0090759074
  18   2       -0.0061509462        0.0149966872
  18   1        0.0257091466       -0.0417196964
  18   0        0.0132189210        0.0000000000
  18  -1       -0.0257091466       -0.0417196964
  18  -2       -0.0061509462       -0.0149966872
  18  -3        0.0103466989       -0.0090759074
  18  -4       -0.0089426634       -0.0367613057
  18  -5       -0.0137390982       -0.0512239220
  18  -6        0.0341588319        0.0520966062
  18  -7       -0.0090119497       -0.0217579481
  18  -8       -0.0284550944        0.0123143459
  18  -9        0.0293851191        0.0331273790
  18 -10       -0.0129645824        0.0045027990
  18 -11        0.0165114804       -0.0254819019
  18 -12        0.0033697511       -0.0022607550
  18 -13        0.0356821086       -0.0182872726
  18 -14       -0.0155556918        0.0157836836
  18 -15       -0.0138387072       -0.0078778640
  18 -16        0.0318971902        0.0041347444
  18 -17       -0.0163655144       -0.0265375998
  18 -18       -0.0176455951        0.0205806271
  19  19        0.0311654829       -0.0035254287
  19  18        0.0210438847       -0.0001918457
  19  17        0.0229390638        0.0057564975
  19  16        0.0112131060       -0.0450992325
  19  15        0.0053444591        0.0016906707
  19  14        0.0111851602       -0.0147010794
  19  13        0.0230443167        0.0271769572
  19  12       -0.0022980244       -0.0052281413
  19  11       -0.0092703148       -0.0381347750
  19  10        0.0056093466        0.0146100937
  19   9        0.0161451026       -0.0183850416
  19   8       -0.0110806516        0.0077320574
  19   7       -0.0094405981       -0.0123775956
  19   6       -0.0204625913        0.0074646845
  19   5       -0.0455427586       -0.0343355294
  19   4       -0.0057543855        0.0116328565
  19   3       -0.0055158269       -0.0167229456
  19   2        0.0255459579        0.0101516578
  19   1        0.0514375564       -0.0058614842
  19   0       -0.0401477868        0.0000000000
  19  -1       -0.0514375564       -0.0058614842
  19  -2        0.0255459579       -0.0101516578
  19  -3        0.0055158269       -0.0167229456
  19  -4       -0.0057543855       -0.0116328565
  19  -5        0.0455427586       -0.0343355294
  19  -6       -0.0204625913       -0.0074646845
  19  -7        0.0094405981       -0.0123775956
  19  -8       -0.0110806516       -0.0077320574
  19  -9       -0.0161451026       -0.0183850416
  19 -10        0.0056093466       -0.0146100937
  19 -11        0.0092703148       -0.0381347750
  19 -12       -0.0022980244        0.0052281413
  19 -13       -0.0230443167        0.0271769572
  19 -14        0.0111851602        0.0147010794
  19 -15       -0.0053444591        0.0016906707
  19 -16        0.0112131060        0.0450992325
  19 -17       -0.0229390638        0.0057564975
  19 -18        0.0210438847        0.0001918457
  19 -19       -0.0311654829       -0.0035254287
  20  20       -0.0047729414       -0.0460442780
  20  19        0.0324441417       -0.0073782870
  20  18        0.0367517152        0.0016979357
  20  17        0.0250299187        0.0210752154
  20  16        0.0115146230       -0.0195590655
  20  15       -0.0077131582       -0.0290213832
  20  14        0.0056106955       -0.0106870270
  20  13       -0.0033704715       -0.0100540242
  20  12        0.0053531309        0.0074301279
  20  11        0.0263022036       -0.0015384635
  20  10       -0.0031914160        0.0356908127
  20   9        0.0045272235        0.0044196002
  20   8        0.0053817110       -0.0079683641
  20   7        0.0274767540       -0.0325695480
  20   6       -0.0353945056        0.0173662241
  20   5        0.0407646323        0.0065450846
  20   4        0.0126819977       -0.0255428764
  20   3        0.0180471748       -0.0245188353
  20   2        0.0094813113       -0.0176896596
  20   1        0.0034675773       -0.0186352847
  20   0       -0.0116192726        0.0000000000
  20  -1       -0.0034675773       -0.0186352847
  20  -2        0.0094813113        0.0176896596
  20  -3       -0.0180471748       -0.0245188353
  20  -4        0.0126819977        0.0255428764
  20  -5       -0.0407646323        0.0065450846
  20  -6       -0.0353945056       -0.0173662241
  20  -7       -0.0274767540       -0.0325695480
  20  -8        0.0053817110        0.0079683641
  20  -9       -0.0045272235        0.0044196002
  20 -10       -0.0031914160       -0.0356908127
  20 -11       -0.0263022036       -0.0015384635
  20 -12        0.0053531309       -0.0074301279
  20 -13        0.0033704715       -0.0100540242
  20 -14        0.0056106955        0.0106870270
  20 -15        0.0077131582       -0.0290213832
  20 -16        0.0115146230        0.0195590655
  20 -17       -0.0250299187        0.0210752154
  20 -18        0.0367517152       -0.0016979357
  20 -19       -0.0324441417       -0.0073782870
  20 -20       -0.0047729414        0.0460442780
  21  21        0.0112848723       -0.0031691943
  21  20        0.0484297663       -0.0035307092
  21  19       -0.0063892515        0.0197621519
  21  18        0.0086247539        0.0217452373
  21  17        0.0481849316       -0.0190927041
  21  16       -0.0244934219       -0.0108939836
  21  15       -0.0023685716       -0.0087636955
  21  14       -0.0211505035        0.0154498683
  21  13        0.0202622646       -0.0328885715
  21  12       -0.0293091471       -0.0384567560
  21  11        0.0046871120        0.0160322415
  21  10       -0.0295398633       -0.0058571990
  21   9        0.0054136105       -0.0044060522
  21   8       -0.0371733011       -0.0330183475
  21   7        0.0122135692       -0.0199274296
  21   6       -0.0382682629       -0.0065747694
  21   5        0.0416319247       -0.0024822538
  21   4       -0.0039457424       -0.0089817589
  21   3        0.0534384336       -0.0378477364
  21   2        0.0303120730       -0.0333117809
  21   1        0.0233418754       -0.0067147577
  21   0        0.0054431150        0.0000000000
  21  -1       -0.0233418754       -0.0067147577
  21  -2        0.0303120730        0.0333117809
  21  -3       -0.0534384336       -0.0378477364
  21  -4       -0.0039457424        0.0089817589
  21  -5       -0.0416319247       -0.0024822538
  21  -6       -0.0382682629        0.0065747694
  21  -7       -0.0122135692       -0.0199274296
  21  -8       -0.0371733011        0.0330183475
  21  -9       -0.0054136105       -0.0044060522
  21 -10       -0.0295398633        0.0058571990
  21 -11       -0.0046871120        0.0160322415
  21 -12       -0.0293091471        0.0384567560
  21 -13       -0.0202622646       -0.0328885715
  21 -14       -0.0211505035       -0.0154498683
  21 -15        0.0023685716       -0.0087636955
  21 -16       -0.0244934219        0.0108939836
  21 -17       -0.0481849316       -0.0190927041
  21 -18        0.0086247539       -0.0217452373
  21 -19        0.0063892515        0.0197621519
  21 -20        0.0484297663        0.0035307092
  21 -21       -0.0112848723       -0.0031691943
  22  22        0.0265837073       -0.0064770834
  22  21       -0.0085294933       -0.0242440609
  22  20        0.0306189619        0.0178304304
  22  19        0.0375885536        0.0402695775
  22  18        0.0243415203        0.0010399045
  22  17        0.0150485509       -0.0017168128
  22  16        0.0279723070        0.0107031268
  22  15       -0.0185652008       -0.0060040948
  22  14       -0.0241670138       -0.0134427449
  22  13       -0.0057671128        0.0138681216
  22  12        0.0035249318        0.0227257237
  22  11        0.0057452648        0.0086333497
  22  10       -0.0080555399        0.0109261228
  22   9        0.0440989784       -0.0140148489
  22   8        0.0117475355        0.0072828894
  22   7       -0.0115273001       -0.0213609325
  22   6        0.0232007850        0.0004195300
  22   5        0.0003884496       -0.0287429262
  22   4       -0.0050927932        0.0113904145
  22   3        0.0196676868        0.0048581758
  22   2        0.0289284718       -0.0355110464
  22   1       -0.0121215373        0.0070948048
  22   0        0.0094090410        0.0000000000
  22  -1        0.0121215373        0.0070948048
  22  -2        0.0289284718        0.0355110464
  22  -3       -0.0196676868        0.0048581758
  22  -4       -0.0050927932       -0.0113904145
  22  -5       -0.0003884496       -0.0287429262
  22  -6        0.0232007850       -0.0004195300
  22  -7        0.0115273001       -0.0213609325
  22  -8        0.0117475355       -0.0072828894
  22  -9       -0.0440989784       -0.0140148489
  22 -10       -0.0080555399       -0.0109261228
  22 -11       -0.0057452648        0.0086333497
  22 -12        0.0035249318       -0.0227257237
  22 -13        0.0057671128        0.0138681216
  22 -14       -0.0241670138        0.0134427449
  22 -15        0.0185652008       -0.0060040948
  22 -16        0.0279723070       -0.0107031268
  22 -17       -0.0150485509       -0.0017168128
  22 -18        0.0243415203       -0.0010399045
  22 -19       -0.0375885536        0.0402695775
  22 -20        0.0306189619       -0.0178304304
  22 -21        0.0085294933       -0.0242440609
  22 -22        0.0265837073        0.0064770834
  23  23       -0.0199808441        0.0194507510
  23  22        0.0047298026        0.0338304008
  23  21       -0.0418755637       -0.0052429961
  23  20        0.0162275807        0.0183055903
  23  19        0.0366959951        0.0036012702
  23  18        0.0042570733       -0.0115595074
  23  17        0.0285982997       -0.0093736940
  23  16        0.0105859234       -0.0115365674
  23  15        0.0046026216       -0.0039547104
  23  14        0.0180234468       -0.0352281361
  23  13       -0.0091515135        0.0080589538
  23  12        0.0423132615        0.0072327395
  23  11       -0.0070889815        0.0237577862
  23  10        0.0211336228       -0.0027074570
  23   9       -0.0137852147       -0.0125627478
  23   8        0.0079002196       -0.0119360349
  23   7        0.0133812236        0.0372261652
  23   6        0.0114745223       -0.0082357615
  23   5       -0.0212419030        0.0080356064
  23   4        0.0457836360       -0.0023249533
  23   3        0.0144511803        0.0030954942
  23   2        0.0367126902       -0.0062609700
  23   1        0.0064226768       -0.0077620170
  23   0        0.0734081586        0.0000000000
  23  -1       -0.0064226768       -0.0077620170
  23  -2        0.0367126902        0.0062609700
  23  -3       -0.0144511803        0.0030954942
  23  -4        0.0457836360        0.0023249533
  23  -5        0.0212419030        0.0080356064
  23  -6        0.0114745223        0.0082357615
  23  -7       -0.0133812236        0.0372261652
  23  -8        0.0079002196        0.0119360349
  23  -9        0.0137852147       -0.0125627478
  23 -10        0.0211336228        0.0027074570
  23 -11        0.0070889815        0.0237577862
  23 -12        0.0423132615       -0.0072327395
  23 -13        0.0091515135        0.0080589538
  23 -14        0.0180234468        0.0352281361
  23 -15       -0.0046026216       -0.0039547104
  23 -16        0.0105859234        0.0115365674
  23 -17       -0.0285982997       -0.0093736940
  23 -18        0.0042570733        0.0115595074
  23 -19       -0.0366959951        0.0036012702
  23 -20        0.0162275807       -0.0183055903
  23 -21        0.0418755637       -0.0052429961
  23 -22        0.0047298026       -0.0338304008
  23 -23        0.0199808441        0.0194507510
  24  24        0.0147163525       -0.0111566665
  24  23       -0.0209048655       -0.0250684828
  24  22       -0.0255338819        0.0105114079
  24  21       -0.0143949450       -0.0001994730
  24  20        0.0216007592        0.0148444737
  24  19        0.0120103798       -0.0081729244
  24  18        0.0403339850        0.0042620410
  24  17       -0.0281373884       -0.0135824091
  24  16       -0.0005413534       -0.0282533852
  24  15        0.0003320466       -0.0240286142
  24  14        0.0203358818        0.0157181333
  24  13       -0.0258317153       -0.0116389094
  24  12        0.0046950792       -0.0150569407
  24  11        0.0224859073        0.0090781319
  24  10        0.0126891985       -0.0008917826
  24   9       -0.0112135813       -0.0149110958
  24   8       -0.0261215721        0.0022145308
  24   7       -0.0060404640       -0.0016465400
  24   6        0.0216779781        0.0006219080
  24   5        0.0129266781        0.0060175124
  24   4        0.0347005738       -0.0185209267
  24   3       -0.0141420472        0.0096210926
  24   2        0.0230846938       -0.0255410820
  24   1        0.0051061988        0.0203319654
  24   0        0.0849981654        0.0000000000
  24  -1       -0.0051061988        0.0203319654
  24  -2        0.0230846938        0.0255410820
  24  -3        0.0141420472        0.0096210926
  24  -4        0.0347005738        0.0185209267
  24  -5       -0.0129266781        0.0060175124
  24  -6        0.0216779781       -0.0006219080
  24  -7        0.0060404640       -0.0016465400
  24  -8       -0.0261215721       -0.0022145308
  24  -9        0.0112135813       -0.0149110958
  24 -10        0.0126891985        0.0008917826
  24 -11       -0.0224859073        0.0090781319
  24 -12        0.0046950792        0.0150569407
  24 -13        0.0258317153       -0.0116389094
  24 -14        0.0203358818       -0.0157181333
  24 -15       -0.0003320466       -0.0240286142
  24 -16       -0.0005413534        0.0282533852
  24 -17        0.0281373884       -0.0135824091
  24 -18        0.0403339850       -0.0042620410
  24 -19       -0.0120103798       -0.0081729244
  24 -20        0.0216007592       -0.0148444737
  24 -21        0.0143949450       -0.0001994730
  24 -22       -0.0255338819       -0.0105114079
  24 -23        0.0209048655       -0.0250684828
  24 -24        0.0147163525        0.0111566665
  25  25       -0.0273116322       -0.0376316498
  25  24       -0.0157774226       -0.0012971178
  25  23       -0.0405199503        0.0167029239
  25  22       -0.0171826489        0.0014737754
  25  21        0.0350408625       -0.0033264313
  25  20       -0.0055047683        0.0090088117
  25  19        0.0092407463        0.0063009525
  25  18        0.0090090907        0.0335450155
  25  17        0.0054829260        0.0026402686
  25  16       -0.0066802834       -0.0070576047
  25  15       -0.0138671199        0.0015273276
  25  14        0.0034580772        0.0248831818
  25  13       -0.0107858904       -0.0119360521
  25  12       -0.0234389559       -0.0024949403
  25  11       -0.0107148680        0.0294523429
  25  10        0.0197972864        0.0204337214
  25   9       -0.0073998641        0.0046274966
  25   8        0.0167194570        0.0306283839
  25   7        0.0291133177       -0.0138100586
  25   6        0.0338956178       -0.0134258556
  25   5        0.0130975002        0.0170880885
  25   4        0.0132607244        0.0262938783
  25   3        0.0348409816        0.0022212220
  25   2        0.0411807786        0.0018639751
  25   1       -0.0377738455        0.0003029748
  25   0        0.0072491129        0.0000000000
  25  -1        0.0377738455        0.0003029748
  25  -2        0.0411807786       -0.0018639751
  25  -3       -0.0348409816        0.0022212220
  25  -4        0.0132607244       -0.0262938783
  25  -5       -0.0130975002        0.0170880885
  25  -6        0.0338956178        0.0134258556
  25  -7       -0.0291133177       -0.0138100586
  25  -8        0.0167194570       -0.0306283839
  25  -9        0.0073998641        0.0046274966
  25 -10        0.0197972864       -0.0204337214
  25 -11        0.0107148680        0.0294523429
  25 -12       -0.0234389559        0.0024949403
  25 -13        0.0107858904       -0.0119360521
  25 -14        0.0034580772       -0.0248831818
  25 -15        0.0138671199        0.0015273276
  25 -16       -0.0066802834        0.0070576047
  25 -17       -0.0054829260        0.0026402686
  25 -18        0.0090090907       -0.0335450155
  25 -19       -0.0092407463        0.0063009525
  25 -20       -0.0055047683       -0.0090088117
  25 -21       -0.0350408625       -0.0033264313
  25 -22       -0.0171826489       -0.0014737754
  25 -23        0.0405199503        0.0167029239
  25 -24       -0.0157774226        0.0012971178
  25 -25        0.0273116322       -0.0376316498
  26  26       -0.0096249979        0.0112425881
  26  25       -0.0037793945       -0.0245475606
  26  24       -0.0162372766        0.0046377051
  26  23       -0.0046675131        0.0445876337
  26  22        0.0010099866        0.0020236391
  26  21        0.0368324631        0.0114221319
  26  20        0.0335988090       -0.0001431238
  26  19        0.0135552976        0.0097908371
  26  18       -0.0090240218       -0.0425210687
  26  17        0.0175947981        0.0345891546
  26  16        0.0243168660       -0.0073634517
  26  15        0.0211495734        0.0292517523
  26  14        0.0070697403       -0.0168775062
  26  13       -0.0023236492        0.0087655988
  26  12        0.0169167794       -0.0237879765
  26  11        0.0081789817       -0.0010728137
  26  10       -0.0147449737       -0.0297149323
  26   9       -0.0012603494        0.0172465270
  26   8        0.0000396661       -0.0056240534
  26   7       -0.0085798580        0.0097009035
  26   6        0.0030022625        0.0090145351
  26   5       -0.0226793916        0.0117143180
  26   4        0.0306865562        0.0101406543
  26   3       -0.0325173510       -0.0148302348
  26   2        0.0166858958        0.0105739522
  26   1        0.0102852587        0.0152837566
  26   0        0.0448448010        0.0000000000
  26  -1       -0.0102852587        0.0152837566
  26  -2        0.0166858958       -0.0105739522
  26  -3        0.0325173510       -0.0148302348
  26  -4        0.0306865562       -0.0101406543
  26  -5        0.0226793916        0.0117143180
  26  -6        0.0030022625       -0.0090145351
  26  -7        0.0085798580        0.0097009035
  26  -8        0.0000396661        0.0056240534
  26  -9        0.0012603494        0.0172465270
  26 -10       -0.0147449737        0.0297149323
  26 -11       -0.0081789817       -0.0010728137
  26 -12        0.0169167794        0.0237879765
  26 -13        0.0023236492        0.0087655988
  26 -14        0.0070697403        0.0168775062
  26 -15       -0.0211495734        0.0292517523
  26 -16        0.0243168660        0.0073634517
  26 -17       -0.0175947981        0.0345891546
  26 -18       -0.0090240218        0.0425210687
  26 -19       -0.0135552976        0.0097908371
  26 -20        0.0335988090        0.0001431238
  26 -21       -0.0368324631        0.0114221319
  26 -22        0.0010099866       -0.0020236391
  26 -23        0.0046675131        0.0445876337
  26 -24       -0.0162372766       -0.0046377051
  26 -25        0.0037793945       -0.0245475606
  26 -26       -0.0096249979       -0.0112425881
  27  27       -0.0118774789       -0.0402592854
  27  26        0.0054895837        0.0025329819
  27  25       -0.0198058393        0.0052788022
  27  24       -0.0120085823        0.0087024427
  27  23        0.0060286129        0.0102019443
  27  22       -0.0146524589        0.0327060164
  27  21        0.0093447984        0.0048017829
  27  20        0.0015526435       -0.0065202021
  27  19       -0.0030162370       -0.0349600894
  27  18        0.0135566629        0.0137755063
  27  17       -0.0094816144        0.0017375613
  27  16        0.0095365018        0.0212795330
  27  15       -0.0025892697       -0.0069686112
  27  14       -0.0223247353        0.0193170507
  27  13       -0.0110145385        0.0095218036
  27  12        0.0071623172        0.0040998689
  27  11       -0.0090462251       -0.0343240420
  27  10        0.0039247870        0.0218693070
  27   9        0.0167918062        0.0139672103
  27   8        0.0202948288        0.0158056492
  27   7       -0.0004033993        0.0169868062
  27   6        0.0004926284        0.0047917868
  27   5        0.0016765053        0.0209893850
  27   4        0.0101478149        0.0162754405
  27   3       -0.0178488793        0.0327449163
  27   2        0.0236928360       -0.0068441898
  27   1        0.0168079393        0.0410244828
  27   0        0.0046766782        0.0000000000
  27  -1       -0.0168079393        0.0410244828
  27  -2        0.0236928360        0.0068441898
  27  -3        0.0178488793        0.0327449163
  27  -4        0.0101478149       -0.0162754405
  27  -5       -0.0016765053        0.0209893850
  27  -6        0.0004926284       -0.0047917868
  27  -7        0.0004033993        0.0169868062
  27  -8        0.0202948288       -0.0158056492
  27  -9       -0.0167918062        0.0139672103
  27 -10        0.0039247870       -0.0218693070
  27 -11        0.0090462251       -0.0343240420
  27 -12        0.0071623172       -0.0040998689
  27 -13        0.0110145385        0.0095218036
  27 -14       -0.0223247353       -0.0193170507
  27 -15        0.0025892697       -0.0069686112
  27 -16        0.0095365018       -0.0212795330
  27 -17        0.0094816144        0.0017375613
  27 -18        0.0135566629       -0.0137755063
  27 -19        0.0030162370       -0.0349600894
  27 -20        0.0015526435        0.0065202021
  27 -21       -0.0093447984        0.0048017829
  27 -22       -0.0146524589       -0.0327060164
  27 -23       -0.0060286129        0.0102019443
  27 -24       -0.0120085823       -0.0087024427
  27 -25        0.0198058393        0.0052788022
  27 -26        0.0054895837       -0.0025329819
  27 -27        0.0118774789       -0.0402592854
  28  28       -0.0353550292        0.0041827006
  28  27       -0.0259732033        0.0101900833
  28  26        0.0011107649       -0.0017977145
  28  25        0.0195396460       -0.0014291433
  28  24        0.0001596492       -0.0066784751
  28  23       -0.0121682407        0.0093617022
  28  22        0.0158533533        0.0143159650
  28  21        0.0186729194       -0.0090310758
  28  20        0.0134619103        0.0167996273
  28  19        0.0039157437        0.0004181757
  28  18       -0.0078530055        0.0166853083
  28  17        0.0127194138       -0.0262315773
  28  16       -0.0012452062        0.0216737846
  28  15        0.0095264820       -0.0008430456
  28  14        0.0240630874        0.0076490376
  28  13       -0.0109768306        0.0086124090
  28  12        0.0086607358        0.0189200941
  28  11        0.0183195738       -0.0078211585
  28  10       -0.0100938736       -0.0131101041
  28   9        0.0074162861        0.0096612581
  28   8        0.0024546488       -0.0116014385
  28   7       -0.0340448247        0.0275996462
  28   6       -0.0152047530        0.0199805797
  28   5       -0.0085129653        0.0022947918
  28   4        0.0098456519        0.0418487347
  28   3        0.0071797348        0.0137913915
  28   2       -0.0174536526        0.0360318784
  28   1       -0.0042751890        0.0403758576
  28   0        0.0022232304        0.0000000000
  28  -1        0.0042751890        0.0403758576
  28  -2       -0.0174536526       -0.0360318784
  28  -3       -0.0071797348        0.0137913915
  28  -4        0.0098456519       -0.0418487347
  28  -5        0.0085129653        0.0022947918
  28  -6       -0.0152047530       -0.0199805797
  28  -7        0.0340448247        0.0275996462
  28  -8        0.0024546488        0.0116014385
  28  -9       -0.0074162861        0.0096612581
  28 -10       -0.0100938736        0.0131101041
  28 -11       -0.0183195738       -0.0078211585
  28 -12        0.0086607358       -0.0189200941
  28 -13        0.0109768306        0.0086124090
  28 -14        0.0240630874       -0.0076490376
  28 -15       -0.0095264820       -0.0008430456
  28 -16       -0.0012452062       -0.0216737846
  28 -17       -0.0127194138       -0.0262315773
  28 -18       -0.0078530055       -0.0166853083
  28 -19       -0.0039157437        0.0004181757
  28 -20        0.0134619103       -0.0167996273
  28 -21       -0.0186729194       -0.0090310758
  28 -22        0.0158533533       -0.0143159650
  28 -23        0.0121682407        0.0093617022
  28 -24        0.0001596492        0.0066784751
  28 -25       -0.0195396460       -0.0014291433
  28 -26        0.0011107649        0.0017977145
  28 -27        0.0259732033        0.0101900833
  28 -28       -0.0353550292       -0.0041827006
  29  29        0.0335177250       -0.0395099434
  29  28       -0.0142844223        0.0221858778
  29  27       -0.0517515741        0.0000642769
  29  26       -0.0149937184       -0.0259338694
  29  25       -0.0072098877       -0.0007274537
  29  24        0.0144231753        0.0012137971
  29  23        0.0064220583        0.0032937147
  29  22        0.0033222181       -0.0036016115
  29  21        0.0192718462        0.0187450138
  29  20       -0.0008838268       -0.0007636484
  29  19        0.0088266756        0.0032076193
  29  18        0.0061356131        0.0156899888
  29  17       -0.0291888325        0.0164636146
  29  16        0.0187944875       -0.0233451529
  29  15       -0.0179096982       -0.0178757712
  29  14       -0.0163727481        0.0011722622
  29  13       -0.0062116985       -0.0143312858
  29  12        0.0492911258        0.0050868315
  29  11       -0.0225815245       -0.0284541248
  29  10        0.0085099034        0.0166480010
  29   9       -0.0193335547       -0.0105199655
  29   8        0.0203670397       -0.0062957450
  29   7        0.0229044678        0.0033300520
  29   6       -0.0051364244       -0.0198485931
  29   5        0.0151430600        0.0136419200
  29   4       -0.0141755117       -0.0184983529
  29   3       -0.0024479549        0.0196844613
  29   2        0.0044292551        0.0035861206
  29   1       -0.0166804924        0.0158937611
  29   0        0.0425120719        0.0000000000
  29  -1        0.0166804924        0.0158937611
  29  -2        0.0044292551       -0.0035861206
  29  -3        0.0024479549        0.0196844613
  29  -4       -0.0141755117        0.0184983529
  29  -5       -0.0151430600        0.0136419200
  29  -6       -0.0051364244        0.0198485931
  29  -7       -0.0229044678        0.0033300520
  29  -8        0.0203670397        0.0062957450
  29  -9        0.0193335547       -0.0105199655
  29 -10        0.0085099034       -0.0166480010
  29 -11        0.0225815245       -0.0284541248
  29 -12        0.0492911258       -0.0050868315
  29 -13        0.0062116985       -0.0143312858
  29 -14       -0.0163727481       -0.0011722622
  29 -15        0.0179096982       -0.0178757712
  29 -16        0.0187944875        0.0233451529
  29 -17        0.0291888325        0.0164636146
  29 -18        0.0061356131       -0.0156899888
  29 -19       -0.0088266756        0.0032076193
  29 -20       -0.0008838268        0.0007636484
  29 -21       -0.0192718462        0.0187450138
  29 -22        0.0033222181        0.0036016115
  29 -23       -0.0064220583        0.0032937147
  29 -24        0.0144231753       -0.0012137971
  29 -25        0.0072098877       -0.0007274537
  29 -26       -0.0149937184        0.0259338694
  29 -27        0.0517515741        0.0000642769
  29 -28       -0.0142844223       -0.0221858778
  29 -29       -0.0335177250       -0.0395099434
  30  30        0.0023725725        0.0023669256
  30  29        0.0053948751        0.0049069324
  30  28        0.0040056836        0.0288061803
  30  27       -0.0139884913       -0.0130814110
  30  26       -0.0237258420        0.0033861787
  30  25       -0.0249618947       -0.0076530221
  30  24        0.0076867501        0.0079581228
  30  23        0.0039675177       -0.0013301707
  30  22        0.0005665474        0.0296689596
  30  21       -0.0239059592        0.0243064541
  30  20       -0.0192327189        0.0204071951
  30  19        0.0142611291       -0.0015684529
  30  18        0.0241990932        0.0151843529
  30  17       -0.0168900440       -0.0039594327
  30  16        0.0036695667       -0.0052271770
  30  15       -0.0091378643        0.0087436377
  30  14        0.0412762348        0.0081816328
  30  13        0.0076550145       -0.0126633546
  30  12       -0.0100653389        0.0180835508
  30  11        0.0060552981        0.0191032904
  30  10        0.0272614378       -0.0066027862
  30   9       -0.0383222054        0.0082846876
  30   8        0.0373246411       -0.0244997287
  30   7        0.0047851255        0.0090022557
  30   6        0.0199651538        0.0255744621
  30   5       -0.0022951349       -0.0223174607
  30   4       -0.0195603355        0.0480086307
  30   3        0.0014762789        0.0256606469
  30   2        0.0080372342        0.0151233128
  30   1        0.0091497709       -0.0126560167
  30   0        0.0211985121        0.0000000000
  30  -1       -0.0091497709       -0.0126560167
  30  -2        0.0080372342       -0.0151233128
  30  -3       -0.0014762789        0.0256606469
  30  -4       -0.0195603355       -0.0480086307
  30  -5        0.0022951349       -0.0223174607
  30  -6        0.0199651538       -0.0255744621
  30  -7       -0.0047851255        0.0090022557
  30  -8        0.0373246411        0.0244997287
  30  -9        0.0383222054        0.0082846876
  30 -10        0.0272614378        0.0066027862
  30 -11       -0.0060552981        0.0191032904
  30 -12       -0.0100653389       -0.0180835508
  30 -13       -0.0076550145       -0.0126633546
  30 -14        0.0412762348       -0.0081816328
  30 -15        0.0091378643        0.0087436377
  30 -16        0.0036695667        0.0052271770
  30 -17        0.0168900440       -0.0039594327
  30 -18        0.0241990932       -0.0151843529
  30 -19       -0.0142611291       -0.0015684529
  30 -20       -0.0192327189       -0.0204071951
  30 -21        0.0239059592        0.0243064541
  30 -22        0.0005665474       -0.0296689596
  30 -23       -0.0039675177       -0.0013301707
  30 -24        0.0076867501       -0.0079581228
  30 -25        0.0249618947       -0.0076530221
  30 -26       -0.0237258420       -0.0033861787
  30 -27        0.0139884913       -0.0130814110
  30 -28        0.0040056836       -0.0288061803
  30 -29       -0.0053948751        0.0049069324
  30 -30        0.0023725725       -0.0023669256
