   0   0       35.8494550531        0.0000000000
   1   1        0.7529677900        0.7243436623
   1   0        2.4237705974        0.0000000000
   1  -1       -0.7529677900        0.7243436623
   2   2       -1.5572968105       -2.3827678918
   2   1       -3.1414790528       -1.0631646697
   2   0       -5.4381016954        0.0000000000
   2  -1        3.1414790528       -1.0631646697
   2  -2       -1.5572968105        2.3827678918
   3   3        1.3592235003        1.0209648521
   3   2       -0.7526176775        0.7592444340
   3   1        0.4260366394        1.4043749856
   3   0        1.9924009141        0.0000000000
   3  -1       -0.4260366394        1.4043749856
   3  -2       -0.7526176775       -0.7592444340
   3  -3       -1.3592235003        1.0209648521
   4   4       -0.4892486518        0.3869205905
   4   3        0.6716243315        0.0723079752
   4   2        0.7141201997        0.5898571461
   4   1        0.4057837944       -0.2436957478
   4   0       -0.2275077855        0.0000000000
   4  -1       -0.4057837944       -0.2436957478
   4  -2        0.7141201997       -0.5898571461
   4  -3       -0.6716243315        0.0723079752
   4  -4       -0.4892486518       -0.3869205905
   5   5        0.4542805642       -0.7419951422
   5   4       -0.2768119979       -0.3392494014
   5   3       -0.1356231202       -0.6941965474
   5   2       -0.5001737185       -1.0488835557
   5   1       -0.3938572392       -0.3722692358
   5   0       -0.2273752232        0.0000000000
   5  -1        0.3938572392       -0.3722692358
   5  -2       -0.5001737185        1.0488835557
   5  -3        0.1356231202       -0.6941965474
   5  -4       -0.2768119979        0.3392494014
   5  -5       -0.4542805642       -0.7419951422
   6   6       -0.1346514626        0.4572255485
   6   5       -0.1880398611        0.0017749402
   6   4       -0.1527284009        0.0668146809
   6   3       -0.2001491677        0.2537308007
   6   2       -0.1804776826        0.3366793507
   6   1        0.2644037771        0.1619954477
   6   0        0.5724250738        0.0000000000
   6  -1       -0.2644037771        0.1619954477
   6  -2       -0.1804776826       -0.3366793507
   6  -3        0.2001491677        0.2537308007
   6  -4       -0.1527284009       -0.0668146809
   6  -5        0.1880398611        0.0017749402
   6  -6       -0.1346514626       -0.4572255485
   7   7       -0.0695497202       -0.2078156376
   7   6        0.0013184694        0.1514582086
   7   5        0.0501250299        0.2623616624
   7   4        0.2213097652        0.3175097284
   7   3        0.0931907553        0.3364429639
   7   2        0.1495483128       -0.0791630254
   7   1       -0.2732508468       -0.2190711220
   7   0       -0.1207256806        0.0000000000
   7  -1        0.2732508468       -0.2190711220
   7  -2        0.1495483128        0.0791630254
   7  -3       -0.0931907553        0.3364429639
   7  -4        0.2213097652       -0.3175097284
   7  -5       -0.0501250299        0.2623616624
   7  -6        0.0013184694       -0.1514582086
   7  -7        0.0695497202       -0.2078156376
   8   8        0.1938380506        0.1100984765
   8   7        0.0726700574       -0.1277768560
   8   6        0.1444665502       -0.2554944055
   8   5        0.0525812176       -0.0115472927
   8   4        0.2333365067       -0.2433793445
   8   3        0.0177052171       -0.2106062939
   8   2       -0.2289368360       -0.0639060671
   8   1       -0.1107983419        0.0747152339
   8   0       -0.0992046873        0.0000000000
   8  -1        0.1107983419        0.0747152339
   8  -2       -0.2289368360        0.0639060671
   8  -3       -0.0177052171       -0.2106062939
   8  -4        0.2333365067        0.2433793445
   8  -5       -0.0525812176       -0.0115472927
   8  -6        0.1444665502        0.2554944055
   8  -7       -0.0726700574       -0.1277768560
   8  -8        0.1938380506       -0.1100984765
   9   9       -0.2134599378       -0.0429564717
   9   8       -0.1781785671       -0.0414703047
   9   7        0.0028355607        0.0601236391
   9   6       -0.1320104239       -0.1366918695
   9   5       -0.1568982178       -0.1110054189
   9   4       -0.1092564784        0.0687319499
   9   3        0.0398194773        0.2767270433
   9   2        0.1678665460        0.3260977021
   9   1        0.1647061542        0.0300706550
   9   0        0.0986879069        0.0000000000
   9  -1       -0.1647061542        0.0300706550
   9  -2        0.1678665460       -0.3260977021
   9  -3       -0.0398194773        0.2767270433
   9  -4       -0.1092564784       -0.0687319499
   9  -5        0.1568982178       -0.1110054189
   9  -6       -0.1320104239        0.1366918695
   9  -7       -0.0028355607        0.0601236391
   9  -8       -0.1781785671        0.0414703047
   9  -9        0.2134599378       -0.0429564717
  10  10        0.1201624242       -0.0230895363
  10   9       -0.0178245707        0.0274721826
  10   8       -0.0939672709        0.0884362108
  10   7       -0.0565433903        0.1539304571
  10   6        0.0043840178        0.0774299312
  10   5       -0.0358163313        0.0915499426
  10   4        0.1372174623        0.1255973459
  10   3        0.1203147461       -0.1390117143
  10   2        0.0341658333       -0.0639677299
  10   1       -0.0447757303       -0.0107588093
  10   0       -0.1020618134        0.0000000000
  10  -1        0.0447757303       -0.0107588093
  10  -2        0.0341658333        0.0639677299
  10  -3       -0.1203147461       -0.1390117143
  10  -4        0.1372174623       -0.1255973459
  10  -5        0.0358163313        0.0915499426
  10  -6        0.0043840178       -0.0774299312
  10  -7        0.0565433903        0.1539304571
  10  -8       -0.0939672709       -0.0884362108
  10  -9        0.0178245707        0.0274721826
  10 -10        0.1201624242        0.0230895363
  11  11       -0.1366557635        0.0917839671
  11  10        0.0374903309        0.0455026815
  11   9        0.0843363183       -0.0317472270
  11   8        0.1487540549        0.0563975220
  11   7        0.0852397300       -0.0632019158
  11   6        0.0826024792        0.0220171047
  11   5        0.1834232268       -0.1710671051
  11   4       -0.0524348207       -0.1578401656
  11   3       -0.0122170381       -0.0843652186
  11   2       -0.1109833456       -0.0420490890
  11   1        0.0155231357        0.0671045356
  11   0       -0.1121644470        0.0000000000
  11  -1       -0.0155231357        0.0671045356
  11  -2       -0.1109833456        0.0420490890
  11  -3        0.0122170381       -0.0843652186
  11  -4       -0.0524348207        0.1578401656
  11  -5       -0.1834232268       -0.1710671051
  11  -6        0.0826024792       -0.0220171047
  11  -7       -0.0852397300       -0.0632019158
  11  -8        0.1487540549       -0.0563975220
  11  -9       -0.0843363183       -0.0317472270
  11 -10        0.0374903309       -0.0455026815
  11 -11        0.1366557635        0.0917839671
  12  12        0.0667139987       -0.1125734795
  12  11       -0.0243433027       -0.0673232025
  12  10       -0.0179188862       -0.0355451533
  12   9        0.0043944752       -0.0746050686
  12   8       -0.0857924479       -0.0781706774
  12   7       -0.0793457417       -0.0141825758
  12   6       -0.1265925958       -0.0815294476
  12   5       -0.0696267754        0.0173561456
  12   4       -0.0645377466        0.1436727393
  12   3       -0.0112752199        0.1625045400
  12   2        0.1216166635        0.0519507411
  12   1        0.0452890697       -0.0373918569
  12   0        0.1467860804        0.0000000000
  12  -1       -0.0452890697       -0.0373918569
  12  -2        0.1216166635       -0.0519507411
  12  -3        0.0112752199        0.1625045400
  12  -4       -0.0645377466       -0.1436727393
  12  -5        0.0696267754        0.0173561456
  12  -6       -0.1265925958        0.0815294476
  12  -7        0.0793457417       -0.0141825758
  12  -8       -0.0857924479        0.0781706774
  12  -9       -0.0043944752       -0.0746050686
  12 -10       -0.0179188862        0.0355451533
  12 -11        0.0243433027       -0.0673232025
  12 -12        0.0667139987        0.1125734795
  13  13        0.0153820282        0.1504000991
  13  12        0.0045085875       -0.0635721870
  13  11       -0.0565146385        0.0759309433
  13  10        0.0106668589       -0.0190208476
  13   9       -0.0477556976        0.0906412512
  13   8        0.0397624805        0.0566687841
  13   7       -0.0131481770        0.0125342303
  13   6        0.0166597157        0.0699698081
  13   5        0.1030598333        0.0839097368
  13   4        0.1426581122       -0.0506005199
  13   3        0.0570587348       -0.0691592933
  13   2       -0.0088370250       -0.0467169128
  13   1       -0.0700444107        0.0286791209
  13   0       -0.0497873629        0.0000000000
  13  -1        0.0700444107        0.0286791209
  13  -2       -0.0088370250        0.0467169128
  13  -3       -0.0570587348       -0.0691592933
  13  -4        0.1426581122        0.0506005199
  13  -5       -0.1030598333        0.0839097368
  13  -6        0.0166597157       -0.0699698081
  13  -7        0.0131481770        0.0125342303
  13  -8        0.0397624805       -0.0566687841
  13  -9        0.0477556976        0.0906412512
  13 -10        0.0106668589        0.0190208476
  13 -11        0.0565146385        0.0759309433
  13 -12        0.0045085875        0.0635721870
  13 -13       -0.0153820282        0.1504000991
  14  14       -0.1158488889       -0.0993521576
  14  13       -0.0052159888        0.0664426935
  14  12       -0.0032323973       -0.0006138652
  14  11       -0.0533012390       -0.0057697544
  14  10       -0.0174494463        0.0585290956
  14   9        0.0586102564        0.0639935728
  14   8       -0.0078642786        0.0012278651
  14   7        0.0311553569        0.0210535383
  14   6       -0.0192850003       -0.0701126768
  14   5        0.0035235971       -0.1351037506
  14   4        0.0173312033       -0.1072502927
  14   3       -0.0625312895       -0.0007028140
  14   2       -0.0641378070        0.0749868960
  14   1       -0.0407541792       -0.0255549484
  14   0       -0.0788996391        0.0000000000
  14  -1        0.0407541792       -0.0255549484
  14  -2       -0.0641378070       -0.0749868960
  14  -3        0.0625312895       -0.0007028140
  14  -4        0.0173312033        0.1072502927
  14  -5       -0.0035235971       -0.1351037506
  14  -6       -0.0192850003        0.0701126768
  14  -7       -0.0311553569        0.0210535383
  14  -8       -0.0078642786       -0.0012278651
  14  -9       -0.0586102564        0.0639935728
  14 -10       -0.0174494463       -0.0585290956
  14 -11        0.0533012390       -0.0057697544
  14 -12       -0.0032323973        0.0006138652
  14 -13        0.0052159888        0.0664426935
  14 -14       -0.1158488889        0.0993521576
  15  15        0.0803459865        0.0394617188
  15  14        0.0409144549       -0.0453500538
  15  13       -0.0264243636       -0.0287925063
  15  12        0.0173773666        0.0040284649
  15  11        0.0982782640       -0.0163550351
  15  10       -0.0281591855       -0.0399801557
  15   9        0.0087267784       -0.0320067845
  15   8       -0.0221917809       -0.0554218439
  15   7       -0.0242663774        0.0166445158
  15   6       -0.0906654021        0.0141300380
  15   5       -0.0697822378        0.0962640285
  15   4        0.0086234856        0.0481031452
  15   3        0.0877606375        0.0398520295
  15   2        0.0552472168        0.0211403344
  15   1        0.0552819734        0.0225535212
  15   0       -0.0063638583        0.0000000000
  15  -1       -0.0552819734        0.0225535212
  15  -2        0.0552472168       -0.0211403344
  15  -3       -0.0877606375        0.0398520295
  15  -4        0.0086234856       -0.0481031452
  15  -5        0.0697822378        0.0962640285
  15  -6       -0.0906654021       -0.0141300380
  15  -7        0.0242663774        0.0166445158
  15  -8       -0.0221917809        0.0554218439
  15  -9       -0.0087267784       -0.0320067845
  15 -10       -0.0281591855        0.0399801557
  15 -11       -0.0982782640       -0.0163550351
  15 -12        0.0173773666       -0.0040284649
  15 -13        0.0264243636       -0.0287925063
  15 -14        0.0409144549        0.0453500538
  15 -15       -0.0803459865        0.0394617188
  16  16       -0.0567211084        0.0104047981
  16  15        0.0112334729        0.0417176028
  16  14        0.0089707077       -0.0030368701
  16  13       -0.0267545827        0.0335692003
  16  12        0.0484143093        0.0413884560
  16  11       -0.0354307088       -0.0175597702
  16  10        0.0060393930        0.0080035731
  16   9        0.0078576965        0.0070632672
  16   8        0.0163022352        0.0430896369
  16   7       -0.0200739046        0.0599873386
  16   6        0.0275654121        0.0686373293
  16   5        0.0424740101        0.0340677374
  16   4        0.0499195426        0.0146215096
  16   3       -0.0532298026       -0.0869265984
  16   2       -0.0560941270       -0.0204700372
  16   1       -0.0030574360        0.0436461866
  16   0       -0.0155133493        0.0000000000
  16  -1        0.0030574360        0.0436461866
  16  -2       -0.0560941270        0.0204700372
  16  -3        0.0532298026       -0.0869265984
  16  -4        0.0499195426       -0.0146215096
  16  -5       -0.0424740101        0.0340677374
  16  -6        0.0275654121       -0.0686373293
  16  -7        0.0200739046        0.0599873386
  16  -8        0.0163022352       -0.0430896369
  16  -9       -0.0078576965        0.0070632672
  16 -10        0.0060393930       -0.0080035731
  16 -11        0.0354307088       -0.0175597702
  16 -12        0.0484143093       -0.0413884560
  16 -13        0.0267545827        0.0335692003
  16 -14        0.0089707077        0.0030368701
  16 -15       -0.0112334729        0.0417176028
  16 -16       -0.0567211084       -0.0104047981
  17  17        0.0576257660       -0.0270103016
  17  16       -0.0298754591        0.0053912246
  17  15       -0.0447326116        0.0366501079
  17  14        0.0580491704       -0.0479997888
  17  13       -0.0139710701       -0.0808246949
  17  12       -0.0268537196        0.0241640159
  17  11        0.0571814448       -0.0041643088
  17  10       -0.0043134894        0.0183466546
  17   9        0.0739219787       -0.0095899477
  17   8        0.0054417207       -0.0151944569
  17   7        0.0661288281       -0.0394215230
  17   6        0.0564153251       -0.0682117079
  17   5        0.0336776953       -0.0807181929
  17   4       -0.0328827319        0.0123304065
  17   3       -0.0363061396        0.0587297766
  17   2       -0.0116255270       -0.0252401597
  17   1        0.0054572860       -0.0029212786
  17   0       -0.0873404953        0.0000000000
  17  -1       -0.0054572860       -0.0029212786
  17  -2       -0.0116255270        0.0252401597
  17  -3        0.0363061396        0.0587297766
  17  -4       -0.0328827319       -0.0123304065
  17  -5       -0.0336776953       -0.0807181929
  17  -6        0.0564153251        0.0682117079
  17  -7       -0.0661288281       -0.0394215230
  17  -8        0.0054417207        0.0151944569
  17  -9       -0.0739219787       -0.0095899477
  17 -10       -0.0043134894       -0.0183466546
  17 -11       -0.0571814448       -0.0041643088
  17 -12       -0.0268537196       -0.0241640159
  17 -13        0.0139710701       -0.0808246949
  17 -14        0.0580491704        0.0479997888
  17 -15        0.0447326116        0.0366501079
  17 -16       -0.0298754591       -0.0053912246
  17 -17       -0.0576257660       -0.0270103016
  18  18        0.0022882375        0.0486296706
  18  17        0.0212796237        0.0246032513
  18  16        0.0061809626       -0.0426333564
  18  15        0.0306075545       -0.0255225562
  18  14       -0.0206306594       -0.0144991810
  18  13        0.0123484068        0.0223034055
  18  12        0.0116799937       -0.0136941666
  18  11       -0.0306725370       -0.0223603109
  18  10       -0.0177684904       -0.0994646716
  18   9       -0.0705783361       -0.0201165910
  18   8       -0.0136516501       -0.0433198809
  18   7       -0.0902705583        0.0232015618
  18   6       -0.0455556289        0.0265840426
  18   5       -0.0017688035        0.0842498292
  18   4       -0.0117464576        0.0735974223
  18   3        0.0866613677        0.0256415593
  18   2        0.0476861335       -0.0113527282
  18   1        0.0209357582        0.0149313910
  18   0        0.0777618051        0.0000000000
  18  -1       -0.0209357582        0.0149313910
  18  -2        0.0476861335        0.0113527282
  18  -3       -0.0866613677        0.0256415593
  18  -4       -0.0117464576       -0.0735974223
  18  -5        0.0017688035        0.0842498292
  18  -6       -0.0455556289       -0.0265840426
  18  -7        0.0902705583        0.0232015618
  18  -8       -0.0136516501        0.0433198809
  18  -9        0.0705783361       -0.0201165910
  18 -10       -0.0177684904        0.0994646716
  18 -11        0.0306725370       -0.0223603109
  18 -12        0.0116799937        0.0136941666
  18 -13       -0.0123484068        0.0223034055
  18 -14       -0.0206306594        0.0144991810
  18 -15       -0.0306075545       -0.0255225562
  18 -16        0.0061809626        0.0426333564
  18 -17       -0.0212796237        0.0246032513
  18 -18        0.0022882375       -0.0486296706
  19  19       -0.0458307625       -0.0218490377
  19  18        0.0330477668       -0.0121537800
  19  17       -0.0070332846       -0.0056030058
  19  16       -0.0393315882       -0.0581751354
  19  15       -0.0425674205       -0.0053178441
  19  14       -0.0122575340        0.0268096803
  19  13       -0.0350713689       -0.0012307901
  19  12       -0.0243398075        0.0073308263
  19  11        0.0158197075        0.0322043310
  19  10        0.0023018455        0.0651044098
  19   9       -0.0158514444        0.0099155244
  19   8       -0.0197963688        0.0837080510
  19   7        0.0354094913        0.0020906695
  19   6        0.0497154274        0.0248291921
  19   5        0.0392485581       -0.0365526418
  19   4        0.0066129076       -0.0161919632
  19   3       -0.0615173675       -0.0535830296
  19   2        0.0096426693       -0.0059605540
  19   1       -0.0219853157       -0.0433220814
  19   0        0.0059301884        0.0000000000
  19  -1        0.0219853157       -0.0433220814
  19  -2        0.0096426693        0.0059605540
  19  -3        0.0615173675       -0.0535830296
  19  -4        0.0066129076        0.0161919632
  19  -5       -0.0392485581       -0.0365526418
  19  -6        0.0497154274       -0.0248291921
  19  -7       -0.0354094913        0.0020906695
  19  -8       -0.0197963688       -0.0837080510
  19  -9        0.0158514444        0.0099155244
  19 -10        0.0023018455       -0.0651044098
  19 -11       -0.0158197075        0.0322043310
  19 -12       -0.0243398075       -0.0073308263
  19 -13        0.0350713689       -0.0012307901
  19 -14       -0.0122575340       -0.0268096803
  19 -15        0.0425674205       -0.0053178441
  19 -16       -0.0393315882        0.0581751354
  19 -17        0.0070332846       -0.0056030058
  19 -18        0.0330477668        0.0121537800
  19 -19        0.0458307625       -0.0218490377
  20  20        0.0145348729       -0.0129158210
  20  19        0.0163118634       -0.0201168239
  20  18        0.0110273082        0.0038007792
  20  17        0.0190794217        0.0405629511
  20  16        0.0382278823        0.0261782944
  20  15        0.0103631077       -0.0050670872
  20  14       -0.0203354504        0.0231558989
  20  13        0.0194703040        0.0076848148
  20  12       -0.0252936920        0.0182240078
  20  11        0.0431571238        0.0061043205
  20  10        0.0580213309        0.0029568855
  20   9        0.0159057781        0.0083487884
  20   8        0.0373107528       -0.0450863699
  20   7        0.0411911851       -0.0161471852
  20   6       -0.0558637195       -0.0507511235
  20   5       -0.0265698508       -0.0480290799
  20   4       -0.0327494544       -0.0106500019
  20   3        0.0212142436        0.0111897181
  20   2       -0.0087062772        0.0258548951
  20   1       -0.0172782428       -0.0363442574
  20   0       -0.0249698292        0.0000000000
  20  -1        0.0172782428       -0.0363442574
  20  -2       -0.0087062772       -0.0258548951
  20  -3       -0.0212142436        0.0111897181
  20  -4       -0.0327494544        0.0106500019
  20  -5        0.0265698508       -0.0480290799
  20  -6       -0.0558637195        0.0507511235
  20  -7       -0.0411911851       -0.0161471852
  20  -8        0.0373107528        0.0450863699
  20  -9       -0.0159057781        0.0083487884
  20 -10        0.0580213309       -0.0029568855
  20 -11       -0.0431571238        0.0061043205
  20 -12       -0.0252936920       -0.0182240078
  20 -13       -0.0194703040        0.0076848148
  20 -14       -0.0203354504       -0.0231558989
  20 -15       -0.0103631077       -0.0050670872
  20 -16        0.0382278823       -0.0261782944
  20 -17       -0.0190794217        0.0405629511
  20 -18        0.0110273082       -0.0038007792
  20 -19       -0.0163118634       -0.0201168239
  20 -20        0.0145348729        0.0129158210
  21  21        0.0048031303        0.0136014203
  21  20       -0.0033644000        0.0275261770
  21  19       -0.0247606332        0.0199949395
  21  18        0.0368463048        0.0240606346
  21  17        0.0445010759       -0.0424338981
  21  16       -0.0152411462       -0.0125650526
  21  15        0.0179283962       -0.0202534974
  21  14       -0.0445648548       -0.0145247252
  21  13        0.0002993052       -0.0111745009
  21  12        0.0109052289       -0.0660176814
  21  11        0.0148110594       -0.0391778049
  21  10        0.0119777157       -0.0635665203
  21   9       -0.0702163208       -0.0427548524
  21   8       -0.0421214524       -0.0237115941
  21   7       -0.0376765389        0.0458895816
  21   6       -0.0237840537        0.0407795241
  21   5       -0.0507420892        0.0941907476
  21   4        0.0472667943       -0.0128010590
  21   3        0.0395423698       -0.0168693800
  21   2       -0.0191113414        0.0161467579
  21   1       -0.0011072692       -0.0046396493
  21   0        0.0006891188        0.0000000000
  21  -1        0.0011072692       -0.0046396493
  21  -2       -0.0191113414       -0.0161467579
  21  -3       -0.0395423698       -0.0168693800
  21  -4        0.0472667943        0.0128010590
  21  -5        0.0507420892        0.0941907476
  21  -6       -0.0237840537       -0.0407795241
  21  -7        0.0376765389        0.0458895816
  21  -8       -0.0421214524        0.0237115941
  21  -9        0.0702163208       -0.0427548524
  21 -10        0.0119777157        0.0635665203
  21 -11       -0.0148110594       -0.0391778049
  21 -12        0.0109052289        0.0660176814
  21 -13       -0.0002993052       -0.0111745009
  21 -14       -0.0445648548        0.0145247252
  21 -15       -0.0179283962       -0.0202534974
  21 -16       -0.0152411462        0.0125650526
  21 -17       -0.0445010759       -0.0424338981
  21 -18        0.0368463048       -0.0240606346
  21 -19        0.0247606332        0.0199949395
  21 -20       -0.0033644000       -0.0275261770
  21 -21       -0.0048031303        0.0136014203
  22  22        0.0186528389       -0.0022231075
  22  21       -0.0294933724       -0.0268405787
  22  20       -0.0026943719        0.0155923035
  22  19        0.0092144923       -0.0171567780
  22  18       -0.0269919091       -0.0375819336
  22  17       -0.0037342810        0.0412815915
  22  16       -0.0043431648       -0.0166845388
  22  15       -0.0345587319        0.0024538669
  22  14        0.0375023864        0.0007943036
  22  13       -0.0653091012        0.0086253877
  22  12       -0.0525011988        0.0090610865
  22  11       -0.0643252373        0.0240715161
  22  10       -0.0059105558        0.0360570050
  22   9       -0.0107312000        0.0227720477
  22   8       -0.0047956640        0.0419286124
  22   7        0.0436284167        0.0104911240
  22   6        0.0323959255       -0.0046323773
  22   5        0.0154893953       -0.0520766782
  22   4        0.0104343602        0.0064960806
  22   3       -0.0498644616       -0.0225574615
  22   2       -0.0020367831       -0.0331081365
  22   1       -0.0062808750       -0.0031525450
  22   0        0.0449168254        0.0000000000
  22  -1        0.0062808750       -0.0031525450
  22  -2       -0.0020367831        0.0331081365
  22  -3        0.0498644616       -0.0225574615
  22  -4        0.0104343602       -0.0064960806
  22  -5       -0.0154893953       -0.0520766782
  22  -6        0.0323959255        0.0046323773
  22  -7       -0.0436284167        0.0104911240
  22  -8       -0.0047956640       -0.0419286124
  22  -9        0.0107312000        0.0227720477
  22 -10       -0.0059105558       -0.0360570050
  22 -11        0.0643252373        0.0240715161
  22 -12       -0.0525011988       -0.0090610865
  22 -13        0.0653091012        0.0086253877
  22 -14        0.0375023864       -0.0007943036
  22 -15        0.0345587319        0.0024538669
  22 -16       -0.0043431648        0.0166845388
  22 -17        0.0037342810        0.0412815915
  22 -18       -0.0269919091        0.0375819336
  22 -19       -0.0092144923       -0.0171567780
  22 -20       -0.0026943719       -0.0155923035
  22 -21        0.0294933724       -0.0268405787
  22 -22        0.0186528389        0.0022231075
  23  23       -0.0239812763       -0.0292738445
  23  22       -0.0295601066        0.0215351270
  23  21        0.0188945069       -0.0652050562
  23  20       -0.0242248550        0.0131752139
  23  19       -0.0235111413       -0.0070526546
  23  18        0.0287598574        0.0142921754
  23  17        0.0044771526       -0.0017916561
  23  16        0.0040688930        0.0079411043
  23  15       -0.0234969914       -0.0477948554
  23  14       -0.0120669326        0.0218063813
  23  13        0.0174389499        0.0205754060
  23  12        0.0136807082        0.0594102522
  23  11        0.0211622855       -0.0006136300
  23  10        0.0139600652       -0.0237635878
  23   9        0.0347425797       -0.0294181552
  23   8       -0.0067455097       -0.0491411542
  23   7       -0.0139534770       -0.0321232741
  23   6       -0.0153482933       -0.0470574576
  23   5       -0.0212865171        0.0233157444
  23   4       -0.0087591126        0.0208990571
  23   3        0.0445631991        0.0185068513
  23   2       -0.0415022683        0.0143719391
  23   1       -0.0152378764       -0.0050810745
  23   0       -0.0172138870        0.0000000000
  23  -1        0.0152378764       -0.0050810745
  23  -2       -0.0415022683       -0.0143719391
  23  -3       -0.0445631991        0.0185068513
  23  -4       -0.0087591126       -0.0208990571
  23  -5        0.0212865171        0.0233157444
  23  -6       -0.0153482933        0.0470574576
  23  -7        0.0139534770       -0.0321232741
  23  -8       -0.0067455097        0.0491411542
  23  -9       -0.0347425797       -0.0294181552
  23 -10        0.0139600652        0.0237635878
  23 -11       -0.0211622855       -0.0006136300
  23 -12        0.0136807082       -0.0594102522
  23 -13       -0.0174389499        0.0205754060
  23 -14       -0.0120669326       -0.0218063813
  23 -15        0.0234969914       -0.0477948554
  23 -16        0.0040688930       -0.0079411043
  23 -17       -0.0044771526       -0.0017916561
  23 -18        0.0287598574       -0.0142921754
  23 -19        0.0235111413       -0.0070526546
  23 -20       -0.0242248550       -0.0131752139
  23 -21       -0.0188945069       -0.0652050562
  23 -22       -0.0295601066       -0.0215351270
  23 -23        0.0239812763       -0.0292738445
  24  24        0.0232504749       -0.0271244660
  24  23       -0.0032587093       -0.0040617008
  24  22       -0.0053368052       -0.0008316058
  24  21       -0.0221930608        0.0227090709
  24  20        0.0339187682        0.0132463350
  24  19        0.0206449997        0.0011458586
  24  18        0.0214854705        0.0011226532
  24  17        0.0291502632       -0.0108811161
  24  16        0.0201683649       -0.0031681324
  24  15        0.0150963778        0.0445201189
  24  14        0.0301848804       -0.0337689245
  24  13        0.0506881596        0.0316819269
  24  12        0.0119791495       -0.0423165415
  24  11       -0.0013963487        0.0271945542
  24  10       -0.0192656761       -0.0288165430
  24   9       -0.0103045117       -0.0196311976
  24   8       -0.0052028865       -0.0081620113
  24   7        0.0006466016        0.0377337008
  24   6        0.0183698667        0.0712385726
  24   5       -0.0363463250        0.0551502253
  24   4        0.0466000791        0.0061814277
  24   3        0.0019157549        0.0217856609
  24   2        0.0287791501       -0.0240185997
  24   1        0.0149628029        0.0370529748
  24   0        0.0036376855        0.0000000000
  24  -1       -0.0149628029        0.0370529748
  24  -2        0.0287791501        0.0240185997
  24  -3       -0.0019157549        0.0217856609
  24  -4        0.0466000791       -0.0061814277
  24  -5        0.0363463250        0.0551502253
  24  -6        0.0183698667       -0.0712385726
  24  -7       -0.0006466016        0.0377337008
  24  -8       -0.0052028865        0.0081620113
  24  -9        0.0103045117       -0.0196311976
  24 -10       -0.0192656761        0.0288165430
  24 -11        0.0013963487        0.0271945542
  24 -12        0.0119791495        0.0423165415
  24 -13       -0.0506881596        0.0316819269
  24 -14        0.0301848804        0.0337689245
  24 -15       -0.0150963778        0.0445201189
  24 -16        0.0201683649        0.0031681324
  24 -17       -0.0291502632       -0.0108811161
  24 -18        0.0214854705       -0.0011226532
  24 -19       -0.0206449997        0.0011458586
  24 -20        0.0339187682       -0.0132463350
  24 -21        0.0221930608        0.0227090709
  24 -22       -0.0053368052        0.0008316058
  24 -23        0.0032587093       -0.0040617008
  24 -24        0.0232504749        0.0271244660
  25  25        0.0099934682        0.0272606857
  25  24        0.0092718142       -0.0126491372
  25  23       -0.0152038799        0.0023829964
  25  22        0.0139931089        0.0287650668
  25  21        0.0016072158       -0.0285054298
  25  20       -0.0357938212        0.0017501821
  25  19       -0.0030115786        0.0084596020
  25  18       -0.0159049293        0.0190509178
  25  17       -0.0068243847        0.0135209898
  25  16        0.0240370305       -0.0030820475
  25  15        0.0060486880        0.0109889452
  25  14        0.0021600329       -0.0073437970
  25  13       -0.0574072664       -0.0019773883
  25  12        0.0052682493        0.0063477251
  25  11       -0.0492768856        0.0425988187
  25  10       -0.0155673072        0.0350767089
  25   9       -0.0165859684        0.0135365592
  25   8        0.0015976887        0.0296648301
  25   7        0.0463683302       -0.0585154005
  25   6       -0.0347686436       -0.0120340439
  25   5        0.0378273679       -0.0437969502
  25   4       -0.0186857777        0.0156857662
  25   3       -0.0279823951       -0.0244488662
  25   2        0.0287965094       -0.0086658296
  25   1       -0.0115886268       -0.0210680917
  25   0       -0.0350089257        0.0000000000
  25  -1        0.0115886268       -0.0210680917
  25  -2        0.0287965094        0.0086658296
  25  -3        0.0279823951       -0.0244488662
  25  -4       -0.0186857777       -0.0156857662
  25  -5       -0.0378273679       -0.0437969502
  25  -6       -0.0347686436        0.0120340439
  25  -7       -0.0463683302       -0.0585154005
  25  -8        0.0015976887       -0.0296648301
  25  -9        0.0165859684        0.0135365592
  25 -10       -0.0155673072       -0.0350767089
  25 -11        0.0492768856        0.0425988187
  25 -12        0.0052682493       -0.0063477251
  25 -13        0.0574072664       -0.0019773883
  25 -14        0.0021600329        0.0073437970
  25 -15       -0.0060486880        0.0109889452
  25 -16        0.0240370305        0.0030820475
  25 -17        0.0068243847        0.0135209898
  25 -18       -0.0159049293       -0.0190509178
  25 -19        0.0030115786        0.0084596020
  25 -20       -0.0357938212       -0.0017501821
  25 -21       -0.0016072158       -0.0285054298
  25 -22        0.0139931089       -0.0287650668
  25 -23        0.0152038799        0.0023829964
  25 -24        0.0092718142        0.0126491372
  25 -25       -0.0099934682        0.0272606857
  26  26        0.0147624975        0.0339826184
  26  25       -0.0185707014       -0.0119101229
  26  24        0.0199841268        0.0324444389
  26  23        0.0195045722       -0.0322133449
  26  22       -0.0253893359       -0.0139470119
  26  21       -0.0084451643        0.0160322960
  26  20       -0.0010431347        0.0046438293
  26  19       -0.0071103287       -0.0184363526
  26  18       -0.0231991650        0.0251416434
  26  17        0.0225867812       -0.0288786685
  26  16       -0.0013561895        0.0038810227
  26  15       -0.0154557220       -0.0091007314
  26  14       -0.0195696990        0.0303989695
  26  13        0.0474446766       -0.0280748280
  26  12        0.0200776193        0.0001391002
  26  11        0.0258002061        0.0098039182
  26  10        0.0053701466        0.0071311874
  26   9        0.0188918365       -0.0266363478
  26   8        0.0158001511       -0.0288425428
  26   7       -0.0194300252        0.0176824288
  26   6       -0.0405425676       -0.0246956198
  26   5        0.0208851059        0.0561030768
  26   4       -0.0234335705       -0.0068581405
  26   3        0.0041303735        0.0077823600
  26   2       -0.0242221585        0.0000101449
  26   1        0.0293712873       -0.0498761828
  26   0        0.0102939041        0.0000000000
  26  -1       -0.0293712873       -0.0498761828
  26  -2       -0.0242221585       -0.0000101449
  26  -3       -0.0041303735        0.0077823600
  26  -4       -0.0234335705        0.0068581405
  26  -5       -0.0208851059        0.0561030768
  26  -6       -0.0405425676        0.0246956198
  26  -7        0.0194300252        0.0176824288
  26  -8        0.0158001511        0.0288425428
  26  -9       -0.0188918365       -0.0266363478
  26 -10        0.0053701466       -0.0071311874
  26 -11       -0.0258002061        0.0098039182
  26 -12        0.0200776193       -0.0001391002
  26 -13       -0.0474446766       -0.0280748280
  26 -14       -0.0195696990       -0.0303989695
  26 -15        0.0154557220       -0.0091007314
  26 -16       -0.0013561895       -0.0038810227
  26 -17       -0.0225867812       -0.0288786685
  26 -18       -0.0231991650       -0.0251416434
  26 -19        0.0071103287       -0.0184363526
  26 -20       -0.0010431347       -0.0046438293
  26 -21        0.0084451643        0.0160322960
  26 -22       -0.0253893359        0.0139470119
  26 -23       -0.0195045722       -0.0322133449
  26 -24        0.0199841268       -0.0324444389
  26 -25        0.0185707014       -0.0119101229
  26 -26        0.0147624975       -0.0339826184
  27  27       -0.0008222480        0.0212655732
  27  26        0.0107305539       -0.0218551042
  27  25        0.0063734034       -0.0014507461
  27  24        0.0005845159        0.0336337230
  27  23        0.0040220722       -0.0099296752
  27  22       -0.0341488370        0.0658130901
  27  21       -0.0006578053        0.0226572435
  27  20        0.0062476913       -0.0333648882
  27  19        0.0229570864        0.0155411115
  27  18        0.0251325381       -0.0311299655
  27  17       -0.0084144142       -0.0039438912
  27  16        0.0090426345       -0.0026203606
  27  15        0.0095117026        0.0147152194
  27  14        0.0184430220       -0.0293188305
  27  13       -0.0007416524       -0.0225566417
  27  12        0.0066316291       -0.0291771965
  27  11       -0.0007304752        0.0120916561
  27  10       -0.0187676647       -0.0386101951
  27   9       -0.0058207600        0.0109231838
  27   8       -0.0220260176        0.0241602862
  27   7       -0.0143666161        0.0359387613
  27   6        0.0129888035        0.0273117823
  27   5        0.0001496484       -0.0112445704
  27   4        0.0165358678        0.0025503480
  27   3       -0.0319147602       -0.0159310799
  27   2        0.0150319719       -0.0406321443
  27   1        0.0001650740        0.0358607260
  27   0       -0.0436113004        0.0000000000
  27  -1       -0.0001650740        0.0358607260
  27  -2        0.0150319719        0.0406321443
  27  -3        0.0319147602       -0.0159310799
  27  -4        0.0165358678       -0.0025503480
  27  -5       -0.0001496484       -0.0112445704
  27  -6        0.0129888035       -0.0273117823
  27  -7        0.0143666161        0.0359387613
  27  -8       -0.0220260176       -0.0241602862
  27  -9        0.0058207600        0.0109231838
  27 -10       -0.0187676647        0.0386101951
  27 -11        0.0007304752        0.0120916561
  27 -12        0.0066316291        0.0291771965
  27 -13        0.0007416524       -0.0225566417
  27 -14        0.0184430220        0.0293188305
  27 -15       -0.0095117026        0.0147152194
  27 -16        0.0090426345        0.0026203606
  27 -17        0.0084144142       -0.0039438912
  27 -18        0.0251325381        0.0311299655
  27 -19       -0.0229570864        0.0155411115
  27 -20        0.0062476913        0.0333648882
  27 -21        0.0006578053        0.0226572435
  27 -22       -0.0341488370       -0.0658130901
  27 -23       -0.0040220722       -0.0099296752
  27 -24        0.0005845159       -0.0336337230
  27 -25       -0.0063734034       -0.0014507461
  27 -26        0.0107305539        0.0218551042
  27 -27        0.0008222480        0.0212655732
  28  28        0.0076771284        0.0134415317
  28  27       -0.0114913767       -0.0398570476
  28  26        0.0023051460        0.0062559126
  28  25       -0.0180928253        0.0014050017
  28  24       -0.0001082243       -0.0124594743
  28  23       -0.0067098112       -0.0241025884
  28  22        0.0211074398       -0.0288614623
  28  21       -0.0253126976       -0.0223471343
  28  20        0.0133597185        0.0350465333
  28  19       -0.0217384562       -0.0239344191
  28  18       -0.0146457991        0.0209786235
  28  17       -0.0046016472       -0.0095790190
  28  16        0.0007976719       -0.0158840219
  28  15       -0.0078066605       -0.0086728799
  28  14       -0.0413971486        0.0146400866
  28  13       -0.0456074865       -0.0056096847
  28  12       -0.0066000000        0.0248361685
  28  11       -0.0294688556        0.0018689227
  28  10        0.0068886354        0.0276198334
  28   9        0.0023806048        0.0018238581
  28   8        0.0312277975       -0.0042377528
  28   7       -0.0008812326       -0.0321000976
  28   6        0.0349796352       -0.0165863753
  28   5        0.0204952993        0.0089629246
  28   4       -0.0489415783        0.0148809913
  28   3        0.0213540147       -0.0264095640
  28   2        0.0052417725        0.0099993346
  28   1       -0.0186311471       -0.0337755489
  28   0        0.0116802735        0.0000000000
  28  -1        0.0186311471       -0.0337755489
  28  -2        0.0052417725       -0.0099993346
  28  -3       -0.0213540147       -0.0264095640
  28  -4       -0.0489415783       -0.0148809913
  28  -5       -0.0204952993        0.0089629246
  28  -6        0.0349796352        0.0165863753
  28  -7        0.0008812326       -0.0321000976
  28  -8        0.0312277975        0.0042377528
  28  -9       -0.0023806048        0.0018238581
  28 -10        0.0068886354       -0.0276198334
  28 -11        0.0294688556        0.0018689227
  28 -12       -0.0066000000       -0.0248361685
  28 -13        0.0456074865       -0.0056096847
  28 -14       -0.0413971486       -0.0146400866
  28 -15        0.0078066605       -0.0086728799
  28 -16        0.0007976719        0.0158840219
  28 -17        0.0046016472       -0.0095790190
  28 -18       -0.0146457991       -0.0209786235
  28 -19        0.0217384562       -0.0239344191
  28 -20        0.0133597185       -0.0350465333
  28 -21        0.0253126976       -0.0223471343
  28 -22        0.0211074398        0.0288614623
  28 -23        0.0067098112       -0.0241025884
  28 -24       -0.0001082243        0.0124594743
  28 -25        0.0180928253        0.0014050017
  28 -26        0.0023051460       -0.0062559126
  28 -27        0.0114913767       -0.0398570476
  28 -28        0.0076771284       -0.0134415317
  29  29       -0.0108161988       -0.0211648546
  29  28       -0.0257156109       -0.0027248422
  29  27        0.0179628414        0.0094605182
  29  26       -0.0172848117        0.0223419249
  29  25        0.0140158395       -0.0268111929
  29  24        0.0290831113        0.0389624725
  29  23       -0.0245319298        0.0024598221
  29  22       -0.0362630875        0.0559459367
  29  21        0.0199030849        0.0111623880
  29  20       -0.0140071832       -0.0194285752
  29  19        0.0256685637        0.0190631439
  29  18        0.0031905721       -0.0010603404
  29  17        0.0200637157        0.0247499408
  29  16       -0.0276023673       -0.0190158632
  29  15        0.0227104629       -0.0056971092
  29  14        0.0135025317       -0.0097274929
  29  13        0.0278481529        0.0046738145
  29  12       -0.0392851426       -0.0144810199
  29  11        0.0367374845       -0.0381988254
  29  10       -0.0162142500       -0.0093296233
  29   9        0.0434319680       -0.0284163131
  29   8       -0.0279760863       -0.0398604693
  29   7       -0.0075573574        0.0067272455
  29   6       -0.0136273566        0.0024460977
  29   5       -0.0013922164        0.0111872704
  29   4       -0.0053307353       -0.0079302804
  29   3        0.0255272713        0.0181825051
  29   2       -0.0397174289        0.0247477742
  29   1       -0.0139533378       -0.0369878710
  29   0       -0.0341078077        0.0000000000
  29  -1        0.0139533378       -0.0369878710
  29  -2       -0.0397174289       -0.0247477742
  29  -3       -0.0255272713        0.0181825051
  29  -4       -0.0053307353        0.0079302804
  29  -5        0.0013922164        0.0111872704
  29  -6       -0.0136273566       -0.0024460977
  29  -7        0.0075573574        0.0067272455
  29  -8       -0.0279760863        0.0398604693
  29  -9       -0.0434319680       -0.0284163131
  29 -10       -0.0162142500        0.0093296233
  29 -11       -0.0367374845       -0.0381988254
  29 -12       -0.0392851426        0.0144810199
  29 -13       -0.0278481529        0.0046738145
  29 -14        0.0135025317        0.0097274929
  29 -15       -0.0227104629       -0.0056971092
  29 -16       -0.0276023673        0.0190158632
  29 -17       -0.0200637157        0.0247499408
  29 -18        0.0031905721        0.0010603404
  29 -19       -0.0256685637        0.0190631439
  29 -20       -0.0140071832        0.0194285752
  29 -21       -0.0199030849        0.0111623880
  29 -22       -0.0362630875       -0.0559459367
  29 -23        0.0245319298        0.0024598221
  29 -24        0.0290831113       -0.0389624725
  29 -25       -0.0140158395       -0.0268111929
  29 -26       -0.0172848117       -0.0223419249
  29 -27       -0.0179628414        0.0094605182
  29 -28       -0.0257156109        0.0027248422
  29 -29        0.0108161988       -0.0211648546
  30  30        0.0384336888       -0.0170426171
  30  29        0.0632053265       -0.0019426505
  30  28        0.0393237326       -0.0000880988
  30  27        0.0083494920       -0.0061598684
  30  26       -0.0143362504       -0.0081608825
  30  25        0.0196979293        0.0112385382
  30  24       -0.0045168938       -0.0173879819
  30  23        0.0120318158        0.0260005263
  30  22        0.0239064023       -0.0392753085
  30  21       -0.0161038968       -0.0033677113
  30  20       -0.0088764448       -0.0004909953
  30  19       -0.0090117767       -0.0036366352
  30  18       -0.0057212712        0.0304125128
  30  17       -0.0068468133        0.0105825205
  30  16        0.0061125107        0.0318547572
  30  15        0.0202684493       -0.0114262844
  30  14        0.0179863794        0.0134073504
  30  13        0.0162860578       -0.0068085179
  30  12        0.0127191747        0.0033841536
  30  11       -0.0438433636       -0.0015104322
  30  10       -0.0223212578        0.0066239742
  30   9       -0.0341222955        0.0376844451
  30   8       -0.0174903178        0.0145773486
  30   7       -0.0132300287        0.0174091346
  30   6        0.0359153030        0.0047166873
  30   5       -0.0193555155        0.0170104833
  30   4        0.0285345481        0.0099295056
  30   3       -0.0202055361        0.0406843474
  30   2       -0.0040407825        0.0015278141
  30   1       -0.0465763658        0.0316059395
  30   0       -0.0187072814        0.0000000000
  30  -1        0.0465763658        0.0316059395
  30  -2       -0.0040407825       -0.0015278141
  30  -3        0.0202055361        0.0406843474
  30  -4        0.0285345481       -0.0099295056
  30  -5        0.0193555155        0.0170104833
  30  -6        0.0359153030       -0.0047166873
  30  -7        0.0132300287        0.0174091346
  30  -8       -0.0174903178       -0.0145773486
  30  -9        0.0341222955        0.0376844451
  30 -10       -0.0223212578       -0.0066239742
  30 -11        0.0438433636       -0.0015104322
  30 -12        0.0127191747       -0.0033841536
  30 -13       -0.0162860578       -0.0068085179
  30 -14        0.0179863794       -0.0134073504
  30 -15       -0.0202684493       -0.0114262844
  30 -16        0.0061125107       -0.0318547572
  30 -17        0.0068468133        0.0105825205
  30 -18       -0.0057212712       -0.0304125128
  30 -19        0.0090117767       -0.0036366352
  30 -20       -0.0088764448        0.0004909953
  30 -21        0.0161038968       -0.0033677113
  30 -22        0.0239064023        0.0392753085
  30 -23       -0.0120318158        0.0260005263
  30 -24       -0.0045168938        0.0173879819
  30 -25       -0.0196979293        0.0112385382
  30 -26       -0.0143362504        0.0081608825
  30 -27       -0.0083494920       -0.0061598684
  30 -28        0.0393237326        0.0000880988
  30 -29       -0.0632053265       -0.0019426505
  30 -30        0.0384336888        0.0170426171
