   0   0       51.1440925613        0.0000000000
   1   1       -0.4724164796        0.0114497041
   1   0       -0.8355911218        0.0000000000
   1  -1        0.4724164796        0.0114497041
   2   2        0.1934538638       -1.7000353171
   2   1        0.7409028581        2.6417912317
   2   0        0.7885319010        0.0000000000
   2  -1       -0.7409028581        2.6417912317
   2  -2        0.1934538638        1.7000353171
   3   3        1.1396422931       -1.5843064362
   3   2        1.4913632876        1.0695598656
   3   1        0.7357730866        2.1814141951
   3   0        1.0807343755        0.0000000000
   3  -1       -0.7357730866        2.1814141951
   3  -2        1.4913632876       -1.0695598656
   3  -3       -1.1396422931       -1.5843064362
   4   4        0.9538426587        0.1690181097
   4   3        0.1197777155       -0.5662398704
   4   2        0.7543505734       -0.0568578649
   4   1       -0.4378971623        0.6292306294
   4   0       -0.7204695171        0.0000000000
   4  -1        0.4378971623        0.6292306294
   4  -2        0.7543505734        0.0568578649
   4  -3       -0.1197777155       -0.5662398704
   4  -4        0.9538426587       -0.1690181097
   5   5        0.1663611790        0.4744257755
   5   4        0.2436704945        0.5004122734
   5   3       -0.0856191395       -0.1551725342
   5   2       -0.3519600571       -0.5943549494
   5   1        0.0051615715        0.2628028159
   5   0       -0.7163421836        0.0000000000
   5  -1       -0.0051615715        0.2628028159
   5  -2       -0.3519600571        0.5943549494
   5  -3        0.0856191395       -0.1551725342
   5  -4        0.2436704945       -0.5004122734
   5  -5       -0.1663611790        0.4744257755
   6   6        0.0520980560       -0.2603983883
   6   5        0.5178279896       -0.0337284819
   6   4        0.5034280363       -0.2425872774
   6   3        0.0695552489       -0.5735745508
   6   2       -0.2953422575       -0.1775157658
   6   1       -0.4318842547        0.5334409753
   6   0       -1.1254750391        0.0000000000
   6  -1        0.4318842547        0.5334409753
   6  -2       -0.2953422575        0.1775157658
   6  -3       -0.0695552489       -0.5735745508
   6  -4        0.5034280363        0.2425872774
   6  -5       -0.5178279896       -0.0337284819
   6  -6        0.0520980560        0.2603983883
   7   7       -0.1700642838       -0.3050818869
   7   6       -0.1326728961       -0.2172622400
   7   5       -0.0871241824       -0.1656830557
   7   4        0.1216569528       -0.1594115842
   7   3        0.3461025335        0.3649668375
   7   2       -0.0382320902        0.0791150302
   7   1        0.0489412656       -0.1373515761
   7   0        0.6841841010        0.0000000000
   7  -1       -0.0489412656       -0.1373515761
   7  -2       -0.0382320902       -0.0791150302
   7  -3       -0.3461025335        0.3649668375
   7  -4        0.1216569528        0.1594115842
   7  -5        0.0871241824       -0.1656830557
   7  -6       -0.1326728961        0.2172622400
   7  -7        0.1700642838       -0.3050818869
   8   8        0.0303971391        0.0258237181
   8   7        0.0401453913        0.0320042421
   8   6       -0.2501910916        0.0922869827
   8   5       -0.0438732569       -0.1918021077
   8   4        0.3182987704        0.1096739138
   8   3        0.0791801384       -0.0108298727
   8   2       -0.2438938925        0.0043104875
   8   1        0.1699344564       -0.3262812256
   8   0       -0.0313474259        0.0000000000
   8  -1       -0.1699344564       -0.3262812256
   8  -2       -0.2438938925       -0.0043104875
   8  -3       -0.0791801384       -0.0108298727
   8  -4        0.3182987704       -0.1096739138
   8  -5        0.0438732569       -0.1918021077
   8  -6       -0.2501910916       -0.0922869827
   8  -7       -0.0401453913        0.0320042421
   8  -8        0.0303971391       -0.0258237181
   9   9       -0.0611436055        0.1078394346
   9   8        0.1919369497       -0.0956321699
   9   7        0.0035666848       -0.1101201171
   9   6        0.0325806636        0.0679592490
   9   5       -0.0926060888       -0.2612625874
   9   4        0.0422489763        0.2359284392
   9   3        0.0946659098        0.0552681681
   9   2       -0.0524918692        0.0381893957
   9   1       -0.1626508546       -0.1163875803
   9   0       -0.3008826485        0.0000000000
   9  -1        0.1626508546       -0.1163875803
   9  -2       -0.0524918692       -0.0381893957
   9  -3       -0.0946659098        0.0552681681
   9  -4        0.0422489763       -0.2359284392
   9  -5        0.0926060888       -0.2612625874
   9  -6        0.0325806636       -0.0679592490
   9  -7       -0.0035666848       -0.1101201171
   9  -8        0.1919369497        0.0956321699
   9  -9        0.0611436055        0.1078394346
  10  10       -0.0238862464        0.0311286538
  10   9       -0.2147445407       -0.1385851919
  10   8       -0.0660607518        0.0081874330
  10   7       -0.0747895524       -0.1312133581
  10   6       -0.0849796412       -0.1243125098
  10   5       -0.0083728456       -0.0767640642
  10   4       -0.0193986664       -0.0385876722
  10   3        0.0875350768        0.2366152525
  10   2       -0.0106999760       -0.0025855328
  10   1       -0.2709313668        0.0066336223
  10   0        0.1424470956        0.0000000000
  10  -1        0.2709313668        0.0066336223
  10  -2       -0.0106999760        0.0025855328
  10  -3       -0.0875350768        0.2366152525
  10  -4       -0.0193986664        0.0385876722
  10  -5        0.0083728456       -0.0767640642
  10  -6       -0.0849796412        0.1243125098
  10  -7        0.0747895524       -0.1312133581
  10  -8       -0.0660607518       -0.0081874330
  10  -9        0.2147445407       -0.1385851919
  10 -10       -0.0238862464       -0.0311286538
  11  11        0.1193774832       -0.1739400685
  11  10       -0.0835455429        0.0647298213
  11   9       -0.0839897064        0.0365495480
  11   8       -0.0279547209        0.0126110891
  11   7       -0.0184394926        0.0066723650
  11   6        0.2270436400       -0.1053583637
  11   5       -0.0065627868       -0.0034175744
  11   4        0.0029389476        0.1331094460
  11   3        0.1419455619       -0.1306428046
  11   2        0.1353370810       -0.1458568041
  11   1       -0.0032910648       -0.2432163875
  11   0       -0.1171420708        0.0000000000
  11  -1        0.0032910648       -0.2432163875
  11  -2        0.1353370810        0.1458568041
  11  -3       -0.1419455619       -0.1306428046
  11  -4        0.0029389476       -0.1331094460
  11  -5        0.0065627868       -0.0034175744
  11  -6        0.2270436400        0.1053583637
  11  -7        0.0184394926        0.0066723650
  11  -8       -0.0279547209       -0.0126110891
  11  -9        0.0839897064        0.0365495480
  11 -10       -0.0835455429       -0.0647298213
  11 -11       -0.1193774832       -0.1739400685
  12  12        0.0344820251       -0.1384606424
  12  11        0.0108654307       -0.0913606649
  12  10       -0.0924902598        0.1139733253
  12   9        0.0407639911        0.0213676192
  12   8       -0.0369828437        0.0519010729
  12   7        0.0517362076       -0.0113962719
  12   6        0.0422080857       -0.0416178952
  12   5        0.0319205337       -0.0270128000
  12   4       -0.0199114529        0.0623241999
  12   3       -0.0669049009        0.0049139794
  12   2        0.0307795758       -0.0327249334
  12   1        0.0458196285        0.0099278819
  12   0        0.0111818764        0.0000000000
  12  -1       -0.0458196285        0.0099278819
  12  -2        0.0307795758        0.0327249334
  12  -3        0.0669049009        0.0049139794
  12  -4       -0.0199114529       -0.0623241999
  12  -5       -0.0319205337       -0.0270128000
  12  -6        0.0422080857        0.0416178952
  12  -7       -0.0517362076       -0.0113962719
  12  -8       -0.0369828437       -0.0519010729
  12  -9       -0.0407639911        0.0213676192
  12 -10       -0.0924902598       -0.1139733253
  12 -11       -0.0108654307       -0.0913606649
  12 -12        0.0344820251        0.1384606424
  13  13        0.0449657970       -0.0383440717
  13  12       -0.0751757489        0.0170264128
  13  11       -0.0200872289        0.0758386287
  13  10       -0.0378268504        0.0432986485
  13   9       -0.0054502871       -0.0190545700
  13   8        0.0660462117        0.0580309770
  13   7        0.0846151731       -0.0425203206
  13   6        0.0718375365       -0.0026386937
  13   5       -0.0386530544       -0.0681279129
  13   4       -0.0292334327        0.1097638812
  13   3        0.0065788865        0.0018593033
  13   2        0.0478623155       -0.0030054380
  13   1       -0.0158731927        0.0367821987
  13   0        0.1492765973        0.0000000000
  13  -1        0.0158731927        0.0367821987
  13  -2        0.0478623155        0.0030054380
  13  -3       -0.0065788865        0.0018593033
  13  -4       -0.0292334327       -0.1097638812
  13  -5        0.0386530544       -0.0681279129
  13  -6        0.0718375365        0.0026386937
  13  -7       -0.0846151731       -0.0425203206
  13  -8        0.0660462117       -0.0580309770
  13  -9        0.0054502871       -0.0190545700
  13 -10       -0.0378268504       -0.0432986485
  13 -11        0.0200872289        0.0758386287
  13 -12       -0.0751757489       -0.0170264128
  13 -13       -0.0449657970       -0.0383440717
  14  14       -0.0091009740        0.0217955505
  14  13        0.0075138736        0.0703682430
  14  12       -0.0391024195       -0.0378824120
  14  11       -0.0466754300       -0.0012380186
  14  10        0.0045996377        0.0047753151
  14   9       -0.0433906256        0.0118528274
  14   8        0.0194181714       -0.0274978872
  14   7        0.0176267029       -0.0186752685
  14   6        0.0410338546       -0.0497016924
  14   5       -0.0215087094        0.0753288556
  14   4        0.0064333022        0.0748465953
  14   3        0.0905504167       -0.0125588962
  14   2        0.0298169089        0.0355362719
  14   1        0.0951157478       -0.0295142764
  14   0       -0.1112870940        0.0000000000
  14  -1       -0.0951157478       -0.0295142764
  14  -2        0.0298169089       -0.0355362719
  14  -3       -0.0905504167       -0.0125588962
  14  -4        0.0064333022       -0.0748465953
  14  -5        0.0215087094        0.0753288556
  14  -6        0.0410338546        0.0497016924
  14  -7       -0.0176267029       -0.0186752685
  14  -8        0.0194181714        0.0274978872
  14  -9        0.0433906256        0.0118528274
  14 -10        0.0045996377       -0.0047753151
  14 -11        0.0466754300       -0.0012380186
  14 -12       -0.0391024195        0.0378824120
  14 -13       -0.0075138736        0.0703682430
  14 -14       -0.0091009740       -0.0217955505
  15  15       -0.0588248276       -0.0200028561
  15  14        0.0018705425       -0.0513890190
  15  13       -0.0268987482        0.0276300717
  15  12       -0.0059317322       -0.0384730441
  15  11       -0.0518111342        0.0400178904
  15  10        0.0261481246        0.0302623299
  15   9        0.0293646723       -0.0146737747
  15   8        0.0010491909       -0.0257582004
  15   7        0.0318084114       -0.0012278992
  15   6       -0.0491067004       -0.0274906442
  15   5       -0.0777195668        0.0402863946
  15   4        0.0254121556       -0.0249855433
  15   3       -0.0040149500        0.0565751045
  15   2       -0.0259304169        0.0367052962
  15   1        0.0269115762        0.0006664146
  15   0        0.0822259523        0.0000000000
  15  -1       -0.0269115762        0.0006664146
  15  -2       -0.0259304169       -0.0367052962
  15  -3        0.0040149500        0.0565751045
  15  -4        0.0254121556        0.0249855433
  15  -5        0.0777195668        0.0402863946
  15  -6       -0.0491067004        0.0274906442
  15  -7       -0.0318084114       -0.0012278992
  15  -8        0.0010491909        0.0257582004
  15  -9       -0.0293646723       -0.0146737747
  15 -10        0.0261481246       -0.0302623299
  15 -11        0.0518111342        0.0400178904
  15 -12       -0.0059317322        0.0384730441
  15 -13        0.0268987482        0.0276300717
  15 -14        0.0018705425        0.0513890190
  15 -15        0.0588248276       -0.0200028561
  16  16        0.0327350338       -0.0466490993
  16  15       -0.0330546313       -0.0149456907
  16  14        0.0034717561        0.0313662804
  16  13        0.0488161365       -0.0700742021
  16  12       -0.0157749895        0.0328440777
  16  11        0.0323293391        0.0456913458
  16  10       -0.0144679607        0.0124373197
  16   9        0.0183606721        0.0309605635
  16   8       -0.0422569446       -0.0387092973
  16   7       -0.0173982356        0.0143437177
  16   6        0.0441256942        0.0251883046
  16   5       -0.0368802576       -0.0324179699
  16   4        0.0036983976        0.0016417365
  16   3       -0.0045767369       -0.0742562956
  16   2        0.0099509998       -0.0124347848
  16   1       -0.0110269258        0.0419247369
  16   0        0.0108527851        0.0000000000
  16  -1        0.0110269258        0.0419247369
  16  -2        0.0099509998        0.0124347848
  16  -3        0.0045767369       -0.0742562956
  16  -4        0.0036983976       -0.0016417365
  16  -5        0.0368802576       -0.0324179699
  16  -6        0.0441256942       -0.0251883046
  16  -7        0.0173982356        0.0143437177
  16  -8       -0.0422569446        0.0387092973
  16  -9       -0.0183606721        0.0309605635
  16 -10       -0.0144679607       -0.0124373197
  16 -11       -0.0323293391        0.0456913458
  16 -12       -0.0157749895       -0.0328440777
  16 -13       -0.0488161365       -0.0700742021
  16 -14        0.0034717561       -0.0313662804
  16 -15        0.0330546313       -0.0149456907
  16 -16        0.0327350338        0.0466490993
  17  17        0.0471135234        0.0221843868
  17  16        0.0296243001       -0.0021425904
  17  15       -0.0120075763        0.0071429316
  17  14       -0.0158563786       -0.0190612234
  17  13        0.0014927481        0.0123102041
  17  12        0.0226577155        0.0094229613
  17  11        0.0505690126        0.0233255886
  17  10        0.0065191774       -0.0259991870
  17   9        0.0024670300       -0.0499741532
  17   8       -0.0417198058       -0.0044877436
  17   7        0.0175838593       -0.0116109530
  17   6       -0.0896516704       -0.0051074476
  17   5       -0.0168945548       -0.0208387903
  17   4       -0.0010294956        0.0065581213
  17   3       -0.1156385584        0.0505439237
  17   2        0.0129281213        0.0402074985
  17   1        0.0315582684       -0.0003062855
  17   0       -0.0194213099        0.0000000000
  17  -1       -0.0315582684       -0.0003062855
  17  -2        0.0129281213       -0.0402074985
  17  -3        0.1156385584        0.0505439237
  17  -4       -0.0010294956       -0.0065581213
  17  -5        0.0168945548       -0.0208387903
  17  -6       -0.0896516704        0.0051074476
  17  -7       -0.0175838593       -0.0116109530
  17  -8       -0.0417198058        0.0044877436
  17  -9       -0.0024670300       -0.0499741532
  17 -10        0.0065191774        0.0259991870
  17 -11       -0.0505690126        0.0233255886
  17 -12        0.0226577155       -0.0094229613
  17 -13       -0.0014927481        0.0123102041
  17 -14       -0.0158563786        0.0190612234
  17 -15        0.0120075763        0.0071429316
  17 -16        0.0296243001        0.0021425904
  17 -17       -0.0471135234        0.0221843868
  18  18       -0.0326132346        0.0583566520
  18  17        0.0194649901        0.0294800697
  18  16       -0.0196122583        0.0194541112
  18  15       -0.0108578329        0.0300062804
  18  14        0.0316781405       -0.0152988207
  18  13        0.0169637091        0.0143966316
  18  12        0.0078330985        0.0191219531
  18  11       -0.0314562090       -0.0176203310
  18  10       -0.0467863770       -0.0065339334
  18   9       -0.0469590192       -0.0126606867
  18   8       -0.0014596965        0.0213414496
  18   7        0.0032974397        0.0038081691
  18   6        0.0018230194        0.0391875728
  18   5        0.0493241129        0.0134311810
  18   4       -0.0045758529       -0.0516854196
  18   3       -0.0034315397        0.0503703843
  18   2        0.0113201514       -0.0096370298
  18   1       -0.0405457368        0.0175033241
  18   0        0.0204788988        0.0000000000
  18  -1        0.0405457368        0.0175033241
  18  -2        0.0113201514        0.0096370298
  18  -3        0.0034315397        0.0503703843
  18  -4       -0.0045758529        0.0516854196
  18  -5       -0.0493241129        0.0134311810
  18  -6        0.0018230194       -0.0391875728
  18  -7       -0.0032974397        0.0038081691
  18  -8       -0.0014596965       -0.0213414496
  18  -9        0.0469590192       -0.0126606867
  18 -10       -0.0467863770        0.0065339334
  18 -11        0.0314562090       -0.0176203310
  18 -12        0.0078330985       -0.0191219531
  18 -13       -0.0169637091        0.0143966316
  18 -14        0.0316781405        0.0152988207
  18 -15        0.0108578329        0.0300062804
  18 -16       -0.0196122583       -0.0194541112
  18 -17       -0.0194649901        0.0294800697
  18 -18       -0.0326132346       -0.0583566520
  19  19       -0.0429044545        0.0294927811
  19  18       -0.0129570303        0.0204735786
  19  17       -0.0050768701       -0.0215899748
  19  16       -0.0458353092       -0.0045084962
  19  15        0.0088462231       -0.0456656621
  19  14        0.0511217952        0.0263575710
  19  13        0.0302274119        0.0312982133
  19  12        0.0476354502       -0.0310300099
  19  11       -0.0525175784       -0.0245035835
  19  10       -0.0020985593        0.0104494579
  19   9       -0.0552329336        0.0218447666
  19   8        0.0095371445        0.0206898030
  19   7       -0.0102267341       -0.0210276595
  19   6        0.0141156274       -0.0082413342
  19   5        0.0315701409       -0.0266300481
  19   4       -0.0388550934       -0.0350554730
  19   3       -0.0424072017        0.0204595312
  19   2       -0.0326134585       -0.0275090839
  19   1        0.0529003995        0.0292490581
  19   0       -0.0406452234        0.0000000000
  19  -1       -0.0529003995        0.0292490581
  19  -2       -0.0326134585        0.0275090839
  19  -3        0.0424072017        0.0204595312
  19  -4       -0.0388550934        0.0350554730
  19  -5       -0.0315701409       -0.0266300481
  19  -6        0.0141156274        0.0082413342
  19  -7        0.0102267341       -0.0210276595
  19  -8        0.0095371445       -0.0206898030
  19  -9        0.0552329336        0.0218447666
  19 -10       -0.0020985593       -0.0104494579
  19 -11        0.0525175784       -0.0245035835
  19 -12        0.0476354502        0.0310300099
  19 -13       -0.0302274119        0.0312982133
  19 -14        0.0511217952       -0.0263575710
  19 -15       -0.0088462231       -0.0456656621
  19 -16       -0.0458353092        0.0045084962
  19 -17        0.0050768701       -0.0215899748
  19 -18       -0.0129570303       -0.0204735786
  19 -19        0.0429044545        0.0294927811
  20  20        0.0041651466       -0.0393177964
  20  19        0.0069317982        0.0160443411
  20  18       -0.0012360870       -0.0083147899
  20  17        0.0150361340       -0.0119951107
  20  16        0.0218359103       -0.0105226027
  20  15        0.0301922160       -0.0077394101
  20  14        0.0120754927       -0.0196822366
  20  13        0.0029168557        0.0155078617
  20  12        0.0626112617       -0.0123166958
  20  11       -0.0387768896        0.0333625492
  20  10       -0.0163346600        0.0224743911
  20   9        0.0151705003       -0.0353669732
  20   8       -0.0066651951       -0.0396976221
  20   7        0.0160424532       -0.0116444822
  20   6       -0.0327191567        0.0181490754
  20   5       -0.0310259084        0.0024183538
  20   4       -0.0076106083       -0.0664900086
  20   3       -0.0235490047        0.0132360563
  20   2       -0.0132240504        0.0232352226
  20   1        0.0178759861       -0.0387397907
  20   0        0.0299299234        0.0000000000
  20  -1       -0.0178759861       -0.0387397907
  20  -2       -0.0132240504       -0.0232352226
  20  -3        0.0235490047        0.0132360563
  20  -4       -0.0076106083        0.0664900086
  20  -5        0.0310259084        0.0024183538
  20  -6       -0.0327191567       -0.0181490754
  20  -7       -0.0160424532       -0.0116444822
  20  -8       -0.0066651951        0.0396976221
  20  -9       -0.0151705003       -0.0353669732
  20 -10       -0.0163346600       -0.0224743911
  20 -11        0.0387768896        0.0333625492
  20 -12        0.0626112617        0.0123166958
  20 -13       -0.0029168557        0.0155078617
  20 -14        0.0120754927        0.0196822366
  20 -15       -0.0301922160       -0.0077394101
  20 -16        0.0218359103        0.0105226027
  20 -17       -0.0150361340       -0.0119951107
  20 -18       -0.0012360870        0.0083147899
  20 -19       -0.0069317982        0.0160443411
  20 -20        0.0041651466        0.0393177964
  21  21        0.0105306376       -0.0280889172
  21  20        0.0278256830       -0.0278877839
  21  19        0.0156104385        0.0012653644
  21  18        0.0307864946       -0.0108235296
  21  17        0.0115260870        0.0338301676
  21  16       -0.0096233493       -0.0117931097
  21  15       -0.0288857061       -0.0226145875
  21  14       -0.0200641555       -0.0152039849
  21  13        0.0181718160        0.0060083920
  21  12       -0.0127507166        0.0210016856
  21  11        0.0131620581       -0.0105169297
  21  10       -0.0300955839       -0.0409613476
  21   9        0.0176284271        0.0186001151
  21   8        0.0193131072       -0.0255115055
  21   7       -0.0068606531       -0.0036195858
  21   6       -0.0008534360        0.0164716612
  21   5        0.0098096727       -0.0310102096
  21   4        0.0239916280        0.0179217530
  21   3       -0.0031522058       -0.0031263938
  21   2        0.0129835253        0.0040275924
  21   1       -0.0357223562       -0.0140741029
  21   0        0.0062237761        0.0000000000
  21  -1        0.0357223562       -0.0140741029
  21  -2        0.0129835253       -0.0040275924
  21  -3        0.0031522058       -0.0031263938
  21  -4        0.0239916280       -0.0179217530
  21  -5       -0.0098096727       -0.0310102096
  21  -6       -0.0008534360       -0.0164716612
  21  -7        0.0068606531       -0.0036195858
  21  -8        0.0193131072        0.0255115055
  21  -9       -0.0176284271        0.0186001151
  21 -10       -0.0300955839        0.0409613476
  21 -11       -0.0131620581       -0.0105169297
  21 -12       -0.0127507166       -0.0210016856
  21 -13       -0.0181718160        0.0060083920
  21 -14       -0.0200641555        0.0152039849
  21 -15        0.0288857061       -0.0226145875
  21 -16       -0.0096233493        0.0117931097
  21 -17       -0.0115260870        0.0338301676
  21 -18        0.0307864946        0.0108235296
  21 -19       -0.0156104385        0.0012653644
  21 -20        0.0278256830        0.0278877839
  21 -21       -0.0105306376       -0.0280889172
  22  22       -0.0232496532        0.0123540953
  22  21        0.0045956750        0.0216151738
  22  20       -0.0176631552       -0.0107844422
  22  19        0.0301700471       -0.0040042286
  22  18        0.0171606528        0.0315570049
  22  17        0.0072237848       -0.0240619441
  22  16       -0.0117070371       -0.0085976450
  22  15       -0.0061268714       -0.0143193456
  22  14        0.0248071015        0.0302240624
  22  13        0.0115078593       -0.0154038086
  22  12       -0.0087888186       -0.0085790349
  22  11       -0.0168779877       -0.0128726912
  22  10       -0.0086663858       -0.0004588172
  22   9        0.0112067471       -0.0242904295
  22   8       -0.0173548016       -0.0226334261
  22   7       -0.0047467672        0.0162476411
  22   6        0.0174017070       -0.0191622574
  22   5       -0.0273819916       -0.0026335259
  22   4        0.0314635638        0.0000696351
  22   3       -0.0035019632       -0.0428585155
  22   2       -0.0303775616        0.0127308216
  22   1       -0.0083340153        0.0030155440
  22   0        0.0400322903        0.0000000000
  22  -1        0.0083340153        0.0030155440
  22  -2       -0.0303775616       -0.0127308216
  22  -3        0.0035019632       -0.0428585155
  22  -4        0.0314635638       -0.0000696351
  22  -5        0.0273819916       -0.0026335259
  22  -6        0.0174017070        0.0191622574
  22  -7        0.0047467672        0.0162476411
  22  -8       -0.0173548016        0.0226334261
  22  -9       -0.0112067471       -0.0242904295
  22 -10       -0.0086663858        0.0004588172
  22 -11        0.0168779877       -0.0128726912
  22 -12       -0.0087888186        0.0085790349
  22 -13       -0.0115078593       -0.0154038086
  22 -14        0.0248071015       -0.0302240624
  22 -15        0.0061268714       -0.0143193456
  22 -16       -0.0117070371        0.0085976450
  22 -17       -0.0072237848       -0.0240619441
  22 -18        0.0171606528       -0.0315570049
  22 -19       -0.0301700471       -0.0040042286
  22 -20       -0.0176631552        0.0107844422
  22 -21       -0.0045956750        0.0216151738
  22 -22       -0.0232496532       -0.0123540953
  23  23       -0.0259971887       -0.0254722520
  23  22        0.0030265320        0.0496716561
  23  21        0.0097718591       -0.0096775601
  23  20        0.0210844375       -0.0288662098
  23  19       -0.0173687766        0.0086568376
  23  18        0.0079466217        0.0051534046
  23  17       -0.0108041368       -0.0107047666
  23  16       -0.0138759867       -0.0014574858
  23  15        0.0133616926       -0.0016568170
  23  14        0.0176708102        0.0173988336
  23  13       -0.0188317714       -0.0008871944
  23  12       -0.0178302179       -0.0335750865
  23  11       -0.0190394973        0.0169430071
  23  10        0.0122654977       -0.0079165888
  23   9       -0.0042520685        0.0068251514
  23   8        0.0109289796        0.0064745624
  23   7        0.0259858429       -0.0032003655
  23   6        0.0127326952       -0.0051971524
  23   5        0.0067684195        0.0319127725
  23   4       -0.0217711079       -0.0170247379
  23   3       -0.0022240140        0.0223633016
  23   2        0.0197349125        0.0033166366
  23   1       -0.0281187458        0.0095859939
  23   0       -0.0157612315        0.0000000000
  23  -1        0.0281187458        0.0095859939
  23  -2        0.0197349125       -0.0033166366
  23  -3        0.0022240140        0.0223633016
  23  -4       -0.0217711079        0.0170247379
  23  -5       -0.0067684195        0.0319127725
  23  -6        0.0127326952        0.0051971524
  23  -7       -0.0259858429       -0.0032003655
  23  -8        0.0109289796       -0.0064745624
  23  -9        0.0042520685        0.0068251514
  23 -10        0.0122654977        0.0079165888
  23 -11        0.0190394973        0.0169430071
  23 -12       -0.0178302179        0.0335750865
  23 -13        0.0188317714       -0.0008871944
  23 -14        0.0176708102       -0.0173988336
  23 -15       -0.0133616926       -0.0016568170
  23 -16       -0.0138759867        0.0014574858
  23 -17        0.0108041368       -0.0107047666
  23 -18        0.0079466217       -0.0051534046
  23 -19        0.0173687766        0.0086568376
  23 -20        0.0210844375        0.0288662098
  23 -21       -0.0097718591       -0.0096775601
  23 -22        0.0030265320       -0.0496716561
  23 -23        0.0259971887       -0.0254722520
  24  24       -0.0165182630       -0.0366762457
  24  23       -0.0145852055        0.0307331239
  24  22        0.0228920132       -0.0325916572
  24  21        0.0113190889       -0.0288357471
  24  20       -0.0082057045        0.0034520586
  24  19        0.0091829034        0.0022870460
  24  18       -0.0223652499       -0.0133872271
  24  17       -0.0064561225        0.0027057695
  24  16       -0.0062235286       -0.0150845447
  24  15        0.0065033116        0.0158357761
  24  14        0.0311794076       -0.0130413680
  24  13       -0.0151324742        0.0355978251
  24  12        0.0290097964       -0.0118298169
  24  11       -0.0313991736       -0.0062766522
  24  10       -0.0166886726       -0.0371473376
  24   9       -0.0018719789       -0.0402900030
  24   8        0.0269047592       -0.0116423061
  24   7       -0.0035640537        0.0172691851
  24   6       -0.0094041193        0.0156438728
  24   5        0.0054916643       -0.0173716474
  24   4       -0.0217830744        0.0206391237
  24   3        0.0039689630        0.0024910473
  24   2       -0.0137324644       -0.0119183837
  24   1        0.0111194117       -0.0057276326
  24   0        0.0088107760        0.0000000000
  24  -1       -0.0111194117       -0.0057276326
  24  -2       -0.0137324644        0.0119183837
  24  -3       -0.0039689630        0.0024910473
  24  -4       -0.0217830744       -0.0206391237
  24  -5       -0.0054916643       -0.0173716474
  24  -6       -0.0094041193       -0.0156438728
  24  -7        0.0035640537        0.0172691851
  24  -8        0.0269047592        0.0116423061
  24  -9        0.0018719789       -0.0402900030
  24 -10       -0.0166886726        0.0371473376
  24 -11        0.0313991736       -0.0062766522
  24 -12        0.0290097964        0.0118298169
  24 -13        0.0151324742        0.0355978251
  24 -14        0.0311794076        0.0130413680
  24 -15       -0.0065033116        0.0158357761
  24 -16       -0.0062235286        0.0150845447
  24 -17        0.0064561225        0.0027057695
  24 -18       -0.0223652499        0.0133872271
  24 -19       -0.0091829034        0.0022870460
  24 -20       -0.0082057045       -0.0034520586
  24 -21       -0.0113190889       -0.0288357471
  24 -22        0.0228920132        0.0325916572
  24 -23        0.0145852055        0.0307331239
  24 -24       -0.0165182630        0.0366762457
  25  25       -0.0018442221       -0.0617645920
  25  24        0.0048575871        0.0266226308
  25  23        0.0070103588       -0.0227590668
  25  22        0.0356380000       -0.0191000982
  25  21        0.0078932946        0.0049614076
  25  20        0.0113973700       -0.0042345271
  25  19       -0.0076955359       -0.0225535656
  25  18       -0.0097359335        0.0119393906
  25  17        0.0058746132       -0.0093588855
  25  16        0.0053647269       -0.0236971200
  25  15        0.0255270350        0.0091756574
  25  14        0.0094072779       -0.0032920925
  25  13       -0.0093393682        0.0024425933
  25  12        0.0322112925        0.0203757811
  25  11       -0.0303827821       -0.0014305669
  25  10       -0.0300693667       -0.0027442188
  25   9        0.0122484547       -0.0092725077
  25   8       -0.0053981620       -0.0060313028
  25   7       -0.0070786002        0.0275324270
  25   6        0.0075813125       -0.0109152086
  25   5       -0.0001924256        0.0078044901
  25   4        0.0335782921        0.0306043148
  25   3        0.0343104431       -0.0114010688
  25   2        0.0261322901       -0.0050277969
  25   1       -0.0002059684       -0.0071130338
  25   0       -0.0083689835        0.0000000000
  25  -1        0.0002059684       -0.0071130338
  25  -2        0.0261322901        0.0050277969
  25  -3       -0.0343104431       -0.0114010688
  25  -4        0.0335782921       -0.0306043148
  25  -5        0.0001924256        0.0078044901
  25  -6        0.0075813125        0.0109152086
  25  -7        0.0070786002        0.0275324270
  25  -8       -0.0053981620        0.0060313028
  25  -9       -0.0122484547       -0.0092725077
  25 -10       -0.0300693667        0.0027442188
  25 -11        0.0303827821       -0.0014305669
  25 -12        0.0322112925       -0.0203757811
  25 -13        0.0093393682        0.0024425933
  25 -14        0.0094072779        0.0032920925
  25 -15       -0.0255270350        0.0091756574
  25 -16        0.0053647269        0.0236971200
  25 -17       -0.0058746132       -0.0093588855
  25 -18       -0.0097359335       -0.0119393906
  25 -19        0.0076955359       -0.0225535656
  25 -20        0.0113973700        0.0042345271
  25 -21       -0.0078932946        0.0049614076
  25 -22        0.0356380000        0.0191000982
  25 -23       -0.0070103588       -0.0227590668
  25 -24        0.0048575871       -0.0266226308
  25 -25        0.0018442221       -0.0617645920
  26  26        0.0341376462       -0.0094980121
  26  25        0.0378976189       -0.0002161556
  26  24       -0.0077626727        0.0209745201
  26  23        0.0227622450        0.0074404972
  26  22       -0.0167206488        0.0044491265
  26  21        0.0049774505       -0.0132238103
  26  20       -0.0223628984       -0.0315002508
  26  19       -0.0238548560        0.0133558694
  26  18        0.0086787590       -0.0001966714
  26  17        0.0021669452       -0.0266308728
  26  16        0.0030797625        0.0083990361
  26  15        0.0388007075        0.0016464858
  26  14       -0.0081009446       -0.0048684089
  26  13       -0.0020995601        0.0303905834
  26  12       -0.0230894375       -0.0004782263
  26  11       -0.0213752563       -0.0148802087
  26  10        0.0234725346       -0.0259620991
  26   9       -0.0494513006        0.0134388594
  26   8        0.0171039912        0.0173416542
  26   7       -0.0069585610        0.0136295535
  26   6       -0.0022985582        0.0165319234
  26   5        0.0233714184        0.0075170958
  26   4       -0.0212973316       -0.0229754636
  26   3       -0.0139583302       -0.0073264840
  26   2        0.0196262294        0.0271271568
  26   1       -0.0050832778        0.0202113784
  26   0       -0.0230795103        0.0000000000
  26  -1        0.0050832778        0.0202113784
  26  -2        0.0196262294       -0.0271271568
  26  -3        0.0139583302       -0.0073264840
  26  -4       -0.0212973316        0.0229754636
  26  -5       -0.0233714184        0.0075170958
  26  -6       -0.0022985582       -0.0165319234
  26  -7        0.0069585610        0.0136295535
  26  -8        0.0171039912       -0.0173416542
  26  -9        0.0494513006        0.0134388594
  26 -10        0.0234725346        0.0259620991
  26 -11        0.0213752563       -0.0148802087
  26 -12       -0.0230894375        0.0004782263
  26 -13        0.0020995601        0.0303905834
  26 -14       -0.0081009446        0.0048684089
  26 -15       -0.0388007075        0.0016464858
  26 -16        0.0030797625       -0.0083990361
  26 -17       -0.0021669452       -0.0266308728
  26 -18        0.0086787590        0.0001966714
  26 -19        0.0238548560        0.0133558694
  26 -20       -0.0223628984        0.0315002508
  26 -21       -0.0049774505       -0.0132238103
  26 -22       -0.0167206488       -0.0044491265
  26 -23       -0.0227622450        0.0074404972
  26 -24       -0.0077626727       -0.0209745201
  26 -25       -0.0378976189       -0.0002161556
  26 -26        0.0341376462        0.0094980121
  27  27        0.0191980164       -0.0027255646
  27  26       -0.0087606236       -0.0007032624
  27  25        0.0053206815        0.0140861583
  27  24        0.0253742469        0.0172893194
  27  23       -0.0182169304        0.0017608381
  27  22        0.0234703858       -0.0005733476
  27  21        0.0034369210       -0.0230320921
  27  20       -0.0054790560       -0.0113924681
  27  19       -0.0249403838       -0.0149163780
  27  18        0.0000828692        0.0038888935
  27  17        0.0069155721       -0.0186208998
  27  16        0.0008855257       -0.0017464168
  27  15        0.0224718065       -0.0092362603
  27  14       -0.0388016982       -0.0006231131
  27  13       -0.0057652900        0.0054741794
  27  12        0.0177192593       -0.0077355006
  27  11        0.0110374964       -0.0038768822
  27  10       -0.0194831242        0.0005281742
  27   9        0.0149186805        0.0233303755
  27   8        0.0143501710       -0.0130363369
  27   7       -0.0076694849       -0.0037015708
  27   6       -0.0086259072       -0.0000876578
  27   5        0.0069089340        0.0165180600
  27   4       -0.0360025827       -0.0134759593
  27   3       -0.0106889145        0.0232630093
  27   2        0.0001704573        0.0112849801
  27   1        0.0022606828       -0.0194650497
  27   0        0.0517312316        0.0000000000
  27  -1       -0.0022606828       -0.0194650497
  27  -2        0.0001704573       -0.0112849801
  27  -3        0.0106889145        0.0232630093
  27  -4       -0.0360025827        0.0134759593
  27  -5       -0.0069089340        0.0165180600
  27  -6       -0.0086259072        0.0000876578
  27  -7        0.0076694849       -0.0037015708
  27  -8        0.0143501710        0.0130363369
  27  -9       -0.0149186805        0.0233303755
  27 -10       -0.0194831242       -0.0005281742
  27 -11       -0.0110374964       -0.0038768822
  27 -12        0.0177192593        0.0077355006
  27 -13        0.0057652900        0.0054741794
  27 -14       -0.0388016982        0.0006231131
  27 -15       -0.0224718065       -0.0092362603
  27 -16        0.0008855257        0.0017464168
  27 -17       -0.0069155721       -0.0186208998
  27 -18        0.0000828692       -0.0038888935
  27 -19        0.0249403838       -0.0149163780
  27 -20       -0.0054790560        0.0113924681
  27 -21       -0.0034369210       -0.0230320921
  27 -22        0.0234703858        0.0005733476
  27 -23        0.0182169304        0.0017608381
  27 -24        0.0253742469       -0.0172893194
  27 -25       -0.0053206815        0.0140861583
  27 -26       -0.0087606236        0.0007032624
  27 -27       -0.0191980164       -0.0027255646
  28  28        0.0214099119        0.0140093312
  28  27       -0.0124480430        0.0235495128
  28  26        0.0075174492       -0.0379971755
  28  25       -0.0017131879        0.0012924278
  28  24       -0.0037439461       -0.0013000480
  28  23       -0.0223459772       -0.0172722688
  28  22        0.0136133831       -0.0320817836
  28  21       -0.0188050170       -0.0387569657
  28  20        0.0043213898        0.0022106302
  28  19       -0.0014580355        0.0024788964
  28  18       -0.0213070881       -0.0031081347
  28  17       -0.0076345015       -0.0370228184
  28  16        0.0366621709        0.0000755524
  28  15       -0.0248644284        0.0243879635
  28  14       -0.0102198029       -0.0035560506
  28  13       -0.0166992015       -0.0140178176
  28  12        0.0146879695       -0.0038557582
  28  11       -0.0107291475       -0.0038104016
  28  10        0.0159451731       -0.0156243180
  28   9       -0.0089906566       -0.0163506714
  28   8       -0.0076329605        0.0136567102
  28   7       -0.0162399073        0.0067109742
  28   6        0.0077608514        0.0272985550
  28   5       -0.0205236954        0.0326624162
  28   4       -0.0141950783        0.0119926796
  28   3        0.0123553491       -0.0116254367
  28   2        0.0055863312       -0.0062995330
  28   1        0.0098265714       -0.0014869682
  28   0        0.0067390516        0.0000000000
  28  -1       -0.0098265714       -0.0014869682
  28  -2        0.0055863312        0.0062995330
  28  -3       -0.0123553491       -0.0116254367
  28  -4       -0.0141950783       -0.0119926796
  28  -5        0.0205236954        0.0326624162
  28  -6        0.0077608514       -0.0272985550
  28  -7        0.0162399073        0.0067109742
  28  -8       -0.0076329605       -0.0136567102
  28  -9        0.0089906566       -0.0163506714
  28 -10        0.0159451731        0.0156243180
  28 -11        0.0107291475       -0.0038104016
  28 -12        0.0146879695        0.0038557582
  28 -13        0.0166992015       -0.0140178176
  28 -14       -0.0102198029        0.0035560506
  28 -15        0.0248644284        0.0243879635
  28 -16        0.0366621709       -0.0000755524
  28 -17        0.0076345015       -0.0370228184
  28 -18       -0.0213070881        0.0031081347
  28 -19        0.0014580355        0.0024788964
  28 -20        0.0043213898       -0.0022106302
  28 -21        0.0188050170       -0.0387569657
  28 -22        0.0136133831        0.0320817836
  28 -23        0.0223459772       -0.0172722688
  28 -24       -0.0037439461        0.0013000480
  28 -25        0.0017131879        0.0012924278
  28 -26        0.0075174492        0.0379971755
  28 -27        0.0124480430        0.0235495128
  28 -28        0.0214099119       -0.0140093312
  29  29       -0.0247946595        0.0125740434
  29  28        0.0113563000        0.0081859852
  29  27        0.0124107143       -0.0007062925
  29  26       -0.0347734681        0.0139253314
  29  25        0.0045655545       -0.0205528718
  29  24       -0.0003782328        0.0198930490
  29  23       -0.0076391919       -0.0117189755
  29  22        0.0253583635        0.0095817169
  29  21        0.0133267345        0.0155679313
  29  20        0.0068811004        0.0109019945
  29  19        0.0083075578       -0.0126211434
  29  18       -0.0151610637       -0.0049922985
  29  17       -0.0172647344        0.0128542773
  29  16        0.0074866806        0.0081471300
  29  15       -0.0145728694        0.0085205542
  29  14       -0.0007482929       -0.0036556928
  29  13       -0.0100799008       -0.0237336728
  29  12       -0.0151722445        0.0107843781
  29  11        0.0006563417       -0.0049338668
  29  10       -0.0070240785        0.0173132731
  29   9       -0.0020674016        0.0144039399
  29   8       -0.0141644688        0.0211433796
  29   7       -0.0191919861       -0.0022633904
  29   6       -0.0196387048       -0.0020335493
  29   5       -0.0072917877       -0.0020045358
  29   4        0.0118106297       -0.0092187438
  29   3       -0.0019837973        0.0140152561
  29   2       -0.0109916672       -0.0008428653
  29   1        0.0014667658        0.0026127509
  29   0        0.0391860209        0.0000000000
  29  -1       -0.0014667658        0.0026127509
  29  -2       -0.0109916672        0.0008428653
  29  -3        0.0019837973        0.0140152561
  29  -4        0.0118106297        0.0092187438
  29  -5        0.0072917877       -0.0020045358
  29  -6       -0.0196387048        0.0020335493
  29  -7        0.0191919861       -0.0022633904
  29  -8       -0.0141644688       -0.0211433796
  29  -9        0.0020674016        0.0144039399
  29 -10       -0.0070240785       -0.0173132731
  29 -11       -0.0006563417       -0.0049338668
  29 -12       -0.0151722445       -0.0107843781
  29 -13        0.0100799008       -0.0237336728
  29 -14       -0.0007482929        0.0036556928
  29 -15        0.0145728694        0.0085205542
  29 -16        0.0074866806       -0.0081471300
  29 -17        0.0172647344        0.0128542773
  29 -18       -0.0151610637        0.0049922985
  29 -19       -0.0083075578       -0.0126211434
  29 -20        0.0068811004       -0.0109019945
  29 -21       -0.0133267345        0.0155679313
  29 -22        0.0253583635       -0.0095817169
  29 -23        0.0076391919       -0.0117189755
  29 -24       -0.0003782328       -0.0198930490
  29 -25       -0.0045655545       -0.0205528718
  29 -26       -0.0347734681       -0.0139253314
  29 -27       -0.0124107143       -0.0007062925
  29 -28        0.0113563000       -0.0081859852
  29 -29        0.0247946595        0.0125740434
  30  30       -0.0115901794        0.0005853346
  30  29        0.0095077527       -0.0020309418
  30  28       -0.0040311349        0.0170095912
  30  27       -0.0097747255        0.0072642306
  30  26        0.0100606613        0.0152798971
  30  25        0.0201055402        0.0292698199
  30  24       -0.0181785691       -0.0316452445
  30  23        0.0011106847       -0.0050178277
  30  22        0.0151596753        0.0224900398
  30  21       -0.0038091254        0.0066881929
  30  20       -0.0227259272       -0.0087692327
  30  19       -0.0075460982       -0.0149108356
  30  18       -0.0340102382        0.0014534002
  30  17        0.0101210658        0.0258236967
  30  16        0.0040090320        0.0007837314
  30  15       -0.0123910708        0.0252471021
  30  14       -0.0050506234        0.0117715340
  30  13       -0.0201479005       -0.0209947612
  30  12       -0.0133372388       -0.0137374021
  30  11        0.0236539745        0.0119871726
  30  10       -0.0199257639        0.0136027054
  30   9       -0.0102288373       -0.0099438440
  30   8       -0.0172696490       -0.0068144393
  30   7        0.0202175197        0.0007331360
  30   6        0.0317289353       -0.0305833049
  30   5        0.0109978793        0.0045849825
  30   4       -0.0087541764        0.0060662175
  30   3       -0.0007303869        0.0037126865
  30   2        0.0007941246        0.0060067533
  30   1       -0.0290395753       -0.0035878508
  30   0        0.0307384459        0.0000000000
  30  -1        0.0290395753       -0.0035878508
  30  -2        0.0007941246       -0.0060067533
  30  -3        0.0007303869        0.0037126865
  30  -4       -0.0087541764       -0.0060662175
  30  -5       -0.0109978793        0.0045849825
  30  -6        0.0317289353        0.0305833049
  30  -7       -0.0202175197        0.0007331360
  30  -8       -0.0172696490        0.0068144393
  30  -9        0.0102288373       -0.0099438440
  30 -10       -0.0199257639       -0.0136027054
  30 -11       -0.0236539745        0.0119871726
  30 -12       -0.0133372388        0.0137374021
  30 -13        0.0201479005       -0.0209947612
  30 -14       -0.0050506234       -0.0117715340
  30 -15        0.0123910708        0.0252471021
  30 -16        0.0040090320       -0.0007837314
  30 -17       -0.0101210658        0.0258236967
  30 -18       -0.0340102382       -0.0014534002
  30 -19        0.0075460982       -0.0149108356
  30 -20       -0.0227259272        0.0087692327
  30 -21        0.0038091254        0.0066881929
  30 -22        0.0151596753       -0.0224900398
  30 -23       -0.0011106847       -0.0050178277
  30 -24       -0.0181785691        0.0316452445
  30 -25       -0.0201055402        0.0292698199
  30 -26        0.0100606613       -0.0152798971
  30 -27        0.0097747255        0.0072642306
  30 -28       -0.0040311349       -0.0170095912
  30 -29       -0.0095077527       -0.0020309418
  30 -30       -0.0115901794       -0.0005853346
