   0   0       41.5923381926        0.0000000000
   1   1        0.6449120981        0.1104244949
   1   0        0.6164647090        0.0000000000
   1  -1       -0.6449120981        0.1104244949
   2   2       -2.4736318970       -3.5644627950
   2   1       -1.1769310574        2.6374285653
   2   0        4.3119369873        0.0000000000
   2  -1        1.1769310574        2.6374285653
   2  -2       -2.4736318970        3.5644627950
   3   3        0.7050712102        0.3004525536
   3   2        0.5812292691       -0.8214970804
   3   1        0.4597769877       -0.4481879754
   3   0       -0.9104750946        0.0000000000
   3  -1       -0.4597769877       -0.4481879754
   3  -2        0.5812292691        0.8214970804
   3  -3       -0.7050712102        0.3004525536
   4   4        0.0168758940       -0.0327999518
   4   3        1.2234048313       -0.1370722970
   4   2       -0.1855660333       -1.1757120591
   4   1       -0.8674283134        0.5529725605
   4   0       -0.5823071467        0.0000000000
   4  -1        0.8674283134        0.5529725605
   4  -2       -0.1855660333        1.1757120591
   4  -3       -1.2234048313       -0.1370722970
   4  -4        0.0168758940        0.0327999518
   5   5        0.1276730428       -0.8319924802
   5   4       -0.6698752852       -0.1245947577
   5   3       -0.8275184482        0.2354104678
   5   2        0.6336751634        0.0888554242
   5   1        0.6800164794       -0.0017252991
   5   0       -0.8815112830        0.0000000000
   5  -1       -0.6800164794       -0.0017252991
   5  -2        0.6336751634       -0.0888554242
   5  -3        0.8275184482        0.2354104678
   5  -4       -0.6698752852        0.1245947577
   5  -5       -0.1276730428       -0.8319924802
   6   6       -0.5267394047        0.1558080149
   6   5        0.0238903664       -0.0574390564
   6   4        0.3855259589       -0.0198343282
   6   3        0.5062204803       -0.2991689989
   6   2       -0.1736624474       -0.1345659317
   6   1        0.0413434877       -0.5850190617
   6   0       -0.5141387205        0.0000000000
   6  -1       -0.0413434877       -0.5850190617
   6  -2       -0.1736624474        0.1345659317
   6  -3       -0.5062204803       -0.2991689989
   6  -4        0.3855259589        0.0198343282
   6  -5       -0.0238903664       -0.0574390564
   6  -6       -0.5267394047       -0.1558080149
   7   7        0.0213770899        0.1097445216
   7   6        0.1957693201        0.2973770593
   7   5        0.4623419141        0.0217758574
   7   4        0.0391757170       -0.2472320277
   7   3       -0.2793555437        0.2337649545
   7   2        0.0541551864        0.2974204041
   7   1        0.3351802236       -0.0653095790
   7   0       -0.2651314696        0.0000000000
   7  -1       -0.3351802236       -0.0653095790
   7  -2        0.0541551864       -0.2974204041
   7  -3        0.2793555437        0.2337649545
   7  -4        0.0391757170        0.2472320277
   7  -5       -0.4623419141        0.0217758574
   7  -6        0.1957693201       -0.2973770593
   7  -7       -0.0213770899        0.1097445216
   8   8        0.1798679477        0.1016195532
   8   7       -0.0368711701       -0.0975610794
   8   6       -0.1251534948       -0.2121698541
   8   5       -0.0342400299        0.3181279471
   8   4       -0.0668555023        0.1999469938
   8   3        0.0292109822       -0.2079706176
   8   2        0.1288505800        0.1929429340
   8   1       -0.0433845521        0.0727233569
   8   0        0.1913350739        0.0000000000
   8  -1        0.0433845521        0.0727233569
   8  -2        0.1288505800       -0.1929429340
   8  -3       -0.0292109822       -0.2079706176
   8  -4       -0.0668555023       -0.1999469938
   8  -5        0.0342400299        0.3181279471
   8  -6       -0.1251534948        0.2121698541
   8  -7        0.0368711701       -0.0975610794
   8  -8        0.1798679477       -0.1016195532
   9   9       -0.2166400330       -0.0783226712
   9   8       -0.1116102403        0.0031718678
   9   7       -0.0927861485        0.2171501927
   9   6       -0.0242903052        0.1042040285
   9   5        0.0815401158       -0.0816034651
   9   4        0.0118964840       -0.0043977299
   9   3       -0.1186824222        0.1498947731
   9   2       -0.0796983039        0.0068273030
   9   1       -0.0002177748        0.0750026814
   9   0        0.0424741970        0.0000000000
   9  -1        0.0002177748        0.0750026814
   9  -2       -0.0796983039       -0.0068273030
   9  -3        0.1186824222        0.1498947731
   9  -4        0.0118964840        0.0043977299
   9  -5       -0.0815401158       -0.0816034651
   9  -6       -0.0242903052       -0.1042040285
   9  -7        0.0927861485        0.2171501927
   9  -8       -0.1116102403       -0.0031718678
   9  -9        0.2166400330       -0.0783226712
  10  10        0.0220024123       -0.0468614441
  10   9       -0.1192280910        0.0222486749
  10   8        0.0426671524        0.0838594423
  10   7        0.0652130597       -0.0483721609
  10   6        0.0785077063       -0.0945320609
  10   5       -0.1585183775       -0.0324449538
  10   4       -0.0246839077        0.1137268035
  10   3       -0.1375455068       -0.1335413805
  10   2        0.0186719313        0.0178676593
  10   1       -0.1672127979        0.1768310115
  10   0        0.0315181305        0.0000000000
  10  -1        0.1672127979        0.1768310115
  10  -2        0.0186719313       -0.0178676593
  10  -3        0.1375455068       -0.1335413805
  10  -4       -0.0246839077       -0.1137268035
  10  -5        0.1585183775       -0.0324449538
  10  -6        0.0785077063        0.0945320609
  10  -7       -0.0652130597       -0.0483721609
  10  -8        0.0426671524       -0.0838594423
  10  -9        0.1192280910        0.0222486749
  10 -10        0.0220024123        0.0468614441
  11  11        0.1316807970        0.1569107491
  11  10        0.1467634842       -0.0688412545
  11   9        0.0418478046       -0.0705433607
  11   8       -0.0479380755        0.1166047010
  11   7       -0.0644753838       -0.0248465257
  11   6        0.0227425171        0.0391297990
  11   5        0.0361604900        0.0315866905
  11   4       -0.0569236294        0.0630400855
  11   3        0.0742177978        0.0821886895
  11   2       -0.0861339915       -0.0652132091
  11   1       -0.0089290502        0.0345261931
  11   0       -0.0898179436        0.0000000000
  11  -1        0.0089290502        0.0345261931
  11  -2       -0.0861339915        0.0652132091
  11  -3       -0.0742177978        0.0821886895
  11  -4       -0.0569236294       -0.0630400855
  11  -5       -0.0361604900        0.0315866905
  11  -6        0.0227425171       -0.0391297990
  11  -7        0.0644753838       -0.0248465257
  11  -8       -0.0479380755       -0.1166047010
  11  -9       -0.0418478046       -0.0705433607
  11 -10        0.1467634842        0.0688412545
  11 -11       -0.1316807970        0.1569107491
  12  12       -0.1047511834       -0.0041485136
  12  11        0.0148827806        0.0959295069
  12  10       -0.0760805114       -0.0379893006
  12   9       -0.0111974772        0.0377933258
  12   8       -0.0198159119        0.0698669028
  12   7       -0.0090654127        0.0759935947
  12   6        0.0446750833       -0.0345924835
  12   5        0.0305080260       -0.0400416809
  12   4       -0.0130318408       -0.0109625431
  12   3       -0.0845632515       -0.0280737074
  12   2       -0.0402763566       -0.0552346197
  12   1       -0.0777181682        0.0561177255
  12   0       -0.0800781712        0.0000000000
  12  -1        0.0777181682        0.0561177255
  12  -2       -0.0402763566        0.0552346197
  12  -3        0.0845632515       -0.0280737074
  12  -4       -0.0130318408        0.0109625431
  12  -5       -0.0305080260       -0.0400416809
  12  -6        0.0446750833        0.0345924835
  12  -7        0.0090654127        0.0759935947
  12  -8       -0.0198159119       -0.0698669028
  12  -9        0.0111974772        0.0377933258
  12 -10       -0.0760805114        0.0379893006
  12 -11       -0.0148827806        0.0959295069
  12 -12       -0.1047511834        0.0041485136
  13  13        0.0389124664        0.0062780395
  13  12       -0.1319862041       -0.0041080016
  13  11        0.0284886018        0.0726734746
  13  10       -0.0117531439       -0.0339583534
  13   9       -0.0729089281        0.0089733116
  13   8       -0.0024466151       -0.0402607281
  13   7       -0.0319639515       -0.0552442155
  13   6        0.0469721409        0.0584429603
  13   5       -0.0256485699       -0.0459543485
  13   4       -0.0526986644        0.0014660685
  13   3        0.0685785786        0.0192873607
  13   2        0.0468682582        0.0265174722
  13   1        0.0601584456       -0.0635889806
  13   0       -0.0972434407        0.0000000000
  13  -1       -0.0601584456       -0.0635889806
  13  -2        0.0468682582       -0.0265174722
  13  -3       -0.0685785786        0.0192873607
  13  -4       -0.0526986644       -0.0014660685
  13  -5        0.0256485699       -0.0459543485
  13  -6        0.0469721409       -0.0584429603
  13  -7        0.0319639515       -0.0552442155
  13  -8       -0.0024466151        0.0402607281
  13  -9        0.0729089281        0.0089733116
  13 -10       -0.0117531439        0.0339583534
  13 -11       -0.0284886018        0.0726734746
  13 -12       -0.1319862041        0.0041080016
  13 -13       -0.0389124664        0.0062780395
  14  14       -0.0448823496        0.0148274661
  14  13        0.0163831534       -0.0329166848
  14  12        0.0199493101       -0.0158845135
  14  11       -0.0294775261       -0.0037767476
  14  10        0.0114058190       -0.0620309565
  14   9        0.0047053483        0.0566151055
  14   8       -0.0879494467        0.0153279218
  14   7       -0.0252033866        0.0283657508
  14   6        0.0519572515       -0.0106480202
  14   5        0.0949411146        0.0608324655
  14   4        0.0147586498       -0.0894043028
  14   3       -0.0039652878       -0.0702855273
  14   2        0.0330976493       -0.0872832929
  14   1       -0.1343924931        0.0763116293
  14   0        0.0478065481        0.0000000000
  14  -1        0.1343924931        0.0763116293
  14  -2        0.0330976493        0.0872832929
  14  -3        0.0039652878       -0.0702855273
  14  -4        0.0147586498        0.0894043028
  14  -5       -0.0949411146        0.0608324655
  14  -6        0.0519572515        0.0106480202
  14  -7        0.0252033866        0.0283657508
  14  -8       -0.0879494467       -0.0153279218
  14  -9       -0.0047053483        0.0566151055
  14 -10        0.0114058190        0.0620309565
  14 -11        0.0294775261       -0.0037767476
  14 -12        0.0199493101        0.0158845135
  14 -13       -0.0163831534       -0.0329166848
  14 -14       -0.0448823496       -0.0148274661
  15  15       -0.0344081833       -0.0912451463
  15  14       -0.0008989156        0.0339024592
  15  13       -0.0189944621        0.0082494403
  15  12       -0.0009854814        0.0404559615
  15  11       -0.0090893055        0.0396630392
  15  10       -0.0931329374        0.0160857076
  15   9        0.0276220072       -0.0133148145
  15   8        0.0328396610        0.0164922002
  15   7       -0.0025130781        0.0561051627
  15   6        0.0245125944       -0.0277374147
  15   5       -0.0414510597        0.0336263667
  15   4       -0.0213653113        0.0184683126
  15   3        0.0959683457        0.0477861804
  15   2        0.1000843737        0.0506171499
  15   1        0.0394825033       -0.0836515216
  15   0        0.0325426774        0.0000000000
  15  -1       -0.0394825033       -0.0836515216
  15  -2        0.1000843737       -0.0506171499
  15  -3       -0.0959683457        0.0477861804
  15  -4       -0.0213653113       -0.0184683126
  15  -5        0.0414510597        0.0336263667
  15  -6        0.0245125944        0.0277374147
  15  -7        0.0025130781        0.0561051627
  15  -8        0.0328396610       -0.0164922002
  15  -9       -0.0276220072       -0.0133148145
  15 -10       -0.0931329374       -0.0160857076
  15 -11        0.0090893055        0.0396630392
  15 -12       -0.0009854814       -0.0404559615
  15 -13        0.0189944621        0.0082494403
  15 -14       -0.0008989156       -0.0339024592
  15 -15        0.0344081833       -0.0912451463
  16  16        0.0198210598        0.0915395705
  16  15       -0.0299304698       -0.0350425343
  16  14        0.0057721519        0.0292172410
  16  13        0.0277254798       -0.0353658299
  16  12       -0.0655485261       -0.0241427277
  16  11       -0.0143482649        0.0290258876
  16  10        0.0498523738       -0.0053405222
  16   9       -0.0681261964       -0.0505726925
  16   8       -0.0856956201       -0.0472050680
  16   7        0.0084130387        0.0310818992
  16   6       -0.0297529886        0.0196026643
  16   5        0.0578397617        0.0203277234
  16   4        0.0401698095        0.0162785865
  16   3        0.0212897562        0.0412857875
  16   2       -0.0025224192       -0.0219725727
  16   1       -0.0472311152       -0.0021702648
  16   0       -0.0133678373        0.0000000000
  16  -1        0.0472311152       -0.0021702648
  16  -2       -0.0025224192        0.0219725727
  16  -3       -0.0212897562        0.0412857875
  16  -4        0.0401698095       -0.0162785865
  16  -5       -0.0578397617        0.0203277234
  16  -6       -0.0297529886       -0.0196026643
  16  -7       -0.0084130387        0.0310818992
  16  -8       -0.0856956201        0.0472050680
  16  -9        0.0681261964       -0.0505726925
  16 -10        0.0498523738        0.0053405222
  16 -11        0.0143482649        0.0290258876
  16 -12       -0.0655485261        0.0241427277
  16 -13       -0.0277254798       -0.0353658299
  16 -14        0.0057721519       -0.0292172410
  16 -15        0.0299304698       -0.0350425343
  16 -16        0.0198210598       -0.0915395705
  17  17        0.0080856302       -0.0314044403
  17  16        0.0143994176        0.0555296802
  17  15       -0.0248057981        0.0095410187
  17  14       -0.0384388571       -0.0517642916
  17  13        0.0390784140        0.0516996223
  17  12       -0.0091006389       -0.0004206698
  17  11       -0.0079064588       -0.0567049260
  17  10       -0.0045791756       -0.0045705662
  17   9       -0.0092922551       -0.0060750680
  17   8       -0.0350504310       -0.0241954016
  17   7        0.0226756200       -0.0408641962
  17   6        0.0151306555       -0.0312678719
  17   5        0.0167189613       -0.0676550095
  17   4       -0.0002551855        0.0733775114
  17   3       -0.0134922945        0.0472769071
  17   2       -0.0363514619        0.0772370999
  17   1        0.0774652727        0.0005072015
  17   0        0.0252156382        0.0000000000
  17  -1       -0.0774652727        0.0005072015
  17  -2       -0.0363514619       -0.0772370999
  17  -3        0.0134922945        0.0472769071
  17  -4       -0.0002551855       -0.0733775114
  17  -5       -0.0167189613       -0.0676550095
  17  -6        0.0151306555        0.0312678719
  17  -7       -0.0226756200       -0.0408641962
  17  -8       -0.0350504310        0.0241954016
  17  -9        0.0092922551       -0.0060750680
  17 -10       -0.0045791756        0.0045705662
  17 -11        0.0079064588       -0.0567049260
  17 -12       -0.0091006389        0.0004206698
  17 -13       -0.0390784140        0.0516996223
  17 -14       -0.0384388571        0.0517642916
  17 -15        0.0248057981        0.0095410187
  17 -16        0.0143994176       -0.0555296802
  17 -17       -0.0080856302       -0.0314044403
  18  18        0.0270921327       -0.0036378893
  18  17       -0.0484604616       -0.0337029316
  18  16       -0.0410052792        0.0004476786
  18  15        0.0086312106        0.0103880110
  18  14       -0.0078391289        0.0204393171
  18  13        0.0074031628       -0.0561873364
  18  12       -0.0183724890        0.0091285388
  18  11       -0.0012751469        0.0365175218
  18  10       -0.0206096250       -0.0003894456
  18   9        0.0071483717       -0.0710873550
  18   8        0.0115902144       -0.0456852913
  18   7       -0.0189431946       -0.0072281567
  18   6       -0.0284591736        0.0472998363
  18   5        0.0034353367        0.0428352001
  18   4        0.0443454394        0.0473872559
  18   3       -0.0160887319       -0.0075646188
  18   2       -0.0416095133        0.0313594375
  18   1        0.0100928720        0.0292099727
  18   0        0.0020437392        0.0000000000
  18  -1       -0.0100928720        0.0292099727
  18  -2       -0.0416095133       -0.0313594375
  18  -3        0.0160887319       -0.0075646188
  18  -4        0.0443454394       -0.0473872559
  18  -5       -0.0034353367        0.0428352001
  18  -6       -0.0284591736       -0.0472998363
  18  -7        0.0189431946       -0.0072281567
  18  -8        0.0115902144        0.0456852913
  18  -9       -0.0071483717       -0.0710873550
  18 -10       -0.0206096250        0.0003894456
  18 -11        0.0012751469        0.0365175218
  18 -12       -0.0183724890       -0.0091285388
  18 -13       -0.0074031628       -0.0561873364
  18 -14       -0.0078391289       -0.0204393171
  18 -15       -0.0086312106        0.0103880110
  18 -16       -0.0410052792       -0.0004476786
  18 -17        0.0484604616       -0.0337029316
  18 -18        0.0270921327        0.0036378893
  19  19       -0.0510018043        0.1054550141
  19  18        0.0246033444        0.0187174115
  19  17       -0.0408180039        0.0185177814
  19  16        0.0184598129       -0.0033673337
  19  15       -0.0278587285       -0.0463723332
  19  14       -0.0098322040       -0.0128049957
  19  13       -0.0319133109        0.0317544634
  19  12        0.0072780820        0.0164414567
  19  11       -0.0168984314       -0.0288087255
  19  10        0.0013216322        0.0228090972
  19   9       -0.0002361401       -0.0257848183
  19   8       -0.0086682846        0.0010250097
  19   7        0.0315809937       -0.0616783064
  19   6        0.0839266279       -0.0100587335
  19   5       -0.0155465645       -0.0111657107
  19   4       -0.0581189356        0.0027090223
  19   3       -0.0072411100        0.0030008032
  19   2       -0.0172262782        0.0140354571
  19   1        0.0310969086       -0.0369683569
  19   0        0.0141262049        0.0000000000
  19  -1       -0.0310969086       -0.0369683569
  19  -2       -0.0172262782       -0.0140354571
  19  -3        0.0072411100        0.0030008032
  19  -4       -0.0581189356       -0.0027090223
  19  -5        0.0155465645       -0.0111657107
  19  -6        0.0839266279        0.0100587335
  19  -7       -0.0315809937       -0.0616783064
  19  -8       -0.0086682846       -0.0010250097
  19  -9        0.0002361401       -0.0257848183
  19 -10        0.0013216322       -0.0228090972
  19 -11        0.0168984314       -0.0288087255
  19 -12        0.0072780820       -0.0164414567
  19 -13        0.0319133109        0.0317544634
  19 -14       -0.0098322040        0.0128049957
  19 -15        0.0278587285       -0.0463723332
  19 -16        0.0184598129        0.0033673337
  19 -17        0.0408180039        0.0185177814
  19 -18        0.0246033444       -0.0187174115
  19 -19        0.0510018043        0.1054550141
  20  20        0.0319108601        0.0107614602
  20  19        0.0171346082        0.0098623506
  20  18        0.0504225409        0.0305762057
  20  17       -0.0524420960       -0.0259984539
  20  16       -0.0135558719        0.0197102467
  20  15       -0.0232182837        0.0171593001
  20  14       -0.0096865170       -0.0214057237
  20  13       -0.0401383888        0.0160363968
  20  12       -0.0126626312        0.0082643195
  20  11        0.0134531981        0.0290071503
  20  10        0.0415600708       -0.0329377599
  20   9       -0.0014735132       -0.0008361092
  20   8        0.0223961045       -0.0304586029
  20   7       -0.0230101178        0.0150228987
  20   6       -0.0069359015       -0.0092739695
  20   5       -0.0329399693        0.0339050326
  20   4       -0.0233708296       -0.0142671293
  20   3       -0.0284724945       -0.0658762925
  20   2       -0.0189455056        0.0379036758
  20   1        0.0085571933       -0.0066289143
  20   0        0.0023695430        0.0000000000
  20  -1       -0.0085571933       -0.0066289143
  20  -2       -0.0189455056       -0.0379036758
  20  -3        0.0284724945       -0.0658762925
  20  -4       -0.0233708296        0.0142671293
  20  -5        0.0329399693        0.0339050326
  20  -6       -0.0069359015        0.0092739695
  20  -7        0.0230101178        0.0150228987
  20  -8        0.0223961045        0.0304586029
  20  -9        0.0014735132       -0.0008361092
  20 -10        0.0415600708        0.0329377599
  20 -11       -0.0134531981        0.0290071503
  20 -12       -0.0126626312       -0.0082643195
  20 -13        0.0401383888        0.0160363968
  20 -14       -0.0096865170        0.0214057237
  20 -15        0.0232182837        0.0171593001
  20 -16       -0.0135558719       -0.0197102467
  20 -17        0.0524420960       -0.0259984539
  20 -18        0.0504225409       -0.0305762057
  20 -19       -0.0171346082        0.0098623506
  20 -20        0.0319108601       -0.0107614602
  21  21        0.0010731267        0.0472409083
  21  20        0.0023696284       -0.0068705003
  21  19       -0.0027788711       -0.0428491976
  21  18       -0.0055733863       -0.0069971196
  21  17       -0.0352489434       -0.0018503226
  21  16        0.0229216608       -0.0213469359
  21  15        0.0160104221       -0.0456622172
  21  14       -0.0395118085        0.0208267175
  21  13        0.0063881666        0.0065641723
  21  12        0.0219668994       -0.0021997379
  21  11       -0.0170560375       -0.0431757781
  21  10        0.0122757901        0.0022685471
  21   9        0.0319452777        0.0091759412
  21   8        0.0272472947        0.0053470094
  21   7       -0.0269529727        0.0285889929
  21   6       -0.0067525176       -0.0183660416
  21   5       -0.0303783459       -0.0131968164
  21   4       -0.0005296263       -0.0200699073
  21   3        0.0186966103        0.0111783920
  21   2        0.0090314442       -0.0003921328
  21   1       -0.0377268645       -0.0022050435
  21   0        0.0295592750        0.0000000000
  21  -1        0.0377268645       -0.0022050435
  21  -2        0.0090314442        0.0003921328
  21  -3       -0.0186966103        0.0111783920
  21  -4       -0.0005296263        0.0200699073
  21  -5        0.0303783459       -0.0131968164
  21  -6       -0.0067525176        0.0183660416
  21  -7        0.0269529727        0.0285889929
  21  -8        0.0272472947       -0.0053470094
  21  -9       -0.0319452777        0.0091759412
  21 -10        0.0122757901       -0.0022685471
  21 -11        0.0170560375       -0.0431757781
  21 -12        0.0219668994        0.0021997379
  21 -13       -0.0063881666        0.0065641723
  21 -14       -0.0395118085       -0.0208267175
  21 -15       -0.0160104221       -0.0456622172
  21 -16        0.0229216608        0.0213469359
  21 -17        0.0352489434       -0.0018503226
  21 -18       -0.0055733863        0.0069971196
  21 -19        0.0027788711       -0.0428491976
  21 -20        0.0023696284        0.0068705003
  21 -21       -0.0010731267        0.0472409083
  22  22       -0.0278987222       -0.0370277638
  22  21       -0.0723148069        0.0078715288
  22  20        0.0161401475        0.0231811282
  22  19        0.0251171712       -0.0036102533
  22  18        0.0504827795       -0.0196827594
  22  17       -0.0184217545       -0.0462400751
  22  16       -0.0380596515        0.0224282802
  22  15        0.0379053019       -0.0063233175
  22  14        0.0149435661       -0.0250277806
  22  13       -0.0086627341       -0.0068487556
  22  12        0.0207734433        0.0018711613
  22  11        0.0274840723        0.0301168725
  22  10        0.0209970784        0.0445655209
  22   9       -0.0068259737        0.0102796855
  22   8       -0.0192601037        0.0018841800
  22   7        0.0036018717       -0.0184409456
  22   6       -0.0120172004       -0.0413446372
  22   5        0.0355810478        0.0003530833
  22   4        0.0214339439       -0.0011852916
  22   3       -0.0158529331        0.0218461851
  22   2        0.0003632030       -0.0161875918
  22   1       -0.0034874172        0.0279124475
  22   0        0.0035360270        0.0000000000
  22  -1        0.0034874172        0.0279124475
  22  -2        0.0003632030        0.0161875918
  22  -3        0.0158529331        0.0218461851
  22  -4        0.0214339439        0.0011852916
  22  -5       -0.0355810478        0.0003530833
  22  -6       -0.0120172004        0.0413446372
  22  -7       -0.0036018717       -0.0184409456
  22  -8       -0.0192601037       -0.0018841800
  22  -9        0.0068259737        0.0102796855
  22 -10        0.0209970784       -0.0445655209
  22 -11       -0.0274840723        0.0301168725
  22 -12        0.0207734433       -0.0018711613
  22 -13        0.0086627341       -0.0068487556
  22 -14        0.0149435661        0.0250277806
  22 -15       -0.0379053019       -0.0063233175
  22 -16       -0.0380596515       -0.0224282802
  22 -17        0.0184217545       -0.0462400751
  22 -18        0.0504827795        0.0196827594
  22 -19       -0.0251171712       -0.0036102533
  22 -20        0.0161401475       -0.0231811282
  22 -21        0.0723148069        0.0078715288
  22 -22       -0.0278987222        0.0370277638
  23  23       -0.0091407774        0.0693168233
  23  22       -0.0148242299       -0.0053245405
  23  21        0.0146444074        0.0276459381
  23  20        0.0388260911       -0.0255173929
  23  19       -0.0349829167       -0.0220649361
  23  18       -0.0165193705        0.0119735586
  23  17       -0.0140293315       -0.0074802991
  23  16       -0.0276793358       -0.0119568567
  23  15       -0.0124882819       -0.0198563028
  23  14       -0.0075274369        0.0261045180
  23  13        0.0263363400       -0.0133967801
  23  12       -0.0021390536        0.0199605470
  23  11        0.0072254793       -0.0150262841
  23  10        0.0006728095        0.0028398242
  23   9        0.0018858850        0.0193486180
  23   8        0.0027729252        0.0309190763
  23   7        0.0236963500        0.0077187249
  23   6       -0.0026841575       -0.0399315138
  23   5        0.0058156637        0.0106055000
  23   4        0.0045634984        0.0032273467
  23   3        0.0151720395        0.0262395901
  23   2       -0.0127776124       -0.0199237588
  23   1        0.0253550764       -0.0400331588
  23   0       -0.0275484977        0.0000000000
  23  -1       -0.0253550764       -0.0400331588
  23  -2       -0.0127776124        0.0199237588
  23  -3       -0.0151720395        0.0262395901
  23  -4        0.0045634984       -0.0032273467
  23  -5       -0.0058156637        0.0106055000
  23  -6       -0.0026841575        0.0399315138
  23  -7       -0.0236963500        0.0077187249
  23  -8        0.0027729252       -0.0309190763
  23  -9       -0.0018858850        0.0193486180
  23 -10        0.0006728095       -0.0028398242
  23 -11       -0.0072254793       -0.0150262841
  23 -12       -0.0021390536       -0.0199605470
  23 -13       -0.0263363400       -0.0133967801
  23 -14       -0.0075274369       -0.0261045180
  23 -15        0.0124882819       -0.0198563028
  23 -16       -0.0276793358        0.0119568567
  23 -17        0.0140293315       -0.0074802991
  23 -18       -0.0165193705       -0.0119735586
  23 -19        0.0349829167       -0.0220649361
  23 -20        0.0388260911        0.0255173929
  23 -21       -0.0146444074        0.0276459381
  23 -22       -0.0148242299        0.0053245405
  23 -23        0.0091407774        0.0693168233
  24  24        0.0097681773        0.0412959188
  24  23        0.0147864090        0.0303819115
  24  22        0.0151381422       -0.0322326404
  24  21       -0.0053193327        0.0222170456
  24  20        0.0329564715        0.0155508393
  24  19        0.0173396342        0.0028020856
  24  18        0.0498470593       -0.0077133967
  24  17       -0.0136691187       -0.0705986463
  24  16       -0.0299745422        0.0342752271
  24  15        0.0007473261        0.0241390361
  24  14        0.0476916548        0.0130174851
  24  13       -0.0185148227       -0.0004963769
  24  12       -0.0044630827        0.0096022190
  24  11       -0.0242537164        0.0054338465
  24  10       -0.0047050866       -0.0067213766
  24   9       -0.0009663321        0.0304889743
  24   8       -0.0194101691        0.0353785628
  24   7        0.0125042875       -0.0188678094
  24   6        0.0112164449        0.0368138890
  24   5        0.0391074121        0.0173427560
  24   4        0.0218156656       -0.0074008881
  24   3       -0.0042819184        0.0091428873
  24   2       -0.0225373168        0.0163234273
  24   1        0.0068743647        0.0009889857
  24   0       -0.0086832145        0.0000000000
  24  -1       -0.0068743647        0.0009889857
  24  -2       -0.0225373168       -0.0163234273
  24  -3        0.0042819184        0.0091428873
  24  -4        0.0218156656        0.0074008881
  24  -5       -0.0391074121        0.0173427560
  24  -6        0.0112164449       -0.0368138890
  24  -7       -0.0125042875       -0.0188678094
  24  -8       -0.0194101691       -0.0353785628
  24  -9        0.0009663321        0.0304889743
  24 -10       -0.0047050866        0.0067213766
  24 -11        0.0242537164        0.0054338465
  24 -12       -0.0044630827       -0.0096022190
  24 -13        0.0185148227       -0.0004963769
  24 -14        0.0476916548       -0.0130174851
  24 -15       -0.0007473261        0.0241390361
  24 -16       -0.0299745422       -0.0342752271
  24 -17        0.0136691187       -0.0705986463
  24 -18        0.0498470593        0.0077133967
  24 -19       -0.0173396342        0.0028020856
  24 -20        0.0329564715       -0.0155508393
  24 -21        0.0053193327        0.0222170456
  24 -22        0.0151381422        0.0322326404
  24 -23       -0.0147864090        0.0303819115
  24 -24        0.0097681773       -0.0412959188
  25  25       -0.0318589636       -0.0365139181
  25  24       -0.0058399035       -0.0456146192
  25  23       -0.0092133318        0.0107640591
  25  22        0.0079162601       -0.0243413274
  25  21        0.0366062573        0.0313515844
  25  20        0.0368742388       -0.0112624724
  25  19       -0.0179477275       -0.0286603954
  25  18        0.0355080207       -0.0141377009
  25  17        0.0213876173       -0.0010007299
  25  16       -0.0076313926       -0.0272992849
  25  15        0.0120246509        0.0059759444
  25  14       -0.0219682791        0.0060380486
  25  13        0.0088331685        0.0415090187
  25  12        0.0481267728       -0.0148975670
  25  11        0.0055928063       -0.0078491730
  25  10       -0.0676825488        0.0026210648
  25   9        0.0023696364        0.0219292871
  25   8        0.0252569107        0.0283204396
  25   7        0.0022294097       -0.0006153704
  25   6        0.0057683333       -0.0126352333
  25   5        0.0100859827        0.0064586730
  25   4       -0.0336764024        0.0245780444
  25   3        0.0098602966        0.0058409420
  25   2        0.0264445011       -0.0143041031
  25   1        0.0251384579        0.0083512211
  25   0       -0.0210270641        0.0000000000
  25  -1       -0.0251384579        0.0083512211
  25  -2        0.0264445011        0.0143041031
  25  -3       -0.0098602966        0.0058409420
  25  -4       -0.0336764024       -0.0245780444
  25  -5       -0.0100859827        0.0064586730
  25  -6        0.0057683333        0.0126352333
  25  -7       -0.0022294097       -0.0006153704
  25  -8        0.0252569107       -0.0283204396
  25  -9       -0.0023696364        0.0219292871
  25 -10       -0.0676825488       -0.0026210648
  25 -11       -0.0055928063       -0.0078491730
  25 -12        0.0481267728        0.0148975670
  25 -13       -0.0088331685        0.0415090187
  25 -14       -0.0219682791       -0.0060380486
  25 -15       -0.0120246509        0.0059759444
  25 -16       -0.0076313926        0.0272992849
  25 -17       -0.0213876173       -0.0010007299
  25 -18        0.0355080207        0.0141377009
  25 -19        0.0179477275       -0.0286603954
  25 -20        0.0368742388        0.0112624724
  25 -21       -0.0366062573        0.0313515844
  25 -22        0.0079162601        0.0243413274
  25 -23        0.0092133318        0.0107640591
  25 -24       -0.0058399035        0.0456146192
  25 -25        0.0318589636       -0.0365139181
  26  26        0.0095325043        0.0397339335
  26  25        0.0026584477        0.0055725721
  26  24        0.0191866064        0.0351207866
  26  23        0.0264983666       -0.0222881987
  26  22       -0.0097706371        0.0266421861
  26  21        0.0114840983       -0.0117994908
  26  20       -0.0182141545        0.0011677303
  26  19        0.0134218343       -0.0078716518
  26  18       -0.0217677495        0.0077806099
  26  17       -0.0029832973       -0.0262379686
  26  16        0.0109796611        0.0130568287
  26  15        0.0096557474        0.0101858444
  26  14        0.0297255849       -0.0296377953
  26  13       -0.0103272391        0.0028048283
  26  12        0.0063967382        0.0422323139
  26  11        0.0195705866       -0.0056701621
  26  10        0.0113521088        0.0207537080
  26   9       -0.0259246242       -0.0184327072
  26   8        0.0025278855        0.0234009323
  26   7       -0.0493838750       -0.0206774888
  26   6        0.0228773007        0.0171791406
  26   5        0.0003035954        0.0059982981
  26   4       -0.0126098874       -0.0027237742
  26   3       -0.0252860330        0.0100502894
  26   2       -0.0148092126        0.0095352408
  26   1       -0.0266228207        0.0061896079
  26   0       -0.0398634871        0.0000000000
  26  -1        0.0266228207        0.0061896079
  26  -2       -0.0148092126       -0.0095352408
  26  -3        0.0252860330        0.0100502894
  26  -4       -0.0126098874        0.0027237742
  26  -5       -0.0003035954        0.0059982981
  26  -6        0.0228773007       -0.0171791406
  26  -7        0.0493838750       -0.0206774888
  26  -8        0.0025278855       -0.0234009323
  26  -9        0.0259246242       -0.0184327072
  26 -10        0.0113521088       -0.0207537080
  26 -11       -0.0195705866       -0.0056701621
  26 -12        0.0063967382       -0.0422323139
  26 -13        0.0103272391        0.0028048283
  26 -14        0.0297255849        0.0296377953
  26 -15       -0.0096557474        0.0101858444
  26 -16        0.0109796611       -0.0130568287
  26 -17        0.0029832973       -0.0262379686
  26 -18       -0.0217677495       -0.0077806099
  26 -19       -0.0134218343       -0.0078716518
  26 -20       -0.0182141545       -0.0011677303
  26 -21       -0.0114840983       -0.0117994908
  26 -22       -0.0097706371       -0.0266421861
  26 -23       -0.0264983666       -0.0222881987
  26 -24        0.0191866064       -0.0351207866
  26 -25       -0.0026584477        0.0055725721
  26 -26        0.0095325043       -0.0397339335
  27  27        0.0045640528       -0.0271749252
  27  26        0.0011802434        0.0433569765
  27  25        0.0603310788        0.0129558282
  27  24       -0.0152037051       -0.0008116430
  27  23       -0.0114208676        0.0296172643
  27  22       -0.0217381445        0.0081676123
  27  21        0.0202516763       -0.0149486543
  27  20        0.0334139819       -0.0044893555
  27  19        0.0012536902       -0.0381499158
  27  18       -0.0009701143       -0.0080414078
  27  17       -0.0105405342        0.0153498313
  27  16        0.0052706152       -0.0040436559
  27  15       -0.0367075757        0.0123381790
  27  14       -0.0129699341       -0.0013662940
  27  13        0.0249685154        0.0622151296
  27  12        0.0194233379        0.0136681469
  27  11        0.0010572735       -0.0212667405
  27  10        0.0198211105        0.0273298675
  27   9       -0.0512300853       -0.0031095308
  27   8       -0.0205970125        0.0191175496
  27   7        0.0219714321       -0.0074174816
  27   6       -0.0183014691       -0.0205011857
  27   5       -0.0118244440        0.0063795669
  27   4       -0.0092721920        0.0037461231
  27   3       -0.0160603524        0.0208781794
  27   2       -0.0044150858        0.0101674575
  27   1        0.0090784085        0.0153869125
  27   0       -0.0125369168        0.0000000000
  27  -1       -0.0090784085        0.0153869125
  27  -2       -0.0044150858       -0.0101674575
  27  -3        0.0160603524        0.0208781794
  27  -4       -0.0092721920       -0.0037461231
  27  -5        0.0118244440        0.0063795669
  27  -6       -0.0183014691        0.0205011857
  27  -7       -0.0219714321       -0.0074174816
  27  -8       -0.0205970125       -0.0191175496
  27  -9        0.0512300853       -0.0031095308
  27 -10        0.0198211105       -0.0273298675
  27 -11       -0.0010572735       -0.0212667405
  27 -12        0.0194233379       -0.0136681469
  27 -13       -0.0249685154        0.0622151296
  27 -14       -0.0129699341        0.0013662940
  27 -15        0.0367075757        0.0123381790
  27 -16        0.0052706152        0.0040436559
  27 -17        0.0105405342        0.0153498313
  27 -18       -0.0009701143        0.0080414078
  27 -19       -0.0012536902       -0.0381499158
  27 -20        0.0334139819        0.0044893555
  27 -21       -0.0202516763       -0.0149486543
  27 -22       -0.0217381445       -0.0081676123
  27 -23        0.0114208676        0.0296172643
  27 -24       -0.0152037051        0.0008116430
  27 -25       -0.0603310788        0.0129558282
  27 -26        0.0011802434       -0.0433569765
  27 -27       -0.0045640528       -0.0271749252
  28  28       -0.0378964596        0.0174446661
  28  27        0.0104276095        0.0032335329
  28  26        0.0046789346       -0.0052702254
  28  25       -0.0326703822        0.0282868789
  28  24        0.0248501744        0.0108854584
  28  23        0.0265095202       -0.0356319098
  28  22        0.0017143637       -0.0128702739
  28  21       -0.0410513201        0.0053808879
  28  20       -0.0075745843        0.0007478316
  28  19        0.0102080683       -0.0071129833
  28  18        0.0175487937        0.0133456594
  28  17       -0.0166212583       -0.0026276201
  28  16       -0.0068594158        0.0261746123
  28  15       -0.0120481587       -0.0163260607
  28  14       -0.0243445608        0.0220836068
  28  13       -0.0108666144        0.0050053956
  28  12        0.0016195084       -0.0206224677
  28  11       -0.0144419515        0.0352128867
  28  10       -0.0040500323        0.0102390860
  28   9       -0.0016062856        0.0202622689
  28   8        0.0398416390       -0.0221504378
  28   7       -0.0052972705       -0.0087753578
  28   6        0.0078418715       -0.0042436576
  28   5       -0.0087415652        0.0228926005
  28   4        0.0087288309       -0.0209496378
  28   3        0.0003825581        0.0027171028
  28   2       -0.0174636231       -0.0137892636
  28   1       -0.0066222158        0.0057600720
  28   0        0.0065615518        0.0000000000
  28  -1        0.0066222158        0.0057600720
  28  -2       -0.0174636231        0.0137892636
  28  -3       -0.0003825581        0.0027171028
  28  -4        0.0087288309        0.0209496378
  28  -5        0.0087415652        0.0228926005
  28  -6        0.0078418715        0.0042436576
  28  -7        0.0052972705       -0.0087753578
  28  -8        0.0398416390        0.0221504378
  28  -9        0.0016062856        0.0202622689
  28 -10       -0.0040500323       -0.0102390860
  28 -11        0.0144419515        0.0352128867
  28 -12        0.0016195084        0.0206224677
  28 -13        0.0108666144        0.0050053956
  28 -14       -0.0243445608       -0.0220836068
  28 -15        0.0120481587       -0.0163260607
  28 -16       -0.0068594158       -0.0261746123
  28 -17        0.0166212583       -0.0026276201
  28 -18        0.0175487937       -0.0133456594
  28 -19       -0.0102080683       -0.0071129833
  28 -20       -0.0075745843       -0.0007478316
  28 -21        0.0410513201        0.0053808879
  28 -22        0.0017143637        0.0128702739
  28 -23       -0.0265095202       -0.0356319098
  28 -24        0.0248501744       -0.0108854584
  28 -25        0.0326703822        0.0282868789
  28 -26        0.0046789346        0.0052702254
  28 -27       -0.0104276095        0.0032335329
  28 -28       -0.0378964596       -0.0174446661
  29  29       -0.0629883814        0.0580193916
  29  28       -0.0166583042       -0.0211957763
  29  27        0.0240892447        0.0487881887
  29  26        0.0238260322       -0.0163174450
  29  25        0.0034085858        0.0053469988
  29  24       -0.0057095239       -0.0087658020
  29  23        0.0075241457        0.0303084730
  29  22       -0.0232198018        0.0107455858
  29  21        0.0218157494       -0.0198422097
  29  20        0.0149430723       -0.0134355329
  29  19        0.0011753998        0.0109256820
  29  18        0.0104702829        0.0292712476
  29  17        0.0319485394        0.0302094370
  29  16       -0.0090222850       -0.0101049096
  29  15       -0.0202702296       -0.0042067612
  29  14        0.0212333738        0.0269385183
  29  13        0.0210313907        0.0175912865
  29  12       -0.0187102223        0.0000811906
  29  11       -0.0201471438       -0.0111052428
  29  10        0.0303245522       -0.0183071408
  29   9       -0.0155902948       -0.0045433959
  29   8        0.0213664540        0.0078310471
  29   7        0.0146161561       -0.0030759943
  29   6       -0.0046443457       -0.0107563432
  29   5        0.0110775699       -0.0147510416
  29   4        0.0139121444       -0.0115260057
  29   3       -0.0155841774       -0.0020271808
  29   2       -0.0317731495       -0.0080005462
  29   1       -0.0260059178        0.0345992568
  29   0       -0.0017081328        0.0000000000
  29  -1        0.0260059178        0.0345992568
  29  -2       -0.0317731495        0.0080005462
  29  -3        0.0155841774       -0.0020271808
  29  -4        0.0139121444        0.0115260057
  29  -5       -0.0110775699       -0.0147510416
  29  -6       -0.0046443457        0.0107563432
  29  -7       -0.0146161561       -0.0030759943
  29  -8        0.0213664540       -0.0078310471
  29  -9        0.0155902948       -0.0045433959
  29 -10        0.0303245522        0.0183071408
  29 -11        0.0201471438       -0.0111052428
  29 -12       -0.0187102223       -0.0000811906
  29 -13       -0.0210313907        0.0175912865
  29 -14        0.0212333738       -0.0269385183
  29 -15        0.0202702296       -0.0042067612
  29 -16       -0.0090222850        0.0101049096
  29 -17       -0.0319485394        0.0302094370
  29 -18        0.0104702829       -0.0292712476
  29 -19       -0.0011753998        0.0109256820
  29 -20        0.0149430723        0.0134355329
  29 -21       -0.0218157494       -0.0198422097
  29 -22       -0.0232198018       -0.0107455858
  29 -23       -0.0075241457        0.0303084730
  29 -24       -0.0057095239        0.0087658020
  29 -25       -0.0034085858        0.0053469988
  29 -26        0.0238260322        0.0163174450
  29 -27       -0.0240892447        0.0487881887
  29 -28       -0.0166583042        0.0211957763
  29 -29        0.0629883814        0.0580193916
  30  30        0.0037672898       -0.0423351135
  30  29        0.0134159379       -0.0046512901
  30  28        0.0230857811        0.0308253750
  30  27       -0.0243202705        0.0057831181
  30  26        0.0112131826       -0.0344659969
  30  25       -0.0109741075        0.0304806697
  30  24        0.0011642047        0.0138629445
  30  23       -0.0042612191       -0.0012211345
  30  22        0.0298569159       -0.0158274111
  30  21        0.0189969157       -0.0076067827
  30  20        0.0042729584        0.0054002459
  30  19        0.0184629346        0.0408686857
  30  18        0.0109227642        0.0021890539
  30  17        0.0205486352       -0.0023243346
  30  16       -0.0022277363        0.0060089699
  30  15        0.0009992403        0.0361737267
  30  14       -0.0058160137        0.0159785556
  30  13       -0.0195386238       -0.0213707963
  30  12        0.0048944923       -0.0086763849
  30  11        0.0048957755        0.0090648434
  30  10        0.0079032588       -0.0262576284
  30   9       -0.0094156711       -0.0029118307
  30   8       -0.0022212461       -0.0115070117
  30   7        0.0082776928       -0.0082034626
  30   6       -0.0211286737        0.0126363432
  30   5        0.0051764469        0.0068426349
  30   4        0.0047123782       -0.0211285962
  30   3        0.0042794649       -0.0018311153
  30   2       -0.0280932524       -0.0026397848
  30   1        0.0072384212        0.0134660589
  30   0        0.0239874179        0.0000000000
  30  -1       -0.0072384212        0.0134660589
  30  -2       -0.0280932524        0.0026397848
  30  -3       -0.0042794649       -0.0018311153
  30  -4        0.0047123782        0.0211285962
  30  -5       -0.0051764469        0.0068426349
  30  -6       -0.0211286737       -0.0126363432
  30  -7       -0.0082776928       -0.0082034626
  30  -8       -0.0022212461        0.0115070117
  30  -9        0.0094156711       -0.0029118307
  30 -10        0.0079032588        0.0262576284
  30 -11       -0.0048957755        0.0090648434
  30 -12        0.0048944923        0.0086763849
  30 -13        0.0195386238       -0.0213707963
  30 -14       -0.0058160137       -0.0159785556
  30 -15       -0.0009992403        0.0361737267
  30 -16       -0.0022277363       -0.0060089699
  30 -17       -0.0205486352       -0.0023243346
  30 -18        0.0109227642       -0.0021890539
  30 -19       -0.0184629346        0.0408686857
  30 -20        0.0042729584       -0.0054002459
  30 -21       -0.0189969157       -0.0076067827
  30 -22        0.0298569159        0.0158274111
  30 -23        0.0042612191       -0.0012211345
  30 -24        0.0011642047       -0.0138629445
  30 -25        0.0109741075        0.0304806697
  30 -26        0.0112131826        0.0344659969
  30 -27        0.0243202705        0.0057831181
  30 -28        0.0230857811       -0.0308253750
  30 -29       -0.0134159379       -0.0046512901
  30 -30        0.0037672898        0.0423351135
