   0   0       13.7663350125        0.0000000000
   1   1        0.0989760885        0.0038133701
   1   0       -0.3216686247        0.0000000000
   1  -1       -0.0989760885        0.0038133701
   2   2       -0.5478985880       -0.1038975565
   2   1       -0.6255818120       -0.4907351688
   2   0       -2.7849705656        0.0000000000
   2  -1        0.6255818120       -0.4907351688
   2  -2       -0.5478985880        0.1038975565
   3   3        0.1577425680       -0.0618319167
   3   2       -0.1081646272       -0.1081067540
   3   1        0.0818218792        0.2232580251
   3   0       -0.5056928793        0.0000000000
   3  -1       -0.0818218792        0.2232580251
   3  -2       -0.1081646272        0.1081067540
   3  -3       -0.1577425680       -0.0618319167
   4   4       -0.2604112547        0.2044201981
   4   3       -0.1763239980       -0.1246715595
   4   2       -0.0618529693        0.2884240157
   4   1        0.2971122387       -0.0687350575
   4   0        0.4867701998        0.0000000000
   4  -1       -0.2971122387       -0.0687350575
   4  -2       -0.0618529693       -0.2884240157
   4  -3        0.1763239980       -0.1246715595
   4  -4       -0.2604112547       -0.2044201981
   5   5       -0.1894612276       -0.0814192522
   5   4        0.0813986815       -0.0909595351
   5   3       -0.1340139476        0.0049547245
   5   2       -0.0140852059        0.0018165852
   5   1       -0.0591505779        0.1503204934
   5   0        0.2501539104        0.0000000000
   5  -1        0.0591505779        0.1503204934
   5  -2       -0.0140852059       -0.0018165852
   5  -3        0.1340139476        0.0049547245
   5  -4        0.0813986815        0.0909595351
   5  -5        0.1894612276       -0.0814192522
   6   6        0.0362550135        0.1620219362
   6   5       -0.0458694691       -0.0621797666
   6   4        0.1197579413       -0.0445706883
   6   3        0.0009138125        0.1588659275
   6   2        0.0812792531       -0.0596006920
   6   1       -0.0121573591        0.0898749111
   6   0        0.0631556760        0.0000000000
   6  -1        0.0121573591        0.0898749111
   6  -2        0.0812792531        0.0596006920
   6  -3       -0.0009138125        0.1588659275
   6  -4        0.1197579413        0.0445706883
   6  -5        0.0458694691       -0.0621797666
   6  -6        0.0362550135       -0.1620219362
   7   7        0.0813157193        0.0791343551
   7   6        0.1479337291        0.0753706522
   7   5        0.0455057016        0.0901454773
   7   4       -0.0597514867        0.0922528434
   7   3        0.0493131733        0.0898917683
   7   2        0.0176751419        0.0701029305
   7   1       -0.0681304566       -0.0599542128
   7   0       -0.0609560537        0.0000000000
   7  -1        0.0681304566       -0.0599542128
   7  -2        0.0176751419       -0.0701029305
   7  -3       -0.0493131733        0.0898917683
   7  -4       -0.0597514867       -0.0922528434
   7  -5       -0.0455057016        0.0901454773
   7  -6        0.1479337291       -0.0753706522
   7  -7       -0.0813157193        0.0791343551
   8   8       -0.0151919931       -0.1542658982
   8   7        0.0458314317        0.0938184920
   8   6       -0.0112344018       -0.1623567820
   8   5        0.0348170904        0.0392322920
   8   4        0.0065629254        0.0423846704
   8   3        0.1092881219       -0.0856586395
   8   2       -0.0258249898       -0.1136436101
   8   1        0.0210169906       -0.0870502874
   8   0       -0.1672536500        0.0000000000
   8  -1       -0.0210169906       -0.0870502874
   8  -2       -0.0258249898        0.1136436101
   8  -3       -0.1092881219       -0.0856586395
   8  -4        0.0065629254       -0.0423846704
   8  -5       -0.0348170904        0.0392322920
   8  -6       -0.0112344018        0.1623567820
   8  -7       -0.0458314317        0.0938184920
   8  -8       -0.0151919931        0.1542658982
   9   9       -0.0030239146       -0.0518430547
   9   8        0.0160674938       -0.0048098830
   9   7        0.0158488737       -0.0096336430
   9   6       -0.0272387815       -0.0364477293
   9   5       -0.0097591917        0.0060715255
   9   4       -0.0270934271       -0.0262011805
   9   3        0.0434316446       -0.0439014686
   9   2       -0.0276697993        0.0049205662
   9   1        0.0984616045       -0.0335234936
   9   0       -0.0244422717        0.0000000000
   9  -1       -0.0984616045       -0.0335234936
   9  -2       -0.0276697993       -0.0049205662
   9  -3       -0.0434316446       -0.0439014686
   9  -4       -0.0270934271        0.0262011805
   9  -5        0.0097591917        0.0060715255
   9  -6       -0.0272387815        0.0364477293
   9  -7       -0.0158488737       -0.0096336430
   9  -8        0.0160674938        0.0048098830
   9  -9        0.0030239146       -0.0518430547
  10  10       -0.1199294668        0.0162972804
  10   9        0.0117228534        0.0043911182
  10   8       -0.0884669599        0.0468872331
  10   7       -0.0384075556       -0.0008284912
  10   6       -0.0383905998        0.0212978868
  10   5       -0.0164668147       -0.0605883027
  10   4       -0.0151037831       -0.0293004940
  10   3       -0.1125757244        0.0436009008
  10   2        0.0047591656        0.0986010391
  10   1       -0.0381717725        0.0688923347
  10   0        0.1371277692        0.0000000000
  10  -1        0.0381717725        0.0688923347
  10  -2        0.0047591656       -0.0986010391
  10  -3        0.1125757244        0.0436009008
  10  -4       -0.0151037831        0.0293004940
  10  -5        0.0164668147       -0.0605883027
  10  -6       -0.0383905998       -0.0212978868
  10  -7        0.0384075556       -0.0008284912
  10  -8       -0.0884669599       -0.0468872331
  10  -9       -0.0117228534        0.0043911182
  10 -10       -0.1199294668       -0.0162972804
  11  11        0.0242225187        0.0132000196
  11  10       -0.0429692679        0.0175758318
  11   9        0.0480991743       -0.0344550085
  11   8       -0.0112487703        0.0024782613
  11   7        0.0279737241       -0.0114736238
  11   6        0.0331439821        0.0516351183
  11   5        0.0458362819       -0.0391155823
  11   4        0.0486825836       -0.0038715077
  11   3       -0.0572001926        0.0165763406
  11   2        0.0148352051        0.0040791908
  11   1       -0.0318402521        0.0573292845
  11   0        0.0522774271        0.0000000000
  11  -1        0.0318402521        0.0573292845
  11  -2        0.0148352051       -0.0040791908
  11  -3        0.0572001926        0.0165763406
  11  -4        0.0486825836        0.0038715077
  11  -5       -0.0458362819       -0.0391155823
  11  -6        0.0331439821       -0.0516351183
  11  -7       -0.0279737241       -0.0114736238
  11  -8       -0.0112487703       -0.0024782613
  11  -9       -0.0480991743       -0.0344550085
  11 -10       -0.0429692679       -0.0175758318
  11 -11       -0.0242225187        0.0132000196
  12  12        0.0662936682        0.0099735438
  12  11       -0.0255444737       -0.0108263326
  12  10        0.0080115082        0.0393217110
  12   9        0.0139536209        0.0446144178
  12   8        0.0219183428       -0.0242837571
  12   7        0.0514500979       -0.0234166731
  12   6        0.0150885005        0.0103448068
  12   5        0.0244065919        0.0328929176
  12   4        0.0158169098        0.0151583851
  12   3        0.0459342017        0.0049324258
  12   2        0.0175190757       -0.0424927333
  12   1       -0.0027284969       -0.0381617474
  12   0       -0.0941988886        0.0000000000
  12  -1        0.0027284969       -0.0381617474
  12  -2        0.0175190757        0.0424927333
  12  -3       -0.0459342017        0.0049324258
  12  -4        0.0158169098       -0.0151583851
  12  -5       -0.0244065919        0.0328929176
  12  -6        0.0150885005       -0.0103448068
  12  -7       -0.0514500979       -0.0234166731
  12  -8        0.0219183428        0.0242837571
  12  -9       -0.0139536209        0.0446144178
  12 -10        0.0080115082       -0.0393217110
  12 -11        0.0255444737       -0.0108263326
  12 -12        0.0662936682       -0.0099735438
  13  13       -0.0000303042       -0.0120911199
  13  12        0.0348688208        0.0028687677
  13  11        0.0070997211       -0.0587851964
  13  10       -0.0067157580       -0.0099002238
  13   9        0.0099420914       -0.0115017090
  13   8        0.0095959927        0.0048446341
  13   7       -0.0295119427        0.0000598259
  13   6       -0.0227385333       -0.0441410254
  13   5       -0.0528899490        0.0070266589
  13   4       -0.0047217327        0.0112930595
  13   3        0.0345294876       -0.0047677053
  13   2       -0.0185780925       -0.0291054317
  13   1        0.0227072077       -0.0439915811
  13   0       -0.0389644583        0.0000000000
  13  -1       -0.0227072077       -0.0439915811
  13  -2       -0.0185780925        0.0291054317
  13  -3       -0.0345294876       -0.0047677053
  13  -4       -0.0047217327       -0.0112930595
  13  -5        0.0528899490        0.0070266589
  13  -6       -0.0227385333        0.0441410254
  13  -7        0.0295119427        0.0000598259
  13  -8        0.0095959927       -0.0048446341
  13  -9       -0.0099420914       -0.0115017090
  13 -10       -0.0067157580        0.0099002238
  13 -11       -0.0070997211       -0.0587851964
  13 -12        0.0348688208       -0.0028687677
  13 -13        0.0000303042       -0.0120911199
  14  14       -0.0098352444       -0.0327834431
  14  13       -0.0088188390       -0.0065261107
  14  12        0.0319491078        0.0009576602
  14  11       -0.0207568797       -0.0159286429
  14  10       -0.0097624355        0.0022216667
  14   9        0.0049448206        0.0087405283
  14   8        0.0042574884        0.0161082630
  14   7       -0.0369669522        0.0144331334
  14   6       -0.0071766494       -0.0148371759
  14   5        0.0058443198        0.0055651673
  14   4       -0.0327958075       -0.0016826002
  14   3        0.0085758222       -0.0143850652
  14   2       -0.0131241818        0.0395607767
  14   1        0.0315754322       -0.0084861950
  14   0        0.0291590599        0.0000000000
  14  -1       -0.0315754322       -0.0084861950
  14  -2       -0.0131241818       -0.0395607767
  14  -3       -0.0085758222       -0.0143850652
  14  -4       -0.0327958075        0.0016826002
  14  -5       -0.0058443198        0.0055651673
  14  -6       -0.0071766494        0.0148371759
  14  -7        0.0369669522        0.0144331334
  14  -8        0.0042574884       -0.0161082630
  14  -9       -0.0049448206        0.0087405283
  14 -10       -0.0097624355       -0.0022216667
  14 -11        0.0207568797       -0.0159286429
  14 -12        0.0319491078       -0.0009576602
  14 -13        0.0088188390       -0.0065261107
  14 -14       -0.0098352444        0.0327834431
  15  15       -0.0213971009        0.0352799350
  15  14        0.0058495960       -0.0043620068
  15  13       -0.0005036185        0.0076052483
  15  12        0.0058928266        0.0065962668
  15  11        0.0008705997        0.0050507395
  15  10       -0.0127998333        0.0175278036
  15   9       -0.0284668037        0.0278475138
  15   8       -0.0009766771       -0.0102987098
  15   7        0.0226572403        0.0196918635
  15   6       -0.0102827404        0.0299520411
  15   5        0.0061912319       -0.0124081664
  15   4        0.0219366204        0.0102142096
  15   3       -0.0206332001       -0.0117496405
  15   2        0.0063128606        0.0269847452
  15   1       -0.0084763976        0.0130653121
  15   0        0.0137234482        0.0000000000
  15  -1        0.0084763976        0.0130653121
  15  -2        0.0063128606       -0.0269847452
  15  -3        0.0206332001       -0.0117496405
  15  -4        0.0219366204       -0.0102142096
  15  -5       -0.0061912319       -0.0124081664
  15  -6       -0.0102827404       -0.0299520411
  15  -7       -0.0226572403        0.0196918635
  15  -8       -0.0009766771        0.0102987098
  15  -9        0.0284668037        0.0278475138
  15 -10       -0.0127998333       -0.0175278036
  15 -11       -0.0008705997        0.0050507395
  15 -12        0.0058928266       -0.0065962668
  15 -13        0.0005036185        0.0076052483
  15 -14        0.0058495960        0.0043620068
  15 -15        0.0213971009        0.0352799350
  16  16       -0.0067014227        0.0118707787
  16  15       -0.0115972333        0.0067339577
  16  14       -0.0029025252        0.0046166716
  16  13       -0.0269739329       -0.0013476013
  16  12        0.0237359046        0.0094346412
  16  11        0.0144191740        0.0018219268
  16  10        0.0101682279       -0.0216036759
  16   9       -0.0245143919       -0.0202397051
  16   8       -0.0108950003        0.0025709741
  16   7        0.0068086068       -0.0168516937
  16   6        0.0159096427        0.0196898920
  16   5       -0.0143686976       -0.0121410782
  16   4        0.0086925188       -0.0267972464
  16   3       -0.0183003923        0.0094848010
  16   2       -0.0229485857       -0.0037138313
  16   1       -0.0033997421        0.0271938400
  16   0        0.0062270166        0.0000000000
  16  -1        0.0033997421        0.0271938400
  16  -2       -0.0229485857        0.0037138313
  16  -3        0.0183003923        0.0094848010
  16  -4        0.0086925188        0.0267972464
  16  -5        0.0143686976       -0.0121410782
  16  -6        0.0159096427       -0.0196898920
  16  -7       -0.0068086068       -0.0168516937
  16  -8       -0.0108950003       -0.0025709741
  16  -9        0.0245143919       -0.0202397051
  16 -10        0.0101682279        0.0216036759
  16 -11       -0.0144191740        0.0018219268
  16 -12        0.0237359046       -0.0094346412
  16 -13        0.0269739329       -0.0013476013
  16 -14       -0.0029025252       -0.0046166716
  16 -15        0.0115972333        0.0067339577
  16 -16       -0.0067014227       -0.0118707787
  17  17       -0.0039596578       -0.0002407853
  17  16        0.0172484799       -0.0128640136
  17  15       -0.0053703888        0.0068314888
  17  14        0.0103364839       -0.0183097062
  17  13       -0.0090233636        0.0148383296
  17  12       -0.0108900670       -0.0009669354
  17  11        0.0145149020        0.0018020725
  17  10        0.0161734964        0.0004299305
  17   9        0.0053228222       -0.0085262074
  17   8        0.0009357300        0.0033930587
  17   7       -0.0018323996       -0.0058027484
  17   6        0.0067854124       -0.0066630832
  17   5        0.0054540444        0.0121710485
  17   4       -0.0105748145        0.0027526719
  17   3       -0.0061723859       -0.0008256380
  17   2       -0.0109103983       -0.0040344962
  17   1       -0.0045672655        0.0116254226
  17   0       -0.0010159895        0.0000000000
  17  -1        0.0045672655        0.0116254226
  17  -2       -0.0109103983        0.0040344962
  17  -3        0.0061723859       -0.0008256380
  17  -4       -0.0105748145       -0.0027526719
  17  -5       -0.0054540444        0.0121710485
  17  -6        0.0067854124        0.0066630832
  17  -7        0.0018323996       -0.0058027484
  17  -8        0.0009357300       -0.0033930587
  17  -9       -0.0053228222       -0.0085262074
  17 -10        0.0161734964       -0.0004299305
  17 -11       -0.0145149020        0.0018020725
  17 -12       -0.0108900670        0.0009669354
  17 -13        0.0090233636        0.0148383296
  17 -14        0.0103364839        0.0183097062
  17 -15        0.0053703888        0.0068314888
  17 -16        0.0172484799        0.0128640136
  17 -17        0.0039596578       -0.0002407853
  18  18       -0.0000453460        0.0187650133
  18  17       -0.0056413826        0.0039191363
  18  16        0.0033639143       -0.0004513400
  18  15       -0.0117202455        0.0060999922
  18  14        0.0105067060        0.0013705061
  18  13        0.0004441520        0.0133436884
  18  12       -0.0100639593       -0.0110896577
  18  11       -0.0017002149        0.0104718734
  18  10        0.0002138642        0.0230588718
  18   9        0.0179464160        0.0093699336
  18   8       -0.0019102252       -0.0077405143
  18   7        0.0101216683       -0.0029994496
  18   6       -0.0121761225       -0.0020691688
  18   5       -0.0111439572        0.0113131670
  18   4        0.0112879722        0.0226675001
  18   3        0.0133586323        0.0020704342
  18   2        0.0106610489       -0.0190345844
  18   1        0.0028439051       -0.0086286494
  18   0       -0.0126009453        0.0000000000
  18  -1       -0.0028439051       -0.0086286494
  18  -2        0.0106610489        0.0190345844
  18  -3       -0.0133586323        0.0020704342
  18  -4        0.0112879722       -0.0226675001
  18  -5        0.0111439572        0.0113131670
  18  -6       -0.0121761225        0.0020691688
  18  -7       -0.0101216683       -0.0029994496
  18  -8       -0.0019102252        0.0077405143
  18  -9       -0.0179464160        0.0093699336
  18 -10        0.0002138642       -0.0230588718
  18 -11        0.0017002149        0.0104718734
  18 -12       -0.0100639593        0.0110896577
  18 -13       -0.0004441520        0.0133436884
  18 -14        0.0105067060       -0.0013705061
  18 -15        0.0117202455        0.0060999922
  18 -16        0.0033639143        0.0004513400
  18 -17        0.0056413826        0.0039191363
  18 -18       -0.0000453460       -0.0187650133
  19  19       -0.0202607661       -0.0150322716
  19  18       -0.0016588244       -0.0040780886
  19  17        0.0139137024        0.0126424463
  19  16       -0.0034859834       -0.0003217200
  19  15       -0.0009412162        0.0086065874
  19  14        0.0080126557       -0.0028463482
  19  13        0.0091549869       -0.0045036531
  19  12       -0.0019870773       -0.0062884200
  19  11       -0.0230292744       -0.0124495049
  19  10       -0.0095147612        0.0147846023
  19   9        0.0066826161        0.0064430526
  19   8        0.0101228974       -0.0043555367
  19   7       -0.0036029203       -0.0113910652
  19   6        0.0064189978       -0.0075665174
  19   5        0.0007943162       -0.0036485332
  19   4       -0.0089821105       -0.0008020038
  19   3        0.0213347643        0.0054872136
  19   2        0.0041863986        0.0009176455
  19   1        0.0246175684       -0.0192900029
  19   0        0.0202147546        0.0000000000
  19  -1       -0.0246175684       -0.0192900029
  19  -2        0.0041863986       -0.0009176455
  19  -3       -0.0213347643        0.0054872136
  19  -4       -0.0089821105        0.0008020038
  19  -5       -0.0007943162       -0.0036485332
  19  -6        0.0064189978        0.0075665174
  19  -7        0.0036029203       -0.0113910652
  19  -8        0.0101228974        0.0043555367
  19  -9       -0.0066826161        0.0064430526
  19 -10       -0.0095147612       -0.0147846023
  19 -11        0.0230292744       -0.0124495049
  19 -12       -0.0019870773        0.0062884200
  19 -13       -0.0091549869       -0.0045036531
  19 -14        0.0080126557        0.0028463482
  19 -15        0.0009412162        0.0086065874
  19 -16       -0.0034859834        0.0003217200
  19 -17       -0.0139137024        0.0126424463
  19 -18       -0.0016588244        0.0040780886
  19 -19        0.0202607661       -0.0150322716
  20  20        0.0207587340       -0.0118181270
  20  19        0.0050421016       -0.0048395764
  20  18       -0.0158869107       -0.0020415276
  20  17        0.0212371958       -0.0000099180
  20  16       -0.0238156072       -0.0014639137
  20  15       -0.0012813494       -0.0055603186
  20  14       -0.0074135858        0.0139721576
  20  13        0.0353252232        0.0005520805
  20  12        0.0113993378       -0.0023115640
  20  11        0.0031769067       -0.0172429448
  20  10        0.0154450760       -0.0010924607
  20   9       -0.0116608897       -0.0195855807
  20   8        0.0068930801       -0.0019900651
  20   7        0.0140179397        0.0068221425
  20   6        0.0079669125       -0.0263419329
  20   5        0.0071629997        0.0071465037
  20   4       -0.0114797397       -0.0025672182
  20   3        0.0000044384       -0.0090808135
  20   2       -0.0026450831        0.0153412255
  20   1       -0.0020331085        0.0034962457
  20   0        0.0312621759        0.0000000000
  20  -1        0.0020331085        0.0034962457
  20  -2       -0.0026450831       -0.0153412255
  20  -3       -0.0000044384       -0.0090808135
  20  -4       -0.0114797397        0.0025672182
  20  -5       -0.0071629997        0.0071465037
  20  -6        0.0079669125        0.0263419329
  20  -7       -0.0140179397        0.0068221425
  20  -8        0.0068930801        0.0019900651
  20  -9        0.0116608897       -0.0195855807
  20 -10        0.0154450760        0.0010924607
  20 -11       -0.0031769067       -0.0172429448
  20 -12        0.0113993378        0.0023115640
  20 -13       -0.0353252232        0.0005520805
  20 -14       -0.0074135858       -0.0139721576
  20 -15        0.0012813494       -0.0055603186
  20 -16       -0.0238156072        0.0014639137
  20 -17       -0.0212371958       -0.0000099180
  20 -18       -0.0158869107        0.0020415276
  20 -19       -0.0050421016       -0.0048395764
  20 -20        0.0207587340        0.0118181270
  21  21       -0.0271986667        0.0055242625
  21  20        0.0081083683        0.0040648118
  21  19        0.0109065203        0.0002995754
  21  18       -0.0190388564       -0.0035935650
  21  17        0.0015781401       -0.0046354303
  21  16        0.0053855607       -0.0117682054
  21  15       -0.0031243848        0.0026068255
  21  14       -0.0123775386        0.0137169378
  21  13       -0.0052230990       -0.0023586012
  21  12       -0.0004769112        0.0082820362
  21  11        0.0033009976        0.0045907790
  21  10        0.0071498465       -0.0108823512
  21   9       -0.0192326593       -0.0056132259
  21   8       -0.0077848103       -0.0086839703
  21   7       -0.0060925599        0.0079408741
  21   6       -0.0016390967        0.0168726481
  21   5       -0.0070304158       -0.0010778170
  21   4        0.0064675611        0.0040524974
  21   3       -0.0339603787        0.0029137934
  21   2        0.0004425170       -0.0040262565
  21   1       -0.0119383763        0.0197104764
  21   0       -0.0101762972        0.0000000000
  21  -1        0.0119383763        0.0197104764
  21  -2        0.0004425170        0.0040262565
  21  -3        0.0339603787        0.0029137934
  21  -4        0.0064675611       -0.0040524974
  21  -5        0.0070304158       -0.0010778170
  21  -6       -0.0016390967       -0.0168726481
  21  -7        0.0060925599        0.0079408741
  21  -8       -0.0077848103        0.0086839703
  21  -9        0.0192326593       -0.0056132259
  21 -10        0.0071498465        0.0108823512
  21 -11       -0.0033009976        0.0045907790
  21 -12       -0.0004769112       -0.0082820362
  21 -13        0.0052230990       -0.0023586012
  21 -14       -0.0123775386       -0.0137169378
  21 -15        0.0031243848        0.0026068255
  21 -16        0.0053855607        0.0117682054
  21 -17       -0.0015781401       -0.0046354303
  21 -18       -0.0190388564        0.0035935650
  21 -19       -0.0109065203        0.0002995754
  21 -20        0.0081083683       -0.0040648118
  21 -21        0.0271986667        0.0055242625
  22  22       -0.0047492984        0.0037899738
  22  21       -0.0139785472       -0.0110264717
  22  20       -0.0057172746        0.0127641470
  22  19       -0.0085984011       -0.0064654256
  22  18       -0.0111393299        0.0174773022
  22  17       -0.0043424705       -0.0118837546
  22  16        0.0055292838       -0.0068442523
  22  15       -0.0207239022       -0.0025872062
  22  14       -0.0053708410       -0.0123705571
  22  13       -0.0170635507        0.0050962115
  22  12       -0.0052308426        0.0144533044
  22  11       -0.0040795790        0.0096297029
  22  10       -0.0039478894       -0.0046865788
  22   9        0.0000177065        0.0191312223
  22   8        0.0045643548        0.0066019842
  22   7       -0.0044479499        0.0000761435
  22   6       -0.0016790046        0.0233643752
  22   5        0.0114026248        0.0004976849
  22   4        0.0120673334        0.0036168449
  22   3       -0.0024513054        0.0115541733
  22   2       -0.0000338082       -0.0074371858
  22   1       -0.0006323355       -0.0056571821
  22   0       -0.0043409155        0.0000000000
  22  -1        0.0006323355       -0.0056571821
  22  -2       -0.0000338082        0.0074371858
  22  -3        0.0024513054        0.0115541733
  22  -4        0.0120673334       -0.0036168449
  22  -5       -0.0114026248        0.0004976849
  22  -6       -0.0016790046       -0.0233643752
  22  -7        0.0044479499        0.0000761435
  22  -8        0.0045643548       -0.0066019842
  22  -9       -0.0000177065        0.0191312223
  22 -10       -0.0039478894        0.0046865788
  22 -11        0.0040795790        0.0096297029
  22 -12       -0.0052308426       -0.0144533044
  22 -13        0.0170635507        0.0050962115
  22 -14       -0.0053708410        0.0123705571
  22 -15        0.0207239022       -0.0025872062
  22 -16        0.0055292838        0.0068442523
  22 -17        0.0043424705       -0.0118837546
  22 -18       -0.0111393299       -0.0174773022
  22 -19        0.0085984011       -0.0064654256
  22 -20       -0.0057172746       -0.0127641470
  22 -21        0.0139785472       -0.0110264717
  22 -22       -0.0047492984       -0.0037899738
  23  23        0.0084717308        0.0126417681
  23  22       -0.0022851104        0.0108958347
  23  21        0.0017983285        0.0046108096
  23  20        0.0013823769        0.0170873910
  23  19       -0.0022493500       -0.0093527261
  23  18        0.0162768116        0.0180713249
  23  17       -0.0050306633        0.0025624316
  23  16        0.0164953677        0.0071065844
  23  15        0.0060557972        0.0006075697
  23  14        0.0223567789       -0.0094565532
  23  13       -0.0105131520        0.0111873778
  23  12        0.0052745812        0.0009845006
  23  11        0.0052271422        0.0065544051
  23  10       -0.0000635321        0.0030655854
  23   9        0.0163853087       -0.0001881406
  23   8       -0.0080388131        0.0004971602
  23   7       -0.0010981709       -0.0033494674
  23   6        0.0049345124       -0.0010185976
  23   5       -0.0042870536        0.0017415259
  23   4        0.0071328243        0.0110706526
  23   3        0.0104585272       -0.0033988038
  23   2       -0.0160758154       -0.0075503360
  23   1        0.0201130972       -0.0237777162
  23   0        0.0002112361        0.0000000000
  23  -1       -0.0201130972       -0.0237777162
  23  -2       -0.0160758154        0.0075503360
  23  -3       -0.0104585272       -0.0033988038
  23  -4        0.0071328243       -0.0110706526
  23  -5        0.0042870536        0.0017415259
  23  -6        0.0049345124        0.0010185976
  23  -7        0.0010981709       -0.0033494674
  23  -8       -0.0080388131       -0.0004971602
  23  -9       -0.0163853087       -0.0001881406
  23 -10       -0.0000635321       -0.0030655854
  23 -11       -0.0052271422        0.0065544051
  23 -12        0.0052745812       -0.0009845006
  23 -13        0.0105131520        0.0111873778
  23 -14        0.0223567789        0.0094565532
  23 -15       -0.0060557972        0.0006075697
  23 -16        0.0164953677       -0.0071065844
  23 -17        0.0050306633        0.0025624316
  23 -18        0.0162768116       -0.0180713249
  23 -19        0.0022493500       -0.0093527261
  23 -20        0.0013823769       -0.0170873910
  23 -21       -0.0017983285        0.0046108096
  23 -22       -0.0022851104       -0.0108958347
  23 -23       -0.0084717308        0.0126417681
  24  24        0.0032406217       -0.0006103765
  24  23       -0.0040944588       -0.0006130987
  24  22       -0.0081107481       -0.0105068071
  24  21        0.0015148634        0.0047486591
  24  20       -0.0044991910       -0.0068799437
  24  19        0.0101106478        0.0044648465
  24  18        0.0092202425       -0.0093030854
  24  17        0.0138187385       -0.0044272762
  24  16        0.0089840099       -0.0056957132
  24  15        0.0049103476        0.0033766090
  24  14        0.0011890231       -0.0152214454
  24  13        0.0024918659       -0.0112376115
  24  12       -0.0084444664        0.0013897146
  24  11       -0.0014142885       -0.0058411789
  24  10       -0.0046911916        0.0078725342
  24   9        0.0129915932       -0.0120930159
  24   8       -0.0020662475       -0.0097326137
  24   7       -0.0045093136       -0.0052621809
  24   6       -0.0010574803       -0.0148691651
  24   5       -0.0137423638       -0.0015583500
  24   4       -0.0065339551        0.0012016410
  24   3       -0.0020515464       -0.0050037929
  24   2        0.0001611653       -0.0045147808
  24   1       -0.0003527633        0.0027331206
  24   0       -0.0063145506        0.0000000000
  24  -1        0.0003527633        0.0027331206
  24  -2        0.0001611653        0.0045147808
  24  -3        0.0020515464       -0.0050037929
  24  -4       -0.0065339551       -0.0012016410
  24  -5        0.0137423638       -0.0015583500
  24  -6       -0.0010574803        0.0148691651
  24  -7        0.0045093136       -0.0052621809
  24  -8       -0.0020662475        0.0097326137
  24  -9       -0.0129915932       -0.0120930159
  24 -10       -0.0046911916       -0.0078725342
  24 -11        0.0014142885       -0.0058411789
  24 -12       -0.0084444664       -0.0013897146
  24 -13       -0.0024918659       -0.0112376115
  24 -14        0.0011890231        0.0152214454
  24 -15       -0.0049103476        0.0033766090
  24 -16        0.0089840099        0.0056957132
  24 -17       -0.0138187385       -0.0044272762
  24 -18        0.0092202425        0.0093030854
  24 -19       -0.0101106478        0.0044648465
  24 -20       -0.0044991910        0.0068799437
  24 -21       -0.0015148634        0.0047486591
  24 -22       -0.0081107481        0.0105068071
  24 -23        0.0040944588       -0.0006130987
  24 -24        0.0032406217        0.0006103765
  25  25       -0.0003965573       -0.0259970037
  25  24        0.0121719056        0.0118712090
  25  23        0.0118600904       -0.0040758293
  25  22        0.0184828640       -0.0232230065
  25  21        0.0023112468        0.0050196484
  25  20        0.0084794335       -0.0074436681
  25  19        0.0049599489        0.0100276888
  25  18       -0.0005044044       -0.0142438198
  25  17        0.0041397646       -0.0066836115
  25  16       -0.0086365514       -0.0059499121
  25  15       -0.0000800391        0.0135010283
  25  14       -0.0103910241       -0.0107467562
  25  13        0.0136322762       -0.0136075979
  25  12       -0.0018765923       -0.0041460947
  25  11       -0.0123904305       -0.0104062763
  25  10       -0.0049092873        0.0022756220
  25   9       -0.0115831341       -0.0024718916
  25   8       -0.0034602940        0.0062181136
  25   7        0.0016409205        0.0042354524
  25   6       -0.0018072208       -0.0016622752
  25   5       -0.0034366953       -0.0052611150
  25   4       -0.0021647178       -0.0038405898
  25   3       -0.0009088279        0.0048658048
  25   2        0.0182970411        0.0107994756
  25   1       -0.0075085834        0.0017028883
  25   0        0.0007990309        0.0000000000
  25  -1        0.0075085834        0.0017028883
  25  -2        0.0182970411       -0.0107994756
  25  -3        0.0009088279        0.0048658048
  25  -4       -0.0021647178        0.0038405898
  25  -5        0.0034366953       -0.0052611150
  25  -6       -0.0018072208        0.0016622752
  25  -7       -0.0016409205        0.0042354524
  25  -8       -0.0034602940       -0.0062181136
  25  -9        0.0115831341       -0.0024718916
  25 -10       -0.0049092873       -0.0022756220
  25 -11        0.0123904305       -0.0104062763
  25 -12       -0.0018765923        0.0041460947
  25 -13       -0.0136322762       -0.0136075979
  25 -14       -0.0103910241        0.0107467562
  25 -15        0.0000800391        0.0135010283
  25 -16       -0.0086365514        0.0059499121
  25 -17       -0.0041397646       -0.0066836115
  25 -18       -0.0005044044        0.0142438198
  25 -19       -0.0049599489        0.0100276888
  25 -20        0.0084794335        0.0074436681
  25 -21       -0.0023112468        0.0050196484
  25 -22        0.0184828640        0.0232230065
  25 -23       -0.0118600904       -0.0040758293
  25 -24        0.0121719056       -0.0118712090
  25 -25        0.0003965573       -0.0259970037
  26  26       -0.0131176325       -0.0041286315
  26  25        0.0048707186       -0.0123219244
  26  24       -0.0055400990        0.0003354795
  26  23        0.0056701465        0.0012784343
  26  22       -0.0059931148       -0.0041261531
  26  21       -0.0044598599       -0.0060451900
  26  20       -0.0086196253       -0.0095895697
  26  19       -0.0115401592        0.0044468303
  26  18       -0.0011655295        0.0116591607
  26  17       -0.0085106211       -0.0006653467
  26  16       -0.0095445858       -0.0081564484
  26  15        0.0070444282       -0.0055141901
  26  14        0.0093464091        0.0151149282
  26  13        0.0018000177       -0.0000988600
  26  12        0.0123075306       -0.0052216186
  26  11        0.0055583051       -0.0111787491
  26  10       -0.0043856416       -0.0055446234
  26   9       -0.0096922998        0.0068884630
  26   8       -0.0045886984       -0.0024345344
  26   7       -0.0101186389        0.0015075895
  26   6        0.0051226784       -0.0041650083
  26   5        0.0049553932        0.0062093000
  26   4        0.0070715971       -0.0106734278
  26   3       -0.0044680113       -0.0015388232
  26   2        0.0017057264        0.0071124651
  26   1       -0.0000608544       -0.0051635899
  26   0        0.0107387059        0.0000000000
  26  -1        0.0000608544       -0.0051635899
  26  -2        0.0017057264       -0.0071124651
  26  -3        0.0044680113       -0.0015388232
  26  -4        0.0070715971        0.0106734278
  26  -5       -0.0049553932        0.0062093000
  26  -6        0.0051226784        0.0041650083
  26  -7        0.0101186389        0.0015075895
  26  -8       -0.0045886984        0.0024345344
  26  -9        0.0096922998        0.0068884630
  26 -10       -0.0043856416        0.0055446234
  26 -11       -0.0055583051       -0.0111787491
  26 -12        0.0123075306        0.0052216186
  26 -13       -0.0018000177       -0.0000988600
  26 -14        0.0093464091       -0.0151149282
  26 -15       -0.0070444282       -0.0055141901
  26 -16       -0.0095445858        0.0081564484
  26 -17        0.0085106211       -0.0006653467
  26 -18       -0.0011655295       -0.0116591607
  26 -19        0.0115401592        0.0044468303
  26 -20       -0.0086196253        0.0095895697
  26 -21        0.0044598599       -0.0060451900
  26 -22       -0.0059931148        0.0041261531
  26 -23       -0.0056701465        0.0012784343
  26 -24       -0.0055400990       -0.0003354795
  26 -25       -0.0048707186       -0.0123219244
  26 -26       -0.0131176325        0.0041286315
  27  27        0.0032801205       -0.0032457953
  27  26       -0.0061340858       -0.0003076495
  27  25       -0.0137860810       -0.0080970880
  27  24       -0.0113444436       -0.0052468686
  27  23       -0.0040585173        0.0147946187
  27  22       -0.0102655464        0.0131496532
  27  21       -0.0026120407       -0.0049796205
  27  20       -0.0117474990        0.0024762592
  27  19       -0.0027397591        0.0000082362
  27  18       -0.0093136937        0.0065045770
  27  17       -0.0033243528       -0.0069035711
  27  16        0.0050608700        0.0030791229
  27  15       -0.0032949040       -0.0000812845
  27  14       -0.0042231582        0.0014021698
  27  13       -0.0013522686        0.0089942999
  27  12       -0.0040274813        0.0238699380
  27  11        0.0139738177        0.0158151449
  27  10        0.0105048016        0.0011445688
  27   9        0.0027639378        0.0036861055
  27   8        0.0005035094       -0.0044874327
  27   7        0.0046482221       -0.0038427261
  27   6       -0.0014488835        0.0044072984
  27   5        0.0066137329        0.0024361355
  27   4       -0.0008638392        0.0031787915
  27   3       -0.0029691517       -0.0026181041
  27   2       -0.0134534999       -0.0121318828
  27   1       -0.0061626372        0.0055030514
  27   0       -0.0037946274        0.0000000000
  27  -1        0.0061626372        0.0055030514
  27  -2       -0.0134534999        0.0121318828
  27  -3        0.0029691517       -0.0026181041
  27  -4       -0.0008638392       -0.0031787915
  27  -5       -0.0066137329        0.0024361355
  27  -6       -0.0014488835       -0.0044072984
  27  -7       -0.0046482221       -0.0038427261
  27  -8        0.0005035094        0.0044874327
  27  -9       -0.0027639378        0.0036861055
  27 -10        0.0105048016       -0.0011445688
  27 -11       -0.0139738177        0.0158151449
  27 -12       -0.0040274813       -0.0238699380
  27 -13        0.0013522686        0.0089942999
  27 -14       -0.0042231582       -0.0014021698
  27 -15        0.0032949040       -0.0000812845
  27 -16        0.0050608700       -0.0030791229
  27 -17        0.0033243528       -0.0069035711
  27 -18       -0.0093136937       -0.0065045770
  27 -19        0.0027397591        0.0000082362
  27 -20       -0.0117474990       -0.0024762592
  27 -21        0.0026120407       -0.0049796205
  27 -22       -0.0102655464       -0.0131496532
  27 -23        0.0040585173        0.0147946187
  27 -24       -0.0113444436        0.0052468686
  27 -25        0.0137860810       -0.0080970880
  27 -26       -0.0061340858        0.0003076495
  27 -27       -0.0032801205       -0.0032457953
  28  28       -0.0044475297        0.0145673946
  28  27        0.0050377971        0.0024093855
  28  26       -0.0024469128       -0.0009682158
  28  25       -0.0028839341        0.0077688571
  28  24       -0.0021680696       -0.0044308759
  28  23        0.0053555808        0.0015125839
  28  22        0.0062612584        0.0065897469
  28  21        0.0053373406        0.0128062551
  28  20       -0.0093433925        0.0071260815
  28  19       -0.0056853867       -0.0111409231
  28  18       -0.0013260008        0.0013448402
  28  17        0.0025928495       -0.0083698107
  28  16        0.0032681494        0.0122915984
  28  15        0.0003338239       -0.0024409967
  28  14       -0.0014757896        0.0046395887
  28  13        0.0041259309        0.0021036370
  28  12       -0.0013429975        0.0022063106
  28  11        0.0010388925        0.0067559678
  28  10       -0.0007415331       -0.0015855125
  28   9        0.0100533209        0.0043292865
  28   8       -0.0017363276        0.0052699565
  28   7        0.0062451544        0.0018035585
  28   6        0.0003120396        0.0069637102
  28   5       -0.0039763622       -0.0062810707
  28   4        0.0056796930        0.0080439128
  28   3        0.0073310714        0.0038340741
  28   2       -0.0058783428       -0.0073511087
  28   1        0.0088352242        0.0066760655
  28   0       -0.0089208682        0.0000000000
  28  -1       -0.0088352242        0.0066760655
  28  -2       -0.0058783428        0.0073511087
  28  -3       -0.0073310714        0.0038340741
  28  -4        0.0056796930       -0.0080439128
  28  -5        0.0039763622       -0.0062810707
  28  -6        0.0003120396       -0.0069637102
  28  -7       -0.0062451544        0.0018035585
  28  -8       -0.0017363276       -0.0052699565
  28  -9       -0.0100533209        0.0043292865
  28 -10       -0.0007415331        0.0015855125
  28 -11       -0.0010388925        0.0067559678
  28 -12       -0.0013429975       -0.0022063106
  28 -13       -0.0041259309        0.0021036370
  28 -14       -0.0014757896       -0.0046395887
  28 -15       -0.0003338239       -0.0024409967
  28 -16        0.0032681494       -0.0122915984
  28 -17       -0.0025928495       -0.0083698107
  28 -18       -0.0013260008       -0.0013448402
  28 -19        0.0056853867       -0.0111409231
  28 -20       -0.0093433925       -0.0071260815
  28 -21       -0.0053373406        0.0128062551
  28 -22        0.0062612584       -0.0065897469
  28 -23       -0.0053555808        0.0015125839
  28 -24       -0.0021680696        0.0044308759
  28 -25        0.0028839341        0.0077688571
  28 -26       -0.0024469128        0.0009682158
  28 -27       -0.0050377971        0.0024093855
  28 -28       -0.0044475297       -0.0145673946
  29  29        0.0046958186       -0.0019514731
  29  28        0.0036858752        0.0018366630
  29  27        0.0082249411        0.0061207063
  29  26        0.0044331733       -0.0011553336
  29  25        0.0016343088       -0.0045408889
  29  24       -0.0017084491        0.0148659541
  29  23       -0.0015393148        0.0001037211
  29  22        0.0022321142       -0.0005055034
  29  21       -0.0013447889        0.0012908900
  29  20        0.0017568093       -0.0077926206
  29  19       -0.0016002367        0.0035605026
  29  18        0.0015583998        0.0001726672
  29  17       -0.0033397799        0.0046900622
  29  16        0.0079768574        0.0004791066
  29  15        0.0033664419       -0.0064801891
  29  14       -0.0046431106       -0.0021095577
  29  13        0.0035599019        0.0080192495
  29  12       -0.0047978248       -0.0124235974
  29  11       -0.0050195966       -0.0074434981
  29  10       -0.0007972185        0.0012665054
  29   9       -0.0018821997        0.0027919489
  29   8       -0.0055340518        0.0091523644
  29   7       -0.0112152991        0.0037389747
  29   6        0.0051008514       -0.0055354726
  29   5       -0.0022646164        0.0087248645
  29   4        0.0038498765        0.0036723591
  29   3        0.0113794007        0.0019694730
  29   2       -0.0041547373        0.0088485359
  29   1        0.0087139842       -0.0106621277
  29   0       -0.0025887197        0.0000000000
  29  -1       -0.0087139842       -0.0106621277
  29  -2       -0.0041547373       -0.0088485359
  29  -3       -0.0113794007        0.0019694730
  29  -4        0.0038498765       -0.0036723591
  29  -5        0.0022646164        0.0087248645
  29  -6        0.0051008514        0.0055354726
  29  -7        0.0112152991        0.0037389747
  29  -8       -0.0055340518       -0.0091523644
  29  -9        0.0018821997        0.0027919489
  29 -10       -0.0007972185       -0.0012665054
  29 -11        0.0050195966       -0.0074434981
  29 -12       -0.0047978248        0.0124235974
  29 -13       -0.0035599019        0.0080192495
  29 -14       -0.0046431106        0.0021095577
  29 -15       -0.0033664419       -0.0064801891
  29 -16        0.0079768574       -0.0004791066
  29 -17        0.0033397799        0.0046900622
  29 -18        0.0015583998       -0.0001726672
  29 -19        0.0016002367        0.0035605026
  29 -20        0.0017568093        0.0077926206
  29 -21        0.0013447889        0.0012908900
  29 -22        0.0022321142        0.0005055034
  29 -23        0.0015393148        0.0001037211
  29 -24       -0.0017084491       -0.0148659541
  29 -25       -0.0016343088       -0.0045408889
  29 -26        0.0044331733        0.0011553336
  29 -27       -0.0082249411        0.0061207063
  29 -28        0.0036858752       -0.0018366630
  29 -29       -0.0046958186       -0.0019514731
  30  30        0.0039885329       -0.0007385741
  30  29        0.0138159112       -0.0028540221
  30  28       -0.0036250001       -0.0076327061
  30  27       -0.0030581463        0.0107554589
  30  26        0.0056759091       -0.0091072903
  30  25       -0.0083027061       -0.0078172374
  30  24        0.0091762271        0.0045914595
  30  23       -0.0025562596        0.0006629319
  30  22       -0.0009166365       -0.0014184072
  30  21       -0.0103365233       -0.0036814786
  30  20        0.0008744800       -0.0008265477
  30  19        0.0005496482        0.0024813342
  30  18       -0.0053742517        0.0016095536
  30  17       -0.0154532472        0.0039359177
  30  16        0.0014015089       -0.0037716301
  30  15       -0.0100233070        0.0029469309
  30  14       -0.0064469742       -0.0054303733
  30  13       -0.0052108438       -0.0014884789
  30  12       -0.0088028333       -0.0009733862
  30  11       -0.0010530218        0.0070701324
  30  10        0.0049073499        0.0104074707
  30   9       -0.0141518079        0.0000755728
  30   8        0.0114216768       -0.0000427584
  30   7       -0.0056549373       -0.0040838182
  30   6       -0.0012725640       -0.0031057560
  30   5        0.0031791419       -0.0023165372
  30   4       -0.0131718994        0.0004738322
  30   3       -0.0029185665        0.0063090775
  30   2        0.0037844911        0.0126784406
  30   1       -0.0092709423       -0.0036437986
  30   0        0.0072836277        0.0000000000
  30  -1        0.0092709423       -0.0036437986
  30  -2        0.0037844911       -0.0126784406
  30  -3        0.0029185665        0.0063090775
  30  -4       -0.0131718994       -0.0004738322
  30  -5       -0.0031791419       -0.0023165372
  30  -6       -0.0012725640        0.0031057560
  30  -7        0.0056549373       -0.0040838182
  30  -8        0.0114216768        0.0000427584
  30  -9        0.0141518079        0.0000755728
  30 -10        0.0049073499       -0.0104074707
  30 -11        0.0010530218        0.0070701324
  30 -12       -0.0088028333        0.0009733862
  30 -13        0.0052108438       -0.0014884789
  30 -14       -0.0064469742        0.0054303733
  30 -15        0.0100233070        0.0029469309
  30 -16        0.0014015089        0.0037716301
  30 -17        0.0154532472        0.0039359177
  30 -18       -0.0053742517       -0.0016095536
  30 -19       -0.0005496482        0.0024813342
  30 -20        0.0008744800        0.0008265477
  30 -21        0.0103365233       -0.0036814786
  30 -22       -0.0009166365        0.0014184072
  30 -23        0.0025562596        0.0006629319
  30 -24        0.0091762271       -0.0045914595
  30 -25        0.0083027061       -0.0078172374
  30 -26        0.0056759091        0.0091072903
  30 -27        0.0030581463        0.0107554589
  30 -28       -0.0036250001        0.0076327061
  30 -29       -0.0138159112       -0.0028540221
  30 -30        0.0039885329        0.0007385741
