   0   0        6.7214469992        0.0000000000
   1   1       -0.0807434301        0.0483199741
   1   0        0.1698535415        0.0000000000
   1  -1        0.0807434301        0.0483199741
   2   2        0.1322820380       -0.1385263251
   2   1       -0.1893327481        0.3157955206
   2   0       -0.5094456898        0.0000000000
   2  -1        0.1893327481        0.3157955206
   2  -2        0.1322820380        0.1385263251
   3   3        0.1254166078       -0.0099338904
   3   2       -0.0093007486        0.1331602557
   3   1        0.0211874196       -0.1012414199
   3   0        0.1365269446        0.0000000000
   3  -1       -0.0211874196       -0.1012414199
   3  -2       -0.0093007486       -0.1331602557
   3  -3       -0.1254166078       -0.0099338904
   4   4       -0.0593879915       -0.1076919576
   4   3       -0.1292531638        0.0627337594
   4   2       -0.0328957489       -0.1310344599
   4   1        0.0175869731       -0.1060384399
   4   0       -0.1014495804        0.0000000000
   4  -1       -0.0175869731       -0.1060384399
   4  -2       -0.0328957489        0.1310344599
   4  -3        0.1292531638        0.0627337594
   4  -4       -0.0593879915        0.1076919576
   5   5        0.0205252809        0.0016498669
   5   4       -0.1305653712       -0.0149837557
   5   3        0.0554823571       -0.0203417776
   5   2       -0.1019928876        0.0571042274
   5   1        0.0064674156        0.0332738566
   5   0       -0.1063587737        0.0000000000
   5  -1       -0.0064674156        0.0332738566
   5  -2       -0.1019928876       -0.0571042274
   5  -3       -0.0554823571       -0.0203417776
   5  -4       -0.1305653712        0.0149837557
   5  -5       -0.0205252809        0.0016498669
   6   6       -0.0666850661        0.0452500525
   6   5       -0.0103663780        0.0240318648
   6   4        0.0774318826        0.0607404934
   6   3       -0.0081743452       -0.0494253439
   6   2        0.0511775676        0.0338795317
   6   1        0.0508552374       -0.0702266243
   6   0        0.0761962999        0.0000000000
   6  -1       -0.0508552374       -0.0702266243
   6  -2        0.0511775676       -0.0338795317
   6  -3        0.0081743452       -0.0494253439
   6  -4        0.0774318826       -0.0607404934
   6  -5        0.0103663780        0.0240318648
   6  -6       -0.0666850661       -0.0452500525
   7   7        0.0499581166        0.0062852776
   7   6        0.0252553162        0.0079054394
   7   5        0.0588372288       -0.0493376838
   7   4        0.0080334377       -0.0776201904
   7   3       -0.0593284173        0.0051773923
   7   2        0.0363227741       -0.0374752619
   7   1        0.0309944664        0.0114340044
   7   0       -0.0507130780        0.0000000000
   7  -1       -0.0309944664        0.0114340044
   7  -2        0.0363227741        0.0374752619
   7  -3        0.0593284173        0.0051773923
   7  -4        0.0080334377        0.0776201904
   7  -5       -0.0588372288       -0.0493376838
   7  -6        0.0252553162       -0.0079054394
   7  -7       -0.0499581166        0.0062852776
   8   8        0.0352120617        0.0406566442
   8   7        0.0556981612       -0.0294489334
   8   6        0.0095535560       -0.0678864475
   8   5        0.0048328618       -0.0204970852
   8   4       -0.0434727313       -0.0385429024
   8   3        0.0484020870       -0.0056802443
   8   2       -0.0014552940        0.0213811837
   8   1       -0.0086531097        0.0423682896
   8   0       -0.0122266191        0.0000000000
   8  -1        0.0086531097        0.0423682896
   8  -2       -0.0014552940       -0.0213811837
   8  -3       -0.0484020870       -0.0056802443
   8  -4       -0.0434727313        0.0385429024
   8  -5       -0.0048328618       -0.0204970852
   8  -6        0.0095535560        0.0678864475
   8  -7       -0.0556981612       -0.0294489334
   8  -8        0.0352120617       -0.0406566442
   9   9        0.0580803793        0.0133110087
   9   8       -0.0232653981       -0.0621157439
   9   7       -0.0327402228        0.0025616767
   9   6       -0.0269916008        0.0356256128
   9   5        0.0100365630       -0.0088831611
   9   4        0.0399075455        0.0362440551
   9   3        0.0456162021        0.0083820215
   9   2       -0.0192881722        0.0148859072
   9   1        0.0025940290        0.0057422820
   9   0        0.0267388270        0.0000000000
   9  -1       -0.0025940290        0.0057422820
   9  -2       -0.0192881722       -0.0148859072
   9  -3       -0.0456162021        0.0083820215
   9  -4        0.0399075455       -0.0362440551
   9  -5       -0.0100365630       -0.0088831611
   9  -6       -0.0269916008       -0.0356256128
   9  -7        0.0327402228        0.0025616767
   9  -8       -0.0232653981        0.0621157439
   9  -9       -0.0580803793        0.0133110087
  10  10        0.0095722574       -0.0253035057
  10   9       -0.0258811530       -0.0332383017
  10   8       -0.0151638623        0.0384741663
  10   7        0.0120473162       -0.0098449743
  10   6        0.0488115985        0.0018702641
  10   5        0.0013720755       -0.0036354130
  10   4        0.0230622711        0.0173425936
  10   3       -0.0278943717        0.0102531984
  10   2        0.0245720346       -0.0204466334
  10   1       -0.0181140799       -0.0086273604
  10   0       -0.0059242518        0.0000000000
  10  -1        0.0181140799       -0.0086273604
  10  -2        0.0245720346        0.0204466334
  10  -3        0.0278943717        0.0102531984
  10  -4        0.0230622711       -0.0173425936
  10  -5       -0.0013720755       -0.0036354130
  10  -6        0.0488115985       -0.0018702641
  10  -7       -0.0120473162       -0.0098449743
  10  -8       -0.0151638623       -0.0384741663
  10  -9        0.0258811530       -0.0332383017
  10 -10        0.0095722574        0.0253035057
  11  11        0.0064221631       -0.0162701917
  11  10       -0.0368584454        0.0107053169
  11   9        0.0358452349        0.0262232008
  11   8        0.0159045845       -0.0332154934
  11   7        0.0294807390        0.0125742213
  11   6        0.0055387962       -0.0326849482
  11   5        0.0044640018        0.0150567296
  11   4       -0.0138327821       -0.0231816950
  11   3        0.0070668201        0.0021449104
  11   2       -0.0003474396       -0.0140995085
  11   1       -0.0118702400        0.0027839197
  11   0       -0.0161955619        0.0000000000
  11  -1        0.0118702400        0.0027839197
  11  -2       -0.0003474396        0.0140995085
  11  -3       -0.0070668201        0.0021449104
  11  -4       -0.0138327821        0.0231816950
  11  -5       -0.0044640018        0.0150567296
  11  -6        0.0055387962        0.0326849482
  11  -7       -0.0294807390        0.0125742213
  11  -8        0.0159045845        0.0332154934
  11  -9       -0.0358452349        0.0262232008
  11 -10       -0.0368584454       -0.0107053169
  11 -11       -0.0064221631       -0.0162701917
  12  12       -0.0204102369       -0.0032755270
  12  11       -0.0150991284        0.0160026123
  12  10        0.0393844452        0.0102929603
  12   9        0.0001114115       -0.0162711951
  12   8        0.0086683026        0.0077745117
  12   7       -0.0099622806        0.0037460548
  12   6       -0.0044849696        0.0236756047
  12   5       -0.0051402789        0.0005231508
  12   4        0.0180841989        0.0148371412
  12   3        0.0001922915        0.0065914910
  12   2       -0.0207442466        0.0090841064
  12   1        0.0062836116        0.0015838343
  12   0        0.0040714666        0.0000000000
  12  -1       -0.0062836116        0.0015838343
  12  -2       -0.0207442466       -0.0090841064
  12  -3       -0.0001922915        0.0065914910
  12  -4        0.0180841989       -0.0148371412
  12  -5        0.0051402789        0.0005231508
  12  -6       -0.0044849696       -0.0236756047
  12  -7        0.0099622806        0.0037460548
  12  -8        0.0086683026       -0.0077745117
  12  -9       -0.0001114115       -0.0162711951
  12 -10        0.0393844452       -0.0102929603
  12 -11        0.0150991284        0.0160026123
  12 -12       -0.0204102369        0.0032755270
  13  13       -0.0186879777        0.0000886524
  13  12        0.0096571560        0.0227005141
  13  11        0.0225981989       -0.0270173785
  13  10       -0.0266130088        0.0003957681
  13   9       -0.0128218597        0.0033124596
  13   8       -0.0175627923        0.0206403939
  13   7       -0.0036690082        0.0096261784
  13   6        0.0096441288        0.0000312188
  13   5        0.0051051913        0.0095895471
  13   4       -0.0007521973        0.0143540989
  13   3       -0.0228362231       -0.0047101942
  13   2        0.0040193660       -0.0052395543
  13   1       -0.0113945575        0.0050424485
  13   0        0.0036362992        0.0000000000
  13  -1        0.0113945575        0.0050424485
  13  -2        0.0040193660        0.0052395543
  13  -3        0.0228362231       -0.0047101942
  13  -4       -0.0007521973       -0.0143540989
  13  -5       -0.0051051913        0.0095895471
  13  -6        0.0096441288       -0.0000312188
  13  -7        0.0036690082        0.0096261784
  13  -8       -0.0175627923       -0.0206403939
  13  -9        0.0128218597        0.0033124596
  13 -10       -0.0266130088       -0.0003957681
  13 -11       -0.0225981989       -0.0270173785
  13 -12        0.0096571560       -0.0227005141
  13 -13        0.0186879777        0.0000886524
  14  14        0.0016222591        0.0110177842
  14  13        0.0097839838        0.0107727502
  14  12        0.0024502784       -0.0296897655
  14  11       -0.0281941048        0.0162504790
  14  10        0.0083112092        0.0116194136
  14   9        0.0025993532        0.0181690489
  14   8        0.0119449872       -0.0052888043
  14   7        0.0034920699        0.0035589721
  14   6       -0.0057298321        0.0017873332
  14   5        0.0019003378        0.0089159284
  14   4       -0.0232513735       -0.0085887709
  14   3       -0.0024469994        0.0006442616
  14   2        0.0019137712        0.0047814445
  14   1       -0.0104576620       -0.0158747380
  14   0        0.0128523927        0.0000000000
  14  -1        0.0104576620       -0.0158747380
  14  -2        0.0019137712       -0.0047814445
  14  -3        0.0024469994        0.0006442616
  14  -4       -0.0232513735        0.0085887709
  14  -5       -0.0019003378        0.0089159284
  14  -6       -0.0057298321       -0.0017873332
  14  -7       -0.0034920699        0.0035589721
  14  -8        0.0119449872        0.0052888043
  14  -9       -0.0025993532        0.0181690489
  14 -10        0.0083112092       -0.0116194136
  14 -11        0.0281941048        0.0162504790
  14 -12        0.0024502784        0.0296897655
  14 -13       -0.0097839838        0.0107727502
  14 -14        0.0016222591       -0.0110177842
  15  15        0.0019160577        0.0031725697
  15  14        0.0059723932       -0.0118134288
  15  13       -0.0162551942       -0.0112648600
  15  12        0.0029029397        0.0199492642
  15  11        0.0104596460        0.0145577481
  15  10        0.0003844284       -0.0051340251
  15   9        0.0031711214       -0.0036582037
  15   8       -0.0071746336       -0.0034891944
  15   7       -0.0128049065       -0.0028506435
  15   6       -0.0088730354        0.0125141214
  15   5       -0.0102835650       -0.0112374729
  15   4        0.0019374820       -0.0026098584
  15   3        0.0092442613        0.0016265332
  15   2       -0.0060587066        0.0017814853
  15   1        0.0132049288        0.0039819097
  15   0        0.0003861324        0.0000000000
  15  -1       -0.0132049288        0.0039819097
  15  -2       -0.0060587066       -0.0017814853
  15  -3       -0.0092442613        0.0016265332
  15  -4        0.0019374820        0.0026098584
  15  -5        0.0102835650       -0.0112374729
  15  -6       -0.0088730354       -0.0125141214
  15  -7        0.0128049065       -0.0028506435
  15  -8       -0.0071746336        0.0034891944
  15  -9       -0.0031711214       -0.0036582037
  15 -10        0.0003844284        0.0051340251
  15 -11       -0.0104596460        0.0145577481
  15 -12        0.0029029397       -0.0199492642
  15 -13        0.0162551942       -0.0112648600
  15 -14        0.0059723932        0.0118134288
  15 -15       -0.0019160577        0.0031725697
  16  16        0.0095610169        0.0030679835
  16  15       -0.0065839877       -0.0090512011
  16  14       -0.0032971225        0.0029659581
  16  13        0.0088895447        0.0101652379
  16  12        0.0003041203        0.0035438313
  16  11        0.0051079759       -0.0120545309
  16  10       -0.0225970110       -0.0029340259
  16   9       -0.0039235333        0.0023141643
  16   8       -0.0115873767        0.0064639139
  16   7       -0.0031752798       -0.0098151448
  16   6        0.0009671112       -0.0077504300
  16   5       -0.0003402929       -0.0109147538
  16   4       -0.0007842477        0.0035064447
  16   3       -0.0132511998       -0.0090265874
  16   2        0.0092869997        0.0029326075
  16   1       -0.0012565193        0.0003380712
  16   0       -0.0026768860        0.0000000000
  16  -1        0.0012565193        0.0003380712
  16  -2        0.0092869997       -0.0029326075
  16  -3        0.0132511998       -0.0090265874
  16  -4       -0.0007842477       -0.0035064447
  16  -5        0.0003402929       -0.0109147538
  16  -6        0.0009671112        0.0077504300
  16  -7        0.0031752798       -0.0098151448
  16  -8       -0.0115873767       -0.0064639139
  16  -9        0.0039235333        0.0023141643
  16 -10       -0.0225970110        0.0029340259
  16 -11       -0.0051079759       -0.0120545309
  16 -12        0.0003041203       -0.0035438313
  16 -13       -0.0088895447        0.0101652379
  16 -14       -0.0032971225       -0.0029659581
  16 -15        0.0065839877       -0.0090512011
  16 -16        0.0095610169       -0.0030679835
  17  17        0.0027766638       -0.0007212527
  17  16       -0.0058998750       -0.0065322798
  17  15       -0.0040608187        0.0084779729
  17  14        0.0016707228       -0.0094680358
  17  13       -0.0089493840       -0.0055717355
  17  12        0.0015334342       -0.0103938722
  17  11       -0.0095811332        0.0033173813
  17  10        0.0087588352        0.0079789996
  17   9       -0.0097427344        0.0045870525
  17   8        0.0091575119       -0.0075912262
  17   7        0.0031053558        0.0038576953
  17   6        0.0008678394       -0.0120432965
  17   5       -0.0015546517        0.0070590356
  17   4       -0.0069454673       -0.0067738941
  17   3        0.0103635530        0.0021269712
  17   2        0.0000782738        0.0032828700
  17   1       -0.0030424258       -0.0002784685
  17   0        0.0041626298        0.0000000000
  17  -1        0.0030424258       -0.0002784685
  17  -2        0.0000782738       -0.0032828700
  17  -3       -0.0103635530        0.0021269712
  17  -4       -0.0069454673        0.0067738941
  17  -5        0.0015546517        0.0070590356
  17  -6        0.0008678394        0.0120432965
  17  -7       -0.0031053558        0.0038576953
  17  -8        0.0091575119        0.0075912262
  17  -9        0.0097427344        0.0045870525
  17 -10        0.0087588352       -0.0079789996
  17 -11        0.0095811332        0.0033173813
  17 -12        0.0015334342        0.0103938722
  17 -13        0.0089493840       -0.0055717355
  17 -14        0.0016707228        0.0094680358
  17 -15        0.0040608187        0.0084779729
  17 -16       -0.0058998750        0.0065322798
  17 -17       -0.0027766638       -0.0007212527
  18  18        0.0038744379       -0.0043078994
  18  17        0.0001988144        0.0001890198
  18  16       -0.0011577252        0.0041537399
  18  15        0.0061831145       -0.0067127016
  18  14       -0.0090553495        0.0056685192
  18  13        0.0025177081       -0.0051853649
  18  12        0.0010723976        0.0106668718
  18  11        0.0056283193       -0.0045051301
  18  10        0.0000913574       -0.0028357882
  18   9        0.0097200794       -0.0146854892
  18   8       -0.0014088827        0.0036809510
  18   7        0.0046285167       -0.0040807524
  18   6       -0.0006020265        0.0017643185
  18   5        0.0042779247       -0.0010031397
  18   4       -0.0010892223       -0.0011402526
  18   3        0.0051606414       -0.0044325859
  18   2       -0.0061969106       -0.0099207901
  18   1        0.0141886210       -0.0004050664
  18   0        0.0063002017        0.0000000000
  18  -1       -0.0141886210       -0.0004050664
  18  -2       -0.0061969106        0.0099207901
  18  -3       -0.0051606414       -0.0044325859
  18  -4       -0.0010892223        0.0011402526
  18  -5       -0.0042779247       -0.0010031397
  18  -6       -0.0006020265       -0.0017643185
  18  -7       -0.0046285167       -0.0040807524
  18  -8       -0.0014088827       -0.0036809510
  18  -9       -0.0097200794       -0.0146854892
  18 -10        0.0000913574        0.0028357882
  18 -11       -0.0056283193       -0.0045051301
  18 -12        0.0010723976       -0.0106668718
  18 -13       -0.0025177081       -0.0051853649
  18 -14       -0.0090553495       -0.0056685192
  18 -15       -0.0061831145       -0.0067127016
  18 -16       -0.0011577252       -0.0041537399
  18 -17       -0.0001988144        0.0001890198
  18 -18        0.0038744379        0.0043078994
  19  19       -0.0035417782        0.0026440252
  19  18       -0.0040857421        0.0042613348
  19  17        0.0041757558       -0.0052937604
  19  16       -0.0064693195       -0.0010813159
  19  15       -0.0096662044        0.0132341984
  19  14        0.0092643514       -0.0069396844
  19  13        0.0051854485       -0.0033764404
  19  12        0.0018403762       -0.0128079284
  19  11       -0.0050199664       -0.0032835436
  19  10       -0.0041514404       -0.0045648429
  19   9       -0.0035285273       -0.0026559953
  19   8       -0.0033416598       -0.0069618392
  19   7       -0.0010012550       -0.0016807001
  19   6       -0.0031146903        0.0020097333
  19   5        0.0003708523       -0.0065235631
  19   4        0.0075270276        0.0016717136
  19   3       -0.0006980718       -0.0012823968
  19   2        0.0018849568        0.0067043720
  19   1        0.0040246911        0.0073595964
  19   0       -0.0100111434        0.0000000000
  19  -1       -0.0040246911        0.0073595964
  19  -2        0.0018849568       -0.0067043720
  19  -3        0.0006980718       -0.0012823968
  19  -4        0.0075270276       -0.0016717136
  19  -5       -0.0003708523       -0.0065235631
  19  -6       -0.0031146903       -0.0020097333
  19  -7        0.0010012550       -0.0016807001
  19  -8       -0.0033416598        0.0069618392
  19  -9        0.0035285273       -0.0026559953
  19 -10       -0.0041514404        0.0045648429
  19 -11        0.0050199664       -0.0032835436
  19 -12        0.0018403762        0.0128079284
  19 -13       -0.0051854485       -0.0033764404
  19 -14        0.0092643514        0.0069396844
  19 -15        0.0096662044        0.0132341984
  19 -16       -0.0064693195        0.0010813159
  19 -17       -0.0041757558       -0.0052937604
  19 -18       -0.0040857421       -0.0042613348
  19 -19        0.0035417782        0.0026440252
  20  20       -0.0034220229       -0.0006114209
  20  19       -0.0041526332        0.0011997365
  20  18        0.0008125954        0.0056899271
  20  17        0.0000453854        0.0049880943
  20  16        0.0054061528       -0.0052529654
  20  15        0.0018076022       -0.0116249188
  20  14        0.0018237518        0.0010227451
  20  13       -0.0008953127       -0.0032997007
  20  12       -0.0021824315        0.0000049691
  20  11       -0.0021969993       -0.0003347094
  20  10       -0.0002380250        0.0001399534
  20   9       -0.0014210923        0.0002636785
  20   8        0.0047131503       -0.0036059604
  20   7        0.0038700484        0.0033098751
  20   6       -0.0016325138        0.0012921671
  20   5       -0.0041146770        0.0107576832
  20   4        0.0000612577       -0.0013845172
  20   3        0.0010987099       -0.0004566530
  20   2       -0.0005522514        0.0016979983
  20   1       -0.0043918464       -0.0082713087
  20   0       -0.0005392645        0.0000000000
  20  -1        0.0043918464       -0.0082713087
  20  -2       -0.0005522514       -0.0016979983
  20  -3       -0.0010987099       -0.0004566530
  20  -4        0.0000612577        0.0013845172
  20  -5        0.0041146770        0.0107576832
  20  -6       -0.0016325138       -0.0012921671
  20  -7       -0.0038700484        0.0033098751
  20  -8        0.0047131503        0.0036059604
  20  -9        0.0014210923        0.0002636785
  20 -10       -0.0002380250       -0.0001399534
  20 -11        0.0021969993       -0.0003347094
  20 -12       -0.0021824315       -0.0000049691
  20 -13        0.0008953127       -0.0032997007
  20 -14        0.0018237518       -0.0010227451
  20 -15       -0.0018076022       -0.0116249188
  20 -16        0.0054061528        0.0052529654
  20 -17       -0.0000453854        0.0049880943
  20 -18        0.0008125954       -0.0056899271
  20 -19        0.0041526332        0.0011997365
  20 -20       -0.0034220229        0.0006114209
  21  21       -0.0009833465        0.0010926207
  21  20        0.0037615598        0.0028297345
  21  19        0.0020360193        0.0008381585
  21  18       -0.0024263277       -0.0015648801
  21  17        0.0023626940       -0.0039510407
  21  16       -0.0005028947       -0.0069579438
  21  15       -0.0051685078        0.0128354193
  21  14       -0.0041962091       -0.0034162562
  21  13        0.0097275168        0.0056117965
  21  12       -0.0044497031        0.0047157657
  21  11        0.0056069649       -0.0038911338
  21  10        0.0041153269        0.0016367666
  21   9        0.0040564199       -0.0010929082
  21   8       -0.0028704910        0.0079775847
  21   7       -0.0005973321        0.0038804952
  21   6        0.0059725666        0.0025756094
  21   5        0.0014058238       -0.0018148515
  21   4        0.0018058255        0.0036776362
  21   3       -0.0003787644        0.0076406590
  21   2        0.0011414237       -0.0047443563
  21   1        0.0010659085        0.0026503979
  21   0       -0.0013414606        0.0000000000
  21  -1       -0.0010659085        0.0026503979
  21  -2        0.0011414237        0.0047443563
  21  -3        0.0003787644        0.0076406590
  21  -4        0.0018058255       -0.0036776362
  21  -5       -0.0014058238       -0.0018148515
  21  -6        0.0059725666       -0.0025756094
  21  -7        0.0005973321        0.0038804952
  21  -8       -0.0028704910       -0.0079775847
  21  -9       -0.0040564199       -0.0010929082
  21 -10        0.0041153269       -0.0016367666
  21 -11       -0.0056069649       -0.0038911338
  21 -12       -0.0044497031       -0.0047157657
  21 -13       -0.0097275168        0.0056117965
  21 -14       -0.0041962091        0.0034162562
  21 -15        0.0051685078        0.0128354193
  21 -16       -0.0005028947        0.0069579438
  21 -17       -0.0023626940       -0.0039510407
  21 -18       -0.0024263277        0.0015648801
  21 -19       -0.0020360193        0.0008381585
  21 -20        0.0037615598       -0.0028297345
  21 -21        0.0009833465        0.0010926207
  22  22        0.0021527650        0.0013503974
  22  21        0.0017048465        0.0050845643
  22  20        0.0044857553       -0.0054543845
  22  19       -0.0005408035       -0.0039002248
  22  18       -0.0033099002        0.0046668846
  22  17       -0.0029326184        0.0047562532
  22  16        0.0023504019        0.0089099642
  22  15        0.0048317341       -0.0031685777
  22  14        0.0093822529       -0.0020502294
  22  13        0.0011837947        0.0044188003
  22  12        0.0041867849       -0.0026189856
  22  11       -0.0013408473        0.0026033898
  22  10        0.0038778591       -0.0011562315
  22   9       -0.0019936897        0.0049556515
  22   8        0.0020536274       -0.0008729100
  22   7       -0.0056363103       -0.0045128244
  22   6       -0.0039198466        0.0022804912
  22   5       -0.0006671089       -0.0019259884
  22   4        0.0037120397       -0.0035711828
  22   3        0.0045896306        0.0009931830
  22   2        0.0088790600       -0.0010740755
  22   1       -0.0032383589        0.0045161197
  22   0       -0.0062851477        0.0000000000
  22  -1        0.0032383589        0.0045161197
  22  -2        0.0088790600        0.0010740755
  22  -3       -0.0045896306        0.0009931830
  22  -4        0.0037120397        0.0035711828
  22  -5        0.0006671089       -0.0019259884
  22  -6       -0.0039198466       -0.0022804912
  22  -7        0.0056363103       -0.0045128244
  22  -8        0.0020536274        0.0008729100
  22  -9        0.0019936897        0.0049556515
  22 -10        0.0038778591        0.0011562315
  22 -11        0.0013408473        0.0026033898
  22 -12        0.0041867849        0.0026189856
  22 -13       -0.0011837947        0.0044188003
  22 -14        0.0093822529        0.0020502294
  22 -15       -0.0048317341       -0.0031685777
  22 -16        0.0023504019       -0.0089099642
  22 -17        0.0029326184        0.0047562532
  22 -18       -0.0033099002       -0.0046668846
  22 -19        0.0005408035       -0.0039002248
  22 -20        0.0044857553        0.0054543845
  22 -21       -0.0017048465        0.0050845643
  22 -22        0.0021527650       -0.0013503974
  23  23       -0.0011150980        0.0088984255
  23  22        0.0074882898        0.0003516436
  23  21        0.0008816252       -0.0066127642
  23  20       -0.0052118347       -0.0002239645
  23  19        0.0018932690        0.0034694383
  23  18        0.0015741805        0.0020935263
  23  17        0.0052216700        0.0036207373
  23  16        0.0045628299       -0.0049443569
  23  15        0.0039044270       -0.0053723554
  23  14        0.0019057749        0.0001333630
  23  13        0.0014228289       -0.0000229006
  23  12        0.0045989423       -0.0012141547
  23  11        0.0034465855        0.0002919023
  23  10        0.0059173277       -0.0032377841
  23   9       -0.0017291759       -0.0045863402
  23   8        0.0030280469        0.0012243228
  23   7        0.0000062794        0.0064893820
  23   6        0.0041840135       -0.0019874069
  23   5       -0.0004943139        0.0037715901
  23   4        0.0014822398        0.0050897180
  23   3       -0.0011458959        0.0029120736
  23   2       -0.0088956981        0.0056771080
  23   1       -0.0030435186       -0.0022825447
  23   0        0.0034018902        0.0000000000
  23  -1        0.0030435186       -0.0022825447
  23  -2       -0.0088956981       -0.0056771080
  23  -3        0.0011458959        0.0029120736
  23  -4        0.0014822398       -0.0050897180
  23  -5        0.0004943139        0.0037715901
  23  -6        0.0041840135        0.0019874069
  23  -7       -0.0000062794        0.0064893820
  23  -8        0.0030280469       -0.0012243228
  23  -9        0.0017291759       -0.0045863402
  23 -10        0.0059173277        0.0032377841
  23 -11       -0.0034465855        0.0002919023
  23 -12        0.0045989423        0.0012141547
  23 -13       -0.0014228289       -0.0000229006
  23 -14        0.0019057749       -0.0001333630
  23 -15       -0.0039044270       -0.0053723554
  23 -16        0.0045628299        0.0049443569
  23 -17       -0.0052216700        0.0036207373
  23 -18        0.0015741805       -0.0020935263
  23 -19       -0.0018932690        0.0034694383
  23 -20       -0.0052118347        0.0002239645
  23 -21       -0.0008816252       -0.0066127642
  23 -22        0.0074882898       -0.0003516436
  23 -23        0.0011150980        0.0088984255
  24  24        0.0015182801        0.0026120624
  24  23        0.0055387075       -0.0021724724
  24  22       -0.0050314851       -0.0078907365
  24  21       -0.0033554109        0.0059756735
  24  20       -0.0000796553        0.0028487367
  24  19        0.0050300524       -0.0002735173
  24  18        0.0075508500       -0.0037147091
  24  17       -0.0011770073       -0.0033261928
  24  16       -0.0063067004        0.0039991057
  24  15       -0.0001043642        0.0045340324
  24  14       -0.0018590397        0.0029250181
  24  13        0.0081789341        0.0027823192
  24  12       -0.0033953604        0.0032196246
  24  11        0.0030986853        0.0040304504
  24  10       -0.0017179392       -0.0013512585
  24   9        0.0047419219        0.0081458107
  24   8       -0.0018953481        0.0021912259
  24   7        0.0026116942       -0.0025032076
  24   6        0.0006944779       -0.0058277103
  24   5        0.0022805377       -0.0016806170
  24   4       -0.0015616529       -0.0017730964
  24   3       -0.0061350493        0.0014406045
  24   2       -0.0030684928       -0.0064401398
  24   1       -0.0023098888       -0.0035481658
  24   0        0.0046532091        0.0000000000
  24  -1        0.0023098888       -0.0035481658
  24  -2       -0.0030684928        0.0064401398
  24  -3        0.0061350493        0.0014406045
  24  -4       -0.0015616529        0.0017730964
  24  -5       -0.0022805377       -0.0016806170
  24  -6        0.0006944779        0.0058277103
  24  -7       -0.0026116942       -0.0025032076
  24  -8       -0.0018953481       -0.0021912259
  24  -9       -0.0047419219        0.0081458107
  24 -10       -0.0017179392        0.0013512585
  24 -11       -0.0030986853        0.0040304504
  24 -12       -0.0033953604       -0.0032196246
  24 -13       -0.0081789341        0.0027823192
  24 -14       -0.0018590397       -0.0029250181
  24 -15        0.0001043642        0.0045340324
  24 -16       -0.0063067004       -0.0039991057
  24 -17        0.0011770073       -0.0033261928
  24 -18        0.0075508500        0.0037147091
  24 -19       -0.0050300524       -0.0002735173
  24 -20       -0.0000796553       -0.0028487367
  24 -21        0.0033554109        0.0059756735
  24 -22       -0.0050314851        0.0078907365
  24 -23       -0.0055387075       -0.0021724724
  24 -24        0.0015182801       -0.0026120624
  25  25        0.0040824688        0.0042694915
  25  24        0.0016111591        0.0021895513
  25  23       -0.0082283792       -0.0004432322
  25  22        0.0063012844        0.0105447658
  25  21        0.0084111736       -0.0060992931
  25  20        0.0101753076       -0.0041189778
  25  19       -0.0043430531       -0.0038524650
  25  18       -0.0052619316        0.0051647653
  25  17        0.0022233252        0.0044364167
  25  16        0.0033716251        0.0092297384
  25  15        0.0030394968       -0.0043600472
  25  14        0.0011994345       -0.0004836875
  25  13       -0.0078728175        0.0032994394
  25  12       -0.0000032568        0.0094072573
  25  11       -0.0008343189        0.0020242329
  25  10       -0.0026913159        0.0003979409
  25   9        0.0005400766       -0.0017044155
  25   8       -0.0043833426       -0.0042882977
  25   7       -0.0033600890       -0.0021093521
  25   6       -0.0034256593        0.0001994604
  25   5        0.0015364983       -0.0023095602
  25   4       -0.0056913206        0.0006204646
  25   3       -0.0004339616       -0.0051761020
  25   2        0.0080489267       -0.0005175124
  25   1       -0.0004706966       -0.0003586778
  25   0       -0.0019706385        0.0000000000
  25  -1        0.0004706966       -0.0003586778
  25  -2        0.0080489267        0.0005175124
  25  -3        0.0004339616       -0.0051761020
  25  -4       -0.0056913206       -0.0006204646
  25  -5       -0.0015364983       -0.0023095602
  25  -6       -0.0034256593       -0.0001994604
  25  -7        0.0033600890       -0.0021093521
  25  -8       -0.0043833426        0.0042882977
  25  -9       -0.0005400766       -0.0017044155
  25 -10       -0.0026913159       -0.0003979409
  25 -11        0.0008343189        0.0020242329
  25 -12       -0.0000032568       -0.0094072573
  25 -13        0.0078728175        0.0032994394
  25 -14        0.0011994345        0.0004836875
  25 -15       -0.0030394968       -0.0043600472
  25 -16        0.0033716251       -0.0092297384
  25 -17       -0.0022233252        0.0044364167
  25 -18       -0.0052619316       -0.0051647653
  25 -19        0.0043430531       -0.0038524650
  25 -20        0.0101753076        0.0041189778
  25 -21       -0.0084111736       -0.0060992931
  25 -22        0.0063012844       -0.0105447658
  25 -23        0.0082283792       -0.0004432322
  25 -24        0.0016111591       -0.0021895513
  25 -25       -0.0040824688        0.0042694915
  26  26       -0.0048377049       -0.0000864593
  26  25       -0.0035629872        0.0015406661
  26  24       -0.0050763132        0.0047626062
  26  23        0.0088514605        0.0048629975
  26  22       -0.0006023200       -0.0095997632
  26  21       -0.0025443613       -0.0009115909
  26  20       -0.0054955315       -0.0030618835
  26  19       -0.0019018757        0.0133363555
  26  18        0.0003693367       -0.0005660871
  26  17        0.0034063042        0.0045401295
  26  16        0.0016414822       -0.0072350619
  26  15       -0.0010560336        0.0094740627
  26  14       -0.0061870876        0.0018306894
  26  13        0.0028656532        0.0006453373
  26  12        0.0027378982       -0.0002045792
  26  11       -0.0010673332       -0.0027821112
  26  10       -0.0022486178       -0.0007924858
  26   9       -0.0025850331       -0.0036841132
  26   8        0.0010850841       -0.0005951701
  26   7        0.0005799748        0.0022387351
  26   6        0.0027052921        0.0022337290
  26   5        0.0006459796        0.0006227602
  26   4        0.0029298253       -0.0005442378
  26   3       -0.0032908430       -0.0037784867
  26   2       -0.0045186907        0.0055096654
  26   1        0.0015196061       -0.0000658884
  26   0       -0.0022255510        0.0000000000
  26  -1       -0.0015196061       -0.0000658884
  26  -2       -0.0045186907       -0.0055096654
  26  -3        0.0032908430       -0.0037784867
  26  -4        0.0029298253        0.0005442378
  26  -5       -0.0006459796        0.0006227602
  26  -6        0.0027052921       -0.0022337290
  26  -7       -0.0005799748        0.0022387351
  26  -8        0.0010850841        0.0005951701
  26  -9        0.0025850331       -0.0036841132
  26 -10       -0.0022486178        0.0007924858
  26 -11        0.0010673332       -0.0027821112
  26 -12        0.0027378982        0.0002045792
  26 -13       -0.0028656532        0.0006453373
  26 -14       -0.0061870876       -0.0018306894
  26 -15        0.0010560336        0.0094740627
  26 -16        0.0016414822        0.0072350619
  26 -17       -0.0034063042        0.0045401295
  26 -18        0.0003693367        0.0005660871
  26 -19        0.0019018757        0.0133363555
  26 -20       -0.0054955315        0.0030618835
  26 -21        0.0025443613       -0.0009115909
  26 -22       -0.0006023200        0.0095997632
  26 -23       -0.0088514605        0.0048629975
  26 -24       -0.0050763132       -0.0047626062
  26 -25        0.0035629872        0.0015406661
  26 -26       -0.0048377049        0.0000864593
  27  27       -0.0032588656        0.0018619303
  27  26       -0.0017032226       -0.0025307117
  27  25        0.0016849005        0.0019528218
  27  24        0.0081623411       -0.0014278456
  27  23       -0.0104917818       -0.0066907995
  27  22       -0.0060600029        0.0024193315
  27  21        0.0016922632        0.0012344118
  27  20        0.0095916380        0.0096204188
  27  19        0.0038428307       -0.0039292402
  27  18        0.0040338802       -0.0002200197
  27  17       -0.0046738390        0.0014701364
  27  16       -0.0033973406        0.0073206269
  27  15       -0.0054657614        0.0002444058
  27  14       -0.0027248990       -0.0002135820
  27  13        0.0019380576       -0.0012243650
  27  12       -0.0059123029       -0.0055579816
  27  11       -0.0040787159        0.0005292147
  27  10       -0.0004680820        0.0041609651
  27   9        0.0015411067        0.0016078340
  27   8        0.0027534122        0.0016871527
  27   7        0.0045065783       -0.0018242703
  27   6        0.0004249038        0.0046102155
  27   5       -0.0006525041        0.0025314490
  27   4       -0.0002473032       -0.0058232437
  27   3        0.0036073773        0.0020529769
  27   2       -0.0023423405       -0.0012474326
  27   1       -0.0013403322        0.0014999988
  27   0        0.0036013299        0.0000000000
  27  -1        0.0013403322        0.0014999988
  27  -2       -0.0023423405        0.0012474326
  27  -3       -0.0036073773        0.0020529769
  27  -4       -0.0002473032        0.0058232437
  27  -5        0.0006525041        0.0025314490
  27  -6        0.0004249038       -0.0046102155
  27  -7       -0.0045065783       -0.0018242703
  27  -8        0.0027534122       -0.0016871527
  27  -9       -0.0015411067        0.0016078340
  27 -10       -0.0004680820       -0.0041609651
  27 -11        0.0040787159        0.0005292147
  27 -12       -0.0059123029        0.0055579816
  27 -13       -0.0019380576       -0.0012243650
  27 -14       -0.0027248990        0.0002135820
  27 -15        0.0054657614        0.0002444058
  27 -16       -0.0033973406       -0.0073206269
  27 -17        0.0046738390        0.0014701364
  27 -18        0.0040338802        0.0002200197
  27 -19       -0.0038428307       -0.0039292402
  27 -20        0.0095916380       -0.0096204188
  27 -21       -0.0016922632        0.0012344118
  27 -22       -0.0060600029       -0.0024193315
  27 -23        0.0104917818       -0.0066907995
  27 -24        0.0081623411        0.0014278456
  27 -25       -0.0016849005        0.0019528218
  27 -26       -0.0017032226        0.0025307117
  27 -27        0.0032588656        0.0018619303
  28  28       -0.0058706800        0.0004561609
  28  27        0.0002129812        0.0044102873
  28  26        0.0065521999        0.0002253799
  28  25       -0.0012955703       -0.0057739810
  28  24       -0.0113364588       -0.0008353532
  28  23        0.0084527401        0.0092253649
  28  22        0.0033900586        0.0032891624
  28  21        0.0055005814       -0.0056275542
  28  20       -0.0062136518       -0.0083920092
  28  19       -0.0014689888       -0.0032717940
  28  18       -0.0081703451        0.0010626920
  28  17       -0.0005833706       -0.0021258254
  28  16       -0.0029208466        0.0021661325
  28  15        0.0001336803       -0.0036949060
  28  14       -0.0006845296        0.0015513338
  28  13       -0.0066035558        0.0002609661
  28  12        0.0022768532        0.0067325596
  28  11       -0.0004745356       -0.0006568905
  28  10       -0.0018748095        0.0005435886
  28   9       -0.0022680938       -0.0023915074
  28   8        0.0000660913        0.0024590952
  28   7       -0.0002187617       -0.0048335342
  28   6       -0.0022485309       -0.0005653540
  28   5       -0.0016062794       -0.0036324498
  28   4       -0.0016829988        0.0029992655
  28   3        0.0041635143       -0.0015004041
  28   2        0.0051078384       -0.0025290050
  28   1        0.0014989728        0.0021817724
  28   0       -0.0034704240        0.0000000000
  28  -1       -0.0014989728        0.0021817724
  28  -2        0.0051078384        0.0025290050
  28  -3       -0.0041635143       -0.0015004041
  28  -4       -0.0016829988       -0.0029992655
  28  -5        0.0016062794       -0.0036324498
  28  -6       -0.0022485309        0.0005653540
  28  -7        0.0002187617       -0.0048335342
  28  -8        0.0000660913       -0.0024590952
  28  -9        0.0022680938       -0.0023915074
  28 -10       -0.0018748095       -0.0005435886
  28 -11        0.0004745356       -0.0006568905
  28 -12        0.0022768532       -0.0067325596
  28 -13        0.0066035558        0.0002609661
  28 -14       -0.0006845296       -0.0015513338
  28 -15       -0.0001336803       -0.0036949060
  28 -16       -0.0029208466       -0.0021661325
  28 -17        0.0005833706       -0.0021258254
  28 -18       -0.0081703451       -0.0010626920
  28 -19        0.0014689888       -0.0032717940
  28 -20       -0.0062136518        0.0083920092
  28 -21       -0.0055005814       -0.0056275542
  28 -22        0.0033900586       -0.0032891624
  28 -23       -0.0084527401        0.0092253649
  28 -24       -0.0113364588        0.0008353532
  28 -25        0.0012955703       -0.0057739810
  28 -26        0.0065521999       -0.0002253799
  28 -27       -0.0002129812        0.0044102873
  28 -28       -0.0058706800       -0.0004561609
  29  29        0.0006265327        0.0032504807
  29  28       -0.0009536564        0.0068913420
  29  27        0.0032529692        0.0031915770
  29  26       -0.0038571801       -0.0050763596
  29  25       -0.0019096830        0.0047499768
  29  24        0.0130092562        0.0018865604
  29  23        0.0000851073        0.0003429721
  29  22        0.0006825943       -0.0100906450
  29  21       -0.0082200071        0.0043318078
  29  20        0.0001331586       -0.0045955689
  29  19       -0.0017306859        0.0056677396
  29  18        0.0048865798       -0.0042772992
  29  17       -0.0020828713        0.0019537118
  29  16        0.0036110372       -0.0025175859
  29  15       -0.0019267218        0.0048924383
  29  14        0.0008516791       -0.0040306097
  29  13        0.0012644704       -0.0021404686
  29  12        0.0024351638       -0.0047995761
  29  11        0.0022189851       -0.0031314224
  29  10        0.0026091452       -0.0026810201
  29   9        0.0019355901       -0.0019036315
  29   8       -0.0019039427       -0.0020472685
  29   7        0.0009725923        0.0021788467
  29   6        0.0002417025        0.0002709515
  29   5        0.0010165715       -0.0018111339
  29   4        0.0048657152        0.0048693601
  29   3       -0.0049487166       -0.0006573966
  29   2       -0.0051487883        0.0042052891
  29   1        0.0030667392        0.0007486818
  29   0        0.0019565757        0.0000000000
  29  -1       -0.0030667392        0.0007486818
  29  -2       -0.0051487883       -0.0042052891
  29  -3        0.0049487166       -0.0006573966
  29  -4        0.0048657152       -0.0048693601
  29  -5       -0.0010165715       -0.0018111339
  29  -6        0.0002417025       -0.0002709515
  29  -7       -0.0009725923        0.0021788467
  29  -8       -0.0019039427        0.0020472685
  29  -9       -0.0019355901       -0.0019036315
  29 -10        0.0026091452        0.0026810201
  29 -11       -0.0022189851       -0.0031314224
  29 -12        0.0024351638        0.0047995761
  29 -13       -0.0012644704       -0.0021404686
  29 -14        0.0008516791        0.0040306097
  29 -15        0.0019267218        0.0048924383
  29 -16        0.0036110372        0.0025175859
  29 -17        0.0020828713        0.0019537118
  29 -18        0.0048865798        0.0042772992
  29 -19        0.0017306859        0.0056677396
  29 -20        0.0001331586        0.0045955689
  29 -21        0.0082200071        0.0043318078
  29 -22        0.0006825943        0.0100906450
  29 -23       -0.0000851073        0.0003429721
  29 -24        0.0130092562       -0.0018865604
  29 -25        0.0019096830        0.0047499768
  29 -26       -0.0038571801        0.0050763596
  29 -27       -0.0032529692        0.0031915770
  29 -28       -0.0009536564       -0.0068913420
  29 -29       -0.0006265327        0.0032504807
  30  30       -0.0008713344       -0.0000334892
  30  29        0.0012724729        0.0011358785
  30  28        0.0027054901       -0.0052306334
  30  27       -0.0048247230        0.0024416319
  30  26        0.0058637471        0.0046214748
  30  25        0.0053788776       -0.0060024431
  30  24       -0.0040989512        0.0021085249
  30  23       -0.0024488623       -0.0086115454
  30  22       -0.0021415334        0.0072293794
  30  21        0.0009238220       -0.0076779428
  30  20        0.0048479147        0.0063275633
  30  19       -0.0029330031       -0.0015218096
  30  18        0.0017886312       -0.0003483334
  30  17        0.0004249263       -0.0015859763
  30  16        0.0030708643       -0.0023236454
  30  15       -0.0038367663       -0.0062909262
  30  14        0.0034154839       -0.0049259609
  30  13       -0.0018483043        0.0015427379
  30  12        0.0015487705       -0.0039643251
  30  11       -0.0000649563        0.0007773330
  30  10       -0.0014012035        0.0012044691
  30   9       -0.0018792133        0.0060372999
  30   8        0.0007768995        0.0004774082
  30   7       -0.0008146866        0.0030749485
  30   6       -0.0016478507       -0.0022905302
  30   5        0.0002513598        0.0035670973
  30   4       -0.0035001160       -0.0035210963
  30   3        0.0012408009        0.0041330338
  30   2        0.0008094237       -0.0049503508
  30   1        0.0011066925       -0.0032224140
  30   0       -0.0000779833        0.0000000000
  30  -1       -0.0011066925       -0.0032224140
  30  -2        0.0008094237        0.0049503508
  30  -3       -0.0012408009        0.0041330338
  30  -4       -0.0035001160        0.0035210963
  30  -5       -0.0002513598        0.0035670973
  30  -6       -0.0016478507        0.0022905302
  30  -7        0.0008146866        0.0030749485
  30  -8        0.0007768995       -0.0004774082
  30  -9        0.0018792133        0.0060372999
  30 -10       -0.0014012035       -0.0012044691
  30 -11        0.0000649563        0.0007773330
  30 -12        0.0015487705        0.0039643251
  30 -13        0.0018483043        0.0015427379
  30 -14        0.0034154839        0.0049259609
  30 -15        0.0038367663       -0.0062909262
  30 -16        0.0030708643        0.0023236454
  30 -17       -0.0004249263       -0.0015859763
  30 -18        0.0017886312        0.0003483334
  30 -19        0.0029330031       -0.0015218096
  30 -20        0.0048479147       -0.0063275633
  30 -21       -0.0009238220       -0.0076779428
  30 -22       -0.0021415334       -0.0072293794
  30 -23        0.0024488623       -0.0086115454
  30 -24       -0.0040989512       -0.0021085249
  30 -25       -0.0053788776       -0.0060024431
  30 -26        0.0058637471       -0.0046214748
  30 -27        0.0048247230        0.0024416319
  30 -28        0.0027054901        0.0052306334
  30 -29       -0.0012724729        0.0011358785
  30 -30       -0.0008713344        0.0000334892
