   0   0       38.0862196478        0.0000000000
   1   1       -1.3910330282        1.4383563607
   1   0        0.6042551771        0.0000000000
   1  -1        1.3910330282        1.4383563607
   2   2        5.7300663532       -1.1405551878
   2   1       -9.8686124409       -4.1953032624
   2   0        2.5407441806        0.0000000000
   2  -1        9.8686124409       -4.1953032624
   2  -2        5.7300663532        1.1405551878
   3   3        2.1722430030        0.6204929055
   3   2       -0.5338315059        0.7157859981
   3   1       -0.1552367619       -0.6879957345
   3   0       -0.3929223114        0.0000000000
   3  -1        0.1552367619       -0.6879957345
   3  -2       -0.5338315059       -0.7157859981
   3  -3       -2.1722430030        0.6204929055
   4   4        0.8986481882       -1.4531869503
   4   3       -2.5794103264       -0.2585459878
   4   2        0.9245816916        1.5584575722
   4   1        0.1446075158       -1.2286699767
   4   0       -1.1548532231        0.0000000000
   4  -1       -0.1446075158       -1.2286699767
   4  -2        0.9245816916       -1.5584575722
   4  -3        2.5794103264       -0.2585459878
   4  -4        0.8986481882        1.4531869503
   5   5        0.7786981228       -0.3703021932
   5   4       -0.8541385513       -0.6932305247
   5   3        0.7807130810       -0.0035910932
   5   2       -0.1699260650       -0.6641745233
   5   1        0.2077622341        0.9764831313
   5   0        1.2772096829        0.0000000000
   5  -1       -0.2077622341        0.9764831313
   5  -2       -0.1699260650        0.6641745233
   5  -3       -0.7807130810       -0.0035910932
   5  -4       -0.8541385513        0.6932305247
   5  -5       -0.7786981228       -0.3703021932
   6   6       -0.1640523403       -0.6633495709
   6   5       -0.4891111190        0.7323895607
   6   4        0.5916605447        0.3032421231
   6   3       -0.3012159652       -0.3041193346
   6   2       -0.2224594069       -0.3856599107
   6   1       -0.1887812881        0.1204986916
   6   0        0.6074115905        0.0000000000
   6  -1        0.1887812881        0.1204986916
   6  -2       -0.2224594069        0.3856599107
   6  -3        0.3012159652       -0.3041193346
   6  -4        0.5916605447       -0.3032421231
   6  -5        0.4891111190        0.7323895607
   6  -6       -0.1640523403        0.6633495709
   7   7       -0.1241884199       -0.5165419908
   7   6       -0.6482681959       -0.1816328465
   7   5        0.2716219693        0.5267444215
   7   4       -0.2562186399       -0.3468389597
   7   3       -0.5912827332        0.0401710648
   7   2        0.8102676345       -0.8683297415
   7   1       -0.3650587618       -0.1650524286
   7   0        0.8680909153        0.0000000000
   7  -1        0.3650587618       -0.1650524286
   7  -2        0.8102676345        0.8683297415
   7  -3        0.5912827332        0.0401710648
   7  -4       -0.2562186399        0.3468389597
   7  -5       -0.2716219693        0.5267444215
   7  -6       -0.6482681959        0.1816328465
   7  -7        0.1241884199       -0.5165419908
   8   8       -0.2632604271       -0.2990948563
   8   7        0.1551501791        0.2584074311
   8   6        0.3378669032       -0.0282095809
   8   5       -0.1979493649        0.0081722362
   8   4       -0.1239150278        0.3737550219
   8   3       -0.3637678405       -0.3400465589
   8   2        0.5247224259        0.3282964922
   8   1       -0.2911840011       -0.3600799665
   8   0       -0.2458316191        0.0000000000
   8  -1        0.2911840011       -0.3600799665
   8  -2        0.5247224259       -0.3282964922
   8  -3        0.3637678405       -0.3400465589
   8  -4       -0.1239150278       -0.3737550219
   8  -5        0.1979493649        0.0081722362
   8  -6        0.3378669032        0.0282095809
   8  -7       -0.1551501791        0.2584074311
   8  -8       -0.2632604271        0.2990948563
   9   9       -0.2977997277       -0.1838224552
   9   8       -0.2636434562        0.1537352855
   9   7        0.4537226961        0.2618091438
   9   6       -0.0471538537       -0.2088887516
   9   5       -0.1646213687        0.2803404871
   9   4       -0.1142727949        0.4092439816
   9   3       -0.4134854339       -0.4255727801
   9   2        0.0749518649       -0.1017436207
   9   1        0.2018566577       -0.2438433025
   9   0        0.3314985459        0.0000000000
   9  -1       -0.2018566577       -0.2438433025
   9  -2        0.0749518649        0.1017436207
   9  -3        0.4134854339       -0.4255727801
   9  -4       -0.1142727949       -0.4092439816
   9  -5        0.1646213687        0.2803404871
   9  -6       -0.0471538537        0.2088887516
   9  -7       -0.4537226961        0.2618091438
   9  -8       -0.2636434562       -0.1537352855
   9  -9        0.2977997277       -0.1838224552
  10  10       -0.1648804936       -0.0657060220
  10   9        0.0438736944        0.0101974169
  10   8       -0.0149786642       -0.1775491950
  10   7       -0.0126665430       -0.0657686250
  10   6        0.1814021837        0.0291540338
  10   5        0.1260463703        0.1855914543
  10   4       -0.0802187202        0.3478428429
  10   3       -0.2055976441       -0.3587459793
  10   2       -0.1518378656        0.1585398646
  10   1        0.6075978559        0.1579540509
  10   0        0.0498015132        0.0000000000
  10  -1       -0.6075978559        0.1579540509
  10  -2       -0.1518378656       -0.1585398646
  10  -3        0.2055976441       -0.3587459793
  10  -4       -0.0802187202       -0.3478428429
  10  -5       -0.1260463703        0.1855914543
  10  -6        0.1814021837       -0.0291540338
  10  -7        0.0126665430       -0.0657686250
  10  -8       -0.0149786642        0.1775491950
  10  -9       -0.0438736944        0.0101974169
  10 -10       -0.1648804936        0.0657060220
  11  11       -0.2097282811        0.0162772430
  11  10        0.1350014951        0.3413765899
  11   9        0.0627573479       -0.0911591640
  11   8       -0.0458424090       -0.1132374834
  11   7        0.0003718880        0.0007672010
  11   6        0.1971115155        0.0368951947
  11   5        0.1648608410        0.0916155368
  11   4       -0.1870538359        0.1295082382
  11   3       -0.1772335530        0.0449660142
  11   2       -0.1346726526       -0.3039123593
  11   1        0.0529255805       -0.0694335358
  11   0        0.5167673140        0.0000000000
  11  -1       -0.0529255805       -0.0694335358
  11  -2       -0.1346726526        0.3039123593
  11  -3        0.1772335530        0.0449660142
  11  -4       -0.1870538359       -0.1295082382
  11  -5       -0.1648608410        0.0916155368
  11  -6        0.1971115155       -0.0368951947
  11  -7       -0.0003718880        0.0007672010
  11  -8       -0.0458424090        0.1132374834
  11  -9       -0.0627573479       -0.0911591640
  11 -10        0.1350014951       -0.3413765899
  11 -11        0.2097282811        0.0162772430
  12  12       -0.1356733415        0.0591246164
  12  11        0.0599094549        0.0697747344
  12  10       -0.1337695952        0.0133828284
  12   9        0.0298091797       -0.0070230381
  12   8        0.0173676003       -0.0268691010
  12   7        0.0076854742       -0.0169450824
  12   6        0.0415244370       -0.1384333697
  12   5       -0.1375932005        0.1093712847
  12   4        0.1029202096        0.0826112417
  12   3        0.1481631646       -0.0687870219
  12   2       -0.0972321533       -0.1260760100
  12   1       -0.1277407297        0.0685444893
  12   0        0.2610733711        0.0000000000
  12  -1        0.1277407297        0.0685444893
  12  -2       -0.0972321533        0.1260760100
  12  -3       -0.1481631646       -0.0687870219
  12  -4        0.1029202096       -0.0826112417
  12  -5        0.1375932005        0.1093712847
  12  -6        0.0415244370        0.1384333697
  12  -7       -0.0076854742       -0.0169450824
  12  -8        0.0173676003        0.0268691010
  12  -9       -0.0298091797       -0.0070230381
  12 -10       -0.1337695952       -0.0133828284
  12 -11       -0.0599094549        0.0697747344
  12 -12       -0.1356733415       -0.0591246164
  13  13       -0.1044559074       -0.0088663602
  13  12        0.1951750811        0.0649447748
  13  11       -0.0058027650       -0.2084013326
  13  10       -0.0115264304        0.0879999933
  13   9       -0.0218379978       -0.0607414974
  13   8        0.0878587555        0.1136358670
  13   7        0.0945599942        0.0006667721
  13   6       -0.2722962694       -0.1486995394
  13   5        0.0168176644        0.0707791655
  13   4        0.2355342627        0.0156702282
  13   3       -0.2292980712        0.0018958837
  13   2        0.1527577712        0.0502728665
  13   1       -0.0562782040       -0.0910058061
  13   0        0.0172667986        0.0000000000
  13  -1        0.0562782040       -0.0910058061
  13  -2        0.1527577712       -0.0502728665
  13  -3        0.2292980712        0.0018958837
  13  -4        0.2355342627       -0.0156702282
  13  -5       -0.0168176644        0.0707791655
  13  -6       -0.2722962694        0.1486995394
  13  -7       -0.0945599942        0.0006667721
  13  -8        0.0878587555       -0.1136358670
  13  -9        0.0218379978       -0.0607414974
  13 -10       -0.0115264304       -0.0879999933
  13 -11        0.0058027650       -0.2084013326
  13 -12        0.1951750811       -0.0649447748
  13 -13        0.1044559074       -0.0088663602
  14  14        0.0150000634        0.0336695480
  14  13        0.1219028350        0.1331474146
  14  12       -0.0255997480       -0.0429860073
  14  11        0.1184988422        0.0516702479
  14  10       -0.0943869337       -0.0458785202
  14   9        0.0700341803        0.1043385620
  14   8       -0.0390201206       -0.0941245256
  14   7       -0.0078393079        0.1270474646
  14   6        0.0467676184       -0.0135282151
  14   5       -0.1248927110       -0.2061292819
  14   4        0.0065473974        0.0591539540
  14   3       -0.1456829656       -0.1076127744
  14   2        0.2358725743        0.1382792316
  14   1        0.2675972633       -0.0077376216
  14   0       -0.2987448857        0.0000000000
  14  -1       -0.2675972633       -0.0077376216
  14  -2        0.2358725743       -0.1382792316
  14  -3        0.1456829656       -0.1076127744
  14  -4        0.0065473974       -0.0591539540
  14  -5        0.1248927110       -0.2061292819
  14  -6        0.0467676184        0.0135282151
  14  -7        0.0078393079        0.1270474646
  14  -8       -0.0390201206        0.0941245256
  14  -9       -0.0700341803        0.1043385620
  14 -10       -0.0943869337        0.0458785202
  14 -11       -0.1184988422        0.0516702479
  14 -12       -0.0255997480        0.0429860073
  14 -13       -0.1219028350        0.1331474146
  14 -14        0.0150000634       -0.0336695480
  15  15        0.0062066995        0.0188858797
  15  14        0.0847632402        0.0828298603
  15  13       -0.0566923344       -0.1044990209
  15  12        0.0164879573        0.0703274663
  15  11       -0.0173657921       -0.0276389845
  15  10        0.0732310937        0.0573705738
  15   9        0.0334113499       -0.0711876528
  15   8       -0.0871721138       -0.0200487900
  15   7        0.0852701006        0.1257069924
  15   6       -0.1022300951       -0.0720250506
  15   5       -0.0871075655       -0.1213170215
  15   4        0.0154364555        0.0695994380
  15   3       -0.0150781037       -0.0218605215
  15   2       -0.0898797467        0.0170611305
  15   1        0.0117387137       -0.0226703445
  15   0        0.0798666723        0.0000000000
  15  -1       -0.0117387137       -0.0226703445
  15  -2       -0.0898797467       -0.0170611305
  15  -3        0.0150781037       -0.0218605215
  15  -4        0.0154364555       -0.0695994380
  15  -5        0.0871075655       -0.1213170215
  15  -6       -0.1022300951        0.0720250506
  15  -7       -0.0852701006        0.1257069924
  15  -8       -0.0871721138        0.0200487900
  15  -9       -0.0334113499       -0.0711876528
  15 -10        0.0732310937       -0.0573705738
  15 -11        0.0173657921       -0.0276389845
  15 -12        0.0164879573       -0.0703274663
  15 -13        0.0566923344       -0.1044990209
  15 -14        0.0847632402       -0.0828298603
  15 -15       -0.0062066995        0.0188858797
  16  16       -0.0292989222        0.0396213588
  16  15        0.1076420769        0.0477673778
  16  14        0.0180184712       -0.1351574893
  16  13        0.0786345104        0.0083653330
  16  12       -0.0829124431       -0.0475667146
  16  11        0.0688640801        0.0456883741
  16  10       -0.0780268140       -0.0506456499
  16   9       -0.0675475991        0.0741210589
  16   8        0.1400810788       -0.0277933284
  16   7       -0.1217678824        0.0231811077
  16   6       -0.1334648557        0.0254843752
  16   5       -0.0354140153       -0.0153271610
  16   4        0.1164065517        0.0135070523
  16   3        0.0697949654       -0.1097304564
  16   2       -0.1957784883       -0.0002183466
  16   1        0.0790020648        0.1610952132
  16   0        0.2776332881        0.0000000000
  16  -1       -0.0790020648        0.1610952132
  16  -2       -0.1957784883        0.0002183466
  16  -3       -0.0697949654       -0.1097304564
  16  -4        0.1164065517       -0.0135070523
  16  -5        0.0354140153       -0.0153271610
  16  -6       -0.1334648557       -0.0254843752
  16  -7        0.1217678824        0.0231811077
  16  -8        0.1400810788        0.0277933284
  16  -9        0.0675475991        0.0741210589
  16 -10       -0.0780268140        0.0506456499
  16 -11       -0.0688640801        0.0456883741
  16 -12       -0.0829124431        0.0475667146
  16 -13       -0.0786345104        0.0083653330
  16 -14        0.0180184712        0.1351574893
  16 -15       -0.1076420769        0.0477673778
  16 -16       -0.0292989222       -0.0396213588
  17  17       -0.0091858691        0.0090373845
  17  16        0.0287463403        0.0097247862
  17  15       -0.0451846927        0.0003946417
  17  14        0.0672071677        0.0196232061
  17  13       -0.0234867579       -0.0618331798
  17  12        0.0468963646       -0.0135560978
  17  11        0.0007911185       -0.1022029120
  17  10       -0.1097422907        0.1027627056
  17   9       -0.0358735488       -0.0582036301
  17   8        0.1484835822       -0.0135216670
  17   7       -0.0066294379        0.0633335559
  17   6       -0.1882991117       -0.0323053320
  17   5       -0.0089998386       -0.0496846537
  17   4        0.0224921112       -0.1298289306
  17   3       -0.0372604131        0.1120340488
  17   2        0.1301388984        0.0465429665
  17   1       -0.1959206721       -0.1092028610
  17   0        0.0025434654        0.0000000000
  17  -1        0.1959206721       -0.1092028610
  17  -2        0.1301388984       -0.0465429665
  17  -3        0.0372604131        0.1120340488
  17  -4        0.0224921112        0.1298289306
  17  -5        0.0089998386       -0.0496846537
  17  -6       -0.1882991117        0.0323053320
  17  -7        0.0066294379        0.0633335559
  17  -8        0.1484835822        0.0135216670
  17  -9        0.0358735488       -0.0582036301
  17 -10       -0.1097422907       -0.1027627056
  17 -11       -0.0007911185       -0.1022029120
  17 -12        0.0468963646        0.0135560978
  17 -13        0.0234867579       -0.0618331798
  17 -14        0.0672071677       -0.0196232061
  17 -15        0.0451846927        0.0003946417
  17 -16        0.0287463403       -0.0097247862
  17 -17        0.0091858691        0.0090373845
  18  18       -0.0076875361       -0.0066462472
  18  17        0.0668422194       -0.0293964585
  18  16       -0.1154204704       -0.0619057973
  18  15        0.0093500952        0.0390396450
  18  14       -0.0496191743       -0.0634189611
  18  13        0.0790519788       -0.0360464397
  18  12       -0.0346089303        0.0039553632
  18  11       -0.0137940168        0.0431834340
  18  10        0.0070580585       -0.0299891519
  18   9       -0.0023308086       -0.0669439744
  18   8        0.0389083594        0.0705418581
  18   7        0.0554662535        0.1624297943
  18   6       -0.0177644013       -0.0382412363
  18   5       -0.2332671942       -0.0742993643
  18   4       -0.0527641986       -0.0281829725
  18   3        0.0584439343        0.0036187046
  18   2        0.2057625222        0.0288153028
  18   1        0.0333137061       -0.0102351888
  18   0       -0.0946947762        0.0000000000
  18  -1       -0.0333137061       -0.0102351888
  18  -2        0.2057625222       -0.0288153028
  18  -3       -0.0584439343        0.0036187046
  18  -4       -0.0527641986        0.0281829725
  18  -5        0.2332671942       -0.0742993643
  18  -6       -0.0177644013        0.0382412363
  18  -7       -0.0554662535        0.1624297943
  18  -8        0.0389083594       -0.0705418581
  18  -9        0.0023308086       -0.0669439744
  18 -10        0.0070580585        0.0299891519
  18 -11        0.0137940168        0.0431834340
  18 -12       -0.0346089303       -0.0039553632
  18 -13       -0.0790519788       -0.0360464397
  18 -14       -0.0496191743        0.0634189611
  18 -15       -0.0093500952        0.0390396450
  18 -16       -0.1154204704        0.0619057973
  18 -17       -0.0668422194       -0.0293964585
  18 -18       -0.0076875361        0.0066462472
  19  19        0.0216016858        0.0623085240
  19  18       -0.0561524081       -0.0173464310
  19  17        0.0111722472       -0.0627640261
  19  16        0.0185221804        0.0408219405
  19  15       -0.0695741623       -0.0564584823
  19  14        0.0786891147        0.0047870384
  19  13       -0.0169850233       -0.0045598070
  19  12       -0.0621866438        0.0458421669
  19  11        0.0325250207       -0.0571277696
  19  10       -0.0159091496       -0.0015482654
  19   9        0.0906671647       -0.0427970246
  19   8       -0.0103571264        0.0274421846
  19   7        0.0946020599        0.0408380592
  19   6       -0.0940904342        0.0486948415
  19   5       -0.1763882004        0.0241606703
  19   4        0.0910940339       -0.0491775670
  19   3       -0.0633974076       -0.0323637029
  19   2        0.0359691382        0.1822118776
  19   1        0.0846404668       -0.0588432732
  19   0       -0.1446226960        0.0000000000
  19  -1       -0.0846404668       -0.0588432732
  19  -2        0.0359691382       -0.1822118776
  19  -3        0.0633974076       -0.0323637029
  19  -4        0.0910940339        0.0491775670
  19  -5        0.1763882004        0.0241606703
  19  -6       -0.0940904342       -0.0486948415
  19  -7       -0.0946020599        0.0408380592
  19  -8       -0.0103571264       -0.0274421846
  19  -9       -0.0906671647       -0.0427970246
  19 -10       -0.0159091496        0.0015482654
  19 -11       -0.0325250207       -0.0571277696
  19 -12       -0.0621866438       -0.0458421669
  19 -13        0.0169850233       -0.0045598070
  19 -14        0.0786891147       -0.0047870384
  19 -15        0.0695741623       -0.0564584823
  19 -16        0.0185221804       -0.0408219405
  19 -17       -0.0111722472       -0.0627640261
  19 -18       -0.0561524081        0.0173464310
  19 -19       -0.0216016858        0.0623085240
  20  20       -0.0060236366        0.0344132461
  20  19       -0.0517005809       -0.0352986902
  20  18       -0.0278844059       -0.0018155895
  20  17        0.0392678350        0.0769741653
  20  16       -0.0456419284       -0.0193372303
  20  15       -0.0121804118        0.0305227406
  20  14        0.0299178809        0.0265368010
  20  13        0.0015491850        0.0343296274
  20  12       -0.0174021518       -0.0765925694
  20  11        0.0072616302        0.0209908085
  20  10       -0.0615061781       -0.0015115794
  20   9        0.1277991298        0.0383063489
  20   8        0.0496186514       -0.1582077862
  20   7       -0.0386769998        0.0160263403
  20   6        0.0496242018        0.1275712944
  20   5       -0.0826533440       -0.0107396334
  20   4        0.0110086664        0.0091933304
  20   3        0.0061377638       -0.1156889385
  20   2       -0.1002278375        0.0638789925
  20   1        0.1691915704        0.0716986973
  20   0        0.0754504559        0.0000000000
  20  -1       -0.1691915704        0.0716986973
  20  -2       -0.1002278375       -0.0638789925
  20  -3       -0.0061377638       -0.1156889385
  20  -4        0.0110086664       -0.0091933304
  20  -5        0.0826533440       -0.0107396334
  20  -6        0.0496242018       -0.1275712944
  20  -7        0.0386769998        0.0160263403
  20  -8        0.0496186514        0.1582077862
  20  -9       -0.1277991298        0.0383063489
  20 -10       -0.0615061781        0.0015115794
  20 -11       -0.0072616302        0.0209908085
  20 -12       -0.0174021518        0.0765925694
  20 -13       -0.0015491850        0.0343296274
  20 -14        0.0299178809       -0.0265368010
  20 -15        0.0121804118        0.0305227406
  20 -16       -0.0456419284        0.0193372303
  20 -17       -0.0392678350        0.0769741653
  20 -18       -0.0278844059        0.0018155895
  20 -19        0.0517005809       -0.0352986902
  20 -20       -0.0060236366       -0.0344132461
  21  21       -0.0151881078       -0.0073024157
  21  20        0.0169623598        0.0040975302
  21  19        0.0145030308       -0.0532510359
  21  18        0.0037454196        0.0382189484
  21  17       -0.0534031049       -0.0042373755
  21  16        0.0314226152        0.0149565957
  21  15       -0.0229865045       -0.0113485436
  21  14        0.0562763851        0.0504431430
  21  13       -0.0347037540        0.0018534015
  21  12        0.0125933050        0.0208879200
  21  11       -0.0007505141        0.0313031315
  21  10       -0.0853550869       -0.0088811305
  21   9        0.0065686343        0.0029452212
  21   8       -0.0192844298       -0.1068617821
  21   7        0.0329292812        0.0336582359
  21   6       -0.0759021715       -0.0315484446
  21   5       -0.0241826190        0.0026982485
  21   4        0.0396756701        0.0079435830
  21   3        0.1010813248        0.0471789940
  21   2       -0.0720257962        0.0736096956
  21   1       -0.0024872798        0.0686863075
  21   0       -0.0987360666        0.0000000000
  21  -1        0.0024872798        0.0686863075
  21  -2       -0.0720257962       -0.0736096956
  21  -3       -0.1010813248        0.0471789940
  21  -4        0.0396756701       -0.0079435830
  21  -5        0.0241826190        0.0026982485
  21  -6       -0.0759021715        0.0315484446
  21  -7       -0.0329292812        0.0336582359
  21  -8       -0.0192844298        0.1068617821
  21  -9       -0.0065686343        0.0029452212
  21 -10       -0.0853550869        0.0088811305
  21 -11        0.0007505141        0.0313031315
  21 -12        0.0125933050       -0.0208879200
  21 -13        0.0347037540        0.0018534015
  21 -14        0.0562763851       -0.0504431430
  21 -15        0.0229865045       -0.0113485436
  21 -16        0.0314226152       -0.0149565957
  21 -17        0.0534031049       -0.0042373755
  21 -18        0.0037454196       -0.0382189484
  21 -19       -0.0145030308       -0.0532510359
  21 -20        0.0169623598       -0.0040975302
  21 -21        0.0151881078       -0.0073024157
  22  22        0.0623730040        0.0634703727
  22  21       -0.0658581518       -0.0213264778
  22  20        0.0401198071       -0.0182016366
  22  19        0.0186170866       -0.0129868317
  22  18        0.0217176922       -0.0355330710
  22  17        0.0451379282        0.0424403556
  22  16       -0.0124526702        0.0178384343
  22  15        0.0129348333       -0.0158508770
  22  14        0.0026853757        0.0305355848
  22  13        0.0093668776        0.0277473442
  22  12        0.0146764981        0.0015434373
  22  11       -0.0304389191        0.0054686789
  22  10        0.0330497801       -0.0234228729
  22   9       -0.1422402663        0.0774399967
  22   8        0.0319222638       -0.0023100216
  22   7        0.0381001374       -0.0727354362
  22   6       -0.0431459728       -0.0805134605
  22   5       -0.0127017657        0.0037607123
  22   4       -0.0399030368        0.0098121814
  22   3        0.1015879603        0.0978442609
  22   2        0.0180076421       -0.1197460943
  22   1       -0.0883813905        0.0357319797
  22   0       -0.0088813241        0.0000000000
  22  -1        0.0883813905        0.0357319797
  22  -2        0.0180076421        0.1197460943
  22  -3       -0.1015879603        0.0978442609
  22  -4       -0.0399030368       -0.0098121814
  22  -5        0.0127017657        0.0037607123
  22  -6       -0.0431459728        0.0805134605
  22  -7       -0.0381001374       -0.0727354362
  22  -8        0.0319222638        0.0023100216
  22  -9        0.1422402663        0.0774399967
  22 -10        0.0330497801        0.0234228729
  22 -11        0.0304389191        0.0054686789
  22 -12        0.0146764981       -0.0015434373
  22 -13       -0.0093668776        0.0277473442
  22 -14        0.0026853757       -0.0305355848
  22 -15       -0.0129348333       -0.0158508770
  22 -16       -0.0124526702       -0.0178384343
  22 -17       -0.0451379282        0.0424403556
  22 -18        0.0217176922        0.0355330710
  22 -19       -0.0186170866       -0.0129868317
  22 -20        0.0401198071        0.0182016366
  22 -21        0.0658581518       -0.0213264778
  22 -22        0.0623730040       -0.0634703727
  23  23       -0.0084780902        0.0172896284
  23  22        0.0426290893        0.0173047751
  23  21       -0.0339939598        0.0330617382
  23  20       -0.0363130885        0.0214129089
  23  19        0.0143768412       -0.0321882984
  23  18        0.0719780892       -0.0340404183
  23  17        0.0431171130        0.0665454318
  23  16       -0.0296275916       -0.0065989109
  23  15       -0.0024043440       -0.0506775688
  23  14        0.0447934196        0.0271381115
  23  13        0.0149138695       -0.0306853954
  23  12        0.0370776940        0.0013399935
  23  11        0.0573120357       -0.0451072935
  23  10        0.0096233665        0.0847818729
  23   9       -0.0895971649        0.0724254274
  23   8       -0.0402958450       -0.0375658041
  23   7        0.0214665665        0.0342006673
  23   6       -0.0755190754       -0.0697497845
  23   5       -0.0842493371        0.0201090210
  23   4        0.0527942267       -0.0797486279
  23   3        0.0132962103        0.0078218178
  23   2        0.1402178957        0.0389596814
  23   1        0.0324153222        0.0740669004
  23   0       -0.0970735967        0.0000000000
  23  -1       -0.0324153222        0.0740669004
  23  -2        0.1402178957       -0.0389596814
  23  -3       -0.0132962103        0.0078218178
  23  -4        0.0527942267        0.0797486279
  23  -5        0.0842493371        0.0201090210
  23  -6       -0.0755190754        0.0697497845
  23  -7       -0.0214665665        0.0342006673
  23  -8       -0.0402958450        0.0375658041
  23  -9        0.0895971649        0.0724254274
  23 -10        0.0096233665       -0.0847818729
  23 -11       -0.0573120357       -0.0451072935
  23 -12        0.0370776940       -0.0013399935
  23 -13       -0.0149138695       -0.0306853954
  23 -14        0.0447934196       -0.0271381115
  23 -15        0.0024043440       -0.0506775688
  23 -16       -0.0296275916        0.0065989109
  23 -17       -0.0431171130        0.0665454318
  23 -18        0.0719780892        0.0340404183
  23 -19       -0.0143768412       -0.0321882984
  23 -20       -0.0363130885       -0.0214129089
  23 -21        0.0339939598        0.0330617382
  23 -22        0.0426290893       -0.0173047751
  23 -23        0.0084780902        0.0172896284
  24  24        0.0160212433       -0.0014803450
  24  23       -0.0339640905       -0.0200465704
  24  22        0.0379544934        0.0148782345
  24  21       -0.0154249368        0.0106223888
  24  20       -0.0529715217        0.0439176584
  24  19        0.0154603904       -0.0344459297
  24  18        0.0327273631        0.0118584461
  24  17        0.0090932166       -0.0323307086
  24  16       -0.0184576372       -0.0027015514
  24  15        0.0416735234       -0.0402526092
  24  14       -0.0562459173        0.0193586652
  24  13        0.0179619411       -0.0181145824
  24  12       -0.0117573495       -0.0265533335
  24  11        0.0316934335       -0.0224609953
  24  10        0.0561445768        0.0854401476
  24   9       -0.0202836885        0.0410729461
  24   8       -0.0372057144        0.0010805782
  24   7       -0.0573329136        0.0081636923
  24   6        0.0197136085        0.0391197633
  24   5       -0.0169372612       -0.0092780352
  24   4       -0.0254763433       -0.0317939208
  24   3       -0.0510233474       -0.0289267449
  24   2        0.0736399973        0.0208266875
  24   1        0.0286958800       -0.0495135932
  24   0       -0.0095765286        0.0000000000
  24  -1       -0.0286958800       -0.0495135932
  24  -2        0.0736399973       -0.0208266875
  24  -3        0.0510233474       -0.0289267449
  24  -4       -0.0254763433        0.0317939208
  24  -5        0.0169372612       -0.0092780352
  24  -6        0.0197136085       -0.0391197633
  24  -7        0.0573329136        0.0081636923
  24  -8       -0.0372057144       -0.0010805782
  24  -9        0.0202836885        0.0410729461
  24 -10        0.0561445768       -0.0854401476
  24 -11       -0.0316934335       -0.0224609953
  24 -12       -0.0117573495        0.0265533335
  24 -13       -0.0179619411       -0.0181145824
  24 -14       -0.0562459173       -0.0193586652
  24 -15       -0.0416735234       -0.0402526092
  24 -16       -0.0184576372        0.0027015514
  24 -17       -0.0090932166       -0.0323307086
  24 -18        0.0327273631       -0.0118584461
  24 -19       -0.0154603904       -0.0344459297
  24 -20       -0.0529715217       -0.0439176584
  24 -21        0.0154249368        0.0106223888
  24 -22        0.0379544934       -0.0148782345
  24 -23        0.0339640905       -0.0200465704
  24 -24        0.0160212433        0.0014803450
  25  25        0.0290511016        0.0380409419
  25  24       -0.0226384070        0.0181273043
  25  23        0.0133866714        0.0416800933
  25  22        0.0316635368       -0.0381125925
  25  21        0.0171359831        0.0092985378
  25  20       -0.0337127274        0.0195067426
  25  19        0.0201434863       -0.0283195364
  25  18        0.0374376218       -0.0203716184
  25  17       -0.0181279936        0.0542706615
  25  16        0.0373743370       -0.0660229633
  25  15       -0.0303207987       -0.0037378222
  25  14       -0.0044517566        0.0561748338
  25  13       -0.0032367020       -0.0698716908
  25  12       -0.0340586109        0.0195615027
  25  11        0.0673612307       -0.0627420522
  25  10       -0.0258138243        0.0126496931
  25   9        0.1287012083        0.0741958484
  25   8       -0.0738025203        0.0015452016
  25   7       -0.0889725739        0.0257857827
  25   6        0.0617689149       -0.0087376029
  25   5       -0.0602669762       -0.0357618109
  25   4        0.0580857937        0.0461813670
  25   3        0.0172016806       -0.1124901327
  25   2       -0.0474362156        0.0286078265
  25   1        0.0991199409        0.0199053498
  25   0        0.0115216943        0.0000000000
  25  -1       -0.0991199409        0.0199053498
  25  -2       -0.0474362156       -0.0286078265
  25  -3       -0.0172016806       -0.1124901327
  25  -4        0.0580857937       -0.0461813670
  25  -5        0.0602669762       -0.0357618109
  25  -6        0.0617689149        0.0087376029
  25  -7        0.0889725739        0.0257857827
  25  -8       -0.0738025203       -0.0015452016
  25  -9       -0.1287012083        0.0741958484
  25 -10       -0.0258138243       -0.0126496931
  25 -11       -0.0673612307       -0.0627420522
  25 -12       -0.0340586109       -0.0195615027
  25 -13        0.0032367020       -0.0698716908
  25 -14       -0.0044517566       -0.0561748338
  25 -15        0.0303207987       -0.0037378222
  25 -16        0.0373743370        0.0660229633
  25 -17        0.0181279936        0.0542706615
  25 -18        0.0374376218        0.0203716184
  25 -19       -0.0201434863       -0.0283195364
  25 -20       -0.0337127274       -0.0195067426
  25 -21       -0.0171359831        0.0092985378
  25 -22        0.0316635368        0.0381125925
  25 -23       -0.0133866714        0.0416800933
  25 -24       -0.0226384070       -0.0181273043
  25 -25       -0.0290511016        0.0380409419
  26  26        0.0133298815        0.0041870100
  26  25       -0.0030967804        0.0152504771
  26  24       -0.0409280120        0.0392733616
  26  23        0.0013781824       -0.0034909956
  26  22        0.0352022025        0.0239391555
  26  21        0.0121236161       -0.0065454739
  26  20       -0.0053108343        0.0236403210
  26  19        0.0060504843       -0.0740517190
  26  18        0.0206793441        0.0464408276
  26  17       -0.0254366572       -0.0020788032
  26  16        0.0124706362       -0.0632294336
  26  15        0.0106545365        0.0191432426
  26  14       -0.0201264134       -0.0405078194
  26  13       -0.0204963055        0.0522161039
  26  12       -0.0622327705       -0.0472998393
  26  11        0.0108480416       -0.0533522159
  26  10        0.0442352261       -0.0569393428
  26   9        0.0205960341        0.1055793695
  26   8        0.0008616204        0.0205791397
  26   7       -0.0327961965       -0.1125342465
  26   6       -0.0187899024        0.0319004128
  26   5        0.0813890138        0.0403212468
  26   4        0.0344281672        0.0707631283
  26   3        0.0554054794       -0.0093850553
  26   2       -0.0958182994       -0.0705692683
  26   1       -0.0495739030        0.0124631758
  26   0        0.0486673193        0.0000000000
  26  -1        0.0495739030        0.0124631758
  26  -2       -0.0958182994        0.0705692683
  26  -3       -0.0554054794       -0.0093850553
  26  -4        0.0344281672       -0.0707631283
  26  -5       -0.0813890138        0.0403212468
  26  -6       -0.0187899024       -0.0319004128
  26  -7        0.0327961965       -0.1125342465
  26  -8        0.0008616204       -0.0205791397
  26  -9       -0.0205960341        0.1055793695
  26 -10        0.0442352261        0.0569393428
  26 -11       -0.0108480416       -0.0533522159
  26 -12       -0.0622327705        0.0472998393
  26 -13        0.0204963055        0.0522161039
  26 -14       -0.0201264134        0.0405078194
  26 -15       -0.0106545365        0.0191432426
  26 -16        0.0124706362        0.0632294336
  26 -17        0.0254366572       -0.0020788032
  26 -18        0.0206793441       -0.0464408276
  26 -19       -0.0060504843       -0.0740517190
  26 -20       -0.0053108343       -0.0236403210
  26 -21       -0.0121236161       -0.0065454739
  26 -22        0.0352022025       -0.0239391555
  26 -23       -0.0013781824       -0.0034909956
  26 -24       -0.0409280120       -0.0392733616
  26 -25        0.0030967804        0.0152504771
  26 -26        0.0133298815       -0.0041870100
  27  27        0.0545017165        0.0215384663
  27  26       -0.0214877467       -0.0269468490
  27  25        0.0284065779        0.0177805401
  27  24       -0.0004880570       -0.0398407278
  27  23       -0.0365620413        0.0480533552
  27  22       -0.0205550993        0.0127556737
  27  21        0.0280944384        0.0338504638
  27  20       -0.0340858850       -0.0456256362
  27  19       -0.0080824792        0.0394372367
  27  18        0.0075161653        0.0324525238
  27  17       -0.0877093621       -0.0265339982
  27  16        0.0431973661       -0.0046793249
  27  15       -0.0669737810       -0.0421314585
  27  14        0.0116725078        0.0790098267
  27  13        0.0351687540        0.0541767810
  27  12       -0.0657759658       -0.0317640534
  27  11        0.0246185342       -0.0343018614
  27  10       -0.0576114549       -0.0247188891
  27   9        0.0360467759        0.1174013492
  27   8        0.0372486258       -0.0510837842
  27   7       -0.0023672486       -0.0329632685
  27   6       -0.0253955022       -0.0208107074
  27   5        0.0118276178       -0.0080125615
  27   4       -0.0131413590       -0.0071365938
  27   3        0.0549733230       -0.0035366400
  27   2       -0.0462136045       -0.0042114283
  27   1       -0.1029376561       -0.0074203241
  27   0       -0.0183969871        0.0000000000
  27  -1        0.1029376561       -0.0074203241
  27  -2       -0.0462136045        0.0042114283
  27  -3       -0.0549733230       -0.0035366400
  27  -4       -0.0131413590        0.0071365938
  27  -5       -0.0118276178       -0.0080125615
  27  -6       -0.0253955022        0.0208107074
  27  -7        0.0023672486       -0.0329632685
  27  -8        0.0372486258        0.0510837842
  27  -9       -0.0360467759        0.1174013492
  27 -10       -0.0576114549        0.0247188891
  27 -11       -0.0246185342       -0.0343018614
  27 -12       -0.0657759658        0.0317640534
  27 -13       -0.0351687540        0.0541767810
  27 -14        0.0116725078       -0.0790098267
  27 -15        0.0669737810       -0.0421314585
  27 -16        0.0431973661        0.0046793249
  27 -17        0.0877093621       -0.0265339982
  27 -18        0.0075161653       -0.0324525238
  27 -19        0.0080824792        0.0394372367
  27 -20       -0.0340858850        0.0456256362
  27 -21       -0.0280944384        0.0338504638
  27 -22       -0.0205550993       -0.0127556737
  27 -23        0.0365620413        0.0480533552
  27 -24       -0.0004880570        0.0398407278
  27 -25       -0.0284065779        0.0177805401
  27 -26       -0.0214877467        0.0269468490
  27 -27       -0.0545017165        0.0215384663
  28  28        0.0390800205        0.0012994779
  28  27        0.0057158457       -0.0176657386
  28  26        0.0144975967        0.0026912920
  28  25        0.0190551823       -0.0582310003
  28  24        0.0496395476        0.0580744872
  28  23        0.0262769308       -0.0228089840
  28  22       -0.0122988628        0.0235223774
  28  21       -0.0225953957        0.0202137685
  28  20        0.0386117108        0.0089666746
  28  19        0.0040584218        0.0002754213
  28  18       -0.0327130958        0.0040564122
  28  17        0.0077227433        0.0346056054
  28  16        0.0424632929       -0.0366257270
  28  15       -0.0124790413        0.0049164118
  28  14        0.0447772714       -0.0216230626
  28  13       -0.0100822774        0.0151321755
  28  12       -0.0440419993        0.0070807629
  28  11       -0.0604711107        0.0304336846
  28  10        0.0560775987       -0.0214366144
  28   9        0.0258905560        0.0103677694
  28   8       -0.0893720150        0.0208556408
  28   7        0.0575033278        0.0154859432
  28   6       -0.0278977076       -0.0533698689
  28   5        0.0006943068        0.0232988353
  28   4        0.0133585455       -0.0421995247
  28   3       -0.0129358931        0.1218871584
  28   2        0.0564846897       -0.0176842651
  28   1       -0.0294222091        0.0219725832
  28   0       -0.0881135631        0.0000000000
  28  -1        0.0294222091        0.0219725832
  28  -2        0.0564846897        0.0176842651
  28  -3        0.0129358931        0.1218871584
  28  -4        0.0133585455        0.0421995247
  28  -5       -0.0006943068        0.0232988353
  28  -6       -0.0278977076        0.0533698689
  28  -7       -0.0575033278        0.0154859432
  28  -8       -0.0893720150       -0.0208556408
  28  -9       -0.0258905560        0.0103677694
  28 -10        0.0560775987        0.0214366144
  28 -11        0.0604711107        0.0304336846
  28 -12       -0.0440419993       -0.0070807629
  28 -13        0.0100822774        0.0151321755
  28 -14        0.0447772714        0.0216230626
  28 -15        0.0124790413        0.0049164118
  28 -16        0.0424632929        0.0366257270
  28 -17       -0.0077227433        0.0346056054
  28 -18       -0.0327130958       -0.0040564122
  28 -19       -0.0040584218        0.0002754213
  28 -20        0.0386117108       -0.0089666746
  28 -21        0.0225953957        0.0202137685
  28 -22       -0.0122988628       -0.0235223774
  28 -23       -0.0262769308       -0.0228089840
  28 -24        0.0496395476       -0.0580744872
  28 -25       -0.0190551823       -0.0582310003
  28 -26        0.0144975967       -0.0026912920
  28 -27       -0.0057158457       -0.0176657386
  28 -28        0.0390800205       -0.0012994779
  29  29        0.0378326220       -0.0187268998
  29  28       -0.0460672043       -0.0292057274
  29  27        0.0324957286        0.0377620139
  29  26       -0.0133500614       -0.0341070623
  29  25       -0.0097640140        0.0480041551
  29  24       -0.0086016567       -0.0265707632
  29  23       -0.0003909512        0.0138664443
  29  22        0.0151147005       -0.0013154728
  29  21       -0.0336578180        0.0488687584
  29  20       -0.0499126103       -0.0413229626
  29  19       -0.0313586293        0.0053680556
  29  18        0.0085319199        0.0353782490
  29  17        0.0088587917       -0.0377847503
  29  16       -0.0015690724        0.0490385859
  29  15       -0.0362910252       -0.0183519074
  29  14        0.0016083582        0.0323852310
  29  13       -0.0039237879       -0.0101895769
  29  12       -0.0181326559        0.0426688961
  29  11       -0.0174126434        0.0170004850
  29  10       -0.0109273220       -0.0169590357
  29   9       -0.0124701123        0.0892696166
  29   8       -0.0293170366       -0.0157730349
  29   7        0.0657602428        0.0115603150
  29   6        0.0332918548       -0.0018010528
  29   5       -0.0619160562        0.0136518127
  29   4       -0.0043270284        0.0077089665
  29   3       -0.0164065850       -0.0108968507
  29   2        0.0387744899       -0.0326661182
  29   1        0.0555559256        0.0526589476
  29   0        0.0098219359        0.0000000000
  29  -1       -0.0555559256        0.0526589476
  29  -2        0.0387744899        0.0326661182
  29  -3        0.0164065850       -0.0108968507
  29  -4       -0.0043270284       -0.0077089665
  29  -5        0.0619160562        0.0136518127
  29  -6        0.0332918548        0.0018010528
  29  -7       -0.0657602428        0.0115603150
  29  -8       -0.0293170366        0.0157730349
  29  -9        0.0124701123        0.0892696166
  29 -10       -0.0109273220        0.0169590357
  29 -11        0.0174126434        0.0170004850
  29 -12       -0.0181326559       -0.0426688961
  29 -13        0.0039237879       -0.0101895769
  29 -14        0.0016083582       -0.0323852310
  29 -15        0.0362910252       -0.0183519074
  29 -16       -0.0015690724       -0.0490385859
  29 -17       -0.0088587917       -0.0377847503
  29 -18        0.0085319199       -0.0353782490
  29 -19        0.0313586293        0.0053680556
  29 -20       -0.0499126103        0.0413229626
  29 -21        0.0336578180        0.0488687584
  29 -22        0.0151147005        0.0013154728
  29 -23        0.0003909512        0.0138664443
  29 -24       -0.0086016567        0.0265707632
  29 -25        0.0097640140        0.0480041551
  29 -26       -0.0133500614        0.0341070623
  29 -27       -0.0324957286        0.0377620139
  29 -28       -0.0460672043        0.0292057274
  29 -29       -0.0378326220       -0.0187268998
  30  30        0.0557216264       -0.0227288667
  30  29       -0.0475469168       -0.0011488287
  30  28        0.0154908514        0.0285248908
  30  27       -0.0012504771       -0.0096216294
  30  26        0.0036075695        0.0220219193
  30  25        0.0277846779       -0.0433286950
  30  24        0.0444872987        0.0049943118
  30  23        0.0068647601       -0.0137017386
  30  22        0.0352775068        0.0368130304
  30  21        0.0061987889        0.0439862972
  30  20       -0.0215655934       -0.0316075860
  30  19        0.0213385365        0.0267307297
  30  18       -0.0349266991       -0.0148145113
  30  17        0.0461680871        0.0507213739
  30  16        0.0292423141       -0.0045153449
  30  15       -0.0317146624       -0.0279203551
  30  14        0.0151494456        0.0159792530
  30  13       -0.0255655990        0.0158204210
  30  12        0.0117649875        0.0024890927
  30  11       -0.0254114555       -0.0436109689
  30  10       -0.0357065927        0.0409282986
  30   9        0.0619281529        0.0588513107
  30   8       -0.0087495907       -0.0219326463
  30   7       -0.0530018951       -0.0101680452
  30   6        0.0063880043       -0.0269437599
  30   5        0.0262930533        0.0180788014
  30   4        0.0822236665       -0.0125035424
  30   3       -0.0338933099        0.0117601960
  30   2       -0.0326470524        0.0370198938
  30   1       -0.0046845125       -0.0005200198
  30   0        0.0859149343        0.0000000000
  30  -1        0.0046845125       -0.0005200198
  30  -2       -0.0326470524       -0.0370198938
  30  -3        0.0338933099        0.0117601960
  30  -4        0.0822236665        0.0125035424
  30  -5       -0.0262930533        0.0180788014
  30  -6        0.0063880043        0.0269437599
  30  -7        0.0530018951       -0.0101680452
  30  -8       -0.0087495907        0.0219326463
  30  -9       -0.0619281529        0.0588513107
  30 -10       -0.0357065927       -0.0409282986
  30 -11        0.0254114555       -0.0436109689
  30 -12        0.0117649875       -0.0024890927
  30 -13        0.0255655990        0.0158204210
  30 -14        0.0151494456       -0.0159792530
  30 -15        0.0317146624       -0.0279203551
  30 -16        0.0292423141        0.0045153449
  30 -17       -0.0461680871        0.0507213739
  30 -18       -0.0349266991        0.0148145113
  30 -19       -0.0213385365        0.0267307297
  30 -20       -0.0215655934        0.0316075860
  30 -21       -0.0061987889        0.0439862972
  30 -22        0.0352775068       -0.0368130304
  30 -23       -0.0068647601       -0.0137017386
  30 -24        0.0444872987       -0.0049943118
  30 -25       -0.0277846779       -0.0433286950
  30 -26        0.0036075695       -0.0220219193
  30 -27        0.0012504771       -0.0096216294
  30 -28        0.0154908514       -0.0285248908
  30 -29        0.0475469168       -0.0011488287
  30 -30        0.0557216264        0.0227288667
