   0   0       39.3390570547        0.0000000000
   1   1       -0.2882461912       -0.1430417768
   1   0       -0.2625892726        0.0000000000
   1  -1        0.2882461912       -0.1430417768
   2   2        1.0098642113       -0.9629497636
   2   1        1.0170865721       -2.2648253248
   2   0        1.3356007690        0.0000000000
   2  -1       -1.0170865721       -2.2648253248
   2  -2        1.0098642113        0.9629497636
   3   3        0.6557242796        0.1684029523
   3   2        0.9140823952       -1.1840492041
   3   1        0.9766688928        0.3535191908
   3   0        0.5135854489        0.0000000000
   3  -1       -0.9766688928        0.3535191908
   3  -2        0.9140823952        1.1840492041
   3  -3       -0.6557242796        0.1684029523
   4   4       -0.3990250814        0.1130469234
   4   3       -0.4544963629       -0.2393377994
   4   2        0.4144735706       -0.2584731898
   4   1       -0.2472896000       -0.3292883836
   4   0        0.2169582415        0.0000000000
   4  -1        0.2472896000       -0.3292883836
   4  -2        0.4144735706        0.2584731898
   4  -3        0.4544963629       -0.2393377994
   4  -4       -0.3990250814       -0.1130469234
   5   5        0.3435571423       -0.0335277380
   5   4        0.2967403563        0.1574035055
   5   3        0.1515732945       -0.4053229512
   5   2       -0.3980570644        0.3137675978
   5   1        0.2452491445       -0.3099218100
   5   0       -0.1381197020        0.0000000000
   5  -1       -0.2452491445       -0.3099218100
   5  -2       -0.3980570644       -0.3137675978
   5  -3       -0.1515732945       -0.4053229512
   5  -4        0.2967403563       -0.1574035055
   5  -5       -0.3435571423       -0.0335277380
   6   6        0.1483741504        0.2103846219
   6   5       -0.1825969114        0.2505930510
   6   4       -0.0687238254       -0.1776717549
   6   3        0.2933152263       -0.0526741969
   6   2        0.5416176010       -0.0831022591
   6   1        0.0084489230        0.1672683846
   6   0        0.1626280100        0.0000000000
   6  -1       -0.0084489230        0.1672683846
   6  -2        0.5416176010        0.0831022591
   6  -3       -0.2933152263       -0.0526741969
   6  -4       -0.0687238254        0.1776717549
   6  -5        0.1825969114        0.2505930510
   6  -6        0.1483741504       -0.2103846219
   7   7       -0.0364951764        0.0330141624
   7   6       -0.0052378128       -0.1877402630
   7   5        0.0254379660        0.0059439691
   7   4        0.1404076623       -0.0354169515
   7   3        0.0168208940       -0.0634632949
   7   2       -0.1052783594        0.0066472582
   7   1       -0.0029948357       -0.0459849580
   7   0        0.0609794077        0.0000000000
   7  -1        0.0029948357       -0.0459849580
   7  -2       -0.1052783594       -0.0066472582
   7  -3       -0.0168208940       -0.0634632949
   7  -4        0.1404076623        0.0354169515
   7  -5       -0.0254379660        0.0059439691
   7  -6       -0.0052378128        0.1877402630
   7  -7        0.0364951764        0.0330141624
   8   8       -0.0336656829        0.0719989253
   8   7        0.0358247719       -0.0053516098
   8   6        0.2335514270        0.0747899140
   8   5       -0.0203738376       -0.0120898851
   8   4        0.1615977558        0.0046363054
   8   3       -0.0502224767       -0.1517310869
   8   2        0.0856760575       -0.0293822016
   8   1        0.0683148965       -0.1328786678
   8   0        0.0488490711        0.0000000000
   8  -1       -0.0683148965       -0.1328786678
   8  -2        0.0856760575        0.0293822016
   8  -3        0.0502224767       -0.1517310869
   8  -4        0.1615977558       -0.0046363054
   8  -5        0.0203738376       -0.0120898851
   8  -6        0.2335514270       -0.0747899140
   8  -7       -0.0358247719       -0.0053516098
   8  -8       -0.0336656829       -0.0719989253
   9   9       -0.0538579790        0.0787654340
   9   8       -0.0478357003       -0.0523887633
   9   7       -0.0717055186        0.0065934141
   9   6        0.0623686550       -0.1094953963
   9   5        0.0868825176       -0.0176316245
   9   4        0.0560103805        0.0929935818
   9   3        0.0314842539       -0.0530361139
   9   2        0.0225253951        0.1206826663
   9   1        0.0457520761        0.0390930904
   9   0        0.0947795583        0.0000000000
   9  -1       -0.0457520761        0.0390930904
   9  -2        0.0225253951       -0.1206826663
   9  -3       -0.0314842539       -0.0530361139
   9  -4        0.0560103805       -0.0929935818
   9  -5       -0.0868825176       -0.0176316245
   9  -6        0.0623686550        0.1094953963
   9  -7        0.0717055186        0.0065934141
   9  -8       -0.0478357003        0.0523887633
   9  -9        0.0538579790        0.0787654340
  10  10        0.0007148615       -0.0168397606
  10   9        0.0579000217       -0.0674333736
  10   8        0.0807114746        0.0224008591
  10   7        0.0408344724       -0.0353561872
  10   6       -0.0246118729       -0.0063282255
  10   5        0.0486516479       -0.0394269150
  10   4       -0.0527662770       -0.0774218598
  10   3        0.0888032902        0.0012000636
  10   2       -0.0154146994        0.0259074559
  10   1        0.0823209900       -0.0303982064
  10   0        0.0358580873        0.0000000000
  10  -1       -0.0823209900       -0.0303982064
  10  -2       -0.0154146994       -0.0259074559
  10  -3       -0.0888032902        0.0012000636
  10  -4       -0.0527662770        0.0774218598
  10  -5       -0.0486516479       -0.0394269150
  10  -6       -0.0246118729        0.0063282255
  10  -7       -0.0408344724       -0.0353561872
  10  -8        0.0807114746       -0.0224008591
  10  -9       -0.0579000217       -0.0674333736
  10 -10        0.0007148615        0.0168397606
  11  11       -0.0192811104       -0.0238786899
  11  10       -0.0218482377        0.0410859075
  11   9       -0.0627654561        0.0365222629
  11   8       -0.0141421437       -0.0327919849
  11   7       -0.0179849924       -0.1262151684
  11   6        0.1125728140       -0.0003744518
  11   5       -0.0032940437        0.0094435878
  11   4        0.0057914927        0.0625876380
  11   3        0.0276074722       -0.0876138990
  11   2        0.0753148347       -0.0132147207
  11   1        0.0659786529       -0.1145419317
  11   0       -0.0968195745        0.0000000000
  11  -1       -0.0659786529       -0.1145419317
  11  -2        0.0753148347        0.0132147207
  11  -3       -0.0276074722       -0.0876138990
  11  -4        0.0057914927       -0.0625876380
  11  -5        0.0032940437        0.0094435878
  11  -6        0.1125728140        0.0003744518
  11  -7        0.0179849924       -0.1262151684
  11  -8       -0.0141421437        0.0327919849
  11  -9        0.0627654561        0.0365222629
  11 -10       -0.0218482377       -0.0410859075
  11 -11        0.0192811104       -0.0238786899
  12  12       -0.0278172728        0.0235505797
  12  11        0.0400925877        0.0049587545
  12  10       -0.0076021566       -0.0002320370
  12   9        0.0017161626       -0.0038185734
  12   8        0.0018577886       -0.0037773924
  12   7        0.0104568029       -0.0227821017
  12   6       -0.0147361750        0.0369325229
  12   5        0.0325969039       -0.0207550892
  12   4        0.0009699014       -0.0279361758
  12   3        0.0660010436        0.0204266512
  12   2       -0.0091163822       -0.0343378147
  12   1        0.0227901268        0.0013898382
  12   0       -0.0206404403        0.0000000000
  12  -1       -0.0227901268        0.0013898382
  12  -2       -0.0091163822        0.0343378147
  12  -3       -0.0660010436        0.0204266512
  12  -4        0.0009699014        0.0279361758
  12  -5       -0.0325969039       -0.0207550892
  12  -6       -0.0147361750       -0.0369325229
  12  -7       -0.0104568029       -0.0227821017
  12  -8        0.0018577886        0.0037773924
  12  -9       -0.0017161626       -0.0038185734
  12 -10       -0.0076021566        0.0002320370
  12 -11       -0.0400925877        0.0049587545
  12 -12       -0.0278172728       -0.0235505797
  13  13        0.0064187687       -0.0085863614
  13  12        0.0357232351       -0.0052416325
  13  11        0.0407615107        0.0167775714
  13  10        0.0135101841        0.0627815831
  13   9       -0.0278767480        0.0039429404
  13   8       -0.0268890262       -0.0109264238
  13   7        0.0561696875       -0.0633991294
  13   6       -0.0207110199        0.0028284898
  13   5        0.0016921524       -0.0076963111
  13   4       -0.0487201534       -0.0317256261
  13   3       -0.0022358083       -0.0016933869
  13   2       -0.0061676542       -0.0373511443
  13   1       -0.0088730933        0.0220716237
  13   0       -0.0469529226        0.0000000000
  13  -1        0.0088730933        0.0220716237
  13  -2       -0.0061676542        0.0373511443
  13  -3        0.0022358083       -0.0016933869
  13  -4       -0.0487201534        0.0317256261
  13  -5       -0.0016921524       -0.0076963111
  13  -6       -0.0207110199       -0.0028284898
  13  -7       -0.0561696875       -0.0633991294
  13  -8       -0.0268890262        0.0109264238
  13  -9        0.0278767480        0.0039429404
  13 -10        0.0135101841       -0.0627815831
  13 -11       -0.0407615107        0.0167775714
  13 -12        0.0357232351        0.0052416325
  13 -13       -0.0064187687       -0.0085863614
  14  14       -0.0106695057        0.0183235314
  14  13       -0.0391020143       -0.0469817418
  14  12        0.0120765564       -0.0608091528
  14  11        0.0100569032       -0.0017398680
  14  10       -0.0079011287       -0.0262686836
  14   9       -0.0215271931        0.0236627425
  14   8        0.0076993613        0.0245456390
  14   7        0.0045422155       -0.0214757530
  14   6       -0.0343589235        0.0064453630
  14   5        0.0205715676       -0.0632700791
  14   4        0.0169343282       -0.0251505086
  14   3        0.0087924942       -0.0019053808
  14   2        0.0295399888       -0.0138411659
  14   1       -0.0030481375       -0.0001217950
  14   0        0.0343035292        0.0000000000
  14  -1        0.0030481375       -0.0001217950
  14  -2        0.0295399888        0.0138411659
  14  -3       -0.0087924942       -0.0019053808
  14  -4        0.0169343282        0.0251505086
  14  -5       -0.0205715676       -0.0632700791
  14  -6       -0.0343589235       -0.0064453630
  14  -7       -0.0045422155       -0.0214757530
  14  -8        0.0076993613       -0.0245456390
  14  -9        0.0215271931        0.0236627425
  14 -10       -0.0079011287        0.0262686836
  14 -11       -0.0100569032       -0.0017398680
  14 -12        0.0120765564        0.0608091528
  14 -13        0.0391020143       -0.0469817418
  14 -14       -0.0106695057       -0.0183235314
  15  15        0.0430568308       -0.0140040217
  15  14        0.0044915921        0.0346001462
  15  13       -0.0119886975        0.0298502618
  15  12        0.0384587462       -0.0470559361
  15  11        0.0427843065       -0.0192889589
  15  10        0.0221926247        0.0454743290
  15   9        0.0017817915       -0.0119690187
  15   8        0.0282891675       -0.0427853057
  15   7        0.0315241104        0.0268669043
  15   6       -0.0011064602       -0.0026765868
  15   5       -0.0074464109        0.0268890877
  15   4       -0.0015697099        0.0030011291
  15   3       -0.0181394868       -0.0102066921
  15   2       -0.0510722543        0.0249675316
  15   1       -0.0516318782        0.0073064976
  15   0        0.0454568678        0.0000000000
  15  -1        0.0516318782        0.0073064976
  15  -2       -0.0510722543       -0.0249675316
  15  -3        0.0181394868       -0.0102066921
  15  -4       -0.0015697099       -0.0030011291
  15  -5        0.0074464109        0.0268890877
  15  -6       -0.0011064602        0.0026765868
  15  -7       -0.0315241104        0.0268669043
  15  -8        0.0282891675        0.0427853057
  15  -9       -0.0017817915       -0.0119690187
  15 -10        0.0221926247       -0.0454743290
  15 -11       -0.0427843065       -0.0192889589
  15 -12        0.0384587462        0.0470559361
  15 -13        0.0119886975        0.0298502618
  15 -14        0.0044915921       -0.0346001462
  15 -15       -0.0430568308       -0.0140040217
  16  16        0.0248012430        0.0222695423
  16  15        0.0089808114        0.0249095653
  16  14        0.0358663859        0.0416061682
  16  13       -0.0255709106        0.0130631967
  16  12       -0.0167097899       -0.0143850902
  16  11       -0.0104093290       -0.0202727523
  16  10        0.0064252859       -0.0043443040
  16   9       -0.0061860995        0.0029353095
  16   8       -0.0234726281        0.0320092236
  16   7        0.0079512817       -0.0211201226
  16   6       -0.0060713502        0.0027181605
  16   5        0.0650711144        0.0274460552
  16   4       -0.0202946057        0.0197653709
  16   3        0.0269333956       -0.0125954290
  16   2       -0.0232086716       -0.0280330196
  16   1        0.0683676688       -0.0164032444
  16   0       -0.0403610962        0.0000000000
  16  -1       -0.0683676688       -0.0164032444
  16  -2       -0.0232086716        0.0280330196
  16  -3       -0.0269333956       -0.0125954290
  16  -4       -0.0202946057       -0.0197653709
  16  -5       -0.0650711144        0.0274460552
  16  -6       -0.0060713502       -0.0027181605
  16  -7       -0.0079512817       -0.0211201226
  16  -8       -0.0234726281       -0.0320092236
  16  -9        0.0061860995        0.0029353095
  16 -10        0.0064252859        0.0043443040
  16 -11        0.0104093290       -0.0202727523
  16 -12       -0.0167097899        0.0143850902
  16 -13        0.0255709106        0.0130631967
  16 -14        0.0358663859       -0.0416061682
  16 -15       -0.0089808114        0.0249095653
  16 -16        0.0248012430       -0.0222695423
  17  17        0.0082076844       -0.0015399658
  17  16        0.0278365818       -0.0196507337
  17  15        0.0134149777        0.0541781752
  17  14       -0.0021359334       -0.0048343977
  17  13       -0.0306300675       -0.0898487089
  17  12        0.0082199606       -0.0254360907
  17  11        0.0372025010       -0.0353255638
  17  10        0.0130118674        0.0373305425
  17   9        0.0716286837       -0.0198228742
  17   8        0.0065499163       -0.0340773660
  17   7        0.0223716302       -0.0030018338
  17   6       -0.0158822297       -0.0420801059
  17   5        0.0094517344       -0.0184634499
  17   4       -0.0073380848        0.0059728186
  17   3       -0.0464135391       -0.0043047625
  17   2       -0.0579062001        0.0092024737
  17   1        0.0058224366       -0.0145789168
  17   0       -0.0454979901        0.0000000000
  17  -1       -0.0058224366       -0.0145789168
  17  -2       -0.0579062001       -0.0092024737
  17  -3        0.0464135391       -0.0043047625
  17  -4       -0.0073380848       -0.0059728186
  17  -5       -0.0094517344       -0.0184634499
  17  -6       -0.0158822297        0.0420801059
  17  -7       -0.0223716302       -0.0030018338
  17  -8        0.0065499163        0.0340773660
  17  -9       -0.0716286837       -0.0198228742
  17 -10        0.0130118674       -0.0373305425
  17 -11       -0.0372025010       -0.0353255638
  17 -12        0.0082199606        0.0254360907
  17 -13        0.0306300675       -0.0898487089
  17 -14       -0.0021359334        0.0048343977
  17 -15       -0.0134149777        0.0541781752
  17 -16        0.0278365818        0.0196507337
  17 -17       -0.0082076844       -0.0015399658
  18  18        0.0019755020        0.0063779674
  18  17       -0.0204697742       -0.0289015122
  18  16        0.0211889198        0.0192321315
  18  15        0.0318201252        0.0110810033
  18  14       -0.0460270110        0.0152932961
  18  13        0.0017409889        0.0030994134
  18  12       -0.0078543197       -0.0399587541
  18  11        0.0421898771       -0.0124288353
  18  10        0.0164136650       -0.0164881337
  18   9        0.0029794767        0.0002526923
  18   8        0.0012043583        0.0085840597
  18   7        0.0082606651        0.0001607762
  18   6        0.0457657999       -0.0068561561
  18   5        0.0012647404       -0.0144000920
  18   4       -0.0038107215       -0.0346968411
  18   3       -0.0122320269       -0.0000053868
  18   2       -0.0347982661       -0.0140875824
  18   1       -0.0270002773        0.0111736734
  18   0       -0.0157400129        0.0000000000
  18  -1        0.0270002773        0.0111736734
  18  -2       -0.0347982661        0.0140875824
  18  -3        0.0122320269       -0.0000053868
  18  -4       -0.0038107215        0.0346968411
  18  -5       -0.0012647404       -0.0144000920
  18  -6        0.0457657999        0.0068561561
  18  -7       -0.0082606651        0.0001607762
  18  -8        0.0012043583       -0.0085840597
  18  -9       -0.0029794767        0.0002526923
  18 -10        0.0164136650        0.0164881337
  18 -11       -0.0421898771       -0.0124288353
  18 -12       -0.0078543197        0.0399587541
  18 -13       -0.0017409889        0.0030994134
  18 -14       -0.0460270110       -0.0152932961
  18 -15       -0.0318201252        0.0110810033
  18 -16        0.0211889198       -0.0192321315
  18 -17        0.0204697742       -0.0289015122
  18 -18        0.0019755020       -0.0063779674
  19  19       -0.0047641057        0.0120624657
  19  18        0.0098585171       -0.0256282881
  19  17       -0.0264698691        0.0094871361
  19  16        0.0098238228        0.0423033743
  19  15        0.0237695578        0.0418873820
  19  14       -0.0230196759       -0.0189354646
  19  13       -0.0384888802       -0.0041383112
  19  12       -0.0027898830        0.0222611358
  19  11       -0.0022051026       -0.0040937244
  19  10        0.0250386797       -0.0474923959
  19   9       -0.0067211250        0.0033868565
  19   8        0.0121091419       -0.0145499574
  19   7       -0.0464706862       -0.0159232242
  19   6        0.0110904798        0.0126420461
  19   5        0.0035621967        0.0363921760
  19   4        0.0105991867       -0.0117361687
  19   3       -0.0165141171       -0.0042326482
  19   2        0.0065306797       -0.0442073254
  19   1       -0.0061433055       -0.0110947673
  19   0       -0.0676392149        0.0000000000
  19  -1        0.0061433055       -0.0110947673
  19  -2        0.0065306797        0.0442073254
  19  -3        0.0165141171       -0.0042326482
  19  -4        0.0105991867        0.0117361687
  19  -5       -0.0035621967        0.0363921760
  19  -6        0.0110904798       -0.0126420461
  19  -7        0.0464706862       -0.0159232242
  19  -8        0.0121091419        0.0145499574
  19  -9        0.0067211250        0.0033868565
  19 -10        0.0250386797        0.0474923959
  19 -11        0.0022051026       -0.0040937244
  19 -12       -0.0027898830       -0.0222611358
  19 -13        0.0384888802       -0.0041383112
  19 -14       -0.0230196759        0.0189354646
  19 -15       -0.0237695578        0.0418873820
  19 -16        0.0098238228       -0.0423033743
  19 -17        0.0264698691        0.0094871361
  19 -18        0.0098585171        0.0256282881
  19 -19        0.0047641057        0.0120624657
  20  20        0.0326810125        0.0051488651
  20  19        0.0203481957        0.0022812923
  20  18       -0.0131301602       -0.0323063819
  20  17        0.0223086833        0.0115065961
  20  16        0.0466524116        0.0018055208
  20  15       -0.0041594820        0.0363601150
  20  14       -0.0339387471        0.0126260689
  20  13        0.0045889878       -0.0059191089
  20  12       -0.0109065851       -0.0128396196
  20  11        0.0122947827       -0.0158970119
  20  10       -0.0051574717       -0.0050329015
  20   9       -0.0314851195        0.0240055233
  20   8       -0.0033475354       -0.0042871458
  20   7       -0.0125369290       -0.0118435271
  20   6        0.0083828147       -0.0193629686
  20   5       -0.0267462451       -0.0003263951
  20   4       -0.0257061199       -0.0120783950
  20   3        0.0014305842        0.0230765650
  20   2       -0.0218642490        0.0041100315
  20   1       -0.0174685442        0.0353579192
  20   0       -0.0058842606        0.0000000000
  20  -1        0.0174685442        0.0353579192
  20  -2       -0.0218642490       -0.0041100315
  20  -3       -0.0014305842        0.0230765650
  20  -4       -0.0257061199        0.0120783950
  20  -5        0.0267462451       -0.0003263951
  20  -6        0.0083828147        0.0193629686
  20  -7        0.0125369290       -0.0118435271
  20  -8       -0.0033475354        0.0042871458
  20  -9        0.0314851195        0.0240055233
  20 -10       -0.0051574717        0.0050329015
  20 -11       -0.0122947827       -0.0158970119
  20 -12       -0.0109065851        0.0128396196
  20 -13       -0.0045889878       -0.0059191089
  20 -14       -0.0339387471       -0.0126260689
  20 -15        0.0041594820        0.0363601150
  20 -16        0.0466524116       -0.0018055208
  20 -17       -0.0223086833        0.0115065961
  20 -18       -0.0131301602        0.0323063819
  20 -19       -0.0203481957        0.0022812923
  20 -20        0.0326810125       -0.0051488651
  21  21       -0.0313331348        0.0080671991
  21  20       -0.0248509253        0.0002365761
  21  19        0.0079435384        0.0220040782
  21  18        0.0244296886       -0.0152924571
  21  17       -0.0016962507       -0.0191846901
  21  16        0.0043002280       -0.0384043149
  21  15       -0.0198263278        0.0375759148
  21  14        0.0324178232        0.0058950724
  21  13        0.0480791649       -0.0064003191
  21  12        0.0465490490        0.0100116787
  21  11       -0.0055264820       -0.0154106280
  21  10       -0.0057450470       -0.0097105941
  21   9        0.0088855549        0.0281526685
  21   8       -0.0152104886       -0.0147508949
  21   7        0.0306417801       -0.0108862710
  21   6       -0.0115301192        0.0063986553
  21   5       -0.0015846764        0.0142421530
  21   4        0.0306949479        0.0208101859
  21   3       -0.0355830367       -0.0100595324
  21   2        0.0049813087        0.0096166247
  21   1       -0.0011419571        0.0073573763
  21   0       -0.0067056063        0.0000000000
  21  -1        0.0011419571        0.0073573763
  21  -2        0.0049813087       -0.0096166247
  21  -3        0.0355830367       -0.0100595324
  21  -4        0.0306949479       -0.0208101859
  21  -5        0.0015846764        0.0142421530
  21  -6       -0.0115301192       -0.0063986553
  21  -7       -0.0306417801       -0.0108862710
  21  -8       -0.0152104886        0.0147508949
  21  -9       -0.0088855549        0.0281526685
  21 -10       -0.0057450470        0.0097105941
  21 -11        0.0055264820       -0.0154106280
  21 -12        0.0465490490       -0.0100116787
  21 -13       -0.0480791649       -0.0064003191
  21 -14        0.0324178232       -0.0058950724
  21 -15        0.0198263278        0.0375759148
  21 -16        0.0043002280        0.0384043149
  21 -17        0.0016962507       -0.0191846901
  21 -18        0.0244296886        0.0152924571
  21 -19       -0.0079435384        0.0220040782
  21 -20       -0.0248509253       -0.0002365761
  21 -21        0.0313331348        0.0080671991
  22  22        0.0040089067       -0.0235281171
  22  21       -0.0184081154        0.0050694957
  22  20        0.0138892952        0.0010819576
  22  19       -0.0066286511       -0.0211285092
  22  18       -0.0048115903        0.0033997331
  22  17        0.0152708763       -0.0449904553
  22  16        0.0332281989       -0.0085243922
  22  15       -0.0041808604        0.0036905380
  22  14       -0.0492733109        0.0046278796
  22  13       -0.0084683633       -0.0222727654
  22  12        0.0051837200        0.0325831259
  22  11        0.0124694241        0.0162636288
  22  10       -0.0090289488       -0.0089192741
  22   9       -0.0280730765       -0.0338748551
  22   8       -0.0186168057       -0.0112406660
  22   7        0.0033099468        0.0162026338
  22   6       -0.0056332688        0.0223035677
  22   5        0.0184857604       -0.0011959791
  22   4       -0.0079094801       -0.0323556309
  22   3       -0.0399831031        0.0048309234
  22   2        0.0138569334        0.0042298718
  22   1        0.0015342437       -0.0044327891
  22   0       -0.0043113487        0.0000000000
  22  -1       -0.0015342437       -0.0044327891
  22  -2        0.0138569334       -0.0042298718
  22  -3        0.0399831031        0.0048309234
  22  -4       -0.0079094801        0.0323556309
  22  -5       -0.0184857604       -0.0011959791
  22  -6       -0.0056332688       -0.0223035677
  22  -7       -0.0033099468        0.0162026338
  22  -8       -0.0186168057        0.0112406660
  22  -9        0.0280730765       -0.0338748551
  22 -10       -0.0090289488        0.0089192741
  22 -11       -0.0124694241        0.0162636288
  22 -12        0.0051837200       -0.0325831259
  22 -13        0.0084683633       -0.0222727654
  22 -14       -0.0492733109       -0.0046278796
  22 -15        0.0041808604        0.0036905380
  22 -16        0.0332281989        0.0085243922
  22 -17       -0.0152708763       -0.0449904553
  22 -18       -0.0048115903       -0.0033997331
  22 -19        0.0066286511       -0.0211285092
  22 -20        0.0138892952       -0.0010819576
  22 -21        0.0184081154        0.0050694957
  22 -22        0.0040089067        0.0235281171
  23  23       -0.0042315166       -0.0017172203
  23  22       -0.0233526327        0.0003320881
  23  21        0.0478829532        0.0110624105
  23  20        0.0198234522        0.0043333626
  23  19       -0.0151841779        0.0052332097
  23  18       -0.0121850524       -0.0243311911
  23  17        0.0028924221       -0.0394475480
  23  16        0.0241927447        0.0132060059
  23  15        0.0005928045       -0.0183374251
  23  14        0.0243017259        0.0002277874
  23  13       -0.0071542852        0.0102801762
  23  12       -0.0032969424       -0.0049086281
  23  11       -0.0149132741       -0.0085510049
  23  10        0.0004711592        0.0104792014
  23   9        0.0041055191        0.0144653767
  23   8       -0.0012223702        0.0011649369
  23   7        0.0088403234        0.0096625419
  23   6        0.0375063971       -0.0300582162
  23   5       -0.0062293491        0.0014347152
  23   4       -0.0409016834        0.0125625257
  23   3        0.0073962895        0.0104940205
  23   2       -0.0160248687       -0.0159854418
  23   1        0.0216164699       -0.0495158007
  23   0       -0.0011863402        0.0000000000
  23  -1       -0.0216164699       -0.0495158007
  23  -2       -0.0160248687        0.0159854418
  23  -3       -0.0073962895        0.0104940205
  23  -4       -0.0409016834       -0.0125625257
  23  -5        0.0062293491        0.0014347152
  23  -6        0.0375063971        0.0300582162
  23  -7       -0.0088403234        0.0096625419
  23  -8       -0.0012223702       -0.0011649369
  23  -9       -0.0041055191        0.0144653767
  23 -10        0.0004711592       -0.0104792014
  23 -11        0.0149132741       -0.0085510049
  23 -12       -0.0032969424        0.0049086281
  23 -13        0.0071542852        0.0102801762
  23 -14        0.0243017259       -0.0002277874
  23 -15       -0.0005928045       -0.0183374251
  23 -16        0.0241927447       -0.0132060059
  23 -17       -0.0028924221       -0.0394475480
  23 -18       -0.0121850524        0.0243311911
  23 -19        0.0151841779        0.0052332097
  23 -20        0.0198234522       -0.0043333626
  23 -21       -0.0478829532        0.0110624105
  23 -22       -0.0233526327       -0.0003320881
  23 -23        0.0042315166       -0.0017172203
  24  24       -0.0139353237        0.0233297807
  24  23        0.0145360428        0.0009327376
  24  22       -0.0046891882        0.0295320465
  24  21        0.0244683882       -0.0179037501
  24  20       -0.0100277301       -0.0009977992
  24  19       -0.0146675762       -0.0034235035
  24  18        0.0125286628       -0.0037641704
  24  17        0.0111844899       -0.0280287400
  24  16        0.0374215240       -0.0104512456
  24  15       -0.0062115295       -0.0385411919
  24  14        0.0223252253        0.0152105807
  24  13        0.0085170870       -0.0201381405
  24  12        0.0299061551        0.0154936411
  24  11       -0.0094637095       -0.0195977327
  24  10       -0.0148328774       -0.0533047993
  24   9       -0.0097054155        0.0157965727
  24   8       -0.0018797607        0.0003834716
  24   7        0.0098239546        0.0242087549
  24   6       -0.0088103721       -0.0123750212
  24   5       -0.0293293319        0.0015728150
  24   4       -0.0043983838        0.0121713613
  24   3       -0.0043744693        0.0022193557
  24   2       -0.0153060341       -0.0332001679
  24   1        0.0101573271        0.0238977293
  24   0        0.0020959532        0.0000000000
  24  -1       -0.0101573271        0.0238977293
  24  -2       -0.0153060341        0.0332001679
  24  -3        0.0043744693        0.0022193557
  24  -4       -0.0043983838       -0.0121713613
  24  -5        0.0293293319        0.0015728150
  24  -6       -0.0088103721        0.0123750212
  24  -7       -0.0098239546        0.0242087549
  24  -8       -0.0018797607       -0.0003834716
  24  -9        0.0097054155        0.0157965727
  24 -10       -0.0148328774        0.0533047993
  24 -11        0.0094637095       -0.0195977327
  24 -12        0.0299061551       -0.0154936411
  24 -13       -0.0085170870       -0.0201381405
  24 -14        0.0223252253       -0.0152105807
  24 -15        0.0062115295       -0.0385411919
  24 -16        0.0374215240        0.0104512456
  24 -17       -0.0111844899       -0.0280287400
  24 -18        0.0125286628        0.0037641704
  24 -19        0.0146675762       -0.0034235035
  24 -20       -0.0100277301        0.0009977992
  24 -21       -0.0244683882       -0.0179037501
  24 -22       -0.0046891882       -0.0295320465
  24 -23       -0.0145360428        0.0009327376
  24 -24       -0.0139353237       -0.0233297807
  25  25       -0.0305871114       -0.0163561283
  25  24       -0.0044614741        0.0067918595
  25  23        0.0264542844        0.0138734734
  25  22        0.0162158587       -0.0303349874
  25  21       -0.0029379125       -0.0018446705
  25  20       -0.0314777615        0.0244018781
  25  19       -0.0110567727        0.0270785537
  25  18       -0.0015322599        0.0109398372
  25  17       -0.0107489416       -0.0191511458
  25  16        0.0302297730       -0.0189132284
  25  15        0.0295977533       -0.0176363843
  25  14        0.0128096640        0.0028626355
  25  13        0.0106475906        0.0164376012
  25  12        0.0377913387        0.0029575247
  25  11        0.0238755660       -0.0244532335
  25  10        0.0057567243        0.0074741785
  25   9        0.0003983697        0.0084634921
  25   8       -0.0093645649       -0.0072547507
  25   7        0.0173066628        0.0024936849
  25   6        0.0001561555        0.0065502700
  25   5       -0.0001701799       -0.0262192193
  25   4        0.0018134545        0.0033632066
  25   3       -0.0190351638        0.0184139164
  25   2       -0.0087988036        0.0296879466
  25   1       -0.0199933457       -0.0062028483
  25   0        0.0170079943        0.0000000000
  25  -1        0.0199933457       -0.0062028483
  25  -2       -0.0087988036       -0.0296879466
  25  -3        0.0190351638        0.0184139164
  25  -4        0.0018134545       -0.0033632066
  25  -5        0.0001701799       -0.0262192193
  25  -6        0.0001561555       -0.0065502700
  25  -7       -0.0173066628        0.0024936849
  25  -8       -0.0093645649        0.0072547507
  25  -9       -0.0003983697        0.0084634921
  25 -10        0.0057567243       -0.0074741785
  25 -11       -0.0238755660       -0.0244532335
  25 -12        0.0377913387       -0.0029575247
  25 -13       -0.0106475906        0.0164376012
  25 -14        0.0128096640       -0.0028626355
  25 -15       -0.0295977533       -0.0176363843
  25 -16        0.0302297730        0.0189132284
  25 -17        0.0107489416       -0.0191511458
  25 -18       -0.0015322599       -0.0109398372
  25 -19        0.0110567727        0.0270785537
  25 -20       -0.0314777615       -0.0244018781
  25 -21        0.0029379125       -0.0018446705
  25 -22        0.0162158587        0.0303349874
  25 -23       -0.0264542844        0.0138734734
  25 -24       -0.0044614741       -0.0067918595
  25 -25        0.0305871114       -0.0163561283
  26  26        0.0245332654       -0.0100874395
  26  25        0.0161298698       -0.0149585470
  26  24       -0.0215105585        0.0179485787
  26  23       -0.0394994141        0.0197515469
  26  22        0.0168581964        0.0002313666
  26  21        0.0122984124        0.0481890618
  26  20       -0.0170835141        0.0281557633
  26  19       -0.0121208801        0.0000832879
  26  18       -0.0317929807       -0.0297162797
  26  17        0.0042188563        0.0002536680
  26  16       -0.0030306588        0.0092589649
  26  15        0.0136860570        0.0142105567
  26  14        0.0025935719        0.0030235482
  26  13        0.0135864825        0.0173965218
  26  12        0.0007683307        0.0102246634
  26  11       -0.0115872608       -0.0079646276
  26  10       -0.0071241629        0.0108490115
  26   9        0.0287880985        0.0127114634
  26   8       -0.0371767810        0.0091946416
  26   7       -0.0250174538       -0.0160405298
  26   6       -0.0147469181       -0.0224132771
  26   5        0.0276060429        0.0060628652
  26   4       -0.0050779254       -0.0070239313
  26   3       -0.0223389788        0.0180774298
  26   2       -0.0066375561        0.0254602260
  26   1       -0.0055213113       -0.0085112160
  26   0       -0.0484500472        0.0000000000
  26  -1        0.0055213113       -0.0085112160
  26  -2       -0.0066375561       -0.0254602260
  26  -3        0.0223389788        0.0180774298
  26  -4       -0.0050779254        0.0070239313
  26  -5       -0.0276060429        0.0060628652
  26  -6       -0.0147469181        0.0224132771
  26  -7        0.0250174538       -0.0160405298
  26  -8       -0.0371767810       -0.0091946416
  26  -9       -0.0287880985        0.0127114634
  26 -10       -0.0071241629       -0.0108490115
  26 -11        0.0115872608       -0.0079646276
  26 -12        0.0007683307       -0.0102246634
  26 -13       -0.0135864825        0.0173965218
  26 -14        0.0025935719       -0.0030235482
  26 -15       -0.0136860570        0.0142105567
  26 -16       -0.0030306588       -0.0092589649
  26 -17       -0.0042188563        0.0002536680
  26 -18       -0.0317929807        0.0297162797
  26 -19        0.0121208801        0.0000832879
  26 -20       -0.0170835141       -0.0281557633
  26 -21       -0.0122984124        0.0481890618
  26 -22        0.0168581964       -0.0002313666
  26 -23        0.0394994141        0.0197515469
  26 -24       -0.0215105585       -0.0179485787
  26 -25       -0.0161298698       -0.0149585470
  26 -26        0.0245332654        0.0100874395
  27  27        0.0134299989       -0.0105792696
  27  26       -0.0182567031       -0.0474644802
  27  25        0.0095850384        0.0102544454
  27  24       -0.0034119449        0.0075986531
  27  23        0.0021657694        0.0166791189
  27  22        0.0301529151       -0.0024567359
  27  21        0.0137541228        0.0292511341
  27  20        0.0152178861       -0.0113083293
  27  19       -0.0303322621       -0.0097075365
  27  18       -0.0559874119       -0.0043067770
  27  17        0.0012191952       -0.0153683067
  27  16       -0.0393404488       -0.0011618765
  27  15        0.0254572393        0.0140478945
  27  14       -0.0106173817       -0.0250278879
  27  13       -0.0094074603        0.0235456582
  27  12       -0.0245579335        0.0065576820
  27  11        0.0034025933       -0.0023322728
  27  10        0.0015792942        0.0010421215
  27   9       -0.0040003360        0.0000362123
  27   8        0.0184107701        0.0197572167
  27   7       -0.0303391977       -0.0000049899
  27   6        0.0090789063       -0.0080806610
  27   5        0.0018995718       -0.0166808474
  27   4       -0.0103017075        0.0178212211
  27   3       -0.0039704831       -0.0134180882
  27   2        0.0272847659       -0.0136879962
  27   1        0.0155010600        0.0116361391
  27   0        0.0115132088        0.0000000000
  27  -1       -0.0155010600        0.0116361391
  27  -2        0.0272847659        0.0136879962
  27  -3        0.0039704831       -0.0134180882
  27  -4       -0.0103017075       -0.0178212211
  27  -5       -0.0018995718       -0.0166808474
  27  -6        0.0090789063        0.0080806610
  27  -7        0.0303391977       -0.0000049899
  27  -8        0.0184107701       -0.0197572167
  27  -9        0.0040003360        0.0000362123
  27 -10        0.0015792942       -0.0010421215
  27 -11       -0.0034025933       -0.0023322728
  27 -12       -0.0245579335       -0.0065576820
  27 -13        0.0094074603        0.0235456582
  27 -14       -0.0106173817        0.0250278879
  27 -15       -0.0254572393        0.0140478945
  27 -16       -0.0393404488        0.0011618765
  27 -17       -0.0012191952       -0.0153683067
  27 -18       -0.0559874119        0.0043067770
  27 -19        0.0303322621       -0.0097075365
  27 -20        0.0152178861        0.0113083293
  27 -21       -0.0137541228        0.0292511341
  27 -22        0.0301529151        0.0024567359
  27 -23       -0.0021657694        0.0166791189
  27 -24       -0.0034119449       -0.0075986531
  27 -25       -0.0095850384        0.0102544454
  27 -26       -0.0182567031        0.0474644802
  27 -27       -0.0134299989       -0.0105792696
  28  28       -0.0004079775        0.0079260074
  28  27       -0.0248441788        0.0093647573
  28  26       -0.0019059744        0.0101535255
  28  25       -0.0055949997        0.0215357172
  28  24       -0.0029093571        0.0156627104
  28  23        0.0320602203       -0.0314065885
  28  22        0.0137568306       -0.0278319649
  28  21       -0.0068491565       -0.0031139808
  28  20        0.0032292549        0.0214504726
  28  19       -0.0132060875       -0.0020220519
  28  18       -0.0092311070       -0.0036842249
  28  17       -0.0096137237        0.0076934049
  28  16        0.0029684353       -0.0243865653
  28  15       -0.0098973693       -0.0279911247
  28  14       -0.0200080149       -0.0232593664
  28  13       -0.0119624469       -0.0150948723
  28  12       -0.0084402319       -0.0159040523
  28  11        0.0014438033        0.0008583593
  28  10        0.0087158821       -0.0219716960
  28   9       -0.0308610981       -0.0090681422
  28   8       -0.0061920760       -0.0050649099
  28   7        0.0250390155       -0.0044297304
  28   6       -0.0097406885        0.0135466667
  28   5       -0.0037842309       -0.0090890506
  28   4       -0.0157436916        0.0317672596
  28   3       -0.0004599306        0.0102853106
  28   2       -0.0077389489       -0.0260328230
  28   1       -0.0193830623       -0.0110496352
  28   0        0.0240953575        0.0000000000
  28  -1        0.0193830623       -0.0110496352
  28  -2       -0.0077389489        0.0260328230
  28  -3        0.0004599306        0.0102853106
  28  -4       -0.0157436916       -0.0317672596
  28  -5        0.0037842309       -0.0090890506
  28  -6       -0.0097406885       -0.0135466667
  28  -7       -0.0250390155       -0.0044297304
  28  -8       -0.0061920760        0.0050649099
  28  -9        0.0308610981       -0.0090681422
  28 -10        0.0087158821        0.0219716960
  28 -11       -0.0014438033        0.0008583593
  28 -12       -0.0084402319        0.0159040523
  28 -13        0.0119624469       -0.0150948723
  28 -14       -0.0200080149        0.0232593664
  28 -15        0.0098973693       -0.0279911247
  28 -16        0.0029684353        0.0243865653
  28 -17        0.0096137237        0.0076934049
  28 -18       -0.0092311070        0.0036842249
  28 -19        0.0132060875       -0.0020220519
  28 -20        0.0032292549       -0.0214504726
  28 -21        0.0068491565       -0.0031139808
  28 -22        0.0137568306        0.0278319649
  28 -23       -0.0320602203       -0.0314065885
  28 -24       -0.0029093571       -0.0156627104
  28 -25        0.0055949997        0.0215357172
  28 -26       -0.0019059744       -0.0101535255
  28 -27        0.0248441788        0.0093647573
  28 -28       -0.0004079775       -0.0079260074
  29  29        0.0003214300       -0.0194488259
  29  28       -0.0013620711        0.0311546174
  29  27       -0.0063014400        0.0233820448
  29  26        0.0008144752       -0.0183492989
  29  25       -0.0083525674        0.0086620179
  29  24       -0.0194411034       -0.0239878166
  29  23       -0.0100275740       -0.0496481795
  29  22        0.0179071080       -0.0113615604
  29  21        0.0100861904       -0.0039982709
  29  20        0.0103959373        0.0059176507
  29  19        0.0107569646       -0.0224077903
  29  18        0.0063378320        0.0204484402
  29  17        0.0251843948       -0.0045449630
  29  16       -0.0036206769        0.0064000913
  29  15       -0.0008218344        0.0131465696
  29  14       -0.0131272921       -0.0012230243
  29  13       -0.0145742071       -0.0385274822
  29  12       -0.0087081260       -0.0087119657
  29  11       -0.0022185762        0.0049647127
  29  10       -0.0137845430        0.0150074119
  29   9        0.0156821756        0.0210328821
  29   8        0.0008169972        0.0105179746
  29   7        0.0050749544        0.0268514007
  29   6        0.0136074079        0.0120896257
  29   5        0.0455001102        0.0091331464
  29   4        0.0089750338        0.0007368944
  29   3        0.0170915045       -0.0050767988
  29   2       -0.0058306721       -0.0092308152
  29   1        0.0050316263       -0.0020595810
  29   0       -0.0093896928        0.0000000000
  29  -1       -0.0050316263       -0.0020595810
  29  -2       -0.0058306721        0.0092308152
  29  -3       -0.0170915045       -0.0050767988
  29  -4        0.0089750338       -0.0007368944
  29  -5       -0.0455001102        0.0091331464
  29  -6        0.0136074079       -0.0120896257
  29  -7       -0.0050749544        0.0268514007
  29  -8        0.0008169972       -0.0105179746
  29  -9       -0.0156821756        0.0210328821
  29 -10       -0.0137845430       -0.0150074119
  29 -11        0.0022185762        0.0049647127
  29 -12       -0.0087081260        0.0087119657
  29 -13        0.0145742071       -0.0385274822
  29 -14       -0.0131272921        0.0012230243
  29 -15        0.0008218344        0.0131465696
  29 -16       -0.0036206769       -0.0064000913
  29 -17       -0.0251843948       -0.0045449630
  29 -18        0.0063378320       -0.0204484402
  29 -19       -0.0107569646       -0.0224077903
  29 -20        0.0103959373       -0.0059176507
  29 -21       -0.0100861904       -0.0039982709
  29 -22        0.0179071080        0.0113615604
  29 -23        0.0100275740       -0.0496481795
  29 -24       -0.0194411034        0.0239878166
  29 -25        0.0083525674        0.0086620179
  29 -26        0.0008144752        0.0183492989
  29 -27        0.0063014400        0.0233820448
  29 -28       -0.0013620711       -0.0311546174
  29 -29       -0.0003214300       -0.0194488259
  30  30       -0.0221174410       -0.0077129164
  30  29       -0.0061020170        0.0453276614
  30  28       -0.0409785233       -0.0251500099
  30  27        0.0051213718       -0.0062497392
  30  26        0.0003289675        0.0246078128
  30  25       -0.0076586230       -0.0085083983
  30  24       -0.0271408222       -0.0628967483
  30  23        0.0018824040       -0.0228248902
  30  22       -0.0041577556       -0.0128752764
  30  21        0.0358233676       -0.0013373469
  30  20        0.0129279085       -0.0202667937
  30  19        0.0174653091       -0.0080848374
  30  18        0.0145445627        0.0179842388
  30  17        0.0116923617       -0.0010045891
  30  16       -0.0018711319        0.0032338215
  30  15        0.0190096932        0.0018454971
  30  14        0.0126850091        0.0051925599
  30  13        0.0062128319       -0.0020242756
  30  12        0.0240798563       -0.0172739655
  30  11       -0.0032573645        0.0040056304
  30  10       -0.0109737927        0.0212980203
  30   9       -0.0156656072       -0.0032418491
  30   8        0.0023656865        0.0210777817
  30   7       -0.0054724005        0.0153646445
  30   6       -0.0197672404       -0.0063891001
  30   5       -0.0078702555       -0.0139452292
  30   4       -0.0276147388       -0.0005089320
  30   3       -0.0081869836       -0.0045724814
  30   2        0.0047622550        0.0075869997
  30   1        0.0165073853       -0.0298107123
  30   0        0.0339946476        0.0000000000
  30  -1       -0.0165073853       -0.0298107123
  30  -2        0.0047622550       -0.0075869997
  30  -3        0.0081869836       -0.0045724814
  30  -4       -0.0276147388        0.0005089320
  30  -5        0.0078702555       -0.0139452292
  30  -6       -0.0197672404        0.0063891001
  30  -7        0.0054724005        0.0153646445
  30  -8        0.0023656865       -0.0210777817
  30  -9        0.0156656072       -0.0032418491
  30 -10       -0.0109737927       -0.0212980203
  30 -11        0.0032573645        0.0040056304
  30 -12        0.0240798563        0.0172739655
  30 -13       -0.0062128319       -0.0020242756
  30 -14        0.0126850091       -0.0051925599
  30 -15       -0.0190096932        0.0018454971
  30 -16       -0.0018711319       -0.0032338215
  30 -17       -0.0116923617       -0.0010045891
  30 -18        0.0145445627       -0.0179842388
  30 -19       -0.0174653091       -0.0080848374
  30 -20        0.0129279085        0.0202667937
  30 -21       -0.0358233676       -0.0013373469
  30 -22       -0.0041577556        0.0128752764
  30 -23       -0.0018824040       -0.0228248902
  30 -24       -0.0271408222        0.0628967483
  30 -25        0.0076586230       -0.0085083983
  30 -26        0.0003289675       -0.0246078128
  30 -27       -0.0051213718       -0.0062497392
  30 -28       -0.0409785233        0.0251500099
  30 -29        0.0061020170        0.0453276614
  30 -30       -0.0221174410        0.0077129164
