   0   0       38.3210958182        0.0000000000
   1   1       -0.6323310837       -0.6554950925
   1   0        0.8386996044        0.0000000000
   1  -1        0.6323310837       -0.6554950925
   2   2        2.9244004605        2.7301853817
   2   1        0.5423995928        3.3341035945
   2   0        0.6339617960        0.0000000000
   2  -1       -0.5423995928        3.3341035945
   2  -2        2.9244004605       -2.7301853817
   3   3        0.6352516896        1.8941760909
   3   2       -1.1390762890        0.3742827082
   3   1       -0.9843708734       -1.0681939660
   3   0        0.8689803880        0.0000000000
   3  -1        0.9843708734       -1.0681939660
   3  -2       -1.1390762890       -0.3742827082
   3  -3       -0.6352516896        1.8941760909
   4   4       -0.0116796645        0.3179173824
   4   3       -0.5830021155        0.8330677876
   4   2        0.0617432667        0.6915070183
   4   1       -0.2518938051        0.9339555869
   4   0       -0.1360683134        0.0000000000
   4  -1        0.2518938051        0.9339555869
   4  -2        0.0617432667       -0.6915070183
   4  -3        0.5830021155        0.8330677876
   4  -4       -0.0116796645       -0.3179173824
   5   5       -0.2856022557        0.5686978592
   5   4       -0.5591432676        0.3211439216
   5   3       -0.1333718095        0.1058823238
   5   2       -0.0248787514       -0.6463651595
   5   1       -0.0330026780        0.3402950636
   5   0       -0.1298750384        0.0000000000
   5  -1        0.0330026780        0.3402950636
   5  -2       -0.0248787514        0.6463651595
   5  -3        0.1333718095        0.1058823238
   5  -4       -0.5591432676       -0.3211439216
   5  -5        0.2856022557        0.5686978592
   6   6       -0.2799519625       -0.1110305216
   6   5       -0.5645913739       -0.2389947562
   6   4       -0.0981490229       -0.1603681937
   6   3       -0.1476851364        0.3686455195
   6   2        0.1532201724        0.0392475219
   6   1        0.0969598329        0.1887495954
   6   0       -0.1947075714        0.0000000000
   6  -1       -0.0969598329        0.1887495954
   6  -2        0.1532201724       -0.0392475219
   6  -3        0.1476851364        0.3686455195
   6  -4       -0.0981490229        0.1603681937
   6  -5        0.5645913739       -0.2389947562
   6  -6       -0.2799519625        0.1110305216
   7   7        0.1836535019       -0.1154414236
   7   6       -0.3520957694        0.0664693789
   7   5       -0.3282899827        0.1502693028
   7   4       -0.0342268143       -0.1981136879
   7   3       -0.0103967649       -0.2979944685
   7   2       -0.1625682997       -0.0481632513
   7   1       -0.0353663627       -0.1706640193
   7   0        0.1336996656        0.0000000000
   7  -1        0.0353663627       -0.1706640193
   7  -2       -0.1625682997        0.0481632513
   7  -3        0.0103967649       -0.2979944685
   7  -4       -0.0342268143        0.1981136879
   7  -5        0.3282899827        0.1502693028
   7  -6       -0.3520957694       -0.0664693789
   7  -7       -0.1836535019       -0.1154414236
   8   8        0.0591498208       -0.0020017412
   8   7       -0.1042406950       -0.1585461763
   8   6       -0.1495039448       -0.1791672129
   8   5       -0.0230075911       -0.2581150224
   8   4       -0.1276848253       -0.0260454925
   8   3       -0.0701685052        0.3193771041
   8   2       -0.1025633037        0.1051984603
   8   1       -0.1493731311        0.0700448343
   8   0       -0.1675358319        0.0000000000
   8  -1        0.1493731311        0.0700448343
   8  -2       -0.1025633037       -0.1051984603
   8  -3        0.0701685052        0.3193771041
   8  -4       -0.1276848253        0.0260454925
   8  -5        0.0230075911       -0.2581150224
   8  -6       -0.1495039448        0.1791672129
   8  -7        0.1042406950       -0.1585461763
   8  -8        0.0591498208        0.0020017412
   9   9        0.0903178891        0.0239102561
   9   8       -0.0751084432       -0.1186145918
   9   7       -0.0452399350       -0.1419040617
   9   6       -0.0224440780        0.0984739357
   9   5        0.1702126888       -0.0111098248
   9   4       -0.0438592627       -0.1406391089
   9   3        0.0680646421       -0.1498280792
   9   2        0.0269159527       -0.1169910022
   9   1        0.1124389628        0.1086497642
   9   0       -0.0209791472        0.0000000000
   9  -1       -0.1124389628        0.1086497642
   9  -2        0.0269159527        0.1169910022
   9  -3       -0.0680646421       -0.1498280792
   9  -4       -0.0438592627        0.1406391089
   9  -5       -0.1702126888       -0.0111098248
   9  -6       -0.0224440780       -0.0984739357
   9  -7        0.0452399350       -0.1419040617
   9  -8       -0.0751084432        0.1186145918
   9  -9       -0.0903178891        0.0239102561
  10  10        0.0270905397        0.0694619392
  10   9        0.0146968268       -0.0872742774
  10   8       -0.0582314002       -0.2313715832
  10   7        0.0277056018       -0.2060510735
  10   6        0.1041013859       -0.1085875988
  10   5       -0.0156598188        0.1465026734
  10   4       -0.2093595279        0.0255128973
  10   3       -0.0897059048        0.0619368112
  10   2       -0.0507725452       -0.0388029292
  10   1       -0.1054128162       -0.0698218587
  10   0        0.0037677981        0.0000000000
  10  -1        0.1054128162       -0.0698218587
  10  -2       -0.0507725452        0.0388029292
  10  -3        0.0897059048        0.0619368112
  10  -4       -0.2093595279       -0.0255128973
  10  -5        0.0156598188        0.1465026734
  10  -6        0.1041013859        0.1085875988
  10  -7       -0.0277056018       -0.2060510735
  10  -8       -0.0582314002        0.2313715832
  10  -9       -0.0146968268       -0.0872742774
  10 -10        0.0270905397       -0.0694619392
  11  11        0.0154772643       -0.0398409009
  11  10        0.0698346024        0.0449863725
  11   9        0.0724071587       -0.0397165198
  11   8        0.0568034490       -0.0351386148
  11   7        0.0384213421        0.0590138107
  11   6       -0.0453931653       -0.0166065430
  11   5        0.0267371283       -0.1136062410
  11   4        0.0399593090       -0.0032327127
  11   3        0.0033153384       -0.0199754873
  11   2        0.0253825536        0.0260020039
  11   1        0.0469147265        0.0402652111
  11   0       -0.0714369756        0.0000000000
  11  -1       -0.0469147265        0.0402652111
  11  -2        0.0253825536       -0.0260020039
  11  -3       -0.0033153384       -0.0199754873
  11  -4        0.0399593090        0.0032327127
  11  -5       -0.0267371283       -0.1136062410
  11  -6       -0.0453931653        0.0166065430
  11  -7       -0.0384213421        0.0590138107
  11  -8        0.0568034490        0.0351386148
  11  -9       -0.0724071587       -0.0397165198
  11 -10        0.0698346024       -0.0449863725
  11 -11       -0.0154772643       -0.0398409009
  12  12        0.0271595025        0.0699532973
  12  11        0.0148609637        0.0209989504
  12  10        0.0718884987       -0.0960608985
  12   9       -0.0066373056        0.0199282472
  12   8        0.1000086243        0.0397857177
  12   7       -0.0010172050        0.0314808644
  12   6        0.0170357140       -0.0778791867
  12   5       -0.0285857443       -0.0334197936
  12   4       -0.0265751284       -0.0741593461
  12   3        0.0148400273       -0.0852635758
  12   2       -0.0695060864       -0.0328309972
  12   1       -0.0415730513        0.0048114193
  12   0        0.0205575713        0.0000000000
  12  -1        0.0415730513        0.0048114193
  12  -2       -0.0695060864        0.0328309972
  12  -3       -0.0148400273       -0.0852635758
  12  -4       -0.0265751284        0.0741593461
  12  -5        0.0285857443       -0.0334197936
  12  -6        0.0170357140        0.0778791867
  12  -7        0.0010172050        0.0314808644
  12  -8        0.1000086243       -0.0397857177
  12  -9        0.0066373056        0.0199282472
  12 -10        0.0718884987        0.0960608985
  12 -11       -0.0148609637        0.0209989504
  12 -12        0.0271595025       -0.0699532973
  13  13        0.0208412226       -0.0032663656
  13  12        0.0082738220       -0.0162865542
  13  11        0.0286250257       -0.1042319987
  13  10        0.0557547278       -0.0335633037
  13   9        0.0837511956        0.0123000491
  13   8       -0.0207936056        0.0033140477
  13   7       -0.0148357588       -0.0006463546
  13   6        0.0113623922       -0.0715748914
  13   5        0.0966855262       -0.0139900844
  13   4        0.0906159522        0.0130663467
  13   3       -0.0128766917        0.0123462953
  13   2        0.0639117475        0.0194524108
  13   1        0.0054106390        0.0110543471
  13   0       -0.1645958107        0.0000000000
  13  -1       -0.0054106390        0.0110543471
  13  -2        0.0639117475       -0.0194524108
  13  -3        0.0128766917        0.0123462953
  13  -4        0.0906159522       -0.0130663467
  13  -5       -0.0966855262       -0.0139900844
  13  -6        0.0113623922        0.0715748914
  13  -7        0.0148357588       -0.0006463546
  13  -8       -0.0207936056       -0.0033140477
  13  -9       -0.0837511956        0.0123000491
  13 -10        0.0557547278        0.0335633037
  13 -11       -0.0286250257       -0.1042319987
  13 -12        0.0082738220        0.0162865542
  13 -13       -0.0208412226       -0.0032663656
  14  14       -0.0055936321        0.0263971325
  14  13        0.0263267067       -0.0118771246
  14  12        0.0397717426        0.0520559812
  14  11        0.0521756323        0.0824582213
  14  10        0.0106346953        0.0128145274
  14   9       -0.0322906551       -0.0113025780
  14   8        0.0253110717       -0.0263035580
  14   7        0.0298430409       -0.0196350039
  14   6       -0.0338763184        0.0714932686
  14   5       -0.0044221440       -0.0629045372
  14   4        0.0005951811        0.0376307327
  14   3       -0.0132904077       -0.0648823485
  14   2       -0.0496142735       -0.0464514071
  14   1        0.0043925163       -0.0286471638
  14   0        0.0453357934        0.0000000000
  14  -1       -0.0043925163       -0.0286471638
  14  -2       -0.0496142735        0.0464514071
  14  -3        0.0132904077       -0.0648823485
  14  -4        0.0005951811       -0.0376307327
  14  -5        0.0044221440       -0.0629045372
  14  -6       -0.0338763184       -0.0714932686
  14  -7       -0.0298430409       -0.0196350039
  14  -8        0.0253110717        0.0263035580
  14  -9        0.0322906551       -0.0113025780
  14 -10        0.0106346953       -0.0128145274
  14 -11       -0.0521756323        0.0824582213
  14 -12        0.0397717426       -0.0520559812
  14 -13       -0.0263267067       -0.0118771246
  14 -14       -0.0055936321       -0.0263971325
  15  15       -0.0072804695        0.0434899715
  15  14       -0.0211645152       -0.0294370509
  15  13        0.0346099179       -0.0113387125
  15  12        0.0275882756        0.0531439314
  15  11       -0.0049725454        0.0230899527
  15  10        0.0208288141       -0.0262918900
  15   9        0.0107950265       -0.0356708240
  15   8       -0.0010006770       -0.0156386947
  15   7        0.0156804779       -0.0329792156
  15   6        0.0592666080        0.0272212595
  15   5        0.0104566479        0.0328442662
  15   4        0.0531506496       -0.0602773222
  15   3       -0.0338783363        0.0272627456
  15   2       -0.0025789342       -0.0145268248
  15   1       -0.0107157672       -0.0344636409
  15   0       -0.0475974652        0.0000000000
  15  -1        0.0107157672       -0.0344636409
  15  -2       -0.0025789342        0.0145268248
  15  -3        0.0338783363        0.0272627456
  15  -4        0.0531506496        0.0602773222
  15  -5       -0.0104566479        0.0328442662
  15  -6        0.0592666080       -0.0272212595
  15  -7       -0.0156804779       -0.0329792156
  15  -8       -0.0010006770        0.0156386947
  15  -9       -0.0107950265       -0.0356708240
  15 -10        0.0208288141        0.0262918900
  15 -11        0.0049725454        0.0230899527
  15 -12        0.0275882756       -0.0531439314
  15 -13       -0.0346099179       -0.0113387125
  15 -14       -0.0211645152        0.0294370509
  15 -15        0.0072804695        0.0434899715
  16  16        0.0011143522        0.0419394885
  16  15        0.0141329398        0.0007865848
  16  14       -0.0106139326       -0.0166760144
  16  13        0.0206224442        0.0467728957
  16  12       -0.0024989466        0.0507502043
  16  11       -0.0954066757        0.0228996407
  16  10       -0.0269747041       -0.0139723039
  16   9        0.0328859106        0.0040813506
  16   8        0.0726266893        0.0427023167
  16   7       -0.0050421278        0.0267252154
  16   6        0.0019126283       -0.0417334362
  16   5        0.0169314972        0.0506601298
  16   4        0.0119835183       -0.0231876245
  16   3        0.0126504517       -0.0518866300
  16   2        0.0603711370        0.0043417429
  16   1       -0.0070876898       -0.0077695737
  16   0        0.0044686650        0.0000000000
  16  -1        0.0070876898       -0.0077695737
  16  -2        0.0603711370       -0.0043417429
  16  -3       -0.0126504517       -0.0518866300
  16  -4        0.0119835183        0.0231876245
  16  -5       -0.0169314972        0.0506601298
  16  -6        0.0019126283        0.0417334362
  16  -7        0.0050421278        0.0267252154
  16  -8        0.0726266893       -0.0427023167
  16  -9       -0.0328859106        0.0040813506
  16 -10       -0.0269747041        0.0139723039
  16 -11        0.0954066757        0.0228996407
  16 -12       -0.0024989466       -0.0507502043
  16 -13       -0.0206224442        0.0467728957
  16 -14       -0.0106139326        0.0166760144
  16 -15       -0.0141329398        0.0007865848
  16 -16        0.0011143522       -0.0419394885
  17  17       -0.0408817856       -0.0066136235
  17  16        0.0149873044        0.0043214939
  17  15       -0.0258554819        0.0070300166
  17  14       -0.0385432274        0.0208732544
  17  13        0.0120258778       -0.0181765809
  17  12        0.0568447636       -0.0074320307
  17  11       -0.0146737008        0.0122922637
  17  10       -0.0031966389       -0.0049876890
  17   9       -0.0653695777        0.0578753147
  17   8       -0.0214576492        0.0250356364
  17   7        0.0128720111        0.0412656784
  17   6        0.0229199865        0.0202857041
  17   5        0.0495223994        0.0010303982
  17   4       -0.0041319749       -0.0258405090
  17   3       -0.0137499913        0.0091856665
  17   2        0.0256360904        0.0015067270
  17   1       -0.0075130622       -0.0268442674
  17   0        0.0255454276        0.0000000000
  17  -1        0.0075130622       -0.0268442674
  17  -2        0.0256360904       -0.0015067270
  17  -3        0.0137499913        0.0091856665
  17  -4       -0.0041319749        0.0258405090
  17  -5       -0.0495223994        0.0010303982
  17  -6        0.0229199865       -0.0202857041
  17  -7       -0.0128720111        0.0412656784
  17  -8       -0.0214576492       -0.0250356364
  17  -9        0.0653695777        0.0578753147
  17 -10       -0.0031966389        0.0049876890
  17 -11        0.0146737008        0.0122922637
  17 -12        0.0568447636        0.0074320307
  17 -13       -0.0120258778       -0.0181765809
  17 -14       -0.0385432274       -0.0208732544
  17 -15        0.0258554819        0.0070300166
  17 -16        0.0149873044       -0.0043214939
  17 -17        0.0408817856       -0.0066136235
  18  18       -0.0008188189        0.0268475800
  18  17        0.0018407516       -0.0320459133
  18  16       -0.0183708073        0.0109923192
  18  15       -0.0301153823        0.0271264695
  18  14       -0.0267298983       -0.0018690356
  18  13        0.0057130596        0.0484651493
  18  12       -0.0453875667       -0.0111746284
  18  11        0.0413667092        0.0389907393
  18  10        0.0276282627       -0.0234802090
  18   9        0.0370549270        0.0317106204
  18   8       -0.0832729310        0.0559854100
  18   7       -0.0398787454       -0.0236851167
  18   6        0.0300578016        0.0682465760
  18   5        0.0040712726       -0.0436295032
  18   4        0.0156629071       -0.0077070155
  18   3        0.0037297253       -0.0137676243
  18   2        0.0026007860        0.0173714400
  18   1        0.0410585520       -0.0207989626
  18   0        0.0357586898        0.0000000000
  18  -1       -0.0410585520       -0.0207989626
  18  -2        0.0026007860       -0.0173714400
  18  -3       -0.0037297253       -0.0137676243
  18  -4        0.0156629071        0.0077070155
  18  -5       -0.0040712726       -0.0436295032
  18  -6        0.0300578016       -0.0682465760
  18  -7        0.0398787454       -0.0236851167
  18  -8       -0.0832729310       -0.0559854100
  18  -9       -0.0370549270        0.0317106204
  18 -10        0.0276282627        0.0234802090
  18 -11       -0.0413667092        0.0389907393
  18 -12       -0.0453875667        0.0111746284
  18 -13       -0.0057130596        0.0484651493
  18 -14       -0.0267298983        0.0018690356
  18 -15        0.0301153823        0.0271264695
  18 -16       -0.0183708073       -0.0109923192
  18 -17       -0.0018407516       -0.0320459133
  18 -18       -0.0008188189       -0.0268475800
  19  19       -0.0006621213        0.0120892637
  19  18        0.0150817821       -0.0253436972
  19  17       -0.0035612216       -0.0606077807
  19  16       -0.0237284639        0.0079600351
  19  15       -0.0197312776       -0.0494960905
  19  14        0.0330348689       -0.0474554629
  19  13        0.0084298683       -0.0068390836
  19  12        0.0329769319        0.0370059917
  19  11        0.0352146271        0.0349391374
  19  10       -0.0435652749        0.0250547606
  19   9       -0.0100792133       -0.0579153796
  19   8        0.0748129740        0.0062349794
  19   7       -0.0043086312        0.0110400139
  19   6       -0.0131999440       -0.0114856824
  19   5       -0.0061862469        0.0322377533
  19   4        0.0165255586       -0.0081775750
  19   3        0.0130776082        0.0260144521
  19   2       -0.0002087908       -0.0510644146
  19   1       -0.0033160588        0.0377032737
  19   0        0.0564352932        0.0000000000
  19  -1        0.0033160588        0.0377032737
  19  -2       -0.0002087908        0.0510644146
  19  -3       -0.0130776082        0.0260144521
  19  -4        0.0165255586        0.0081775750
  19  -5        0.0061862469        0.0322377533
  19  -6       -0.0131999440        0.0114856824
  19  -7        0.0043086312        0.0110400139
  19  -8        0.0748129740       -0.0062349794
  19  -9        0.0100792133       -0.0579153796
  19 -10       -0.0435652749       -0.0250547606
  19 -11       -0.0352146271        0.0349391374
  19 -12        0.0329769319       -0.0370059917
  19 -13       -0.0084298683       -0.0068390836
  19 -14        0.0330348689        0.0474554629
  19 -15        0.0197312776       -0.0494960905
  19 -16       -0.0237284639       -0.0079600351
  19 -17        0.0035612216       -0.0606077807
  19 -18        0.0150817821        0.0253436972
  19 -19        0.0006621213        0.0120892637
  20  20       -0.0291244968        0.0074850537
  20  19        0.0150899571       -0.0066517725
  20  18       -0.0021376635       -0.0064882676
  20  17       -0.0008557660       -0.0112294323
  20  16       -0.0311431008       -0.0223946360
  20  15       -0.0167034297       -0.0045997878
  20  14       -0.0388877989        0.0210009756
  20  13        0.0166437512        0.0078653462
  20  12        0.0238616079       -0.0040811223
  20  11        0.0412023067       -0.0051100801
  20  10       -0.0352069858       -0.0010088322
  20   9       -0.0074901491       -0.0124865105
  20   8       -0.0115408997       -0.0128213299
  20   7        0.0040163767       -0.0032093615
  20   6        0.0007757690        0.0054887292
  20   5        0.0006270573        0.0066262941
  20   4       -0.0173402050       -0.0062330968
  20   3        0.0010316635        0.0071521494
  20   2        0.0054269571        0.0238019622
  20   1        0.0267367894       -0.0182363710
  20   0       -0.0047100366        0.0000000000
  20  -1       -0.0267367894       -0.0182363710
  20  -2        0.0054269571       -0.0238019622
  20  -3       -0.0010316635        0.0071521494
  20  -4       -0.0173402050        0.0062330968
  20  -5       -0.0006270573        0.0066262941
  20  -6        0.0007757690       -0.0054887292
  20  -7       -0.0040163767       -0.0032093615
  20  -8       -0.0115408997        0.0128213299
  20  -9        0.0074901491       -0.0124865105
  20 -10       -0.0352069858        0.0010088322
  20 -11       -0.0412023067       -0.0051100801
  20 -12        0.0238616079        0.0040811223
  20 -13       -0.0166437512        0.0078653462
  20 -14       -0.0388877989       -0.0210009756
  20 -15        0.0167034297       -0.0045997878
  20 -16       -0.0311431008        0.0223946360
  20 -17        0.0008557660       -0.0112294323
  20 -18       -0.0021376635        0.0064882676
  20 -19       -0.0150899571       -0.0066517725
  20 -20       -0.0291244968       -0.0074850537
  21  21        0.0084517152       -0.0095546891
  21  20        0.0024300478       -0.0076795447
  21  19        0.0262923445       -0.0160506963
  21  18        0.0115790734       -0.0217396162
  21  17       -0.0347953039       -0.0330605992
  21  16       -0.0173862175       -0.0160484590
  21  15        0.0004112707       -0.0176356869
  21  14       -0.0451213927       -0.0001481512
  21  13        0.0103536205        0.0131629036
  21  12       -0.0276937948        0.0362520411
  21  11       -0.0337068324       -0.0545387620
  21  10        0.0263228334       -0.0048133548
  21   9        0.0166572096        0.0080652265
  21   8       -0.0098234552        0.0146278778
  21   7       -0.0379903706        0.0016000610
  21   6       -0.0133575089        0.0136121629
  21   5       -0.0015697276        0.0051952580
  21   4        0.0001149814       -0.0107560816
  21   3        0.0042435653       -0.0285384749
  21   2       -0.0191340130        0.0096704744
  21   1        0.0057760730       -0.0049503540
  21   0       -0.0484308598        0.0000000000
  21  -1       -0.0057760730       -0.0049503540
  21  -2       -0.0191340130       -0.0096704744
  21  -3       -0.0042435653       -0.0285384749
  21  -4        0.0001149814        0.0107560816
  21  -5        0.0015697276        0.0051952580
  21  -6       -0.0133575089       -0.0136121629
  21  -7        0.0379903706        0.0016000610
  21  -8       -0.0098234552       -0.0146278778
  21  -9       -0.0166572096        0.0080652265
  21 -10        0.0263228334        0.0048133548
  21 -11        0.0337068324       -0.0545387620
  21 -12       -0.0276937948       -0.0362520411
  21 -13       -0.0103536205        0.0131629036
  21 -14       -0.0451213927        0.0001481512
  21 -15       -0.0004112707       -0.0176356869
  21 -16       -0.0173862175        0.0160484590
  21 -17        0.0347953039       -0.0330605992
  21 -18        0.0115790734        0.0217396162
  21 -19       -0.0262923445       -0.0160506963
  21 -20        0.0024300478        0.0076795447
  21 -21       -0.0084517152       -0.0095546891
  22  22       -0.0045704824        0.0310238323
  22  21        0.0372723480       -0.0060632692
  22  20        0.0077923591       -0.0193780433
  22  19        0.0287013582       -0.0003418158
  22  18        0.0456728831       -0.0040487331
  22  17       -0.0045618202        0.0255692915
  22  16        0.0193292124       -0.0017342643
  22  15       -0.0511125552       -0.0109142062
  22  14       -0.0312336138        0.0057882775
  22  13       -0.0155814544       -0.0306288575
  22  12        0.0016309809       -0.0331693512
  22  11        0.0331726015       -0.0255794347
  22  10       -0.0293267964        0.0231746307
  22   9        0.0145966504       -0.0157961571
  22   8       -0.0306601308        0.0317135100
  22   7       -0.0055675440       -0.0264444610
  22   6        0.0098325653        0.0020492581
  22   5        0.0468247294       -0.0127830293
  22   4        0.0183655752        0.0272432422
  22   3        0.0191201837        0.0269101674
  22   2        0.0037183618        0.0067486559
  22   1        0.0247719656       -0.0183713187
  22   0        0.0014555673        0.0000000000
  22  -1       -0.0247719656       -0.0183713187
  22  -2        0.0037183618       -0.0067486559
  22  -3       -0.0191201837        0.0269101674
  22  -4        0.0183655752       -0.0272432422
  22  -5       -0.0468247294       -0.0127830293
  22  -6        0.0098325653       -0.0020492581
  22  -7        0.0055675440       -0.0264444610
  22  -8       -0.0306601308       -0.0317135100
  22  -9       -0.0145966504       -0.0157961571
  22 -10       -0.0293267964       -0.0231746307
  22 -11       -0.0331726015       -0.0255794347
  22 -12        0.0016309809        0.0331693512
  22 -13        0.0155814544       -0.0306288575
  22 -14       -0.0312336138       -0.0057882775
  22 -15        0.0511125552       -0.0109142062
  22 -16        0.0193292124        0.0017342643
  22 -17        0.0045618202        0.0255692915
  22 -18        0.0456728831        0.0040487331
  22 -19       -0.0287013582       -0.0003418158
  22 -20        0.0077923591        0.0193780433
  22 -21       -0.0372723480       -0.0060632692
  22 -22       -0.0045704824       -0.0310238323
  23  23       -0.0042564288        0.0114909641
  23  22       -0.0162006043        0.0033995399
  23  21        0.0264490140       -0.0167592540
  23  20       -0.0035827571       -0.0109781405
  23  19       -0.0096853636       -0.0165973392
  23  18        0.0231931498       -0.0367045161
  23  17        0.0179330508        0.0086865029
  23  16        0.0135380253       -0.0016576768
  23  15        0.0343385920       -0.0151774665
  23  14       -0.0063841622        0.0141511322
  23  13       -0.0415303617        0.0080102045
  23  12        0.0131781119        0.0134985328
  23  11       -0.0016853623        0.0223643025
  23  10       -0.0114191161       -0.0026606006
  23   9       -0.0031977115       -0.0009252160
  23   8       -0.0283677018       -0.0302492739
  23   7       -0.0057341454       -0.0206858097
  23   6       -0.0191762157       -0.0093080647
  23   5       -0.0138511336        0.0090518574
  23   4       -0.0165435843        0.0038085950
  23   3       -0.0075391127        0.0052730409
  23   2       -0.0084908107        0.0319078765
  23   1       -0.0022021936       -0.0176369353
  23   0        0.0210263520        0.0000000000
  23  -1        0.0022021936       -0.0176369353
  23  -2       -0.0084908107       -0.0319078765
  23  -3        0.0075391127        0.0052730409
  23  -4       -0.0165435843       -0.0038085950
  23  -5        0.0138511336        0.0090518574
  23  -6       -0.0191762157        0.0093080647
  23  -7        0.0057341454       -0.0206858097
  23  -8       -0.0283677018        0.0302492739
  23  -9        0.0031977115       -0.0009252160
  23 -10       -0.0114191161        0.0026606006
  23 -11        0.0016853623        0.0223643025
  23 -12        0.0131781119       -0.0134985328
  23 -13        0.0415303617        0.0080102045
  23 -14       -0.0063841622       -0.0141511322
  23 -15       -0.0343385920       -0.0151774665
  23 -16        0.0135380253        0.0016576768
  23 -17       -0.0179330508        0.0086865029
  23 -18        0.0231931498        0.0367045161
  23 -19        0.0096853636       -0.0165973392
  23 -20       -0.0035827571        0.0109781405
  23 -21       -0.0264490140       -0.0167592540
  23 -22       -0.0162006043       -0.0033995399
  23 -23        0.0042564288        0.0114909641
  24  24        0.0352919007       -0.0185929224
  24  23       -0.0197950542        0.0025033359
  24  22       -0.0231601504       -0.0287753189
  24  21        0.0416856740       -0.0074766974
  24  20        0.0067140757       -0.0575099892
  24  19        0.0226146021       -0.0370910215
  24  18        0.0094610341       -0.0199631875
  24  17        0.0018519997        0.0323112093
  24  16       -0.0064011906       -0.0125188294
  24  15        0.0080897718       -0.0217002733
  24  14       -0.0271090012       -0.0070993689
  24  13        0.0188984803        0.0017651435
  24  12       -0.0352989672        0.0309123045
  24  11       -0.0300527166        0.0120486810
  24  10       -0.0288580658        0.0027881388
  24   9        0.0162304666       -0.0059499781
  24   8        0.0242079497        0.0321559162
  24   7        0.0267195593        0.0000404374
  24   6        0.0147651743        0.0627961596
  24   5       -0.0105230290       -0.0039276428
  24   4        0.0470270334       -0.0192491983
  24   3       -0.0114219870       -0.0398302152
  24   2       -0.0141154090        0.0227139039
  24   1       -0.0339154877       -0.0320163235
  24   0        0.0379449912        0.0000000000
  24  -1        0.0339154877       -0.0320163235
  24  -2       -0.0141154090       -0.0227139039
  24  -3        0.0114219870       -0.0398302152
  24  -4        0.0470270334        0.0192491983
  24  -5        0.0105230290       -0.0039276428
  24  -6        0.0147651743       -0.0627961596
  24  -7       -0.0267195593        0.0000404374
  24  -8        0.0242079497       -0.0321559162
  24  -9       -0.0162304666       -0.0059499781
  24 -10       -0.0288580658       -0.0027881388
  24 -11        0.0300527166        0.0120486810
  24 -12       -0.0352989672       -0.0309123045
  24 -13       -0.0188984803        0.0017651435
  24 -14       -0.0271090012        0.0070993689
  24 -15       -0.0080897718       -0.0217002733
  24 -16       -0.0064011906        0.0125188294
  24 -17       -0.0018519997        0.0323112093
  24 -18        0.0094610341        0.0199631875
  24 -19       -0.0226146021       -0.0370910215
  24 -20        0.0067140757        0.0575099892
  24 -21       -0.0416856740       -0.0074766974
  24 -22       -0.0231601504        0.0287753189
  24 -23        0.0197950542        0.0025033359
  24 -24        0.0352919007        0.0185929224
  25  25        0.0106879988        0.0225648430
  25  24        0.0174693453        0.0316632400
  25  23        0.0485574841        0.0001192886
  25  22       -0.0005061022        0.0119273654
  25  21       -0.0071889682       -0.0045746114
  25  20       -0.0081554176        0.0121879543
  25  19        0.0177292559        0.0073907452
  25  18       -0.0045068003       -0.0403237974
  25  17       -0.0099995654        0.0212431198
  25  16        0.0090041054       -0.0046648794
  25  15       -0.0174734653        0.0220795177
  25  14        0.0025383642       -0.0089348829
  25  13        0.0044554214       -0.0084800431
  25  12       -0.0104264316       -0.0405681426
  25  11       -0.0197021863       -0.0019030313
  25  10        0.0006196687        0.0045628681
  25   9        0.0155116631       -0.0340425225
  25   8       -0.0236710857        0.0104746274
  25   7       -0.0433889808        0.0175295159
  25   6       -0.0272393433       -0.0100399826
  25   5       -0.0055393965       -0.0012988438
  25   4       -0.0190058613        0.0201706218
  25   3        0.0028964381        0.0331380252
  25   2        0.0098503139        0.0162654418
  25   1       -0.0052246429        0.0435386231
  25   0       -0.0109236904        0.0000000000
  25  -1        0.0052246429        0.0435386231
  25  -2        0.0098503139       -0.0162654418
  25  -3       -0.0028964381        0.0331380252
  25  -4       -0.0190058613       -0.0201706218
  25  -5        0.0055393965       -0.0012988438
  25  -6       -0.0272393433        0.0100399826
  25  -7        0.0433889808        0.0175295159
  25  -8       -0.0236710857       -0.0104746274
  25  -9       -0.0155116631       -0.0340425225
  25 -10        0.0006196687       -0.0045628681
  25 -11        0.0197021863       -0.0019030313
  25 -12       -0.0104264316        0.0405681426
  25 -13       -0.0044554214       -0.0084800431
  25 -14        0.0025383642        0.0089348829
  25 -15        0.0174734653        0.0220795177
  25 -16        0.0090041054        0.0046648794
  25 -17        0.0099995654        0.0212431198
  25 -18       -0.0045068003        0.0403237974
  25 -19       -0.0177292559        0.0073907452
  25 -20       -0.0081554176       -0.0121879543
  25 -21        0.0071889682       -0.0045746114
  25 -22       -0.0005061022       -0.0119273654
  25 -23       -0.0485574841        0.0001192886
  25 -24        0.0174693453       -0.0316632400
  25 -25       -0.0106879988        0.0225648430
  26  26        0.0289209294        0.0122052965
  26  25        0.0005748839       -0.0132466317
  26  24        0.0249087419       -0.0025812311
  26  23       -0.0010918190        0.0049975495
  26  22       -0.0029917508        0.0000226172
  26  21        0.0196244751       -0.0326057379
  26  20        0.0248225347        0.0383302303
  26  19       -0.0095847406        0.0245578093
  26  18       -0.0046428582        0.0052429745
  26  17       -0.0298102179        0.0016724019
  26  16        0.0227911959        0.0007801227
  26  15       -0.0169336051       -0.0129499584
  26  14        0.0338754656        0.0354197376
  26  13        0.0293339825        0.0065245694
  26  12        0.0277884367       -0.0197902241
  26  11        0.0078004215        0.0040928209
  26  10       -0.0013594968       -0.0348048244
  26   9       -0.0033747198        0.0035445244
  26   8        0.0349131714        0.0165054050
  26   7        0.0256853346       -0.0098954841
  26   6       -0.0062279329       -0.0028133543
  26   5       -0.0206765898       -0.0021007099
  26   4       -0.0236534676       -0.0112825681
  26   3       -0.0107631024       -0.0337253868
  26   2        0.0044707203        0.0000427595
  26   1       -0.0122917053        0.0044535383
  26   0        0.0263734950        0.0000000000
  26  -1        0.0122917053        0.0044535383
  26  -2        0.0044707203       -0.0000427595
  26  -3        0.0107631024       -0.0337253868
  26  -4       -0.0236534676        0.0112825681
  26  -5        0.0206765898       -0.0021007099
  26  -6       -0.0062279329        0.0028133543
  26  -7       -0.0256853346       -0.0098954841
  26  -8        0.0349131714       -0.0165054050
  26  -9        0.0033747198        0.0035445244
  26 -10       -0.0013594968        0.0348048244
  26 -11       -0.0078004215        0.0040928209
  26 -12        0.0277884367        0.0197902241
  26 -13       -0.0293339825        0.0065245694
  26 -14        0.0338754656       -0.0354197376
  26 -15        0.0169336051       -0.0129499584
  26 -16        0.0227911959       -0.0007801227
  26 -17        0.0298102179        0.0016724019
  26 -18       -0.0046428582       -0.0052429745
  26 -19        0.0095847406        0.0245578093
  26 -20        0.0248225347       -0.0383302303
  26 -21       -0.0196244751       -0.0326057379
  26 -22       -0.0029917508       -0.0000226172
  26 -23        0.0010918190        0.0049975495
  26 -24        0.0249087419        0.0025812311
  26 -25       -0.0005748839       -0.0132466317
  26 -26        0.0289209294       -0.0122052965
  27  27        0.0427606303        0.0110736471
  27  26       -0.0071952668       -0.0055619246
  27  25        0.0269905335        0.0211749148
  27  24       -0.0374056386        0.0305349437
  27  23       -0.0126329469       -0.0323101029
  27  22        0.0269449096        0.0017069877
  27  21        0.0168995499        0.0213071476
  27  20       -0.0101744710        0.0103194355
  27  19        0.0045688414       -0.0061254739
  27  18        0.0064095346       -0.0140074222
  27  17       -0.0082152526       -0.0132576657
  27  16       -0.0080038940       -0.0017076235
  27  15        0.0115225184        0.0355245760
  27  14        0.0166824396       -0.0052183955
  27  13        0.0031009700       -0.0128682247
  27  12       -0.0187683436       -0.0305555089
  27  11       -0.0207570738        0.0186209409
  27  10        0.0169823355       -0.0179987182
  27   9       -0.0019871565        0.0249940802
  27   8       -0.0077666941        0.0119852740
  27   7       -0.0442846375       -0.0136948848
  27   6        0.0193104892       -0.0148350173
  27   5        0.0147071984       -0.0294153228
  27   4        0.0401321055       -0.0071503782
  27   3        0.0349781917        0.0231140307
  27   2        0.0326876738        0.0086647056
  27   1       -0.0073483819        0.0257365119
  27   0        0.0083931274        0.0000000000
  27  -1        0.0073483819        0.0257365119
  27  -2        0.0326876738       -0.0086647056
  27  -3       -0.0349781917        0.0231140307
  27  -4        0.0401321055        0.0071503782
  27  -5       -0.0147071984       -0.0294153228
  27  -6        0.0193104892        0.0148350173
  27  -7        0.0442846375       -0.0136948848
  27  -8       -0.0077666941       -0.0119852740
  27  -9        0.0019871565        0.0249940802
  27 -10        0.0169823355        0.0179987182
  27 -11        0.0207570738        0.0186209409
  27 -12       -0.0187683436        0.0305555089
  27 -13       -0.0031009700       -0.0128682247
  27 -14        0.0166824396        0.0052183955
  27 -15       -0.0115225184        0.0355245760
  27 -16       -0.0080038940        0.0017076235
  27 -17        0.0082152526       -0.0132576657
  27 -18        0.0064095346        0.0140074222
  27 -19       -0.0045688414       -0.0061254739
  27 -20       -0.0101744710       -0.0103194355
  27 -21       -0.0168995499        0.0213071476
  27 -22        0.0269449096       -0.0017069877
  27 -23        0.0126329469       -0.0323101029
  27 -24       -0.0374056386       -0.0305349437
  27 -25       -0.0269905335        0.0211749148
  27 -26       -0.0071952668        0.0055619246
  27 -27       -0.0427606303        0.0110736471
  28  28       -0.0094763121       -0.0156982623
  28  27       -0.0150389674        0.0191382568
  28  26        0.0152938126       -0.0050285794
  28  25        0.0382661127        0.0145342497
  28  24       -0.0048683638        0.0006103775
  28  23       -0.0106157643       -0.0097762258
  28  22        0.0225970709        0.0070390335
  28  21        0.0794928714       -0.0224218428
  28  20       -0.0171245654        0.0373925589
  28  19       -0.0234431944        0.0115068741
  28  18        0.0107019570        0.0041554949
  28  17        0.0200690404       -0.0005633538
  28  16        0.0113237753        0.0115927897
  28  15        0.0301109713        0.0147409415
  28  14       -0.0248402214       -0.0014090268
  28  13        0.0026198642       -0.0075307982
  28  12        0.0334884110       -0.0042638274
  28  11       -0.0017514342       -0.0138452192
  28  10       -0.0058691530        0.0132192760
  28   9       -0.0236462599       -0.0306007080
  28   8       -0.0159727196       -0.0391242274
  28   7       -0.0092541696       -0.0437203354
  28   6       -0.0264610065        0.0036343851
  28   5        0.0042325790       -0.0111620964
  28   4       -0.0332178436        0.0260656233
  28   3       -0.0058717837        0.0416509264
  28   2        0.0080209461        0.0092846298
  28   1       -0.0062634886        0.0275011987
  28   0       -0.1221464747        0.0000000000
  28  -1        0.0062634886        0.0275011987
  28  -2        0.0080209461       -0.0092846298
  28  -3        0.0058717837        0.0416509264
  28  -4       -0.0332178436       -0.0260656233
  28  -5       -0.0042325790       -0.0111620964
  28  -6       -0.0264610065       -0.0036343851
  28  -7        0.0092541696       -0.0437203354
  28  -8       -0.0159727196        0.0391242274
  28  -9        0.0236462599       -0.0306007080
  28 -10       -0.0058691530       -0.0132192760
  28 -11        0.0017514342       -0.0138452192
  28 -12        0.0334884110        0.0042638274
  28 -13       -0.0026198642       -0.0075307982
  28 -14       -0.0248402214        0.0014090268
  28 -15       -0.0301109713        0.0147409415
  28 -16        0.0113237753       -0.0115927897
  28 -17       -0.0200690404       -0.0005633538
  28 -18        0.0107019570       -0.0041554949
  28 -19        0.0234431944        0.0115068741
  28 -20       -0.0171245654       -0.0373925589
  28 -21       -0.0794928714       -0.0224218428
  28 -22        0.0225970709       -0.0070390335
  28 -23        0.0106157643       -0.0097762258
  28 -24       -0.0048683638       -0.0006103775
  28 -25       -0.0382661127        0.0145342497
  28 -26        0.0152938126        0.0050285794
  28 -27        0.0150389674        0.0191382568
  28 -28       -0.0094763121        0.0156982623
  29  29       -0.0105229478        0.0186848900
  29  28       -0.0268827653       -0.0015159599
  29  27       -0.0139199567        0.0100200218
  29  26       -0.0093210545        0.0031608388
  29  25        0.0058434552       -0.0159395674
  29  24        0.0570009180        0.0109999156
  29  23       -0.0117378446        0.0298189423
  29  22       -0.0321377964        0.0242139099
  29  21        0.0064181613       -0.0198337445
  29  20       -0.0109763662        0.0012492253
  29  19       -0.0022688920        0.0127341327
  29  18       -0.0004120431       -0.0041595640
  29  17       -0.0030541216        0.0062711733
  29  16        0.0070421064        0.0013857928
  29  15        0.0031364473        0.0207126789
  29  14        0.0301586350       -0.0171117453
  29  13       -0.0351111080       -0.0039804154
  29  12        0.0154567439        0.0198488080
  29  11       -0.0077248272        0.0174275525
  29  10        0.0156972798        0.0060505384
  29   9        0.0049425584       -0.0157200460
  29   8        0.0179700593       -0.0020443123
  29   7        0.0409183945       -0.0127548795
  29   6        0.0120103705       -0.0329227161
  29   5       -0.0039344213       -0.0117312298
  29   4        0.0052765044       -0.0318361287
  29   3        0.0157210913       -0.0118476531
  29   2        0.0071871210       -0.0119733626
  29   1        0.0049614996       -0.0274832611
  29   0        0.0316236785        0.0000000000
  29  -1       -0.0049614996       -0.0274832611
  29  -2        0.0071871210        0.0119733626
  29  -3       -0.0157210913       -0.0118476531
  29  -4        0.0052765044        0.0318361287
  29  -5        0.0039344213       -0.0117312298
  29  -6        0.0120103705        0.0329227161
  29  -7       -0.0409183945       -0.0127548795
  29  -8        0.0179700593        0.0020443123
  29  -9       -0.0049425584       -0.0157200460
  29 -10        0.0156972798       -0.0060505384
  29 -11        0.0077248272        0.0174275525
  29 -12        0.0154567439       -0.0198488080
  29 -13        0.0351111080       -0.0039804154
  29 -14        0.0301586350        0.0171117453
  29 -15       -0.0031364473        0.0207126789
  29 -16        0.0070421064       -0.0013857928
  29 -17        0.0030541216        0.0062711733
  29 -18       -0.0004120431        0.0041595640
  29 -19        0.0022688920        0.0127341327
  29 -20       -0.0109763662       -0.0012492253
  29 -21       -0.0064181613       -0.0198337445
  29 -22       -0.0321377964       -0.0242139099
  29 -23        0.0117378446        0.0298189423
  29 -24        0.0570009180       -0.0109999156
  29 -25       -0.0058434552       -0.0159395674
  29 -26       -0.0093210545       -0.0031608388
  29 -27        0.0139199567        0.0100200218
  29 -28       -0.0268827653        0.0015159599
  29 -29        0.0105229478        0.0186848900
  30  30       -0.0077668191        0.0072102160
  30  29        0.0057361750        0.0326909443
  30  28       -0.0145000398        0.0190189760
  30  27       -0.0220932912        0.0033571123
  30  26       -0.0176223957        0.0426134297
  30  25        0.0118636773        0.0169052250
  30  24        0.0372610330       -0.0111253408
  30  23       -0.0024083590        0.0061975090
  30  22       -0.0127104418       -0.0140787512
  30  21        0.0033236946        0.0260398103
  30  20        0.0032679757       -0.0251972568
  30  19        0.0130621544       -0.0242870915
  30  18       -0.0228317560       -0.0004824488
  30  17        0.0099037911       -0.0420621429
  30  16       -0.0260138246        0.0086953960
  30  15        0.0010749279        0.0157511060
  30  14        0.0149636134        0.0132481841
  30  13        0.0282296548       -0.0011193880
  30  12       -0.0039944751       -0.0126191122
  30  11        0.0075361451        0.0010701071
  30  10        0.0025788056        0.0010697886
  30   9        0.0087503894       -0.0134030246
  30   8       -0.0288219119       -0.0059131493
  30   7       -0.0077389396        0.0041296159
  30   6       -0.0018166876        0.0326620757
  30   5        0.0181229413       -0.0050199878
  30   4        0.0359112935       -0.0049980043
  30   3       -0.0106159246        0.0098621904
  30   2       -0.0185783212       -0.0228766665
  30   1       -0.0007539268        0.0208189034
  30   0        0.0050768606        0.0000000000
  30  -1        0.0007539268        0.0208189034
  30  -2       -0.0185783212        0.0228766665
  30  -3        0.0106159246        0.0098621904
  30  -4        0.0359112935        0.0049980043
  30  -5       -0.0181229413       -0.0050199878
  30  -6       -0.0018166876       -0.0326620757
  30  -7        0.0077389396        0.0041296159
  30  -8       -0.0288219119        0.0059131493
  30  -9       -0.0087503894       -0.0134030246
  30 -10        0.0025788056       -0.0010697886
  30 -11       -0.0075361451        0.0010701071
  30 -12       -0.0039944751        0.0126191122
  30 -13       -0.0282296548       -0.0011193880
  30 -14        0.0149636134       -0.0132481841
  30 -15       -0.0010749279        0.0157511060
  30 -16       -0.0260138246       -0.0086953960
  30 -17       -0.0099037911       -0.0420621429
  30 -18       -0.0228317560        0.0004824488
  30 -19       -0.0130621544       -0.0242870915
  30 -20        0.0032679757        0.0251972568
  30 -21       -0.0033236946        0.0260398103
  30 -22       -0.0127104418        0.0140787512
  30 -23        0.0024083590        0.0061975090
  30 -24        0.0372610330        0.0111253408
  30 -25       -0.0118636773        0.0169052250
  30 -26       -0.0176223957       -0.0426134297
  30 -27        0.0220932912        0.0033571123
  30 -28       -0.0145000398       -0.0190189760
  30 -29       -0.0057361750        0.0326909443
  30 -30       -0.0077668191       -0.0072102160
