   0   0       69.0038969112        0.0000000000
   1   1        0.4886714501        0.5181754931
   1   0        0.6576682200        0.0000000000
   1  -1       -0.4886714501        0.5181754931
   2   2        4.3465780070        0.1226554291
   2   1        0.0551403989       -3.1477514319
   2   0       -1.6368880528        0.0000000000
   2  -1       -0.0551403989       -3.1477514319
   2  -2        4.3465780070       -0.1226554291
   3   3       -2.4245988605       -0.6016407656
   3   2       -1.9285910376        0.5003959917
   3   1       -1.1392420035       -0.8691752322
   3   0       -0.2060217232        0.0000000000
   3  -1        1.1392420035       -0.8691752322
   3  -2       -1.9285910376       -0.5003959917
   3  -3        2.4245988605       -0.6016407656
   4   4        1.2476275325        0.6038171277
   4   3        0.3403541272        1.2743226262
   4   2        1.1591589091       -0.0457325033
   4   1        0.4242843328        0.6221453808
   4   0        1.0947413966        0.0000000000
   4  -1       -0.4242843328        0.6221453808
   4  -2        1.1591589091        0.0457325033
   4  -3       -0.3403541272        1.2743226262
   4  -4        1.2476275325       -0.6038171277
   5   5       -0.0089772793       -0.8956208820
   5   4        0.1715104783        0.0654906960
   5   3       -0.2987804555        0.6426177006
   5   2       -0.2617813887       -0.4166297795
   5   1       -0.0016415528       -0.7158427633
   5   0       -0.4222315665        0.0000000000
   5  -1        0.0016415528       -0.7158427633
   5  -2       -0.2617813887        0.4166297795
   5  -3        0.2987804555        0.6426177006
   5  -4        0.1715104783       -0.0654906960
   5  -5        0.0089772793       -0.8956208820
   6   6        0.8050263644       -0.4340872105
   6   5       -0.2369258314        0.1558255703
   6   4        0.4107609620        0.3124036017
   6   3       -0.2617934332        0.0672832666
   6   2        0.5509193495       -0.0484802145
   6   1       -0.3007718773       -0.1036260575
   6   0        0.5468761116        0.0000000000
   6  -1        0.3007718773       -0.1036260575
   6  -2        0.5509193495        0.0484802145
   6  -3        0.2617934332        0.0672832666
   6  -4        0.4107609620       -0.3124036017
   6  -5        0.2369258314        0.1558255703
   6  -6        0.8050263644        0.4340872105
   7   7        0.4728393898       -0.3425886213
   7   6        0.0108961894        0.0665836316
   7   5       -0.0970552181        0.1620208775
   7   4       -0.2180659536        0.1231181503
   7   3        0.3671404119        0.0327101530
   7   2       -0.0801898937       -0.4371258347
   7   1       -0.0694301979       -0.3228047695
   7   0        0.0663954351        0.0000000000
   7  -1        0.0694301979       -0.3228047695
   7  -2       -0.0801898937        0.4371258347
   7  -3       -0.3671404119        0.0327101530
   7  -4       -0.2180659536       -0.1231181503
   7  -5        0.0970552181        0.1620208775
   7  -6        0.0108961894       -0.0665836316
   7  -7       -0.4728393898       -0.3425886213
   8   8        0.0694350349        0.3393134720
   8   7        0.0342101282       -0.4339180140
   8   6        0.1134367480        0.0977575753
   8   5       -0.1775079093       -0.0605108885
   8   4        0.3319094358        0.0332062226
   8   3       -0.4175328584       -0.0717681132
   8   2       -0.3860687319        0.1391020027
   8   1       -0.0257061641        0.0436409597
   8   0       -0.0913929194        0.0000000000
   8  -1        0.0257061641        0.0436409597
   8  -2       -0.3860687319       -0.1391020027
   8  -3        0.4175328584       -0.0717681132
   8  -4        0.3319094358       -0.0332062226
   8  -5        0.1775079093       -0.0605108885
   8  -6        0.1134367480       -0.0977575753
   8  -7       -0.0342101282       -0.4339180140
   8  -8        0.0694350349       -0.3393134720
   9   9       -0.0505093440       -0.0793164201
   9   8       -0.0819007611        0.1000622891
   9   7        0.1470872265       -0.0677618563
   9   6       -0.1424838942        0.1022844880
   9   5        0.0193740114        0.0482070261
   9   4        0.2111450499        0.0020201040
   9   3       -0.2045990945       -0.1892028839
   9   2        0.0085987314        0.0821682964
   9   1       -0.2912272901       -0.0748513708
   9   0        0.5159107348        0.0000000000
   9  -1        0.2912272901       -0.0748513708
   9  -2        0.0085987314       -0.0821682964
   9  -3        0.2045990945       -0.1892028839
   9  -4        0.2111450499       -0.0020201040
   9  -5       -0.0193740114        0.0482070261
   9  -6       -0.1424838942       -0.1022844880
   9  -7       -0.1470872265       -0.0677618563
   9  -8       -0.0819007611       -0.1000622891
   9  -9        0.0505093440       -0.0793164201
  10  10        0.0119517221       -0.0732162432
  10   9        0.2480020705       -0.3632666299
  10   8        0.0345584058       -0.0111510558
  10   7       -0.1230081761       -0.0577950316
  10   6       -0.1120104696       -0.0595308660
  10   5       -0.1514400582        0.0372830360
  10   4       -0.0247818821        0.1567022587
  10   3        0.0564699428        0.0758775709
  10   2       -0.0103620040       -0.0635300223
  10   1       -0.1735027291        0.1003585813
  10   0        0.0588424872        0.0000000000
  10  -1        0.1735027291        0.1003585813
  10  -2       -0.0103620040        0.0635300223
  10  -3       -0.0564699428        0.0758775709
  10  -4       -0.0247818821       -0.1567022587
  10  -5        0.1514400582        0.0372830360
  10  -6       -0.1120104696        0.0595308660
  10  -7        0.1230081761       -0.0577950316
  10  -8        0.0345584058        0.0111510558
  10  -9       -0.2480020705       -0.3632666299
  10 -10        0.0119517221        0.0732162432
  11  11        0.0838612784       -0.0320756328
  11  10       -0.1028100523       -0.0117389027
  11   9        0.1498660084        0.1928028628
  11   8       -0.0346126716        0.0783235932
  11   7       -0.0036684131       -0.0631122123
  11   6        0.1467698115        0.2153317848
  11   5        0.0863626582       -0.1311377904
  11   4       -0.0897665973        0.0515309415
  11   3       -0.0361412430       -0.0973504181
  11   2        0.0392134568        0.1556896596
  11   1        0.1782091404        0.0551412247
  11   0       -0.0709289248        0.0000000000
  11  -1       -0.1782091404        0.0551412247
  11  -2        0.0392134568       -0.1556896596
  11  -3        0.0361412430       -0.0973504181
  11  -4       -0.0897665973       -0.0515309415
  11  -5       -0.0863626582       -0.1311377904
  11  -6        0.1467698115       -0.2153317848
  11  -7        0.0036684131       -0.0631122123
  11  -8       -0.0346126716       -0.0783235932
  11  -9       -0.1498660084        0.1928028628
  11 -10       -0.1028100523        0.0117389027
  11 -11       -0.0838612784       -0.0320756328
  12  12       -0.0954006785       -0.1347284305
  12  11       -0.0004468390       -0.1746140621
  12  10        0.1080660824        0.0716256152
  12   9        0.0117860811       -0.1143745047
  12   8       -0.0116432042        0.0400878611
  12   7       -0.0777700103       -0.0939753180
  12   6        0.0988949193        0.1013506503
  12   5        0.0815534207       -0.0998725030
  12   4       -0.0733471769       -0.0692055083
  12   3       -0.1069856592       -0.1322670837
  12   2       -0.0189175069        0.1622847352
  12   1       -0.0040064212       -0.0640206464
  12   0        0.1193546222        0.0000000000
  12  -1        0.0040064212       -0.0640206464
  12  -2       -0.0189175069       -0.1622847352
  12  -3        0.1069856592       -0.1322670837
  12  -4       -0.0733471769        0.0692055083
  12  -5       -0.0815534207       -0.0998725030
  12  -6        0.0988949193       -0.1013506503
  12  -7        0.0777700103       -0.0939753180
  12  -8       -0.0116432042       -0.0400878611
  12  -9       -0.0117860811       -0.1143745047
  12 -10        0.1080660824       -0.0716256152
  12 -11        0.0004468390       -0.1746140621
  12 -12       -0.0954006785        0.1347284305
  13  13        0.1448835128        0.0984239651
  13  12       -0.0966795894       -0.0886500345
  13  11        0.0416302702        0.1135228783
  13  10       -0.0601827731        0.0699911135
  13   9        0.1036269919       -0.0505264051
  13   8       -0.1561820519        0.0722159267
  13   7       -0.1274966058        0.0432762079
  13   6       -0.0156186033        0.0326749896
  13   5        0.0047639720        0.0204496049
  13   4       -0.0992585459        0.0279064939
  13   3        0.0628924750        0.0230995512
  13   2       -0.0737905990       -0.0159824079
  13   1       -0.0633928423       -0.0095629707
  13   0        0.0156708752        0.0000000000
  13  -1        0.0633928423       -0.0095629707
  13  -2       -0.0737905990        0.0159824079
  13  -3       -0.0628924750        0.0230995512
  13  -4       -0.0992585459       -0.0279064939
  13  -5       -0.0047639720        0.0204496049
  13  -6       -0.0156186033       -0.0326749896
  13  -7        0.1274966058        0.0432762079
  13  -8       -0.1561820519       -0.0722159267
  13  -9       -0.1036269919       -0.0505264051
  13 -10       -0.0601827731       -0.0699911135
  13 -11       -0.0416302702        0.1135228783
  13 -12       -0.0966795894        0.0886500345
  13 -13       -0.1448835128        0.0984239651
  14  14       -0.0483260763       -0.0532110872
  14  13        0.0757327374       -0.0873985096
  14  12        0.0387456537        0.0256825578
  14  11        0.0098391423        0.0118529208
  14  10       -0.0192635950        0.0532756068
  14   9        0.0143674723       -0.0616338246
  14   8       -0.0631938345        0.1198909067
  14   7        0.0454431140        0.0256893172
  14   6       -0.0139448598       -0.0688461990
  14   5       -0.0046849368       -0.0276834625
  14   4       -0.0523352297        0.0073268838
  14   3        0.0221314926        0.0633515343
  14   2       -0.0096686495       -0.0350016709
  14   1        0.0219504705        0.0461255352
  14   0       -0.1924242364        0.0000000000
  14  -1       -0.0219504705        0.0461255352
  14  -2       -0.0096686495        0.0350016709
  14  -3       -0.0221314926        0.0633515343
  14  -4       -0.0523352297       -0.0073268838
  14  -5        0.0046849368       -0.0276834625
  14  -6       -0.0139448598        0.0688461990
  14  -7       -0.0454431140        0.0256893172
  14  -8       -0.0631938345       -0.1198909067
  14  -9       -0.0143674723       -0.0616338246
  14 -10       -0.0192635950       -0.0532756068
  14 -11       -0.0098391423        0.0118529208
  14 -12        0.0387456537       -0.0256825578
  14 -13       -0.0757327374       -0.0873985096
  14 -14       -0.0483260763        0.0532110872
  15  15       -0.0638539612        0.0970010661
  15  14        0.0383756002        0.1200295488
  15  13       -0.0192697344        0.0103271771
  15  12       -0.0582403172        0.0420779026
  15  11        0.1204448410        0.0334998929
  15  10       -0.0552981083        0.0127611345
  15   9        0.0042542429       -0.0688101680
  15   8        0.0775926812        0.0349386839
  15   7       -0.0137329685       -0.0102121691
  15   6       -0.0762472915       -0.0022012015
  15   5       -0.0291001213       -0.0490523879
  15   4       -0.0911214056        0.0177414173
  15   3        0.0063246744        0.0442244197
  15   2        0.0304359301        0.0925044216
  15   1        0.0313368229        0.0272858746
  15   0        0.0686967171        0.0000000000
  15  -1       -0.0313368229        0.0272858746
  15  -2        0.0304359301       -0.0925044216
  15  -3       -0.0063246744        0.0442244197
  15  -4       -0.0911214056       -0.0177414173
  15  -5        0.0291001213       -0.0490523879
  15  -6       -0.0762472915        0.0022012015
  15  -7        0.0137329685       -0.0102121691
  15  -8        0.0775926812       -0.0349386839
  15  -9       -0.0042542429       -0.0688101680
  15 -10       -0.0552981083       -0.0127611345
  15 -11       -0.1204448410        0.0334998929
  15 -12       -0.0582403172       -0.0420779026
  15 -13        0.0192697344        0.0103271771
  15 -14        0.0383756002       -0.1200295488
  15 -15        0.0638539612        0.0970010661
  16  16        0.0071764467       -0.0663255656
  16  15        0.0283229894       -0.0886133421
  16  14       -0.0484457228        0.0087175994
  16  13       -0.0640181691        0.0403822185
  16  12       -0.0880360661       -0.0064761015
  16  11        0.0511003908       -0.0380438955
  16  10       -0.0100563618        0.0168910294
  16   9        0.0017979663        0.0284671343
  16   8        0.0013577541       -0.0211324880
  16   7       -0.0235338877       -0.0197712431
  16   6        0.0524133500        0.0047428758
  16   5        0.0108165907        0.0382283561
  16   4        0.0256814783       -0.0336065032
  16   3        0.0386171073        0.0461172362
  16   2        0.0880249937        0.0350356525
  16   1        0.0387212531        0.0186501921
  16   0        0.0074606534        0.0000000000
  16  -1       -0.0387212531        0.0186501921
  16  -2        0.0880249937       -0.0350356525
  16  -3       -0.0386171073        0.0461172362
  16  -4        0.0256814783        0.0336065032
  16  -5       -0.0108165907        0.0382283561
  16  -6        0.0524133500       -0.0047428758
  16  -7        0.0235338877       -0.0197712431
  16  -8        0.0013577541        0.0211324880
  16  -9       -0.0017979663        0.0284671343
  16 -10       -0.0100563618       -0.0168910294
  16 -11       -0.0511003908       -0.0380438955
  16 -12       -0.0880360661        0.0064761015
  16 -13        0.0640181691        0.0403822185
  16 -14       -0.0484457228       -0.0087175994
  16 -15       -0.0283229894       -0.0886133421
  16 -16        0.0071764467        0.0663255656
  17  17       -0.0672690308        0.0244903530
  17  16        0.0250736339        0.1084897761
  17  15        0.0925477147       -0.0239043866
  17  14       -0.0359594755        0.0278891573
  17  13        0.0738364961       -0.0061192924
  17  12       -0.0242342661        0.0159361520
  17  11        0.0555767975       -0.0193822019
  17  10        0.0365326034       -0.0335049304
  17   9       -0.0311822060        0.0364964531
  17   8       -0.0108834439        0.0130744434
  17   7       -0.0297549577       -0.1436598055
  17   6       -0.0254608978       -0.0010067731
  17   5       -0.0084751150       -0.0251979258
  17   4       -0.0381873959        0.0325384299
  17   3        0.0055252463       -0.0329291417
  17   2       -0.0146246860       -0.0630940191
  17   1       -0.0421118395        0.0133767958
  17   0       -0.0809071114        0.0000000000
  17  -1        0.0421118395        0.0133767958
  17  -2       -0.0146246860        0.0630940191
  17  -3       -0.0055252463       -0.0329291417
  17  -4       -0.0381873959       -0.0325384299
  17  -5        0.0084751150       -0.0251979258
  17  -6       -0.0254608978        0.0010067731
  17  -7        0.0297549577       -0.1436598055
  17  -8       -0.0108834439       -0.0130744434
  17  -9        0.0311822060        0.0364964531
  17 -10        0.0365326034        0.0335049304
  17 -11       -0.0555767975       -0.0193822019
  17 -12       -0.0242342661       -0.0159361520
  17 -13       -0.0738364961       -0.0061192924
  17 -14       -0.0359594755       -0.0278891573
  17 -15       -0.0925477147       -0.0239043866
  17 -16        0.0250736339       -0.1084897761
  17 -17        0.0672690308        0.0244903530
  18  18        0.0512340652       -0.0352377728
  18  17       -0.0278646041       -0.0113430408
  18  16        0.0508203976       -0.0214488224
  18  15       -0.0569336653       -0.0163830841
  18  14       -0.0143944335       -0.0279529630
  18  13       -0.0118445808        0.0391307892
  18  12       -0.0460491250       -0.0482832956
  18  11       -0.0845585831       -0.0011869366
  18  10        0.0054848497        0.0248903106
  18   9        0.0141480781       -0.0238905701
  18   8       -0.0131604119        0.0850466069
  18   7       -0.0093533836       -0.0252577460
  18   6       -0.0469574380       -0.0234295047
  18   5        0.0434472775        0.0212473853
  18   4       -0.0230982268        0.0383594457
  18   3       -0.0059334132       -0.0071206016
  18   2       -0.0288913425       -0.0225753017
  18   1        0.0089638832       -0.0199566929
  18   0        0.0051428209        0.0000000000
  18  -1       -0.0089638832       -0.0199566929
  18  -2       -0.0288913425        0.0225753017
  18  -3        0.0059334132       -0.0071206016
  18  -4       -0.0230982268       -0.0383594457
  18  -5       -0.0434472775        0.0212473853
  18  -6       -0.0469574380        0.0234295047
  18  -7        0.0093533836       -0.0252577460
  18  -8       -0.0131604119       -0.0850466069
  18  -9       -0.0141480781       -0.0238905701
  18 -10        0.0054848497       -0.0248903106
  18 -11        0.0845585831       -0.0011869366
  18 -12       -0.0460491250        0.0482832956
  18 -13        0.0118445808        0.0391307892
  18 -14       -0.0143944335        0.0279529630
  18 -15        0.0569336653       -0.0163830841
  18 -16        0.0508203976        0.0214488224
  18 -17        0.0278646041       -0.0113430408
  18 -18        0.0512340652        0.0352377728
  19  19        0.0177290593       -0.0072585637
  19  18       -0.0167077737       -0.0022335045
  19  17        0.0519996363        0.0357249841
  19  16       -0.0598190151        0.0256459058
  19  15        0.0304509527        0.0339603469
  19  14        0.0036885431       -0.0418916216
  19  13       -0.0184451650        0.0866816999
  19  12        0.0264605002        0.0015526452
  19  11        0.0457099133       -0.0203020923
  19  10        0.0181009114        0.0280791602
  19   9        0.0252824375       -0.0447532090
  19   8       -0.0445896097       -0.0136377900
  19   7       -0.0020577697        0.0438421050
  19   6        0.0244191130       -0.0004984118
  19   5        0.0064156345       -0.0027207643
  19   4        0.0448549065       -0.0386227811
  19   3        0.0164005400        0.0251346373
  19   2       -0.0314703743        0.0094047095
  19   1        0.0056334185        0.0298496516
  19   0        0.0251845440        0.0000000000
  19  -1       -0.0056334185        0.0298496516
  19  -2       -0.0314703743       -0.0094047095
  19  -3       -0.0164005400        0.0251346373
  19  -4        0.0448549065        0.0386227811
  19  -5       -0.0064156345       -0.0027207643
  19  -6        0.0244191130        0.0004984118
  19  -7        0.0020577697        0.0438421050
  19  -8       -0.0445896097        0.0136377900
  19  -9       -0.0252824375       -0.0447532090
  19 -10        0.0181009114       -0.0280791602
  19 -11       -0.0457099133       -0.0203020923
  19 -12        0.0264605002       -0.0015526452
  19 -13        0.0184451650        0.0866816999
  19 -14        0.0036885431        0.0418916216
  19 -15       -0.0304509527        0.0339603469
  19 -16       -0.0598190151       -0.0256459058
  19 -17       -0.0519996363        0.0357249841
  19 -18       -0.0167077737        0.0022335045
  19 -19       -0.0177290593       -0.0072585637
  20  20       -0.0155974390        0.0501068884
  20  19       -0.0267980618       -0.0238922073
  20  18        0.0616499188        0.0175750978
  20  17       -0.0163907283        0.0359813691
  20  16       -0.0027308663        0.0025308917
  20  15       -0.0141125672       -0.0123082041
  20  14       -0.0387915195       -0.0099738027
  20  13        0.0094868768       -0.0006968460
  20  12       -0.0270383801        0.0037482707
  20  11        0.0392729839        0.0075953156
  20  10       -0.0581225976        0.0509512694
  20   9       -0.0077403783        0.0343910684
  20   8        0.0319121297       -0.0131683893
  20   7        0.0093571564       -0.0136804780
  20   6       -0.0284224170       -0.0136137018
  20   5        0.0289188981       -0.0200486509
  20   4       -0.0139207018       -0.0323682574
  20   3        0.0027044371        0.0091240779
  20   2       -0.0350644854       -0.0235637960
  20   1       -0.0593107314        0.0281718725
  20   0       -0.0627694879        0.0000000000
  20  -1        0.0593107314        0.0281718725
  20  -2       -0.0350644854        0.0235637960
  20  -3       -0.0027044371        0.0091240779
  20  -4       -0.0139207018        0.0323682574
  20  -5       -0.0289188981       -0.0200486509
  20  -6       -0.0284224170        0.0136137018
  20  -7       -0.0093571564       -0.0136804780
  20  -8        0.0319121297        0.0131683893
  20  -9        0.0077403783        0.0343910684
  20 -10       -0.0581225976       -0.0509512694
  20 -11       -0.0392729839        0.0075953156
  20 -12       -0.0270383801       -0.0037482707
  20 -13       -0.0094868768       -0.0006968460
  20 -14       -0.0387915195        0.0099738027
  20 -15        0.0141125672       -0.0123082041
  20 -16       -0.0027308663       -0.0025308917
  20 -17        0.0163907283        0.0359813691
  20 -18        0.0616499188       -0.0175750978
  20 -19        0.0267980618       -0.0238922073
  20 -20       -0.0155974390       -0.0501068884
  21  21        0.0414086938        0.0094322720
  21  20        0.0312334833        0.0317740867
  21  19        0.0740499708        0.0339444393
  21  18       -0.0558590654       -0.0374571097
  21  17       -0.0004095044        0.0318298444
  21  16        0.0248349531       -0.0558931190
  21  15       -0.0273768607        0.0061050876
  21  14        0.0056663817       -0.0167479187
  21  13        0.0349688890        0.0368164773
  21  12        0.0550927547        0.0009699462
  21  11       -0.0144419780       -0.0145125299
  21  10        0.0186340725       -0.0169882327
  21   9        0.0271075680       -0.0210783602
  21   8        0.0082567419        0.0185621468
  21   7        0.0020148370        0.0369220252
  21   6       -0.0082234344       -0.0007359749
  21   5        0.0024246156        0.0340913883
  21   4       -0.0017906605        0.0125458722
  21   3       -0.0103201796       -0.0333614316
  21   2        0.0099055784       -0.0015428923
  21   1       -0.0007902209       -0.0043955311
  21   0        0.0461486253        0.0000000000
  21  -1        0.0007902209       -0.0043955311
  21  -2        0.0099055784        0.0015428923
  21  -3        0.0103201796       -0.0333614316
  21  -4       -0.0017906605       -0.0125458722
  21  -5       -0.0024246156        0.0340913883
  21  -6       -0.0082234344        0.0007359749
  21  -7       -0.0020148370        0.0369220252
  21  -8        0.0082567419       -0.0185621468
  21  -9       -0.0271075680       -0.0210783602
  21 -10        0.0186340725        0.0169882327
  21 -11        0.0144419780       -0.0145125299
  21 -12        0.0550927547       -0.0009699462
  21 -13       -0.0349688890        0.0368164773
  21 -14        0.0056663817        0.0167479187
  21 -15        0.0273768607        0.0061050876
  21 -16        0.0248349531        0.0558931190
  21 -17        0.0004095044        0.0318298444
  21 -18       -0.0558590654        0.0374571097
  21 -19       -0.0740499708        0.0339444393
  21 -20        0.0312334833       -0.0317740867
  21 -21       -0.0414086938        0.0094322720
  22  22       -0.0134171866        0.0572665209
  22  21       -0.0182030751       -0.0202867326
  22  20       -0.0493476678        0.0124003157
  22  19        0.0136371899        0.0445155768
  22  18        0.0148250570        0.0037413093
  22  17       -0.0158931445       -0.0281185102
  22  16        0.0061266917        0.0103115459
  22  15       -0.0106600056        0.0202674072
  22  14       -0.0242687205       -0.0130187896
  22  13        0.0025518993        0.0362049094
  22  12       -0.0399593589       -0.0237421478
  22  11        0.0104759418        0.0112443324
  22  10        0.0404259961        0.0133843938
  22   9        0.0312627575       -0.0004665940
  22   8        0.0113417273        0.0038599046
  22   7       -0.0246125742        0.0111753225
  22   6        0.0208710271        0.0311783130
  22   5       -0.0067433009       -0.0332218706
  22   4        0.0414799801       -0.0407079818
  22   3       -0.0346488278       -0.0186559834
  22   2       -0.0219547579       -0.0172551826
  22   1        0.0414227296        0.0081576362
  22   0        0.0296523400        0.0000000000
  22  -1       -0.0414227296        0.0081576362
  22  -2       -0.0219547579        0.0172551826
  22  -3        0.0346488278       -0.0186559834
  22  -4        0.0414799801        0.0407079818
  22  -5        0.0067433009       -0.0332218706
  22  -6        0.0208710271       -0.0311783130
  22  -7        0.0246125742        0.0111753225
  22  -8        0.0113417273       -0.0038599046
  22  -9       -0.0312627575       -0.0004665940
  22 -10        0.0404259961       -0.0133843938
  22 -11       -0.0104759418        0.0112443324
  22 -12       -0.0399593589        0.0237421478
  22 -13       -0.0025518993        0.0362049094
  22 -14       -0.0242687205        0.0130187896
  22 -15        0.0106600056        0.0202674072
  22 -16        0.0061266917       -0.0103115459
  22 -17        0.0158931445       -0.0281185102
  22 -18        0.0148250570       -0.0037413093
  22 -19       -0.0136371899        0.0445155768
  22 -20       -0.0493476678       -0.0124003157
  22 -21        0.0182030751       -0.0202867326
  22 -22       -0.0134171866       -0.0572665209
  23  23        0.0063154457       -0.0248003699
  23  22       -0.0268596452        0.0511453606
  23  21        0.0288783337        0.0113932986
  23  20        0.0242949797        0.0115775256
  23  19       -0.0097202267       -0.0200481946
  23  18       -0.0031166285       -0.0036414288
  23  17       -0.0170100719        0.0407079321
  23  16       -0.0054416763       -0.0377479793
  23  15        0.0292926689        0.0333449420
  23  14        0.0501217923        0.0045983948
  23  13       -0.0101604770       -0.0158528249
  23  12       -0.0288793083       -0.0047976429
  23  11        0.0178618581       -0.0351392574
  23  10        0.0005338843        0.0190167007
  23   9       -0.0061858727        0.0349528897
  23   8        0.0137280311        0.0038493382
  23   7        0.0090240284       -0.0072059463
  23   6        0.0002546468       -0.0013604054
  23   5       -0.0361965496       -0.0030802253
  23   4        0.0295902962       -0.0036373536
  23   3       -0.0321891302        0.0085136130
  23   2       -0.0021484152        0.0010357106
  23   1       -0.0188237955       -0.0010309696
  23   0        0.0078000613        0.0000000000
  23  -1        0.0188237955       -0.0010309696
  23  -2       -0.0021484152       -0.0010357106
  23  -3        0.0321891302        0.0085136130
  23  -4        0.0295902962        0.0036373536
  23  -5        0.0361965496       -0.0030802253
  23  -6        0.0002546468        0.0013604054
  23  -7       -0.0090240284       -0.0072059463
  23  -8        0.0137280311       -0.0038493382
  23  -9        0.0061858727        0.0349528897
  23 -10        0.0005338843       -0.0190167007
  23 -11       -0.0178618581       -0.0351392574
  23 -12       -0.0288793083        0.0047976429
  23 -13        0.0101604770       -0.0158528249
  23 -14        0.0501217923       -0.0045983948
  23 -15       -0.0292926689        0.0333449420
  23 -16       -0.0054416763        0.0377479793
  23 -17        0.0170100719        0.0407079321
  23 -18       -0.0031166285        0.0036414288
  23 -19        0.0097202267       -0.0200481946
  23 -20        0.0242949797       -0.0115775256
  23 -21       -0.0288783337        0.0113932986
  23 -22       -0.0268596452       -0.0511453606
  23 -23       -0.0063154457       -0.0248003699
  24  24       -0.0240490224       -0.0269281258
  24  23        0.0209918645       -0.0439442825
  24  22       -0.0049233785       -0.0281810237
  24  21        0.0050430236        0.0464865214
  24  20        0.0089646297       -0.0005200032
  24  19       -0.0118659316       -0.0137244986
  24  18        0.0115839895       -0.0160639179
  24  17       -0.0331489269       -0.0183924723
  24  16        0.0085473749       -0.0134197862
  24  15       -0.0183753220       -0.0302706542
  24  14        0.0069375227        0.0038220805
  24  13        0.0337346169       -0.0148908141
  24  12        0.0076907480        0.0153845772
  24  11       -0.0211777435       -0.0152755395
  24  10       -0.0404024481       -0.0111673337
  24   9        0.0287784852       -0.0023671439
  24   8        0.0126136351       -0.0272823444
  24   7        0.0210810194        0.0009823812
  24   6        0.0002454892       -0.0064011507
  24   5        0.0102207752        0.0170067296
  24   4       -0.0157699390        0.0136031414
  24   3        0.0207941866       -0.0516464622
  24   2       -0.0076040031        0.0261938985
  24   1       -0.0024913319       -0.0574745918
  24   0       -0.0291129972        0.0000000000
  24  -1        0.0024913319       -0.0574745918
  24  -2       -0.0076040031       -0.0261938985
  24  -3       -0.0207941866       -0.0516464622
  24  -4       -0.0157699390       -0.0136031414
  24  -5       -0.0102207752        0.0170067296
  24  -6        0.0002454892        0.0064011507
  24  -7       -0.0210810194        0.0009823812
  24  -8        0.0126136351        0.0272823444
  24  -9       -0.0287784852       -0.0023671439
  24 -10       -0.0404024481        0.0111673337
  24 -11        0.0211777435       -0.0152755395
  24 -12        0.0076907480       -0.0153845772
  24 -13       -0.0337346169       -0.0148908141
  24 -14        0.0069375227       -0.0038220805
  24 -15        0.0183753220       -0.0302706542
  24 -16        0.0085473749        0.0134197862
  24 -17        0.0331489269       -0.0183924723
  24 -18        0.0115839895        0.0160639179
  24 -19        0.0118659316       -0.0137244986
  24 -20        0.0089646297        0.0005200032
  24 -21       -0.0050430236        0.0464865214
  24 -22       -0.0049233785        0.0281810237
  24 -23       -0.0209918645       -0.0439442825
  24 -24       -0.0240490224        0.0269281258
  25  25        0.0335357075       -0.0271723428
  25  24        0.0000144027        0.0031012131
  25  23        0.0098370399        0.0330270810
  25  22        0.0316197602       -0.0010515211
  25  21       -0.0327789570       -0.0004371520
  25  20        0.0047591230       -0.0038759269
  25  19       -0.0512022922       -0.0331780953
  25  18        0.0195827815        0.0091800531
  25  17        0.0316330053       -0.0180193773
  25  16        0.0147996668        0.0147605605
  25  15        0.0538492544        0.0611811178
  25  14        0.0031452457       -0.0123088266
  25  13        0.0137842178        0.0125809623
  25  12       -0.0186147256        0.0311040771
  25  11       -0.0202178287        0.0374604542
  25  10       -0.0071094976        0.0085134876
  25   9       -0.0119041838       -0.0058713910
  25   8        0.0135875433        0.0100507428
  25   7       -0.0236879752        0.0266965481
  25   6        0.0144103968        0.0288907543
  25   5       -0.0113467637        0.0413365240
  25   4       -0.0259669621       -0.0003905292
  25   3        0.0015643960        0.0015173088
  25   2        0.0229123304        0.0137767608
  25   1        0.0186771947        0.0213129615
  25   0        0.0114658970        0.0000000000
  25  -1       -0.0186771947        0.0213129615
  25  -2        0.0229123304       -0.0137767608
  25  -3       -0.0015643960        0.0015173088
  25  -4       -0.0259669621        0.0003905292
  25  -5        0.0113467637        0.0413365240
  25  -6        0.0144103968       -0.0288907543
  25  -7        0.0236879752        0.0266965481
  25  -8        0.0135875433       -0.0100507428
  25  -9        0.0119041838       -0.0058713910
  25 -10       -0.0071094976       -0.0085134876
  25 -11        0.0202178287        0.0374604542
  25 -12       -0.0186147256       -0.0311040771
  25 -13       -0.0137842178        0.0125809623
  25 -14        0.0031452457        0.0123088266
  25 -15       -0.0538492544        0.0611811178
  25 -16        0.0147996668       -0.0147605605
  25 -17       -0.0316330053       -0.0180193773
  25 -18        0.0195827815       -0.0091800531
  25 -19        0.0512022922       -0.0331780953
  25 -20        0.0047591230        0.0038759269
  25 -21        0.0327789570       -0.0004371520
  25 -22        0.0316197602        0.0010515211
  25 -23       -0.0098370399        0.0330270810
  25 -24        0.0000144027       -0.0031012131
  25 -25       -0.0335357075       -0.0271723428
  26  26       -0.0200277828       -0.0211295856
  26  25        0.0247041424        0.0105014190
  26  24        0.0246147353       -0.0315244534
  26  23        0.0010622599        0.0093300427
  26  22       -0.0486343454       -0.0200288918
  26  21        0.0334895790       -0.0473511190
  26  20        0.0110231834        0.0277591652
  26  19       -0.0311440826        0.0041956140
  26  18       -0.0080625255        0.0199285251
  26  17        0.0337157370        0.0138402697
  26  16        0.0005607269       -0.0149901810
  26  15       -0.0069914061        0.0193185383
  26  14        0.0164703789       -0.0209863810
  26  13       -0.0131905634       -0.0136112491
  26  12        0.0003583500        0.0190335362
  26  11       -0.0035122663        0.0221482224
  26  10        0.0398103600       -0.0026712167
  26   9        0.0124177668        0.0104868219
  26   8        0.0107178932        0.0124467927
  26   7        0.0209022017        0.0222540110
  26   6        0.0202087663        0.0037484543
  26   5       -0.0000462107       -0.0064276499
  26   4        0.0105632451        0.0123815400
  26   3        0.0177392288        0.0275965263
  26   2        0.0431599889        0.0192951653
  26   1       -0.0251757965       -0.0040766093
  26   0       -0.0260011035        0.0000000000
  26  -1        0.0251757965       -0.0040766093
  26  -2        0.0431599889       -0.0192951653
  26  -3       -0.0177392288        0.0275965263
  26  -4        0.0105632451       -0.0123815400
  26  -5        0.0000462107       -0.0064276499
  26  -6        0.0202087663       -0.0037484543
  26  -7       -0.0209022017        0.0222540110
  26  -8        0.0107178932       -0.0124467927
  26  -9       -0.0124177668        0.0104868219
  26 -10        0.0398103600        0.0026712167
  26 -11        0.0035122663        0.0221482224
  26 -12        0.0003583500       -0.0190335362
  26 -13        0.0131905634       -0.0136112491
  26 -14        0.0164703789        0.0209863810
  26 -15        0.0069914061        0.0193185383
  26 -16        0.0005607269        0.0149901810
  26 -17       -0.0337157370        0.0138402697
  26 -18       -0.0080625255       -0.0199285251
  26 -19        0.0311440826        0.0041956140
  26 -20        0.0110231834       -0.0277591652
  26 -21       -0.0334895790       -0.0473511190
  26 -22       -0.0486343454        0.0200288918
  26 -23       -0.0010622599        0.0093300427
  26 -24        0.0246147353        0.0315244534
  26 -25       -0.0247041424        0.0105014190
  26 -26       -0.0200277828        0.0211295856
  27  27        0.0098478929       -0.0220406242
  27  26       -0.0231080631        0.0312378977
  27  25        0.0082701068       -0.0080988665
  27  24        0.0112494974        0.0207430992
  27  23       -0.0245790285        0.0315337136
  27  22        0.0169800244       -0.0305423199
  27  21        0.0004265475       -0.0106214094
  27  20       -0.0224934339       -0.0204177283
  27  19        0.0098945647        0.0172786562
  27  18        0.0031368873        0.0120596229
  27  17        0.0058162855       -0.0109673860
  27  16        0.0266825366        0.0108975063
  27  15       -0.0179480074       -0.0495874780
  27  14       -0.0294567991       -0.0098568626
  27  13       -0.0317530966       -0.0019896384
  27  12       -0.0182735552        0.0132541612
  27  11       -0.0127956393       -0.0254974859
  27  10       -0.0114196909        0.0002071311
  27   9        0.0017974949        0.0016370045
  27   8        0.0131455598       -0.0295949116
  27   7       -0.0117518942       -0.0084700513
  27   6       -0.0162096962       -0.0161610852
  27   5       -0.0364111065        0.0101673586
  27   4       -0.0079513479       -0.0092013229
  27   3       -0.0151611819       -0.0189798569
  27   2       -0.0109914971        0.0206084961
  27   1       -0.0056386027       -0.0054032968
  27   0       -0.0140301163        0.0000000000
  27  -1        0.0056386027       -0.0054032968
  27  -2       -0.0109914971       -0.0206084961
  27  -3        0.0151611819       -0.0189798569
  27  -4       -0.0079513479        0.0092013229
  27  -5        0.0364111065        0.0101673586
  27  -6       -0.0162096962        0.0161610852
  27  -7        0.0117518942       -0.0084700513
  27  -8        0.0131455598        0.0295949116
  27  -9       -0.0017974949        0.0016370045
  27 -10       -0.0114196909       -0.0002071311
  27 -11        0.0127956393       -0.0254974859
  27 -12       -0.0182735552       -0.0132541612
  27 -13        0.0317530966       -0.0019896384
  27 -14       -0.0294567991        0.0098568626
  27 -15        0.0179480074       -0.0495874780
  27 -16        0.0266825366       -0.0108975063
  27 -17       -0.0058162855       -0.0109673860
  27 -18        0.0031368873       -0.0120596229
  27 -19       -0.0098945647        0.0172786562
  27 -20       -0.0224934339        0.0204177283
  27 -21       -0.0004265475       -0.0106214094
  27 -22        0.0169800244        0.0305423199
  27 -23        0.0245790285        0.0315337136
  27 -24        0.0112494974       -0.0207430992
  27 -25       -0.0082701068       -0.0080988665
  27 -26       -0.0231080631       -0.0312378977
  27 -27       -0.0098478929       -0.0220406242
  28  28       -0.0074934929       -0.0505080161
  28  27        0.0022401881        0.0101288468
  28  26        0.0353934605       -0.0189724047
  28  25       -0.0002582731        0.0207885292
  28  24       -0.0164871496       -0.0063091919
  28  23       -0.0294771690       -0.0085040032
  28  22       -0.0064539033        0.0232070315
  28  21       -0.0128064991       -0.0251558272
  28  20       -0.0040812238        0.0388130520
  28  19       -0.0087222135        0.0430718156
  28  18        0.0311890066       -0.0031835878
  28  17       -0.0031612965       -0.0143237673
  28  16        0.0019678063        0.0123241576
  28  15        0.0206084313        0.0198101294
  28  14        0.0128580689        0.0309673815
  28  13        0.0464863430        0.0150917496
  28  12       -0.0412666331       -0.0074914400
  28  11       -0.0008583991        0.0374626026
  28  10        0.0050326862       -0.0372755799
  28   9        0.0187540225        0.0077447262
  28   8        0.0021182532        0.0189632820
  28   7       -0.0161536796        0.0259393675
  28   6        0.0096971006       -0.0149282337
  28   5        0.0011505624        0.0076332633
  28   4        0.0168208843        0.0112933392
  28   3        0.0055995379        0.0006833765
  28   2       -0.0200015187        0.0049082700
  28   1       -0.0240447729        0.0136726569
  28   0        0.0378090656        0.0000000000
  28  -1        0.0240447729        0.0136726569
  28  -2       -0.0200015187       -0.0049082700
  28  -3       -0.0055995379        0.0006833765
  28  -4        0.0168208843       -0.0112933392
  28  -5       -0.0011505624        0.0076332633
  28  -6        0.0096971006        0.0149282337
  28  -7        0.0161536796        0.0259393675
  28  -8        0.0021182532       -0.0189632820
  28  -9       -0.0187540225        0.0077447262
  28 -10        0.0050326862        0.0372755799
  28 -11        0.0008583991        0.0374626026
  28 -12       -0.0412666331        0.0074914400
  28 -13       -0.0464863430        0.0150917496
  28 -14        0.0128580689       -0.0309673815
  28 -15       -0.0206084313        0.0198101294
  28 -16        0.0019678063       -0.0123241576
  28 -17        0.0031612965       -0.0143237673
  28 -18        0.0311890066        0.0031835878
  28 -19        0.0087222135        0.0430718156
  28 -20       -0.0040812238       -0.0388130520
  28 -21        0.0128064991       -0.0251558272
  28 -22       -0.0064539033       -0.0232070315
  28 -23        0.0294771690       -0.0085040032
  28 -24       -0.0164871496        0.0063091919
  28 -25        0.0002582731        0.0207885292
  28 -26        0.0353934605        0.0189724047
  28 -27       -0.0022401881        0.0101288468
  28 -28       -0.0074934929        0.0505080161
  29  29        0.0159134708       -0.0198800898
  29  28        0.0159912680       -0.0086517793
  29  27        0.0222887040       -0.0043833921
  29  26       -0.0057570619        0.0018949231
  29  25       -0.0262005055       -0.0087504420
  29  24        0.0015647416       -0.0022959897
  29  23        0.0135625937       -0.0287790724
  29  22       -0.0086993479       -0.0080848112
  29  21       -0.0143259092        0.0046823299
  29  20        0.0087313603       -0.0153677002
  29  19        0.0320857080        0.0048309630
  29  18       -0.0009930232        0.0220014525
  29  17        0.0056512666       -0.0159390518
  29  16       -0.0232655707       -0.0412370845
  29  15        0.0003666115       -0.0017994177
  29  14       -0.0085670439       -0.0256184478
  29  13       -0.0126117991       -0.0163631581
  29  12        0.0254093221        0.0079248208
  29  11       -0.0291938001        0.0104466368
  29  10       -0.0119077163       -0.0040790241
  29   9       -0.0086095522       -0.0115326257
  29   8       -0.0019885738        0.0230535962
  29   7       -0.0258945169       -0.0104932466
  29   6       -0.0251827757       -0.0047249702
  29   5       -0.0235543583       -0.0259252676
  29   4       -0.0158639179       -0.0090919281
  29   3       -0.0014245324        0.0078426625
  29   2       -0.0005889074        0.0177725116
  29   1        0.0019137358        0.0267073032
  29   0        0.0168111460        0.0000000000
  29  -1       -0.0019137358        0.0267073032
  29  -2       -0.0005889074       -0.0177725116
  29  -3        0.0014245324        0.0078426625
  29  -4       -0.0158639179        0.0090919281
  29  -5        0.0235543583       -0.0259252676
  29  -6       -0.0251827757        0.0047249702
  29  -7        0.0258945169       -0.0104932466
  29  -8       -0.0019885738       -0.0230535962
  29  -9        0.0086095522       -0.0115326257
  29 -10       -0.0119077163        0.0040790241
  29 -11        0.0291938001        0.0104466368
  29 -12        0.0254093221       -0.0079248208
  29 -13        0.0126117991       -0.0163631581
  29 -14       -0.0085670439        0.0256184478
  29 -15       -0.0003666115       -0.0017994177
  29 -16       -0.0232655707        0.0412370845
  29 -17       -0.0056512666       -0.0159390518
  29 -18       -0.0009930232       -0.0220014525
  29 -19       -0.0320857080        0.0048309630
  29 -20        0.0087313603        0.0153677002
  29 -21        0.0143259092        0.0046823299
  29 -22       -0.0086993479        0.0080848112
  29 -23       -0.0135625937       -0.0287790724
  29 -24        0.0015647416        0.0022959897
  29 -25        0.0262005055       -0.0087504420
  29 -26       -0.0057570619       -0.0018949231
  29 -27       -0.0222887040       -0.0043833921
  29 -28        0.0159912680        0.0086517793
  29 -29       -0.0159134708       -0.0198800898
  30  30        0.0227446696       -0.0211849132
  30  29       -0.0234358641        0.0570305591
  30  28        0.0112603907        0.0102771880
  30  27       -0.0167345411        0.0195123576
  30  26        0.0304767962        0.0387791805
  30  25       -0.0269220597        0.0092759615
  30  24       -0.0201128574       -0.0218045969
  30  23        0.0273672537       -0.0220850950
  30  22       -0.0101885994       -0.0144081457
  30  21        0.0079555070        0.0122375250
  30  20        0.0149690762        0.0135730203
  30  19        0.0134479359        0.0305902434
  30  18        0.0074625939        0.0091165765
  30  17       -0.0120866386       -0.0036615626
  30  16        0.0200062723       -0.0007479593
  30  15        0.0405809958        0.0026171603
  30  14       -0.0033706393        0.0135543701
  30  13        0.0054400146        0.0109925720
  30  12       -0.0067692744        0.0103199943
  30  11       -0.0073733205        0.0136339641
  30  10        0.0161938884        0.0181030396
  30   9       -0.0250354707       -0.0117680499
  30   8       -0.0107559812        0.0231249421
  30   7       -0.0087774508        0.0208658796
  30   6       -0.0200413529        0.0195821662
  30   5        0.0276408833        0.0131825188
  30   4       -0.0016779241       -0.0173802132
  30   3       -0.0047051938        0.0197043997
  30   2        0.0243740330        0.0118193204
  30   1        0.0137237172       -0.0293907000
  30   0       -0.0105886330        0.0000000000
  30  -1       -0.0137237172       -0.0293907000
  30  -2        0.0243740330       -0.0118193204
  30  -3        0.0047051938        0.0197043997
  30  -4       -0.0016779241        0.0173802132
  30  -5       -0.0276408833        0.0131825188
  30  -6       -0.0200413529       -0.0195821662
  30  -7        0.0087774508        0.0208658796
  30  -8       -0.0107559812       -0.0231249421
  30  -9        0.0250354707       -0.0117680499
  30 -10        0.0161938884       -0.0181030396
  30 -11        0.0073733205        0.0136339641
  30 -12       -0.0067692744       -0.0103199943
  30 -13       -0.0054400146        0.0109925720
  30 -14       -0.0033706393       -0.0135543701
  30 -15       -0.0405809958        0.0026171603
  30 -16        0.0200062723        0.0007479593
  30 -17        0.0120866386       -0.0036615626
  30 -18        0.0074625939       -0.0091165765
  30 -19       -0.0134479359        0.0305902434
  30 -20        0.0149690762       -0.0135730203
  30 -21       -0.0079555070        0.0122375250
  30 -22       -0.0101885994        0.0144081457
  30 -23       -0.0273672537       -0.0220850950
  30 -24       -0.0201128574        0.0218045969
  30 -25        0.0269220597        0.0092759615
  30 -26        0.0304767962       -0.0387791805
  30 -27        0.0167345411        0.0195123576
  30 -28        0.0112603907       -0.0102771880
  30 -29        0.0234358641        0.0570305591
  30 -30        0.0227446696        0.0211849132
