   0   0        2.4564860584        0.0000000000
   1   1        0.0365070618       -0.0273991442
   1   0       -0.0218500213        0.0000000000
   1  -1       -0.0365070618       -0.0273991442
   2   2        0.0762633367       -0.0209299264
   2   1        0.0417170350        0.1600836909
   2   0       -0.6271146092        0.0000000000
   2  -1       -0.0417170350        0.1600836909
   2  -2        0.0762633367        0.0209299264
   3   3       -0.0751602570       -0.0585875397
   3   2       -0.0055252896       -0.0422974076
   3   1        0.0281352006       -0.0497307200
   3   0       -0.0278302398        0.0000000000
   3  -1       -0.0281352006       -0.0497307200
   3  -2       -0.0055252896        0.0422974076
   3  -3        0.0751602570       -0.0585875397
   4   4       -0.0225008852       -0.0319475543
   4   3       -0.0151311986        0.0018540026
   4   2       -0.0524505507        0.0348970306
   4   1        0.0254039055       -0.0644870264
   4   0        0.1472531050        0.0000000000
   4  -1       -0.0254039055       -0.0644870264
   4  -2       -0.0524505507       -0.0348970306
   4  -3        0.0151311986        0.0018540026
   4  -4       -0.0225008852        0.0319475543
   5   5        0.0016738006       -0.0182345694
   5   4        0.0126877757       -0.0326706205
   5   3        0.0405944228        0.0392921977
   5   2        0.0388749243        0.0176830332
   5   1       -0.0521266598        0.0278040196
   5   0        0.0467803931        0.0000000000
   5  -1        0.0521266598        0.0278040196
   5  -2        0.0388749243       -0.0176830332
   5  -3       -0.0405944228        0.0392921977
   5  -4        0.0126877757        0.0326706205
   5  -5       -0.0016738006       -0.0182345694
   6   6       -0.0065375199        0.0159830162
   6   5       -0.0004175702       -0.0031095073
   6   4       -0.0078982763        0.0227246224
   6   3        0.0227811753       -0.0142459370
   6   2        0.0156215096       -0.0146830400
   6   1       -0.0198733674        0.0082736251
   6   0       -0.0290863644        0.0000000000
   6  -1        0.0198733674        0.0082736251
   6  -2        0.0156215096        0.0146830400
   6  -3       -0.0227811753       -0.0142459370
   6  -4       -0.0078982763       -0.0227246224
   6  -5        0.0004175702       -0.0031095073
   6  -6       -0.0065375199       -0.0159830162
   7   7        0.0133936883        0.0044413189
   7   6        0.0055528400        0.0001232808
   7   5       -0.0005846079        0.0014504208
   7   4       -0.0044929727        0.0206516568
   7   3       -0.0170050816       -0.0056472122
   7   2       -0.0148888337       -0.0164448397
   7   1        0.0243341051        0.0011931552
   7   0       -0.0129348001        0.0000000000
   7  -1       -0.0243341051        0.0011931552
   7  -2       -0.0148888337        0.0164448397
   7  -3        0.0170050816       -0.0056472122
   7  -4       -0.0044929727       -0.0206516568
   7  -5        0.0005846079        0.0014504208
   7  -6        0.0055528400       -0.0001232808
   7  -7       -0.0133936883        0.0044413189
   8   8       -0.0011016622        0.0063820558
   8   7       -0.0060015356        0.0062738844
   8   6        0.0026962423       -0.0020062327
   8   5       -0.0051948564       -0.0118553673
   8   4        0.0005499730       -0.0053322190
   8   3       -0.0077558648        0.0142149666
   8   2        0.0052043530        0.0067422381
   8   1        0.0150683009       -0.0000196157
   8   0        0.0151351088        0.0000000000
   8  -1       -0.0150683009       -0.0000196157
   8  -2        0.0052043530       -0.0067422381
   8  -3        0.0077558648        0.0142149666
   8  -4        0.0005499730        0.0053322190
   8  -5        0.0051948564       -0.0118553673
   8  -6        0.0026962423        0.0020062327
   8  -7        0.0060015356        0.0062738844
   8  -8       -0.0011016622       -0.0063820558
   9   9        0.0094777196        0.0005934083
   9   8        0.0023578793        0.0031005524
   9   7       -0.0005040901       -0.0058334252
   9   6       -0.0101122255       -0.0022267745
   9   5       -0.0040405093        0.0102514708
   9   4       -0.0033766355       -0.0107045718
   9   3        0.0137477841       -0.0015271692
   9   2       -0.0037646385        0.0017313113
   9   1       -0.0164554726       -0.0002522008
   9   0       -0.0023163715        0.0000000000
   9  -1        0.0164554726       -0.0002522008
   9  -2       -0.0037646385       -0.0017313113
   9  -3       -0.0137477841       -0.0015271692
   9  -4       -0.0033766355        0.0107045718
   9  -5        0.0040405093        0.0102514708
   9  -6       -0.0101122255        0.0022267745
   9  -7        0.0005040901       -0.0058334252
   9  -8        0.0023578793       -0.0031005524
   9  -9       -0.0094777196        0.0005934083
  10  10       -0.0000427295       -0.0024640647
  10   9       -0.0061149669       -0.0006493079
  10   8       -0.0013686413       -0.0054534615
  10   7       -0.0066930735       -0.0019122993
  10   6        0.0002157498        0.0031619440
  10   5        0.0047477485        0.0076413962
  10   4       -0.0002487574       -0.0053930151
  10   3        0.0000460771       -0.0077719472
  10   2       -0.0062683508        0.0095378060
  10   1       -0.0005437374       -0.0008719476
  10   0       -0.0041621061        0.0000000000
  10  -1        0.0005437374       -0.0008719476
  10  -2       -0.0062683508       -0.0095378060
  10  -3       -0.0000460771       -0.0077719472
  10  -4       -0.0002487574        0.0053930151
  10  -5       -0.0047477485        0.0076413962
  10  -6        0.0002157498       -0.0031619440
  10  -7        0.0066930735       -0.0019122993
  10  -8       -0.0013686413        0.0054534615
  10  -9        0.0061149669       -0.0006493079
  10 -10       -0.0000427295        0.0024640647
  11  11        0.0041971358       -0.0015995106
  11  10       -0.0029087387       -0.0005340705
  11   9       -0.0039202211       -0.0045715811
  11   8       -0.0034137565        0.0024255159
  11   7        0.0014401600       -0.0014326294
  11   6       -0.0034028182       -0.0011552549
  11   5        0.0007621748       -0.0057679622
  11   4        0.0078809867        0.0067433384
  11   3        0.0024551300       -0.0035122255
  11   2        0.0041967209       -0.0054288273
  11   1        0.0083818377       -0.0044761691
  11   0       -0.0061253570        0.0000000000
  11  -1       -0.0083818377       -0.0044761691
  11  -2        0.0041967209        0.0054288273
  11  -3       -0.0024551300       -0.0035122255
  11  -4        0.0078809867       -0.0067433384
  11  -5       -0.0007621748       -0.0057679622
  11  -6       -0.0034028182        0.0011552549
  11  -7       -0.0014401600       -0.0014326294
  11  -8       -0.0034137565       -0.0024255159
  11  -9        0.0039202211       -0.0045715811
  11 -10       -0.0029087387        0.0005340705
  11 -11       -0.0041971358       -0.0015995106
  12  12       -0.0022053840       -0.0032174095
  12  11       -0.0016069832        0.0004104322
  12  10       -0.0037109257        0.0007373704
  12   9        0.0039385183        0.0037236246
  12   8        0.0043715726       -0.0042823034
  12   7       -0.0006075961       -0.0016493507
  12   6       -0.0020322435        0.0005586034
  12   5       -0.0037941415       -0.0026192949
  12   4        0.0079516645        0.0032356731
  12   3       -0.0041736385        0.0018737008
  12   2       -0.0012390496       -0.0057433099
  12   1       -0.0045322030        0.0054951648
  12   0        0.0058187723        0.0000000000
  12  -1        0.0045322030        0.0054951648
  12  -2       -0.0012390496        0.0057433099
  12  -3        0.0041736385        0.0018737008
  12  -4        0.0079516645       -0.0032356731
  12  -5        0.0037941415       -0.0026192949
  12  -6       -0.0020322435       -0.0005586034
  12  -7        0.0006075961       -0.0016493507
  12  -8        0.0043715726        0.0042823034
  12  -9       -0.0039385183        0.0037236246
  12 -10       -0.0037109257       -0.0007373704
  12 -11        0.0016069832        0.0004104322
  12 -12       -0.0022053840        0.0032174095
  13  13       -0.0013862231        0.0020622030
  13  12       -0.0003539484        0.0017458813
  13  11       -0.0000673592        0.0028653599
  13  10        0.0030516890        0.0033141103
  13   9        0.0006561053       -0.0009025356
  13   8       -0.0015376073       -0.0007569390
  13   7        0.0063346975       -0.0018561477
  13   6        0.0034412535       -0.0010985095
  13   5       -0.0046595606        0.0004581244
  13   4       -0.0045326850       -0.0006144429
  13   3       -0.0009376030        0.0033508922
  13   2       -0.0025765265        0.0049328421
  13   1        0.0001995448        0.0000385481
  13   0       -0.0007261952        0.0000000000
  13  -1       -0.0001995448        0.0000385481
  13  -2       -0.0025765265       -0.0049328421
  13  -3        0.0009376030        0.0033508922
  13  -4       -0.0045326850        0.0006144429
  13  -5        0.0046595606        0.0004581244
  13  -6        0.0034412535        0.0010985095
  13  -7       -0.0063346975       -0.0018561477
  13  -8       -0.0015376073        0.0007569390
  13  -9       -0.0006561053       -0.0009025356
  13 -10        0.0030516890       -0.0033141103
  13 -11        0.0000673592        0.0028653599
  13 -12       -0.0003539484       -0.0017458813
  13 -13        0.0013862231        0.0020622030
  14  14       -0.0027405986       -0.0002751606
  14  13       -0.0002355228        0.0023014184
  14  12       -0.0008880376        0.0010414815
  14  11        0.0035415933       -0.0011753820
  14  10       -0.0006303102       -0.0031119703
  14   9       -0.0010074405       -0.0010191852
  14   8       -0.0020485253       -0.0013750054
  14   7       -0.0006093568       -0.0007590730
  14   6       -0.0013584681       -0.0019439436
  14   5        0.0016965552        0.0001683957
  14   4       -0.0050334579       -0.0059716559
  14   3       -0.0089044493       -0.0014012291
  14   2        0.0013541734        0.0033415907
  14   1        0.0053240747       -0.0022383856
  14   0        0.0018658496        0.0000000000
  14  -1       -0.0053240747       -0.0022383856
  14  -2        0.0013541734       -0.0033415907
  14  -3        0.0089044493       -0.0014012291
  14  -4       -0.0050334579        0.0059716559
  14  -5       -0.0016965552        0.0001683957
  14  -6       -0.0013584681        0.0019439436
  14  -7        0.0006093568       -0.0007590730
  14  -8       -0.0020485253        0.0013750054
  14  -9        0.0010074405       -0.0010191852
  14 -10       -0.0006303102        0.0031119703
  14 -11       -0.0035415933       -0.0011753820
  14 -12       -0.0008880376       -0.0010414815
  14 -13        0.0002355228        0.0023014184
  14 -14       -0.0027405986        0.0002751606
  15  15       -0.0019941011       -0.0011169594
  15  14       -0.0006009071        0.0034623557
  15  13        0.0005767447        0.0024877596
  15  12        0.0031932964       -0.0022840126
  15  11       -0.0027251064       -0.0014588940
  15  10        0.0008671747       -0.0036659620
  15   9        0.0019801902       -0.0052866569
  15   8        0.0016256489       -0.0018670290
  15   7       -0.0038713575        0.0030898444
  15   6       -0.0036838635       -0.0000924350
  15   5        0.0023257543        0.0026431010
  15   4        0.0012864952        0.0000357365
  15   3        0.0009981032       -0.0012421810
  15   2        0.0002816751       -0.0027702288
  15   1        0.0003373689       -0.0014628831
  15   0        0.0044675565        0.0000000000
  15  -1       -0.0003373689       -0.0014628831
  15  -2        0.0002816751        0.0027702288
  15  -3       -0.0009981032       -0.0012421810
  15  -4        0.0012864952       -0.0000357365
  15  -5       -0.0023257543        0.0026431010
  15  -6       -0.0036838635        0.0000924350
  15  -7        0.0038713575        0.0030898444
  15  -8        0.0016256489        0.0018670290
  15  -9       -0.0019801902       -0.0052866569
  15 -10        0.0008671747        0.0036659620
  15 -11        0.0027251064       -0.0014588940
  15 -12        0.0031932964        0.0022840126
  15 -13       -0.0005767447        0.0024877596
  15 -14       -0.0006009071       -0.0034623557
  15 -15        0.0019941011       -0.0011169594
  16  16        0.0000796314       -0.0023365776
  16  15        0.0016953079        0.0009954841
  16  14        0.0013138827        0.0006747766
  16  13        0.0019698910       -0.0049130858
  16  12       -0.0007221368        0.0017067053
  16  11        0.0018245213       -0.0013921479
  16  10        0.0000308097       -0.0000863469
  16   9       -0.0001581965       -0.0021218699
  16   8        0.0021258789       -0.0008136437
  16   7       -0.0008511570       -0.0012566392
  16   6       -0.0002127200        0.0032148813
  16   5        0.0027599814        0.0044788626
  16   4        0.0038895497       -0.0010447827
  16   3        0.0063080781       -0.0016033777
  16   2       -0.0029000704       -0.0036595548
  16   1       -0.0055073917        0.0030855674
  16   0       -0.0012827801        0.0000000000
  16  -1        0.0055073917        0.0030855674
  16  -2       -0.0029000704        0.0036595548
  16  -3       -0.0063080781       -0.0016033777
  16  -4        0.0038895497        0.0010447827
  16  -5       -0.0027599814        0.0044788626
  16  -6       -0.0002127200       -0.0032148813
  16  -7        0.0008511570       -0.0012566392
  16  -8        0.0021258789        0.0008136437
  16  -9        0.0001581965       -0.0021218699
  16 -10        0.0000308097        0.0000863469
  16 -11       -0.0018245213       -0.0013921479
  16 -12       -0.0007221368       -0.0017067053
  16 -13       -0.0019698910       -0.0049130858
  16 -14        0.0013138827       -0.0006747766
  16 -15       -0.0016953079        0.0009954841
  16 -16        0.0000796314        0.0023365776
  17  17       -0.0016299096        0.0000719588
  17  16        0.0015261068       -0.0008475798
  17  15        0.0013719679        0.0002853376
  17  14       -0.0007073048       -0.0003931031
  17  13        0.0008602594       -0.0000726660
  17  12        0.0005284487       -0.0023380047
  17  11       -0.0010815457        0.0005859161
  17  10        0.0018985410        0.0028765223
  17   9       -0.0016377429        0.0027020460
  17   8       -0.0005103856        0.0008096071
  17   7        0.0028125519        0.0000355558
  17   6        0.0039121458        0.0000154480
  17   5       -0.0022412776       -0.0043289797
  17   4       -0.0011120693        0.0017615884
  17   3        0.0010349137       -0.0015245666
  17   2        0.0038016647        0.0011117295
  17   1       -0.0010531958       -0.0002741291
  17   0       -0.0022164395        0.0000000000
  17  -1        0.0010531958       -0.0002741291
  17  -2        0.0038016647       -0.0011117295
  17  -3       -0.0010349137       -0.0015245666
  17  -4       -0.0011120693       -0.0017615884
  17  -5        0.0022412776       -0.0043289797
  17  -6        0.0039121458       -0.0000154480
  17  -7       -0.0028125519        0.0000355558
  17  -8       -0.0005103856       -0.0008096071
  17  -9        0.0016377429        0.0027020460
  17 -10        0.0018985410       -0.0028765223
  17 -11        0.0010815457        0.0005859161
  17 -12        0.0005284487        0.0023380047
  17 -13       -0.0008602594       -0.0000726660
  17 -14       -0.0007073048        0.0003931031
  17 -15       -0.0013719679        0.0002853376
  17 -16        0.0015261068        0.0008475798
  17 -17        0.0016299096        0.0000719588
  18  18       -0.0019810374        0.0004555883
  18  17       -0.0016734132       -0.0008690166
  18  16        0.0016882557       -0.0006980240
  18  15       -0.0023813244       -0.0005921802
  18  14        0.0006686702        0.0007422408
  18  13       -0.0006649826        0.0000737601
  18  12       -0.0035101124        0.0005008962
  18  11        0.0002479485        0.0005721478
  18  10        0.0001010303       -0.0008813594
  18   9        0.0029382833        0.0022152738
  18   8       -0.0014587623        0.0021753887
  18   7        0.0018910091        0.0017217346
  18   6       -0.0003401108       -0.0007624520
  18   5       -0.0014877030       -0.0033594313
  18   4       -0.0004160601        0.0023713708
  18   3       -0.0033122157        0.0022040938
  18   2        0.0012503185        0.0014109361
  18   1        0.0022679805       -0.0008437233
  18   0        0.0014808808        0.0000000000
  18  -1       -0.0022679805       -0.0008437233
  18  -2        0.0012503185       -0.0014109361
  18  -3        0.0033122157        0.0022040938
  18  -4       -0.0004160601       -0.0023713708
  18  -5        0.0014877030       -0.0033594313
  18  -6       -0.0003401108        0.0007624520
  18  -7       -0.0018910091        0.0017217346
  18  -8       -0.0014587623       -0.0021753887
  18  -9       -0.0029382833        0.0022152738
  18 -10        0.0001010303        0.0008813594
  18 -11       -0.0002479485        0.0005721478
  18 -12       -0.0035101124       -0.0005008962
  18 -13        0.0006649826        0.0000737601
  18 -14        0.0006686702       -0.0007422408
  18 -15        0.0023813244       -0.0005921802
  18 -16        0.0016882557        0.0006980240
  18 -17        0.0016734132       -0.0008690166
  18 -18       -0.0019810374       -0.0004555883
  19  19       -0.0009690609       -0.0013272359
  19  18       -0.0014200920        0.0010005296
  19  17       -0.0008697193        0.0006584702
  19  16       -0.0017478505        0.0005440802
  19  15       -0.0002144695       -0.0006794485
  19  14       -0.0010247226       -0.0010874182
  19  13        0.0012595219        0.0011165067
  19  12       -0.0003420055        0.0004973581
  19  11       -0.0013229102        0.0002698267
  19  10       -0.0003974391        0.0006592121
  19   9        0.0016943752       -0.0021329628
  19   8        0.0000366268        0.0014830093
  19   7        0.0012776779        0.0016674568
  19   6       -0.0009243745       -0.0021941685
  19   5       -0.0033352694        0.0004315338
  19   4        0.0022928114       -0.0001499429
  19   3       -0.0013055223       -0.0011247077
  19   2       -0.0013518614        0.0018530676
  19   1        0.0000481281        0.0017576580
  19   0        0.0029801328        0.0000000000
  19  -1       -0.0000481281        0.0017576580
  19  -2       -0.0013518614       -0.0018530676
  19  -3        0.0013055223       -0.0011247077
  19  -4        0.0022928114        0.0001499429
  19  -5        0.0033352694        0.0004315338
  19  -6       -0.0009243745        0.0021941685
  19  -7       -0.0012776779        0.0016674568
  19  -8        0.0000366268       -0.0014830093
  19  -9       -0.0016943752       -0.0021329628
  19 -10       -0.0003974391       -0.0006592121
  19 -11        0.0013229102        0.0002698267
  19 -12       -0.0003420055       -0.0004973581
  19 -13       -0.0012595219        0.0011165067
  19 -14       -0.0010247226        0.0010874182
  19 -15        0.0002144695       -0.0006794485
  19 -16       -0.0017478505       -0.0005440802
  19 -17        0.0008697193        0.0006584702
  19 -18       -0.0014200920       -0.0010005296
  19 -19        0.0009690609       -0.0013272359
  20  20       -0.0003484180        0.0011904048
  20  19        0.0000238338        0.0009184820
  20  18       -0.0005898516       -0.0009706062
  20  17        0.0001676988        0.0005394818
  20  16        0.0005833730       -0.0005502097
  20  15       -0.0030706670        0.0007620309
  20  14       -0.0006466598        0.0005764183
  20  13       -0.0010365974       -0.0007872958
  20  12        0.0014210931        0.0014866717
  20  11        0.0010819394        0.0014156283
  20  10       -0.0001115790        0.0010000107
  20   9       -0.0027026399       -0.0006699249
  20   8        0.0008459586       -0.0005986116
  20   7       -0.0005038476        0.0004210172
  20   6       -0.0001548927        0.0000198972
  20   5        0.0002560187        0.0023507868
  20   4       -0.0029883695       -0.0007740432
  20   3        0.0028687276        0.0000006283
  20   2       -0.0013206772        0.0010434368
  20   1        0.0026953480       -0.0024039136
  20   0       -0.0007178202        0.0000000000
  20  -1       -0.0026953480       -0.0024039136
  20  -2       -0.0013206772       -0.0010434368
  20  -3       -0.0028687276        0.0000006283
  20  -4       -0.0029883695        0.0007740432
  20  -5       -0.0002560187        0.0023507868
  20  -6       -0.0001548927       -0.0000198972
  20  -7        0.0005038476        0.0004210172
  20  -8        0.0008459586        0.0005986116
  20  -9        0.0027026399       -0.0006699249
  20 -10       -0.0001115790       -0.0010000107
  20 -11       -0.0010819394        0.0014156283
  20 -12        0.0014210931       -0.0014866717
  20 -13        0.0010365974       -0.0007872958
  20 -14       -0.0006466598       -0.0005764183
  20 -15        0.0030706670        0.0007620309
  20 -16        0.0005833730        0.0005502097
  20 -17       -0.0001676988        0.0005394818
  20 -18       -0.0005898516        0.0009706062
  20 -19       -0.0000238338        0.0009184820
  20 -20       -0.0003484180       -0.0011904048
  21  21       -0.0002606540       -0.0001686481
  21  20       -0.0012568133        0.0005614077
  21  19       -0.0004493731       -0.0003071058
  21  18        0.0014659401        0.0008756542
  21  17        0.0011016837        0.0000391655
  21  16       -0.0008816220        0.0000251652
  21  15        0.0006865044       -0.0002200374
  21  14       -0.0007546887        0.0001184135
  21  13       -0.0015830482       -0.0000557904
  21  12       -0.0006144396        0.0000193740
  21  11        0.0010779362        0.0003402348
  21  10        0.0010898390       -0.0019148514
  21   9       -0.0019379410       -0.0002397864
  21   8        0.0005426906        0.0006506423
  21   7       -0.0003061910        0.0006432171
  21   6       -0.0003515845       -0.0003973214
  21   5        0.0011147873        0.0019134516
  21   4       -0.0002824346        0.0000936862
  21   3       -0.0006987946       -0.0009996118
  21   2        0.0021440004       -0.0038990768
  21   1        0.0008733157       -0.0015611776
  21   0       -0.0020188189        0.0000000000
  21  -1       -0.0008733157       -0.0015611776
  21  -2        0.0021440004        0.0038990768
  21  -3        0.0006987946       -0.0009996118
  21  -4       -0.0002824346       -0.0000936862
  21  -5       -0.0011147873        0.0019134516
  21  -6       -0.0003515845        0.0003973214
  21  -7        0.0003061910        0.0006432171
  21  -8        0.0005426906       -0.0006506423
  21  -9        0.0019379410       -0.0002397864
  21 -10        0.0010898390        0.0019148514
  21 -11       -0.0010779362        0.0003402348
  21 -12       -0.0006144396       -0.0000193740
  21 -13        0.0015830482       -0.0000557904
  21 -14       -0.0007546887       -0.0001184135
  21 -15       -0.0006865044       -0.0002200374
  21 -16       -0.0008816220       -0.0000251652
  21 -17       -0.0011016837        0.0000391655
  21 -18        0.0014659401       -0.0008756542
  21 -19        0.0004493731       -0.0003071058
  21 -20       -0.0012568133       -0.0005614077
  21 -21        0.0002606540       -0.0001686481
  22  22       -0.0000917160       -0.0000340406
  22  21        0.0001184008       -0.0016166226
  22  20        0.0000674557        0.0007171583
  22  19        0.0020775471       -0.0000681473
  22  18       -0.0009619098       -0.0000840005
  22  17       -0.0011203177        0.0008276799
  22  16        0.0001645739       -0.0008890514
  22  15       -0.0011607674       -0.0005847303
  22  14        0.0001180085        0.0000712490
  22  13       -0.0004367144        0.0002386304
  22  12       -0.0016528089        0.0015391582
  22  11        0.0012904139       -0.0008474559
  22  10        0.0012395514       -0.0022808948
  22   9        0.0016663295       -0.0004837432
  22   8        0.0007161360        0.0004341561
  22   7       -0.0007268430       -0.0005751284
  22   6        0.0007598354        0.0012945672
  22   5        0.0022235633        0.0000794313
  22   4        0.0008560673       -0.0018355284
  22   3       -0.0024318155       -0.0023695134
  22   2       -0.0007592607       -0.0001806773
  22   1       -0.0034124336        0.0001554178
  22   0        0.0030922945        0.0000000000
  22  -1        0.0034124336        0.0001554178
  22  -2       -0.0007592607        0.0001806773
  22  -3        0.0024318155       -0.0023695134
  22  -4        0.0008560673        0.0018355284
  22  -5       -0.0022235633        0.0000794313
  22  -6        0.0007598354       -0.0012945672
  22  -7        0.0007268430       -0.0005751284
  22  -8        0.0007161360       -0.0004341561
  22  -9       -0.0016663295       -0.0004837432
  22 -10        0.0012395514        0.0022808948
  22 -11       -0.0012904139       -0.0008474559
  22 -12       -0.0016528089       -0.0015391582
  22 -13        0.0004367144        0.0002386304
  22 -14        0.0001180085       -0.0000712490
  22 -15        0.0011607674       -0.0005847303
  22 -16        0.0001645739        0.0008890514
  22 -17        0.0011203177        0.0008276799
  22 -18       -0.0009619098        0.0000840005
  22 -19       -0.0020775471       -0.0000681473
  22 -20        0.0000674557       -0.0007171583
  22 -21       -0.0001184008       -0.0016166226
  22 -22       -0.0000917160        0.0000340406
  23  23       -0.0004554882       -0.0002431601
  23  22        0.0001329555       -0.0021964894
  23  21        0.0001779512        0.0006127842
  23  20        0.0009247183        0.0001956676
  23  19       -0.0009034836       -0.0014660555
  23  18        0.0009232778        0.0003966887
  23  17       -0.0013430555       -0.0013547767
  23  16       -0.0016286126        0.0010200403
  23  15       -0.0002455422       -0.0006313604
  23  14        0.0000809400       -0.0006431299
  23  13        0.0006768882        0.0004677744
  23  12       -0.0001215913       -0.0004877867
  23  11        0.0009353757        0.0017582520
  23  10       -0.0000174664       -0.0003785561
  23   9        0.0024909586       -0.0002332818
  23   8       -0.0009857975        0.0009160485
  23   7        0.0025099944       -0.0006345177
  23   6        0.0001744564        0.0016281757
  23   5       -0.0018485008       -0.0006809022
  23   4        0.0001083309       -0.0017197384
  23   3        0.0013195595        0.0006805438
  23   2       -0.0007858206       -0.0019099756
  23   1       -0.0001332568        0.0009431145
  23   0       -0.0020100620        0.0000000000
  23  -1        0.0001332568        0.0009431145
  23  -2       -0.0007858206        0.0019099756
  23  -3       -0.0013195595        0.0006805438
  23  -4        0.0001083309        0.0017197384
  23  -5        0.0018485008       -0.0006809022
  23  -6        0.0001744564       -0.0016281757
  23  -7       -0.0025099944       -0.0006345177
  23  -8       -0.0009857975       -0.0009160485
  23  -9       -0.0024909586       -0.0002332818
  23 -10       -0.0000174664        0.0003785561
  23 -11       -0.0009353757        0.0017582520
  23 -12       -0.0001215913        0.0004877867
  23 -13       -0.0006768882        0.0004677744
  23 -14        0.0000809400        0.0006431299
  23 -15        0.0002455422       -0.0006313604
  23 -16       -0.0016286126       -0.0010200403
  23 -17        0.0013430555       -0.0013547767
  23 -18        0.0009232778       -0.0003966887
  23 -19        0.0009034836       -0.0014660555
  23 -20        0.0009247183       -0.0001956676
  23 -21       -0.0001779512        0.0006127842
  23 -22        0.0001329555        0.0021964894
  23 -23        0.0004554882       -0.0002431601
  24  24       -0.0005306587        0.0001589062
  24  23        0.0005442533        0.0003954897
  24  22       -0.0002823007       -0.0005703030
  24  21        0.0008707202       -0.0000538323
  24  20       -0.0003995206        0.0001339302
  24  19        0.0001739214        0.0000861549
  24  18       -0.0006020071       -0.0010453034
  24  17       -0.0001926774        0.0004346959
  24  16        0.0011561567        0.0002182973
  24  15       -0.0001446956       -0.0012564244
  24  14        0.0003807446        0.0002473741
  24  13       -0.0016762702        0.0000780745
  24  12        0.0015199478        0.0000198052
  24  11       -0.0017963447        0.0002600566
  24  10       -0.0010531382        0.0011637308
  24   9        0.0006544732        0.0013678284
  24   8        0.0010237064       -0.0018190496
  24   7        0.0010566564       -0.0005085454
  24   6       -0.0001315720        0.0009922309
  24   5       -0.0008953589       -0.0019288491
  24   4       -0.0020228804        0.0029961451
  24   3       -0.0004703012        0.0006243388
  24   2        0.0012898900        0.0000103369
  24   1        0.0000582364        0.0005441384
  24   0        0.0010059257        0.0000000000
  24  -1       -0.0000582364        0.0005441384
  24  -2        0.0012898900       -0.0000103369
  24  -3        0.0004703012        0.0006243388
  24  -4       -0.0020228804       -0.0029961451
  24  -5        0.0008953589       -0.0019288491
  24  -6       -0.0001315720       -0.0009922309
  24  -7       -0.0010566564       -0.0005085454
  24  -8        0.0010237064        0.0018190496
  24  -9       -0.0006544732        0.0013678284
  24 -10       -0.0010531382       -0.0011637308
  24 -11        0.0017963447        0.0002600566
  24 -12        0.0015199478       -0.0000198052
  24 -13        0.0016762702        0.0000780745
  24 -14        0.0003807446       -0.0002473741
  24 -15        0.0001446956       -0.0012564244
  24 -16        0.0011561567       -0.0002182973
  24 -17        0.0001926774        0.0004346959
  24 -18       -0.0006020071        0.0010453034
  24 -19       -0.0001739214        0.0000861549
  24 -20       -0.0003995206       -0.0001339302
  24 -21       -0.0008707202       -0.0000538323
  24 -22       -0.0002823007        0.0005703030
  24 -23       -0.0005442533        0.0003954897
  24 -24       -0.0005306587       -0.0001589062
  25  25       -0.0000345396        0.0000416900
  25  24       -0.0002874789       -0.0000743487
  25  23        0.0001842318       -0.0006129469
  25  22        0.0002428354       -0.0006116576
  25  21        0.0003689141       -0.0000554264
  25  20        0.0014024854       -0.0022240388
  25  19       -0.0004864011       -0.0003917324
  25  18        0.0002952470        0.0012206715
  25  17        0.0015970176        0.0003531409
  25  16        0.0005596287        0.0005245551
  25  15        0.0002076598       -0.0000376679
  25  14       -0.0014032157       -0.0006680056
  25  13       -0.0003796098        0.0009173861
  25  12       -0.0005768151       -0.0011131345
  25  11       -0.0023436197       -0.0005576695
  25  10       -0.0000799330       -0.0002986030
  25   9       -0.0009217517        0.0000478717
  25   8       -0.0000960612        0.0006044272
  25   7       -0.0011147342        0.0000503351
  25   6       -0.0014043282       -0.0021595702
  25   5        0.0012195763        0.0009009247
  25   4       -0.0016936364        0.0016342328
  25   3        0.0011352512        0.0009426159
  25   2        0.0001488767        0.0020006222
  25   1        0.0020533922       -0.0000593296
  25   0        0.0032104117        0.0000000000
  25  -1       -0.0020533922       -0.0000593296
  25  -2        0.0001488767       -0.0020006222
  25  -3       -0.0011352512        0.0009426159
  25  -4       -0.0016936364       -0.0016342328
  25  -5       -0.0012195763        0.0009009247
  25  -6       -0.0014043282        0.0021595702
  25  -7        0.0011147342        0.0000503351
  25  -8       -0.0000960612       -0.0006044272
  25  -9        0.0009217517        0.0000478717
  25 -10       -0.0000799330        0.0002986030
  25 -11        0.0023436197       -0.0005576695
  25 -12       -0.0005768151        0.0011131345
  25 -13        0.0003796098        0.0009173861
  25 -14       -0.0014032157        0.0006680056
  25 -15       -0.0002076598       -0.0000376679
  25 -16        0.0005596287       -0.0005245551
  25 -17       -0.0015970176        0.0003531409
  25 -18        0.0002952470       -0.0012206715
  25 -19        0.0004864011       -0.0003917324
  25 -20        0.0014024854        0.0022240388
  25 -21       -0.0003689141       -0.0000554264
  25 -22        0.0002428354        0.0006116576
  25 -23       -0.0001842318       -0.0006129469
  25 -24       -0.0002874789        0.0000743487
  25 -25        0.0000345396        0.0000416900
  26  26       -0.0003739175        0.0003668840
  26  25        0.0000078380        0.0005227599
  26  24        0.0004054732        0.0004302846
  26  23        0.0003838803       -0.0010794908
  26  22        0.0010231242        0.0010403801
  26  21        0.0008697029       -0.0012362491
  26  20        0.0001728899        0.0005387116
  26  19        0.0001801855       -0.0002568973
  26  18       -0.0006231134       -0.0003059740
  26  17        0.0013058525       -0.0006288080
  26  16        0.0009822795        0.0001860435
  26  15       -0.0013820769       -0.0006718259
  26  14       -0.0003564964       -0.0005513768
  26  13        0.0012335372        0.0000044489
  26  12        0.0005930803       -0.0003607701
  26  11        0.0003662163       -0.0009705148
  26  10       -0.0004411126       -0.0010804297
  26   9       -0.0003953331        0.0001369298
  26   8       -0.0006645945        0.0007940724
  26   7       -0.0011250577        0.0002927666
  26   6        0.0003455728       -0.0003218795
  26   5        0.0009140626       -0.0002358517
  26   4        0.0037910090       -0.0004750382
  26   3        0.0024795812        0.0004543279
  26   2       -0.0015727784       -0.0010858777
  26   1       -0.0022970987        0.0018648168
  26   0       -0.0010400917        0.0000000000
  26  -1        0.0022970987        0.0018648168
  26  -2       -0.0015727784        0.0010858777
  26  -3       -0.0024795812        0.0004543279
  26  -4        0.0037910090        0.0004750382
  26  -5       -0.0009140626       -0.0002358517
  26  -6        0.0003455728        0.0003218795
  26  -7        0.0011250577        0.0002927666
  26  -8       -0.0006645945       -0.0007940724
  26  -9        0.0003953331        0.0001369298
  26 -10       -0.0004411126        0.0010804297
  26 -11       -0.0003662163       -0.0009705148
  26 -12        0.0005930803        0.0003607701
  26 -13       -0.0012335372        0.0000044489
  26 -14       -0.0003564964        0.0005513768
  26 -15        0.0013820769       -0.0006718259
  26 -16        0.0009822795       -0.0001860435
  26 -17       -0.0013058525       -0.0006288080
  26 -18       -0.0006231134        0.0003059740
  26 -19       -0.0001801855       -0.0002568973
  26 -20        0.0001728899       -0.0005387116
  26 -21       -0.0008697029       -0.0012362491
  26 -22        0.0010231242       -0.0010403801
  26 -23       -0.0003838803       -0.0010794908
  26 -24        0.0004054732       -0.0004302846
  26 -25       -0.0000078380        0.0005227599
  26 -26       -0.0003739175       -0.0003668840
  27  27       -0.0001474020        0.0007047476
  27  26        0.0006927617       -0.0002928712
  27  25        0.0000962310       -0.0000206025
  27  24        0.0006460529        0.0004561158
  27  23        0.0012803112        0.0010780613
  27  22       -0.0001420459       -0.0002396180
  27  21        0.0005961555        0.0004030974
  27  20        0.0006498884        0.0003979908
  27  19       -0.0022760018        0.0006721318
  27  18        0.0012707986        0.0004428230
  27  17        0.0010580312       -0.0011413567
  27  16        0.0004592483       -0.0006420956
  27  15        0.0009396273       -0.0001960718
  27  14       -0.0008263203        0.0009988873
  27  13        0.0005803396       -0.0006396759
  27  12       -0.0003706664        0.0002375345
  27  11        0.0009820632       -0.0002697118
  27  10        0.0006574038       -0.0000675937
  27   9       -0.0027080295       -0.0003954044
  27   8        0.0000754490        0.0011800698
  27   7        0.0004783619        0.0006438866
  27   6        0.0017808691        0.0006524594
  27   5       -0.0013000484        0.0000134455
  27   4        0.0005476896        0.0013670789
  27   3        0.0009270024        0.0004586047
  27   2       -0.0019149535        0.0022285632
  27   1       -0.0007218047       -0.0000007611
  27   0       -0.0032392383        0.0000000000
  27  -1        0.0007218047       -0.0000007611
  27  -2       -0.0019149535       -0.0022285632
  27  -3       -0.0009270024        0.0004586047
  27  -4        0.0005476896       -0.0013670789
  27  -5        0.0013000484        0.0000134455
  27  -6        0.0017808691       -0.0006524594
  27  -7       -0.0004783619        0.0006438866
  27  -8        0.0000754490       -0.0011800698
  27  -9        0.0027080295       -0.0003954044
  27 -10        0.0006574038        0.0000675937
  27 -11       -0.0009820632       -0.0002697118
  27 -12       -0.0003706664       -0.0002375345
  27 -13       -0.0005803396       -0.0006396759
  27 -14       -0.0008263203       -0.0009988873
  27 -15       -0.0009396273       -0.0001960718
  27 -16        0.0004592483        0.0006420956
  27 -17       -0.0010580312       -0.0011413567
  27 -18        0.0012707986       -0.0004428230
  27 -19        0.0022760018        0.0006721318
  27 -20        0.0006498884       -0.0003979908
  27 -21       -0.0005961555        0.0004030974
  27 -22       -0.0001420459        0.0002396180
  27 -23       -0.0012803112        0.0010780613
  27 -24        0.0006460529       -0.0004561158
  27 -25       -0.0000962310       -0.0000206025
  27 -26        0.0006927617        0.0002928712
  27 -27        0.0001474020        0.0007047476
  28  28        0.0005355878       -0.0003361145
  28  27        0.0006163848       -0.0006735642
  28  26       -0.0005012304       -0.0001514065
  28  25        0.0003677787        0.0010664267
  28  24        0.0018179071        0.0003564034
  28  23       -0.0006826114        0.0005324365
  28  22       -0.0008569610        0.0008641091
  28  21       -0.0004096105       -0.0008273109
  28  20       -0.0001199098       -0.0003160031
  28  19       -0.0008474571        0.0010058080
  28  18        0.0013642584       -0.0006063710
  28  17       -0.0000825522        0.0013472617
  28  16        0.0008222355       -0.0018516013
  28  15        0.0002868439        0.0010846750
  28  14        0.0014898404       -0.0001928417
  28  13       -0.0003950643        0.0003666867
  28  12       -0.0015489358       -0.0004951961
  28  11        0.0005699013        0.0006266431
  28  10        0.0003777195       -0.0003407747
  28   9        0.0006146230        0.0009298841
  28   8       -0.0004965508        0.0005062880
  28   7        0.0000660864       -0.0006863833
  28   6        0.0010363004        0.0004591590
  28   5       -0.0024422308        0.0021619856
  28   4       -0.0002473779        0.0019425675
  28   3       -0.0029001685        0.0013360299
  28   2       -0.0002134515       -0.0000849868
  28   1        0.0010657987       -0.0033643491
  28   0       -0.0018288295        0.0000000000
  28  -1       -0.0010657987       -0.0033643491
  28  -2       -0.0002134515        0.0000849868
  28  -3        0.0029001685        0.0013360299
  28  -4       -0.0002473779       -0.0019425675
  28  -5        0.0024422308        0.0021619856
  28  -6        0.0010363004       -0.0004591590
  28  -7       -0.0000660864       -0.0006863833
  28  -8       -0.0004965508       -0.0005062880
  28  -9       -0.0006146230        0.0009298841
  28 -10        0.0003777195        0.0003407747
  28 -11       -0.0005699013        0.0006266431
  28 -12       -0.0015489358        0.0004951961
  28 -13        0.0003950643        0.0003666867
  28 -14        0.0014898404        0.0001928417
  28 -15       -0.0002868439        0.0010846750
  28 -16        0.0008222355        0.0018516013
  28 -17        0.0000825522        0.0013472617
  28 -18        0.0013642584        0.0006063710
  28 -19        0.0008474571        0.0010058080
  28 -20       -0.0001199098        0.0003160031
  28 -21        0.0004096105       -0.0008273109
  28 -22       -0.0008569610       -0.0008641091
  28 -23        0.0006826114        0.0005324365
  28 -24        0.0018179071       -0.0003564034
  28 -25       -0.0003677787        0.0010664267
  28 -26       -0.0005012304        0.0001514065
  28 -27       -0.0006163848       -0.0006735642
  28 -28        0.0005355878        0.0003361145
  29  29        0.0006459792       -0.0002406914
  29  28        0.0005454367        0.0004294129
  29  27       -0.0004199923       -0.0003718771
  29  26       -0.0000431406       -0.0003511205
  29  25        0.0003751187       -0.0007714670
  29  24       -0.0002441601        0.0003645208
  29  23        0.0000729165        0.0006615426
  29  22       -0.0009170292       -0.0004433732
  29  21       -0.0007018124        0.0003037042
  29  20       -0.0008504843       -0.0000218577
  29  19       -0.0006080687        0.0001276470
  29  18        0.0005564147        0.0005737707
  29  17        0.0011551481        0.0003435154
  29  16       -0.0002985785        0.0014009401
  29  15       -0.0004723744       -0.0005928764
  29  14       -0.0003001135       -0.0009726886
  29  13       -0.0003532958       -0.0005578427
  29  12       -0.0014756353        0.0001848110
  29  11       -0.0004277242        0.0016598600
  29  10        0.0009134114       -0.0004176998
  29   9        0.0012125486        0.0008709503
  29   8       -0.0002746139       -0.0003469352
  29   7       -0.0006444077       -0.0003701939
  29   6       -0.0024065537       -0.0001463283
  29   5        0.0001908867        0.0001767740
  29   4       -0.0009751959       -0.0020285898
  29   3       -0.0052434972       -0.0014789462
  29   2        0.0001458574        0.0002365666
  29   1       -0.0027172563       -0.0000099579
  29   0        0.0029966851        0.0000000000
  29  -1        0.0027172563       -0.0000099579
  29  -2        0.0001458574       -0.0002365666
  29  -3        0.0052434972       -0.0014789462
  29  -4       -0.0009751959        0.0020285898
  29  -5       -0.0001908867        0.0001767740
  29  -6       -0.0024065537        0.0001463283
  29  -7        0.0006444077       -0.0003701939
  29  -8       -0.0002746139        0.0003469352
  29  -9       -0.0012125486        0.0008709503
  29 -10        0.0009134114        0.0004176998
  29 -11        0.0004277242        0.0016598600
  29 -12       -0.0014756353       -0.0001848110
  29 -13        0.0003532958       -0.0005578427
  29 -14       -0.0003001135        0.0009726886
  29 -15        0.0004723744       -0.0005928764
  29 -16       -0.0002985785       -0.0014009401
  29 -17       -0.0011551481        0.0003435154
  29 -18        0.0005564147       -0.0005737707
  29 -19        0.0006080687        0.0001276470
  29 -20       -0.0008504843        0.0000218577
  29 -21        0.0007018124        0.0003037042
  29 -22       -0.0009170292        0.0004433732
  29 -23       -0.0000729165        0.0006615426
  29 -24       -0.0002441601       -0.0003645208
  29 -25       -0.0003751187       -0.0007714670
  29 -26       -0.0000431406        0.0003511205
  29 -27        0.0004199923       -0.0003718771
  29 -28        0.0005454367       -0.0004294129
  29 -29       -0.0006459792       -0.0002406914
  30  30       -0.0001104322        0.0003536590
  30  29        0.0000475816        0.0000195257
  30  28       -0.0007324063        0.0001003109
  30  27        0.0000128844        0.0000831053
  30  26       -0.0006762262       -0.0001148506
  30  25       -0.0009475745        0.0006202560
  30  24        0.0002616450       -0.0011917247
  30  23       -0.0012174001       -0.0005643913
  30  22        0.0007272765       -0.0000888665
  30  21        0.0002525605       -0.0000521963
  30  20       -0.0020432521        0.0009274018
  30  19        0.0007444473        0.0003799377
  30  18       -0.0008023986       -0.0013334847
  30  17        0.0004593880        0.0007565798
  30  16       -0.0009029494        0.0007496728
  30  15       -0.0002960280        0.0009983261
  30  14       -0.0007681709       -0.0003363853
  30  13       -0.0002217721       -0.0010444277
  30  12        0.0001975329        0.0008164473
  30  11        0.0007540860       -0.0003871496
  30  10       -0.0001938445        0.0009531655
  30   9       -0.0001980898       -0.0007489970
  30   8        0.0006369367        0.0001437602
  30   7        0.0003077681       -0.0003612819
  30   6       -0.0014801623       -0.0005726412
  30   5        0.0010179603       -0.0013192199
  30   4       -0.0006431878       -0.0039886063
  30   3        0.0014997343       -0.0008990116
  30   2        0.0012976521       -0.0014753410
  30   1       -0.0008405359       -0.0018597841
  30   0        0.0034437392        0.0000000000
  30  -1        0.0008405359       -0.0018597841
  30  -2        0.0012976521        0.0014753410
  30  -3       -0.0014997343       -0.0008990116
  30  -4       -0.0006431878        0.0039886063
  30  -5       -0.0010179603       -0.0013192199
  30  -6       -0.0014801623        0.0005726412
  30  -7       -0.0003077681       -0.0003612819
  30  -8        0.0006369367       -0.0001437602
  30  -9        0.0001980898       -0.0007489970
  30 -10       -0.0001938445       -0.0009531655
  30 -11       -0.0007540860       -0.0003871496
  30 -12        0.0001975329       -0.0008164473
  30 -13        0.0002217721       -0.0010444277
  30 -14       -0.0007681709        0.0003363853
  30 -15        0.0002960280        0.0009983261
  30 -16       -0.0009029494       -0.0007496728
  30 -17       -0.0004593880        0.0007565798
  30 -18       -0.0008023986        0.0013334847
  30 -19       -0.0007444473        0.0003799377
  30 -20       -0.0020432521       -0.0009274018
  30 -21       -0.0002525605       -0.0000521963
  30 -22        0.0007272765        0.0000888665
  30 -23        0.0012174001       -0.0005643913
  30 -24        0.0002616450        0.0011917247
  30 -25        0.0009475745        0.0006202560
  30 -26       -0.0006762262        0.0001148506
  30 -27       -0.0000128844        0.0000831053
  30 -28       -0.0007324063       -0.0001003109
  30 -29       -0.0000475816        0.0000195257
  30 -30       -0.0001104322       -0.0003536590
