   0   0      383.4522056690        0.0000000000
   1   1        2.5369783585       -2.2386423118
   1   0        9.5517536324        0.0000000000
   1  -1       -2.5369783585       -2.2386423118
   2   2       13.4893369049      -23.0476745172
   2   1       11.8586464988       19.9804367257
   2   0      -21.2145475269        0.0000000000
   2  -1      -11.8586464988       19.9804367257
   2  -2       13.4893369049       23.0476745172
   3   3       -0.6004781008       -4.8030580089
   3   2       -9.4029977266      -11.5718893139
   3   1        0.3195347662      -10.5204607153
   3   0       22.9683822677        0.0000000000
   3  -1       -0.3195347662      -10.5204607153
   3  -2       -9.4029977266       11.5718893139
   3  -3        0.6004781008       -4.8030580089
   4   4      -10.3847192255       -1.1660520095
   4   3        3.8975447148       -2.0957226251
   4   2        2.9227528218       -3.5979467170
   4   1        3.5173374499       -2.9649887350
   4   0      -18.2099345332        0.0000000000
   4  -1       -3.5173374499       -2.9649887350
   4  -2        2.9227528218        3.5979467170
   4  -3       -3.8975447148       -2.0957226251
   4  -4      -10.3847192255        1.1660520095
   5   5        0.9335738713       -0.9081516736
   5   4       -4.8614173476        6.6695259991
   5   3       -1.6924012787        1.7640911763
   5   2       -0.2133753156        0.2994596036
   5   1       -4.8627699066        1.5193781768
   5   0        5.5532907944        0.0000000000
   5  -1        4.8627699066        1.5193781768
   5  -2       -0.2133753156       -0.2994596036
   5  -3        1.6924012787        1.7640911763
   5  -4       -4.8614173476       -6.6695259991
   5  -5       -0.9335738713       -0.9081516736
   6   6        1.1015247696        4.2937791819
   6   5       -4.2791399089       -1.5598998251
   6   4       -0.6106896996       -2.1647307052
   6   3       -0.6663849122        1.6492101504
   6   2        1.8500463875       -1.3371665154
   6   1        0.3043383469        1.5727846834
   6   0       -3.8779368662        0.0000000000
   6  -1       -0.3043383469        1.5727846834
   6  -2        1.8500463875        1.3371665154
   6  -3        0.6663849122        1.6492101504
   6  -4       -0.6106896996        2.1647307052
   6  -5        4.2791399089       -1.5598998251
   6  -6        1.1015247696       -4.2937791819
   7   7       -0.1194382967       -0.4831647056
   7   6        2.7783379514       -2.3158833597
   7   5        4.4826652976        1.3792209587
   7   4       -1.0253862049       -2.0610907240
   7   3       -1.8421773771       -2.9386812895
   7   2       -1.9844291696        0.6899798472
   7   1        1.6863247506        0.3975005224
   7   0        3.1678641242        0.0000000000
   7  -1       -1.6863247506        0.3975005224
   7  -2       -1.9844291696       -0.6899798472
   7  -3        1.8421773771       -2.9386812895
   7  -4       -1.0253862049        2.0610907240
   7  -5       -4.4826652976        1.3792209587
   7  -6        2.7783379514        2.3158833597
   7  -7        0.1194382967       -0.4831647056
   8   8        1.8177291731        0.6122758504
   8   7        0.6041716826        3.6941828748
   8   6       -1.8884321859        2.1011491484
   8   5       -1.6343626526       -1.9648056079
   8   4       -1.8288767256       -0.3461612926
   8   3        1.3918011294        1.5354170375
   8   2        1.2870066867        1.6311653830
   8   1       -1.9560038342       -1.4452992668
   8   0        1.1720511760        0.0000000000
   8  -1        1.9560038342       -1.4452992668
   8  -2        1.2870066867       -1.6311653830
   8  -3       -1.3918011294        1.5354170375
   8  -4       -1.8288767256        0.3461612926
   8  -5        1.6343626526       -1.9648056079
   8  -6       -1.8884321859       -2.1011491484
   8  -7       -0.6041716826        3.6941828748
   8  -8        1.8177291731       -0.6122758504
   9   9        0.3950291714       -0.6924949310
   9   8       -1.6830515608       -1.8709453932
   9   7       -1.1416369045       -2.7950235091
   9   6        1.1936562526        0.6505969608
   9   5        0.3147996971        0.0665310348
   9   4        3.5860817057       -0.5037079113
   9   3       -2.3043924826       -0.4069653550
   9   2       -0.7231177487       -1.9804974064
   9   1        2.3135996571        0.6969749269
   9   0        0.4411569877        0.0000000000
   9  -1       -2.3135996571        0.6969749269
   9  -2       -0.7231177487        1.9804974064
   9  -3        2.3043924826       -0.4069653550
   9  -4        3.5860817057        0.5037079113
   9  -5       -0.3147996971        0.0665310348
   9  -6        1.1936562526       -0.6505969608
   9  -7        1.1416369045       -2.7950235091
   9  -8       -1.6830515608        1.8709453932
   9  -9       -0.3950291714       -0.6924949310
  10  10       -0.5531296212       -0.5511336878
  10   9        0.5560300602       -3.2524725203
  10   8        1.5651355868        0.6306477495
  10   7       -2.3937674795        0.9302042227
  10   6       -0.4596914227       -0.8539470112
  10   5       -1.2107054276        0.2512180377
  10   4       -0.5167908692       -0.5850351923
  10   3        0.9798335240        1.6305438692
  10   2       -0.1725741123        0.2219767868
  10   1       -1.2538952974       -1.1349839347
  10   0       -0.0765538969        0.0000000000
  10  -1        1.2538952974       -1.1349839347
  10  -2       -0.1725741123       -0.2219767868
  10  -3       -0.9798335240        1.6305438692
  10  -4       -0.5167908692        0.5850351923
  10  -5        1.2107054276        0.2512180377
  10  -6       -0.4596914227        0.8539470112
  10  -7        2.3937674795        0.9302042227
  10  -8        1.5651355868       -0.6306477495
  10  -9       -0.5560300602       -3.2524725203
  10 -10       -0.5531296212        0.5511336878
  11  11       -0.6751620033       -0.0243751713
  11  10        1.2017282797        2.1406533179
  11   9       -1.9408107189        1.6070129379
  11   8        0.5537634094       -0.8140036831
  11   7       -0.1762168619        0.2965007964
  11   6       -1.2704957509       -1.2056998263
  11   5        1.4289677460        0.3554068938
  11   4       -0.1344466806        0.6501129607
  11   3        0.0065126066       -1.1517647675
  11   2        0.0448846441        0.3752677019
  11   1        0.9553843799        0.4968322518
  11   0       -0.6453841398        0.0000000000
  11  -1       -0.9553843799        0.4968322518
  11  -2        0.0448846441       -0.3752677019
  11  -3       -0.0065126066       -1.1517647675
  11  -4       -0.1344466806       -0.6501129607
  11  -5       -1.4289677460        0.3554068938
  11  -6       -1.2704957509        1.2056998263
  11  -7        0.1762168619        0.2965007964
  11  -8        0.5537634094        0.8140036831
  11  -9        1.9408107189        1.6070129379
  11 -10        1.2017282797       -2.1406533179
  11 -11        0.6751620033       -0.0243751713
  12  12       -0.9914636232        0.8411158935
  12  11       -2.3983981347        1.1180137390
  12  10        0.3601851076       -1.2834404875
  12   9        1.6103508382        0.5923141474
  12   8        0.3371971700        0.5830396801
  12   7        0.1452426426       -0.2866151300
  12   6        0.0526153966       -0.5532279076
  12   5       -0.6063859336       -1.2303347200
  12   4       -0.7865534609        0.4387292785
  12   3        0.5898780782        0.4781033161
  12   2       -0.0693703846        0.9506688333
  12   1       -0.5274955618       -0.3252674650
  12   0        2.2569071464        0.0000000000
  12  -1        0.5274955618       -0.3252674650
  12  -2       -0.0693703846       -0.9506688333
  12  -3       -0.5898780782        0.4781033161
  12  -4       -0.7865534609       -0.4387292785
  12  -5        0.6063859336       -1.2303347200
  12  -6        0.0526153966        0.5532279076
  12  -7       -0.1452426426       -0.2866151300
  12  -8        0.3371971700       -0.5830396801
  12  -9       -1.6103508382        0.5923141474
  12 -10        0.3601851076        1.2834404875
  12 -11        2.3983981347        1.1180137390
  12 -12       -0.9914636232       -0.8411158935
  13  13        0.3520448793        0.2114923783
  13  12        0.7817189593       -0.2277396721
  13  11        0.6005725695        0.9297694165
  13  10       -0.1974369073        0.3520262161
  13   9       -0.6162304947        0.1371165360
  13   8       -1.5029493991        0.3489854305
  13   7       -0.6322976529       -0.0628394440
  13   6        0.7531474224        0.6055781278
  13   5        0.1536514996        0.8973691608
  13   4        0.3847887656       -0.8959482816
  13   3       -0.4606614217       -0.9145688909
  13   2        0.8822769405       -0.8627352801
  13   1       -0.0164658317        0.5018196553
  13   0       -1.2548171828        0.0000000000
  13  -1        0.0164658317        0.5018196553
  13  -2        0.8822769405        0.8627352801
  13  -3        0.4606614217       -0.9145688909
  13  -4        0.3847887656        0.8959482816
  13  -5       -0.1536514996        0.8973691608
  13  -6        0.7531474224       -0.6055781278
  13  -7        0.6322976529       -0.0628394440
  13  -8       -1.5029493991       -0.3489854305
  13  -9        0.6162304947        0.1371165360
  13 -10       -0.1974369073       -0.3520262161
  13 -11       -0.6005725695        0.9297694165
  13 -12        0.7817189593        0.2277396721
  13 -13       -0.3520448793        0.2114923783
  14  14        1.0304327329        0.1710864729
  14  13        1.1428758684        0.5928174298
  14  12       -0.3653715530       -0.3262202628
  14  11        0.4652433496       -1.2333181016
  14  10        0.4275307006       -0.8102312987
  14   9        0.0012520609        0.1442664829
  14   8        0.0188048247       -0.1763595098
  14   7        0.1903853620        0.6057594448
  14   6       -0.2328699569        0.0959356301
  14   5        0.2810974584       -0.2622361162
  14   4        0.2247229733        0.5828786445
  14   3       -0.4616481231        0.0018412021
  14   2       -1.4684644990       -0.3586034450
  14   1        0.2192086902        0.4108975591
  14   0        0.4114392412        0.0000000000
  14  -1       -0.2192086902        0.4108975591
  14  -2       -1.4684644990        0.3586034450
  14  -3        0.4616481231        0.0018412021
  14  -4        0.2247229733       -0.5828786445
  14  -5       -0.2810974584       -0.2622361162
  14  -6       -0.2328699569       -0.0959356301
  14  -7       -0.1903853620        0.6057594448
  14  -8        0.0188048247        0.1763595098
  14  -9       -0.0012520609        0.1442664829
  14 -10        0.4275307006        0.8102312987
  14 -11       -0.4652433496       -1.2333181016
  14 -12       -0.3653715530        0.3262202628
  14 -13       -1.1428758684        0.5928174298
  14 -14        1.0304327329       -0.1710864729
  15  15       -0.1018738737       -0.6499082913
  15  14        0.0689844132       -0.4577158324
  15  13        0.8612674873       -0.5457995513
  15  12        0.0990097298        0.1046952858
  15  11       -0.0618130719        0.1115818719
  15  10        0.1238462058        0.0641424470
  15   9        0.0157024915        0.4099318293
  15   8       -0.7043997044       -1.0145859180
  15   7        0.3330924871       -0.2340749178
  15   6       -0.2836907060       -0.2234604228
  15   5        0.2106559143        0.1678013224
  15   4       -0.5918027348       -0.4687323171
  15   3        0.2408909758        0.0091634478
  15   2        1.0983900475        0.5360507691
  15   1       -0.4755694224        0.0958247888
  15   0        0.0647253118        0.0000000000
  15  -1        0.4755694224        0.0958247888
  15  -2        1.0983900475       -0.5360507691
  15  -3       -0.2408909758        0.0091634478
  15  -4       -0.5918027348        0.4687323171
  15  -5       -0.2106559143        0.1678013224
  15  -6       -0.2836907060        0.2234604228
  15  -7       -0.3330924871       -0.2340749178
  15  -8       -0.7043997044        1.0145859180
  15  -9       -0.0157024915        0.4099318293
  15 -10        0.1238462058       -0.0641424470
  15 -11        0.0618130719        0.1115818719
  15 -12        0.0990097298       -0.1046952858
  15 -13       -0.8612674873       -0.5457995513
  15 -14        0.0689844132        0.4577158324
  15 -15        0.1018738737       -0.6499082913
  16  16        0.1290970757       -1.1106014685
  16  15        0.0820557793       -1.2992389890
  16  14       -0.0763516856        0.2052671248
  16  13       -1.6381510534        0.3071803752
  16  12       -0.5746628809        0.0650858412
  16  11        0.2721034679        0.6415748029
  16  10       -0.1950898964        0.5679848825
  16   9        0.5771428640       -0.3436902710
  16   8        0.0589188948        0.3995044403
  16   7        0.1357628379        0.0517846147
  16   6       -0.4991528590       -0.5085572504
  16   5        0.0009754044       -0.3217545005
  16   4        0.4198050606        0.7217757406
  16   3       -0.6878349431       -0.0780945367
  16   2       -0.4469345130       -0.2704251263
  16   1        0.3125503155        0.4084365135
  16   0        0.7589773823        0.0000000000
  16  -1       -0.3125503155        0.4084365135
  16  -2       -0.4469345130        0.2704251263
  16  -3        0.6878349431       -0.0780945367
  16  -4        0.4198050606       -0.7217757406
  16  -5       -0.0009754044       -0.3217545005
  16  -6       -0.4991528590        0.5085572504
  16  -7       -0.1357628379        0.0517846147
  16  -8        0.0589188948       -0.3995044403
  16  -9       -0.5771428640       -0.3436902710
  16 -10       -0.1950898964       -0.5679848825
  16 -11       -0.2721034679        0.6415748029
  16 -12       -0.5746628809       -0.0650858412
  16 -13        1.6381510534        0.3071803752
  16 -14       -0.0763516856       -0.2052671248
  16 -15       -0.0820557793       -1.2992389890
  16 -16        0.1290970757        1.1106014685
  17  17       -0.4477561336       -0.4462572308
  17  16       -0.6035773645        0.2402652230
  17  15       -0.7888806370       -0.4192275693
  17  14       -0.3068061031       -0.1249448319
  17  13       -0.0131964658        0.1722232680
  17  12       -0.1187937398       -0.0104017613
  17  11        0.5702592861        0.3243034968
  17  10       -0.4814435877        0.3064496759
  17   9       -0.1764840117       -0.5059863759
  17   8        0.3461234713        0.0567109393
  17   7       -0.3393464004       -0.1198932137
  17   6        0.8461727685        0.4556238621
  17   5       -0.4508398823        0.5672065320
  17   4       -0.1682599514       -0.8516185766
  17   3        0.6231299930        0.7190606589
  17   2        0.3984620930        0.0377379174
  17   1       -0.1833834866       -0.6026158874
  17   0       -0.4424844924        0.0000000000
  17  -1        0.1833834866       -0.6026158874
  17  -2        0.3984620930       -0.0377379174
  17  -3       -0.6231299930        0.7190606589
  17  -4       -0.1682599514        0.8516185766
  17  -5        0.4508398823        0.5672065320
  17  -6        0.8461727685       -0.4556238621
  17  -7        0.3393464004       -0.1198932137
  17  -8        0.3461234713       -0.0567109393
  17  -9        0.1764840117       -0.5059863759
  17 -10       -0.4814435877       -0.3064496759
  17 -11       -0.5702592861        0.3243034968
  17 -12       -0.1187937398        0.0104017613
  17 -13        0.0131964658        0.1722232680
  17 -14       -0.3068061031        0.1249448319
  17 -15        0.7888806370       -0.4192275693
  17 -16       -0.6035773645       -0.2402652230
  17 -17        0.4477561336       -0.4462572308
  18  18       -0.7712246149       -0.0871986039
  18  17       -0.9214754780        0.2523225061
  18  16        0.0993908756       -0.2608921431
  18  15        0.7951871823        1.0362335745
  18  14       -0.5748789087        0.4570690288
  18  13        0.4015429029       -0.5792188275
  18  12       -0.1038387994       -0.0072827212
  18  11       -0.7667637645       -0.9584868722
  18  10       -0.1900541463       -0.2609245226
  18   9       -0.0715593580        0.2738235305
  18   8        0.1535505430        0.4046279416
  18   7        0.0677933046        0.2396744876
  18   6        0.0994108097       -0.3489009119
  18   5        0.2864346279        0.3667607882
  18   4        0.2695573985        0.3371570792
  18   3       -0.4692403750       -0.4475759740
  18   2       -0.3635121775       -0.6546599938
  18   1       -0.1081037336        0.4507796962
  18   0        0.0584371482        0.0000000000
  18  -1        0.1081037336        0.4507796962
  18  -2       -0.3635121775        0.6546599938
  18  -3        0.4692403750       -0.4475759740
  18  -4        0.2695573985       -0.3371570792
  18  -5       -0.2864346279        0.3667607882
  18  -6        0.0994108097        0.3489009119
  18  -7       -0.0677933046        0.2396744876
  18  -8        0.1535505430       -0.4046279416
  18  -9        0.0715593580        0.2738235305
  18 -10       -0.1900541463        0.2609245226
  18 -11        0.7667637645       -0.9584868722
  18 -12       -0.1038387994        0.0072827212
  18 -13       -0.4015429029       -0.5792188275
  18 -14       -0.5748789087       -0.4570690288
  18 -15       -0.7951871823        1.0362335745
  18 -16        0.0993908756        0.2608921431
  18 -17        0.9214754780        0.2523225061
  18 -18       -0.7712246149        0.0871986039
  19  19        0.4652465626        0.1594671185
  19  18       -0.0488055915        0.5422240624
  19  17       -0.3341072310        1.1312053108
  19  16       -1.0364147565       -0.0260046373
  19  15        0.5022462185        0.0358316967
  19  14        0.1645918013        0.5298566467
  19  13       -0.0120938092       -0.3227023487
  19  12        0.4907269831        0.3818164664
  19  11       -0.1357432196        0.5121258343
  19  10        0.0615621511        0.2616981015
  19   9        0.1228067212        0.3684763780
  19   8        0.2108510089       -0.5892828105
  19   7        0.6490217622        0.0508332092
  19   6       -0.2799287499        0.0015045331
  19   5       -0.0278524049       -0.6281555440
  19   4       -0.1060273352       -0.0201990037
  19   3        0.3388980468        0.0544933529
  19   2        0.3178928783        0.4896151743
  19   1       -0.1977448451       -0.2169561591
  19   0        0.2293305830        0.0000000000
  19  -1        0.1977448451       -0.2169561591
  19  -2        0.3178928783       -0.4896151743
  19  -3       -0.3388980468        0.0544933529
  19  -4       -0.1060273352        0.0201990037
  19  -5        0.0278524049       -0.6281555440
  19  -6       -0.2799287499       -0.0015045331
  19  -7       -0.6490217622        0.0508332092
  19  -8        0.2108510089        0.5892828105
  19  -9       -0.1228067212        0.3684763780
  19 -10        0.0615621511       -0.2616981015
  19 -11        0.1357432196        0.5121258343
  19 -12        0.4907269831       -0.3818164664
  19 -13        0.0120938092       -0.3227023487
  19 -14        0.1645918013       -0.5298566467
  19 -15       -0.5022462185        0.0358316967
  19 -16       -1.0364147565        0.0260046373
  19 -17        0.3341072310        1.1312053108
  19 -18       -0.0488055915       -0.5422240624
  19 -19       -0.4652465626        0.1594671185
  20  20        0.5867808426        1.0198165318
  20  19        0.3353673796        1.0735622314
  20  18       -0.1855512634        0.0168893884
  20  17        0.4314500965       -0.8132557073
  20  16        0.5175284239        0.6279351060
  20  15       -0.3057771601        0.2844995258
  20  14       -0.2340811758        0.3303766021
  20  13        0.2028820851        0.5408559185
  20  12       -0.1838292953        0.0945982864
  20  11        0.3728433789        0.2032408735
  20  10        0.4210846599       -0.3294711329
  20   9        0.3265199461       -0.3187392506
  20   8       -0.4769087269       -0.1301581830
  20   7       -0.4611626185       -0.3275899010
  20   6       -0.1271565958        0.1114829335
  20   5        0.1084888681        0.3710689998
  20   4       -0.1811507853        0.6014613153
  20   3       -0.3190280259       -0.1359603885
  20   2       -0.0213465724        0.2406572279
  20   1        0.4886677329        0.3174271877
  20   0        0.0734836734        0.0000000000
  20  -1       -0.4886677329        0.3174271877
  20  -2       -0.0213465724       -0.2406572279
  20  -3        0.3190280259       -0.1359603885
  20  -4       -0.1811507853       -0.6014613153
  20  -5       -0.1084888681        0.3710689998
  20  -6       -0.1271565958       -0.1114829335
  20  -7        0.4611626185       -0.3275899010
  20  -8       -0.4769087269        0.1301581830
  20  -9       -0.3265199461       -0.3187392506
  20 -10        0.4210846599        0.3294711329
  20 -11       -0.3728433789        0.2032408735
  20 -12       -0.1838292953       -0.0945982864
  20 -13       -0.2028820851        0.5408559185
  20 -14       -0.2340811758       -0.3303766021
  20 -15        0.3057771601        0.2844995258
  20 -16        0.5175284239       -0.6279351060
  20 -17       -0.4314500965       -0.8132557073
  20 -18       -0.1855512634       -0.0168893884
  20 -19       -0.3353673796        1.0735622314
  20 -20        0.5867808426       -1.0198165318
  21  21       -0.0439799652       -0.4673085281
  21  20        0.6895736450       -0.1758757217
  21  19        0.9503348023       -0.2512004747
  21  18       -0.2183463741        0.6700172251
  21  17       -0.2995567009       -0.1447702939
  21  16       -0.2493379954       -0.2817482078
  21  15       -0.1377455532       -0.1467095924
  21  14       -0.2779848336       -0.2740366690
  21  13        0.1683392731       -0.0497097425
  21  12       -0.1931565212        0.1299151110
  21  11        0.6444718140       -0.2681965816
  21  10       -0.2911265512        0.3328942607
  21   9       -0.3677936337       -0.5882112367
  21   8        0.5144875093       -0.3656279182
  21   7        0.1430087041        0.4581233440
  21   6        0.2843935959       -0.3286333885
  21   5       -0.1099696158       -0.3631560790
  21   4        0.3032528430       -0.2519907236
  21   3       -0.1008910477        0.6385961569
  21   2       -0.0546200670       -0.1299062403
  21   1       -0.2750203028        0.1237968483
  21   0        0.3106942425        0.0000000000
  21  -1        0.2750203028        0.1237968483
  21  -2       -0.0546200670        0.1299062403
  21  -3        0.1008910477        0.6385961569
  21  -4        0.3032528430        0.2519907236
  21  -5        0.1099696158       -0.3631560790
  21  -6        0.2843935959        0.3286333885
  21  -7       -0.1430087041        0.4581233440
  21  -8        0.5144875093        0.3656279182
  21  -9        0.3677936337       -0.5882112367
  21 -10       -0.2911265512       -0.3328942607
  21 -11       -0.6444718140       -0.2681965816
  21 -12       -0.1931565212       -0.1299151110
  21 -13       -0.1683392731       -0.0497097425
  21 -14       -0.2779848336        0.2740366690
  21 -15        0.1377455532       -0.1467095924
  21 -16       -0.2493379954        0.2817482078
  21 -17        0.2995567009       -0.1447702939
  21 -18       -0.2183463741       -0.6700172251
  21 -19       -0.9503348023       -0.2512004747
  21 -20        0.6895736450        0.1758757217
  21 -21        0.0439799652       -0.4673085281
  22  22        0.6477882315       -0.6826371582
  22  21        0.3398091259       -0.4968264819
  22  20        0.1037565882        0.3824695890
  22  19       -1.0100693341       -0.3578304936
  22  18        0.4852108776       -0.6726217384
  22  17        0.4681884695        0.3317943341
  22  16        0.1039061964       -0.2710852701
  22  15        0.2464122212       -0.4411144739
  22  14        0.3881769534        0.1226192491
  22  13       -0.1313951882       -0.1959183473
  22  12       -0.0428984389       -0.2095889714
  22  11       -0.6223517730       -0.1916924737
  22  10       -0.2178021804       -0.1698775903
  22   9       -0.2006610591        0.3184425992
  22   8       -0.8724340366        0.3436814613
  22   7       -0.2792366967       -0.2017516443
  22   6       -0.0631306067        0.1395306159
  22   5        0.2709488581        0.3163883897
  22   4       -0.0661121285       -0.4380655597
  22   3        0.2293957031       -0.6310037741
  22   2       -0.0646974831       -0.3466241337
  22   1        0.4459095722       -0.2063051927
  22   0       -0.5572885982        0.0000000000
  22  -1       -0.4459095722       -0.2063051927
  22  -2       -0.0646974831        0.3466241337
  22  -3       -0.2293957031       -0.6310037741
  22  -4       -0.0661121285        0.4380655597
  22  -5       -0.2709488581        0.3163883897
  22  -6       -0.0631306067       -0.1395306159
  22  -7        0.2792366967       -0.2017516443
  22  -8       -0.8724340366       -0.3436814613
  22  -9        0.2006610591        0.3184425992
  22 -10       -0.2178021804        0.1698775903
  22 -11        0.6223517730       -0.1916924737
  22 -12       -0.0428984389        0.2095889714
  22 -13        0.1313951882       -0.1959183473
  22 -14        0.3881769534       -0.1226192491
  22 -15       -0.2464122212       -0.4411144739
  22 -16        0.1039061964        0.2710852701
  22 -17       -0.4681884695        0.3317943341
  22 -18        0.4852108776        0.6726217384
  22 -19        1.0100693341       -0.3578304936
  22 -20        0.1037565882       -0.3824695890
  22 -21       -0.3398091259       -0.4968264819
  22 -22        0.6477882315        0.6826371582
  23  23        0.2514445611        0.3853108610
  23  22       -0.3665787215       -0.4612611003
  23  21       -0.4343265101       -0.7632669469
  23  20        1.0348234561       -0.2153278365
  23  19       -0.2760004584        0.8031698830
  23  18        0.1059482525        0.1783126904
  23  17       -0.0181983989        0.1834222250
  23  16        0.0072875428        0.2784397343
  23  15       -0.1770883999       -0.3567580895
  23  14        0.0757654171       -0.0685924854
  23  13        0.0422620769       -0.1560700276
  23  12        0.1919989741       -0.1993972497
  23  11       -0.1375142039        0.3363831521
  23  10        0.0015278530       -0.1168317967
  23   9        0.1859034473       -0.2040167317
  23   8        0.2290943470        0.0121950031
  23   7        0.2584180864        0.0493106427
  23   6        0.1299624150       -0.3637628958
  23   5        0.1947979565       -0.5945854313
  23   4       -0.1700769323        0.5699307130
  23   3        0.2154285796        0.1930225461
  23   2       -0.3262941892        0.3320075940
  23   1       -0.2249957334        0.1892445031
  23   0        0.3339461425        0.0000000000
  23  -1        0.2249957334        0.1892445031
  23  -2       -0.3262941892       -0.3320075940
  23  -3       -0.2154285796        0.1930225461
  23  -4       -0.1700769323       -0.5699307130
  23  -5       -0.1947979565       -0.5945854313
  23  -6        0.1299624150        0.3637628958
  23  -7       -0.2584180864        0.0493106427
  23  -8        0.2290943470       -0.0121950031
  23  -9       -0.1859034473       -0.2040167317
  23 -10        0.0015278530        0.1168317967
  23 -11        0.1375142039        0.3363831521
  23 -12        0.1919989741        0.1993972497
  23 -13       -0.0422620769       -0.1560700276
  23 -14        0.0757654171        0.0685924854
  23 -15        0.1770883999       -0.3567580895
  23 -16        0.0072875428       -0.2784397343
  23 -17        0.0181983989        0.1834222250
  23 -18        0.1059482525       -0.1783126904
  23 -19        0.2760004584        0.8031698830
  23 -20        1.0348234561        0.2153278365
  23 -21        0.4343265101       -0.7632669469
  23 -22       -0.3665787215        0.4612611003
  23 -23       -0.2514445611        0.3853108610
  24  24       -0.5799378039        0.0565555513
  24  23       -0.6580369881       -0.2297839905
  24  22        0.0854697342       -0.3101614832
  24  21        0.0354250277        0.3684264381
  24  20       -0.9149842855       -0.0782718868
  24  19       -0.1391719528       -0.6357520741
  24  18       -0.1088096362        0.0284068847
  24  17       -0.5277233551       -0.1597546926
  24  16       -0.1406388349       -0.0927707270
  24  15       -0.4483342693        0.3476321940
  24  14       -0.1206083974        0.2940631965
  24  13       -0.2238913573        0.2178842931
  24  12       -0.0463014933        0.3002563701
  24  11        0.1947373262       -0.2198439469
  24  10        0.2223431137        0.2104774736
  24   9        0.2234550266        0.0489809638
  24   8       -0.0526162616       -0.4520488908
  24   7       -0.2034202986       -0.3634765177
  24   6       -0.3136516786        0.0513363411
  24   5       -0.5165144322        0.1595285139
  24   4       -0.0922191404       -0.2987176879
  24   3       -0.2679240452       -0.0885436987
  24   2        0.2007093030        0.0110237637
  24   1       -0.2808807192        0.1617301455
  24   0       -0.4277668212        0.0000000000
  24  -1        0.2808807192        0.1617301455
  24  -2        0.2007093030       -0.0110237637
  24  -3        0.2679240452       -0.0885436987
  24  -4       -0.0922191404        0.2987176879
  24  -5        0.5165144322        0.1595285139
  24  -6       -0.3136516786       -0.0513363411
  24  -7        0.2034202986       -0.3634765177
  24  -8       -0.0526162616        0.4520488908
  24  -9       -0.2234550266        0.0489809638
  24 -10        0.2223431137       -0.2104774736
  24 -11       -0.1947373262       -0.2198439469
  24 -12       -0.0463014933       -0.3002563701
  24 -13        0.2238913573        0.2178842931
  24 -14       -0.1206083974       -0.2940631965
  24 -15        0.4483342693        0.3476321940
  24 -16       -0.1406388349        0.0927707270
  24 -17        0.5277233551       -0.1597546926
  24 -18       -0.1088096362       -0.0284068847
  24 -19        0.1391719528       -0.6357520741
  24 -20       -0.9149842855        0.0782718868
  24 -21       -0.0354250277        0.3684264381
  24 -22        0.0854697342        0.3101614832
  24 -23        0.6580369881       -0.2297839905
  24 -24       -0.5799378039       -0.0565555513
  25  25        0.0653419268       -0.2811029668
  25  24       -0.4615916978        0.0068865765
  25  23       -0.1591454597        0.3255212695
  25  22       -0.6579677126       -0.2913816042
  25  21        0.5164871805       -0.4552783189
  25  20        0.5177011356        0.1852965036
  25  19        0.4205694068       -0.2070292378
  25  18        0.5935065510       -0.0645134164
  25  17       -0.2291964621        0.1653774784
  25  16       -0.1230917309        0.0044446198
  25  15       -0.2194466434        0.1846835840
  25  14       -0.3413317299       -0.1892441311
  25  13        0.1439064802       -0.2121141269
  25  12        0.0403014511       -0.0826168454
  25  11       -0.3289849068        0.1119299091
  25  10       -0.0722119123        0.0145342488
  25   9        0.1273601149        0.0306155376
  25   8        0.2115084431        0.3121354605
  25   7        0.1076474167        0.2359530685
  25   6        0.5037145549       -0.3366816927
  25   5        0.3432903842       -0.1573736178
  25   4        0.4822634430        0.0687689982
  25   3       -0.2326701242       -0.2064078888
  25   2       -0.2452782147       -0.2081404525
  25   1        0.0193739289        0.1816901073
  25   0        0.0568374052        0.0000000000
  25  -1       -0.0193739289        0.1816901073
  25  -2       -0.2452782147        0.2081404525
  25  -3        0.2326701242       -0.2064078888
  25  -4        0.4822634430       -0.0687689982
  25  -5       -0.3432903842       -0.1573736178
  25  -6        0.5037145549        0.3366816927
  25  -7       -0.1076474167        0.2359530685
  25  -8        0.2115084431       -0.3121354605
  25  -9       -0.1273601149        0.0306155376
  25 -10       -0.0722119123       -0.0145342488
  25 -11        0.3289849068        0.1119299091
  25 -12        0.0403014511        0.0826168454
  25 -13       -0.1439064802       -0.2121141269
  25 -14       -0.3413317299        0.1892441311
  25 -15        0.2194466434        0.1846835840
  25 -16       -0.1230917309       -0.0044446198
  25 -17        0.2291964621        0.1653774784
  25 -18        0.5935065510        0.0645134164
  25 -19       -0.4205694068       -0.2070292378
  25 -20        0.5177011356       -0.1852965036
  25 -21       -0.5164871805       -0.4552783189
  25 -22       -0.6579677126        0.2913816042
  25 -23        0.1591454597        0.3255212695
  25 -24       -0.4615916978       -0.0068865765
  25 -25       -0.0653419268       -0.2811029668
  26  26        0.3455296403        0.6522282480
  26  25        0.0510898730        0.4508250382
  26  24       -0.3016951220       -0.0734779959
  26  23        0.3452242216       -0.1520856777
  26  22        0.3948551869        1.0262884190
  26  21       -0.4266989831        0.5557608255
  26  20       -0.1252515019        0.0277224748
  26  19       -0.0917846557        0.5821271225
  26  18       -0.0749891180        0.0188427639
  26  17        0.3998318481        0.0336089295
  26  16        0.2199849712        0.0776423884
  26  15        0.7376471327       -0.1286821762
  26  14        0.3938727611        0.1905047497
  26  13       -0.0878568110       -0.2851240895
  26  12        0.2951442915       -0.6146075093
  26  11        0.3731480072       -0.2055152979
  26  10        0.0042451613       -0.0993464401
  26   9       -0.5864477314       -0.4338691568
  26   8       -0.0991171675       -0.5402136620
  26   7       -0.1725735096        0.0198631959
  26   6       -0.4587549010        0.3526277667
  26   5       -0.3614541775       -0.0048334279
  26   4       -0.2704505303        0.0057394110
  26   3        0.2446147240        0.1039741794
  26   2       -0.1316814345        0.2220777191
  26   1       -0.0385903556       -0.1909699264
  26   0       -0.3180864679        0.0000000000
  26  -1        0.0385903556       -0.1909699264
  26  -2       -0.1316814345       -0.2220777191
  26  -3       -0.2446147240        0.1039741794
  26  -4       -0.2704505303       -0.0057394110
  26  -5        0.3614541775       -0.0048334279
  26  -6       -0.4587549010       -0.3526277667
  26  -7        0.1725735096        0.0198631959
  26  -8       -0.0991171675        0.5402136620
  26  -9        0.5864477314       -0.4338691568
  26 -10        0.0042451613        0.0993464401
  26 -11       -0.3731480072       -0.2055152979
  26 -12        0.2951442915        0.6146075093
  26 -13        0.0878568110       -0.2851240895
  26 -14        0.3938727611       -0.1905047497
  26 -15       -0.7376471327       -0.1286821762
  26 -16        0.2199849712       -0.0776423884
  26 -17       -0.3998318481        0.0336089295
  26 -18       -0.0749891180       -0.0188427639
  26 -19        0.0917846557        0.5821271225
  26 -20       -0.1252515019       -0.0277224748
  26 -21        0.4266989831        0.5557608255
  26 -22        0.3948551869       -1.0262884190
  26 -23       -0.3452242216       -0.1520856777
  26 -24       -0.3016951220        0.0734779959
  26 -25       -0.0510898730        0.4508250382
  26 -26        0.3455296403       -0.6522282480
