   0   0      189.0915445191        0.0000000000
   1   1       -8.3262004844        3.8620379717
   1   0        3.0903132018        0.0000000000
   1  -1        8.3262004844        3.8620379717
   2   2      -24.8619638611       13.9189475216
   2   1       19.6692462377      -11.7273908125
   2   0       22.6002550031        0.0000000000
   2  -1      -19.6692462377      -11.7273908125
   2  -2      -24.8619638611      -13.9189475216
   3   3        1.2054706154        3.2729599455
   3   2        5.1805339276       -4.9204587656
   3   1        2.3262851176       -1.9597390142
   3   0        3.9445331677        0.0000000000
   3  -1       -2.3262851176       -1.9597390142
   3  -2        5.1805339276        4.9204587656
   3  -3       -1.2054706154        3.2729599455
   4   4        2.9961573572       -4.0114272595
   4   3       -2.1061374643        4.9555867356
   4   2       -1.7200131165       -1.2464328095
   4   1        7.7699071499       -3.8456315793
   4   0       -2.6144513315        0.0000000000
   4  -1       -7.7699071499       -3.8456315793
   4  -2       -1.7200131165        1.2464328095
   4  -3        2.1061374643        4.9555867356
   4  -4        2.9961573572        4.0114272595
   5   5       -0.3120088815       -3.6157065443
   5   4        0.0794392033        3.9749820987
   5   3       -1.2193662941       -2.7053656670
   5   2        1.6443753194       -3.5435000035
   5   1       -0.9916301443       -0.8373170778
   5   0       -3.2482992972        0.0000000000
   5  -1        0.9916301443       -0.8373170778
   5  -2        1.6443753194        3.5435000035
   5  -3        1.2193662941       -2.7053656670
   5  -4        0.0794392033       -3.9749820987
   5  -5        0.3120088815       -3.6157065443
   6   6       -0.5939571762       -0.8704425822
   6   5        0.5594501603        0.5544448755
   6   4       -0.3946842737        1.2391546762
   6   3       -0.0130082180        2.2206053992
   6   2        0.5623120333       -0.9459100364
   6   1        0.8119342523        1.2981558228
   6   0       -2.5387480364        0.0000000000
   6  -1       -0.8119342523        1.2981558228
   6  -2        0.5623120333        0.9459100364
   6  -3        0.0130082180        2.2206053992
   6  -4       -0.3946842737       -1.2391546762
   6  -5       -0.5594501603        0.5544448755
   6  -6       -0.5939571762        0.8704425822
   7   7       -0.2702180983        1.1279984752
   7   6       -0.4082853588        0.4089134721
   7   5        2.6720685661        1.1782445781
   7   4       -0.4491983396        0.8343854331
   7   3       -0.1702226193       -2.0877774887
   7   2        0.2886504882        0.7150690670
   7   1       -1.5089834642        1.1322210011
   7   0       -1.5237580958        0.0000000000
   7  -1        1.5089834642        1.1322210011
   7  -2        0.2886504882       -0.7150690670
   7  -3        0.1702226193       -2.0877774887
   7  -4       -0.4491983396       -0.8343854331
   7  -5       -2.6720685661        1.1782445781
   7  -6       -0.4082853588       -0.4089134721
   7  -7        0.2702180983        1.1279984752
   8   8        0.1371608635        1.2894416358
   8   7       -0.2220368293        0.5064493425
   8   6        1.3255920579       -0.3687802922
   8   5       -0.9114655073        0.6168524602
   8   4        0.2553347689        0.6673606927
   8   3        0.0740366023       -0.7811788154
   8   2       -0.4126749332       -0.4909202785
   8   1       -0.4655613261        0.8271038547
   8   0        0.8491976336        0.0000000000
   8  -1        0.4655613261        0.8271038547
   8  -2       -0.4126749332        0.4909202785
   8  -3       -0.0740366023       -0.7811788154
   8  -4        0.2553347689       -0.6673606927
   8  -5        0.9114655073        0.6168524602
   8  -6        1.3255920579        0.3687802922
   8  -7        0.2220368293        0.5064493425
   8  -8        0.1371608635       -1.2894416358
   9   9        0.6813152774        0.0149576307
   9   8        0.5873838728        0.0279673615
   9   7        0.5838493160       -0.1772038249
   9   6        0.8019663001       -0.1583461663
   9   5        0.9812232483        1.3568570699
   9   4       -0.0820042779        0.0640920667
   9   3        0.4178690599       -0.8442748785
   9   2       -0.9038304215        0.6583089510
   9   1       -0.7636227044        0.3490898101
   9   0        1.0265851550        0.0000000000
   9  -1        0.7636227044        0.3490898101
   9  -2       -0.9038304215       -0.6583089510
   9  -3       -0.4178690599       -0.8442748785
   9  -4       -0.0820042779       -0.0640920667
   9  -5       -0.9812232483        1.3568570699
   9  -6        0.8019663001        0.1583461663
   9  -7       -0.5838493160       -0.1772038249
   9  -8        0.5873838728       -0.0279673615
   9  -9       -0.6813152774        0.0149576307
  10  10       -0.0058998919       -0.4817029176
  10   9       -0.2312873524       -0.1541815355
  10   8       -0.6260774346        0.6209588478
  10   7        0.0322969549       -0.3634191247
  10   6        0.8275661856        0.2377547836
  10   5       -0.5866509950       -0.8795694012
  10   4       -0.1278913687       -0.2097761409
  10   3        0.1998219949        0.5913127182
  10   2       -0.1221790071        0.4865016488
  10   1        0.3593836459       -0.1123931745
  10   0        0.2838669937        0.0000000000
  10  -1       -0.3593836459       -0.1123931745
  10  -2       -0.1221790071       -0.4865016488
  10  -3       -0.1998219949        0.5913127182
  10  -4       -0.1278913687        0.2097761409
  10  -5        0.5866509950       -0.8795694012
  10  -6        0.8275661856       -0.2377547836
  10  -7       -0.0322969549       -0.3634191247
  10  -8       -0.6260774346       -0.6209588478
  10  -9        0.2312873524       -0.1541815355
  10 -10       -0.0058998919        0.4817029176
  11  11       -0.6807051582       -0.1807210419
  11  10       -0.0309242931       -0.9155797369
  11   9        0.2134781479        0.4037171353
  11   8       -0.4005926139       -0.1032452642
  11   7        0.0429153907        0.3949364912
  11   6       -0.0289242813        0.3926757875
  11   5       -0.2188916339        0.0495831521
  11   4       -0.0964990867       -0.3441054995
  11   3        0.1399909232       -0.5519917545
  11   2       -0.4624371672        0.2936394889
  11   1        0.5834869057       -0.1498697523
  11   0        0.0582890951        0.0000000000
  11  -1       -0.5834869057       -0.1498697523
  11  -2       -0.4624371672       -0.2936394889
  11  -3       -0.1399909232       -0.5519917545
  11  -4       -0.0964990867        0.3441054995
  11  -5        0.2188916339        0.0495831521
  11  -6       -0.0289242813       -0.3926757875
  11  -7       -0.0429153907        0.3949364912
  11  -8       -0.4005926139        0.1032452642
  11  -9       -0.2134781479        0.4037171353
  11 -10       -0.0309242931        0.9155797369
  11 -11        0.6807051582       -0.1807210419
  12  12        0.1947877468        0.3244840664
  12  11        0.0139756161       -0.1996925353
  12  10        0.6510191961        0.3596002179
  12   9        0.1744609594        0.1518373250
  12   8       -0.2237508487        0.0115531110
  12   7        0.0615696370       -0.2028798257
  12   6       -0.0048211258        0.1496758404
  12   5        0.0610295909       -0.4210264199
  12   4        0.0844761520       -0.4337641546
  12   3       -0.0312121467        0.6284168057
  12   2        0.4929836030        0.0163435672
  12   1        0.2006889162       -0.5361310171
  12   0       -0.4147263775        0.0000000000
  12  -1       -0.2006889162       -0.5361310171
  12  -2        0.4929836030       -0.0163435672
  12  -3        0.0312121467        0.6284168057
  12  -4        0.0844761520        0.4337641546
  12  -5       -0.0610295909       -0.4210264199
  12  -6       -0.0048211258       -0.1496758404
  12  -7       -0.0615696370       -0.2028798257
  12  -8       -0.2237508487       -0.0115531110
  12  -9       -0.1744609594        0.1518373250
  12 -10        0.6510191961       -0.3596002179
  12 -11       -0.0139756161       -0.1996925353
  12 -12        0.1947877468       -0.3244840664
  13  13        0.1967560266        0.0431349655
  13  12        0.0459443835       -0.1609717952
  13  11       -0.5197175858        0.2741351424
  13  10        0.1933777077        0.1455980962
  13   9        0.1250650280        0.1172208453
  13   8        0.3994120543        0.0566908049
  13   7       -0.0694732314        0.3454686856
  13   6       -0.3269326971       -0.4393757481
  13   5       -0.1932275640        0.3021287781
  13   4        0.0982460867       -0.2405214875
  13   3        0.4409338646        0.2164439695
  13   2       -0.2119892757       -0.0160670049
  13   1        0.3255377285        0.2850426168
  13   0       -0.5932354666        0.0000000000
  13  -1       -0.3255377285        0.2850426168
  13  -2       -0.2119892757        0.0160670049
  13  -3       -0.4409338646        0.2164439695
  13  -4        0.0982460867        0.2405214875
  13  -5        0.1932275640        0.3021287781
  13  -6       -0.3269326971        0.4393757481
  13  -7        0.0694732314        0.3454686856
  13  -8        0.3994120543       -0.0566908049
  13  -9       -0.1250650280        0.1172208453
  13 -10        0.1933777077       -0.1455980962
  13 -11        0.5197175858        0.2741351424
  13 -12        0.0459443835        0.1609717952
  13 -13       -0.1967560266        0.0431349655
  14  14        0.3680449227       -0.5582926007
  14  13       -0.0913059755       -0.2013244131
  14  12       -0.2035595591       -0.5492724499
  14  11       -0.0315096586        0.2684537089
  14  10       -0.1877068245        0.5585648917
  14   9       -0.0250007496        0.2844315548
  14   8        0.3038909996       -0.0899765655
  14   7        0.2241574540       -0.1812573578
  14   6       -0.3458631638       -0.2455700792
  14   5        0.1441273976        0.2809303439
  14   4        0.1813089531        0.4153415518
  14   3       -0.4182701077       -0.3123409203
  14   2        0.1032215445       -0.0265363523
  14   1        0.2343912211       -0.3250124780
  14   0        0.0913850585        0.0000000000
  14  -1       -0.2343912211       -0.3250124780
  14  -2        0.1032215445        0.0265363523
  14  -3        0.4182701077       -0.3123409203
  14  -4        0.1813089531       -0.4153415518
  14  -5       -0.1441273976        0.2809303439
  14  -6       -0.3458631638        0.2455700792
  14  -7       -0.2241574540       -0.1812573578
  14  -8        0.3038909996        0.0899765655
  14  -9        0.0250007496        0.2844315548
  14 -10       -0.1877068245       -0.5585648917
  14 -11        0.0315096586        0.2684537089
  14 -12       -0.2035595591        0.5492724499
  14 -13        0.0913059755       -0.2013244131
  14 -14        0.3680449227        0.5582926007
  15  15       -0.1131876963       -0.3482280931
  15  14        0.1727840113        0.2041645111
  15  13       -0.0271114765       -0.0227101392
  15  12       -0.2512412511        0.3844518706
  15  11        0.0555728187       -0.2079660925
  15  10        0.6288333836        0.1206823420
  15   9        0.0275352857       -0.0012680993
  15   8       -0.5807300017        0.3673493405
  15   7       -0.4839910658       -0.1282762218
  15   6       -0.1038277390       -0.1647230156
  15   5       -0.0996861033        0.0939621132
  15   4        0.1478809497        0.2616363760
  15   3        0.3060089863       -0.1050931659
  15   2       -0.4981207971       -0.1061152224
  15   1       -0.0632299778       -0.1999413208
  15   0       -0.1225973948        0.0000000000
  15  -1        0.0632299778       -0.1999413208
  15  -2       -0.4981207971        0.1061152224
  15  -3       -0.3060089863       -0.1050931659
  15  -4        0.1478809497       -0.2616363760
  15  -5        0.0996861033        0.0939621132
  15  -6       -0.1038277390        0.1647230156
  15  -7        0.4839910658       -0.1282762218
  15  -8       -0.5807300017       -0.3673493405
  15  -9       -0.0275352857       -0.0012680993
  15 -10        0.6288333836       -0.1206823420
  15 -11       -0.0555728187       -0.2079660925
  15 -12       -0.2512412511       -0.3844518706
  15 -13        0.0271114765       -0.0227101392
  15 -14        0.1727840113       -0.2041645111
  15 -15        0.1131876963       -0.3482280931
  16  16       -0.1410226258        0.0069680432
  16  15       -0.0556185354        0.2240196298
  16  14       -0.1200734097        0.5646976947
  16  13       -0.4294700088        0.4598080745
  16  12        0.1117331781        0.0294372991
  16  11        0.1037841092       -0.0534003668
  16  10        0.1927917306       -0.2975576790
  16   9        0.0247372886        0.3667587044
  16   8       -0.2160915868       -0.5692331763
  16   7       -0.0703791445       -0.1371346697
  16   6       -0.1815431921        0.2454654052
  16   5       -0.0586198089        0.4035128293
  16   4       -0.0883228152        0.0380158872
  16   3       -0.3460023072       -0.3179216739
  16   2        0.3236212175        0.3217997232
  16   1        0.1901724365        0.2123334263
  16   0       -0.0112656686        0.0000000000
  16  -1       -0.1901724365        0.2123334263
  16  -2        0.3236212175       -0.3217997232
  16  -3        0.3460023072       -0.3179216739
  16  -4       -0.0883228152       -0.0380158872
  16  -5        0.0586198089        0.4035128293
  16  -6       -0.1815431921       -0.2454654052
  16  -7        0.0703791445       -0.1371346697
  16  -8       -0.2160915868        0.5692331763
  16  -9       -0.0247372886        0.3667587044
  16 -10        0.1927917306        0.2975576790
  16 -11       -0.1037841092       -0.0534003668
  16 -12        0.1117331781       -0.0294372991
  16 -13        0.4294700088        0.4598080745
  16 -14       -0.1200734097       -0.5646976947
  16 -15        0.0556185354        0.2240196298
  16 -16       -0.1410226258       -0.0069680432
  17  17       -0.0006991897       -0.0435308296
  17  16        0.6394368397       -0.0289835483
  17  15        0.4559325649        0.1450036151
  17  14       -0.0611183979       -0.1470323239
  17  13        0.0417533759       -0.0111737471
  17  12       -0.2146743386        0.3830695250
  17  11        0.1303355339        0.1090824767
  17  10        0.0972990185        0.0098750527
  17   9       -0.1545848318        0.0759685781
  17   8       -0.0889870282        0.1744718304
  17   7       -0.0159700444        0.2227873033
  17   6       -0.2170816770       -0.1734905024
  17   5        0.4617820917       -0.1388237666
  17   4       -0.0910234643       -0.1223918874
  17   3        0.2915823573       -0.0835478080
  17   2       -0.1907222519        0.1643956755
  17   1       -0.4081016564       -0.0663104335
  17   0       -0.0972826595        0.0000000000
  17  -1        0.4081016564       -0.0663104335
  17  -2       -0.1907222519       -0.1643956755
  17  -3       -0.2915823573       -0.0835478080
  17  -4       -0.0910234643        0.1223918874
  17  -5       -0.4617820917       -0.1388237666
  17  -6       -0.2170816770        0.1734905024
  17  -7        0.0159700444        0.2227873033
  17  -8       -0.0889870282       -0.1744718304
  17  -9        0.1545848318        0.0759685781
  17 -10        0.0972990185       -0.0098750527
  17 -11       -0.1303355339        0.1090824767
  17 -12       -0.2146743386       -0.3830695250
  17 -13       -0.0417533759       -0.0111737471
  17 -14       -0.0611183979        0.1470323239
  17 -15       -0.4559325649        0.1450036151
  17 -16        0.6394368397        0.0289835483
  17 -17        0.0006991897       -0.0435308296
  18  18        0.1356288351       -0.4342565865
  18  17        0.3421894106        0.0689099941
  18  16       -0.0551861177        0.0705620568
  18  15       -0.1653375086       -0.0312741019
  18  14        0.2103519279       -0.0578498590
  18  13        0.6043219454        0.5139031003
  18  12        0.4767709817        0.0488259253
  18  11       -0.1410124666        0.2602324107
  18  10        0.1244918481       -0.1548056985
  18   9        0.0918487302        0.0832466525
  18   8        0.1098203638        0.2883705030
  18   7        0.2203827007        0.3554076518
  18   6       -0.1678503557       -0.0296684234
  18   5       -0.0649497033       -0.4131630418
  18   4       -0.1865392476        0.1654075720
  18   3       -0.1098793438       -0.0234664580
  18   2       -0.3059564060       -0.0319556752
  18   1        0.1560939390        0.1338293629
  18   0        0.2781741796        0.0000000000
  18  -1       -0.1560939390        0.1338293629
  18  -2       -0.3059564060        0.0319556752
  18  -3        0.1098793438       -0.0234664580
  18  -4       -0.1865392476       -0.1654075720
  18  -5        0.0649497033       -0.4131630418
  18  -6       -0.1678503557        0.0296684234
  18  -7       -0.2203827007        0.3554076518
  18  -8        0.1098203638       -0.2883705030
  18  -9       -0.0918487302        0.0832466525
  18 -10        0.1244918481        0.1548056985
  18 -11        0.1410124666        0.2602324107
  18 -12        0.4767709817       -0.0488259253
  18 -13       -0.6043219454        0.5139031003
  18 -14        0.2103519279        0.0578498590
  18 -15        0.1653375086       -0.0312741019
  18 -16       -0.0551861177       -0.0705620568
  18 -17       -0.3421894106        0.0689099941
  18 -18        0.1356288351        0.4342565865
  19  19        0.1680227465       -0.1273239533
  19  18        0.0528328943       -0.1086013506
  19  17       -0.0940685530       -0.3232793457
  19  16        0.2706750356        0.1765799676
  19  15        0.3809283344        0.2642309947
  19  14        0.6553046629       -0.2006907310
  19  13        0.0323364450       -0.1348578558
  19  12        0.2557549112        0.0577062414
  19  11       -0.0133434367        0.3202393887
  19  10        0.2647148256       -0.1135949500
  19   9       -0.0358701162       -0.3294601365
  19   8       -0.0515782077        0.2136302192
  19   7        0.0677471028        0.1498360367
  19   6       -0.0812914572       -0.0025450879
  19   5       -0.1828670952       -0.3476825405
  19   4       -0.0443141761       -0.0327849476
  19   3        0.1091806743        0.2326414884
  19   2        0.1147179589        0.4338616087
  19   1        0.1382081684       -0.1801541068
  19   0       -0.3671965570        0.0000000000
  19  -1       -0.1382081684       -0.1801541068
  19  -2        0.1147179589       -0.4338616087
  19  -3       -0.1091806743        0.2326414884
  19  -4       -0.0443141761        0.0327849476
  19  -5        0.1828670952       -0.3476825405
  19  -6       -0.0812914572        0.0025450879
  19  -7       -0.0677471028        0.1498360367
  19  -8       -0.0515782077       -0.2136302192
  19  -9        0.0358701162       -0.3294601365
  19 -10        0.2647148256        0.1135949500
  19 -11        0.0133434367        0.3202393887
  19 -12        0.2557549112       -0.0577062414
  19 -13       -0.0323364450       -0.1348578558
  19 -14        0.6553046629        0.2006907310
  19 -15       -0.3809283344        0.2642309947
  19 -16        0.2706750356       -0.1765799676
  19 -17        0.0940685530       -0.3232793457
  19 -18        0.0528328943        0.1086013506
  19 -19       -0.1680227465       -0.1273239533
  20  20        0.1334324157       -0.1088143044
  20  19       -0.1107516460       -0.0832512828
  20  18        0.1570420432       -0.2885283351
  20  17        0.3170726026       -0.3218884788
  20  16       -0.0432223538        0.0591522563
  20  15       -0.2709992230        0.0480796348
  20  14        0.1339368883        0.0054445433
  20  13       -0.0530872235       -0.1535912004
  20  12        0.0471353285        0.0015372671
  20  11       -0.0305476360        0.2130534714
  20  10       -0.0122781980        0.0261202701
  20   9        0.1923517188        0.2935083491
  20   8       -0.3250217332        0.2047103135
  20   7        0.0409652091       -0.2375699707
  20   6       -0.0365997431       -0.0208212120
  20   5       -0.2071855550       -0.3648581087
  20   4       -0.1440983059        0.0130161829
  20   3        0.1052610427       -0.1273136995
  20   2       -0.1251843506        0.0354525909
  20   1       -0.1138777972       -0.1859294102
  20   0        0.0789801382        0.0000000000
  20  -1        0.1138777972       -0.1859294102
  20  -2       -0.1251843506       -0.0354525909
  20  -3       -0.1052610427       -0.1273136995
  20  -4       -0.1440983059       -0.0130161829
  20  -5        0.2071855550       -0.3648581087
  20  -6       -0.0365997431        0.0208212120
  20  -7       -0.0409652091       -0.2375699707
  20  -8       -0.3250217332       -0.2047103135
  20  -9       -0.1923517188        0.2935083491
  20 -10       -0.0122781980       -0.0261202701
  20 -11        0.0305476360        0.2130534714
  20 -12        0.0471353285       -0.0015372671
  20 -13        0.0530872235       -0.1535912004
  20 -14        0.1339368883       -0.0054445433
  20 -15        0.2709992230        0.0480796348
  20 -16       -0.0432223538       -0.0591522563
  20 -17       -0.3170726026       -0.3218884788
  20 -18        0.1570420432        0.2885283351
  20 -19        0.1107516460       -0.0832512828
  20 -20        0.1334324157        0.1088143044
  21  21        0.1146673576        0.1455604408
  21  20       -0.2804456629        0.2177971000
  21  19       -0.2790878216        0.1743001559
  21  18        0.2495125601       -0.2017575343
  21  17        0.3914511858       -0.2337719252
  21  16        0.0911575543        0.2319416125
  21  15        0.4188502883        0.0825823317
  21  14       -0.0020162775        0.1643935645
  21  13        0.0268322434       -0.5832614044
  21  12        0.0869937307       -0.0043267822
  21  11       -0.2187758796       -0.0614961315
  21  10        0.1807599192        0.1132917246
  21   9       -0.3544234463       -0.1213088923
  21   8       -0.2465199838       -0.2981475305
  21   7       -0.1515044512        0.0490440863
  21   6        0.1038317989        0.1283291648
  21   5       -0.4469843795       -0.1489736457
  21   4       -0.3255113095       -0.1279490241
  21   3        0.1108534790        0.1034258509
  21   2        0.2074020072       -0.0363566218
  21   1       -0.2191675456        0.0970018492
  21   0       -0.2200855011        0.0000000000
  21  -1        0.2191675456        0.0970018492
  21  -2        0.2074020072        0.0363566218
  21  -3       -0.1108534790        0.1034258509
  21  -4       -0.3255113095        0.1279490241
  21  -5        0.4469843795       -0.1489736457
  21  -6        0.1038317989       -0.1283291648
  21  -7        0.1515044512        0.0490440863
  21  -8       -0.2465199838        0.2981475305
  21  -9        0.3544234463       -0.1213088923
  21 -10        0.1807599192       -0.1132917246
  21 -11        0.2187758796       -0.0614961315
  21 -12        0.0869937307        0.0043267822
  21 -13       -0.0268322434       -0.5832614044
  21 -14       -0.0020162775       -0.1643935645
  21 -15       -0.4188502883        0.0825823317
  21 -16        0.0911575543       -0.2319416125
  21 -17       -0.3914511858       -0.2337719252
  21 -18        0.2495125601        0.2017575343
  21 -19        0.2790878216        0.1743001559
  21 -20       -0.2804456629       -0.2177971000
  21 -21       -0.1146673576        0.1455604408
  22  22        0.2171525478        0.3919162291
  22  21       -0.0780835559        0.0971356164
  22  20       -0.0545833579       -0.1616775062
  22  19        0.1160151215        0.0179483482
  22  18       -0.0564656266        0.2193660029
  22  17        0.2369519215       -0.0096262870
  22  16       -0.0829346647       -0.2731657786
  22  15        0.2382097481        0.0751532926
  22  14        0.1392178902       -0.0082861450
  22  13       -0.2234423119        0.0079623370
  22  12        0.3334271676       -0.0898916481
  22  11       -0.1964643207       -0.1635809593
  22  10        0.1368548121        0.1804847752
  22   9        0.0085350161        0.2312941277
  22   8        0.0845718853       -0.1985897464
  22   7        0.0984713178       -0.0872544557
  22   6       -0.0495651882       -0.0912174298
  22   5        0.2584109576        0.1510847457
  22   4        0.0988150340       -0.0464672275
  22   3        0.1935073885        0.0132323510
  22   2       -0.1555280273       -0.1079032542
  22   1       -0.0091286296       -0.2358557811
  22   0        0.1845148145        0.0000000000
  22  -1        0.0091286296       -0.2358557811
  22  -2       -0.1555280273        0.1079032542
  22  -3       -0.1935073885        0.0132323510
  22  -4        0.0988150340        0.0464672275
  22  -5       -0.2584109576        0.1510847457
  22  -6       -0.0495651882        0.0912174298
  22  -7       -0.0984713178       -0.0872544557
  22  -8        0.0845718853        0.1985897464
  22  -9       -0.0085350161        0.2312941277
  22 -10        0.1368548121       -0.1804847752
  22 -11        0.1964643207       -0.1635809593
  22 -12        0.3334271676        0.0898916481
  22 -13        0.2234423119        0.0079623370
  22 -14        0.1392178902        0.0082861450
  22 -15       -0.2382097481        0.0751532926
  22 -16       -0.0829346647        0.2731657786
  22 -17       -0.2369519215       -0.0096262870
  22 -18       -0.0564656266       -0.2193660029
  22 -19       -0.1160151215        0.0179483482
  22 -20       -0.0545833579        0.1616775062
  22 -21        0.0780835559        0.0971356164
  22 -22        0.2171525478       -0.3919162291
  23  23        0.0536252419        0.0693383844
  23  22        0.1806074245       -0.3885135207
  23  21        0.2230294117       -0.4433515764
  23  20       -0.0953537076        0.1686010992
  23  19       -0.0527812352        0.2519545154
  23  18        0.3730584511        0.1043979018
  23  17        0.2538619297       -0.0655099704
  23  16       -0.0170674585       -0.2200079354
  23  15       -0.1684078866        0.0096938401
  23  14       -0.1903535419        0.0522289171
  23  13        0.0954980202       -0.1944613815
  23  12       -0.1016836479        0.0358876251
  23  11        0.0664098940        0.0990956174
  23  10       -0.1587308750        0.4010269983
  23   9       -0.1849572124       -0.1355736449
  23   8        0.0752726034       -0.1163104289
  23   7        0.1546413667       -0.1476700641
  23   6       -0.2528364512        0.1608207227
  23   5        0.2095754057        0.1458665872
  23   4       -0.1630410120       -0.3556848790
  23   3       -0.1318948713        0.0495440881
  23   2        0.1053004196        0.3075055734
  23   1        0.1793051992       -0.1364744730
  23   0       -0.2613131272        0.0000000000
  23  -1       -0.1793051992       -0.1364744730
  23  -2        0.1053004196       -0.3075055734
  23  -3        0.1318948713        0.0495440881
  23  -4       -0.1630410120        0.3556848790
  23  -5       -0.2095754057        0.1458665872
  23  -6       -0.2528364512       -0.1608207227
  23  -7       -0.1546413667       -0.1476700641
  23  -8        0.0752726034        0.1163104289
  23  -9        0.1849572124       -0.1355736449
  23 -10       -0.1587308750       -0.4010269983
  23 -11       -0.0664098940        0.0990956174
  23 -12       -0.1016836479       -0.0358876251
  23 -13       -0.0954980202       -0.1944613815
  23 -14       -0.1903535419       -0.0522289171
  23 -15        0.1684078866        0.0096938401
  23 -16       -0.0170674585        0.2200079354
  23 -17       -0.2538619297       -0.0655099704
  23 -18        0.3730584511       -0.1043979018
  23 -19        0.0527812352        0.2519545154
  23 -20       -0.0953537076       -0.1686010992
  23 -21       -0.2230294117       -0.4433515764
  23 -22        0.1806074245        0.3885135207
  23 -23       -0.0536252419        0.0693383844
  24  24       -0.3718065645       -0.2348583872
  24  23       -0.2185463919       -0.2019801775
  24  22        0.0796662068        0.0491741142
  24  21        0.0945006773       -0.2540048943
  24  20        0.2417992186       -0.3112574427
  24  19        0.2828806325       -0.0558183793
  24  18        0.1687663799        0.1848561696
  24  17       -0.1569686060       -0.0788753268
  24  16        0.0596649933       -0.3223774712
  24  15        0.1815577724       -0.1343324504
  24  14       -0.0740358636       -0.1382534587
  24  13       -0.2189132971       -0.0038688433
  24  12        0.0734613002       -0.1765266377
  24  11       -0.2438520546        0.0265290872
  24  10       -0.2376229899        0.0767848502
  24   9        0.0479970920        0.0268801166
  24   8        0.0228663092       -0.1120778657
  24   7       -0.1158193360        0.1637210851
  24   6       -0.1091488167        0.2123292777
  24   5       -0.1623683276        0.1236729031
  24   4        0.3323247495       -0.0653785574
  24   3       -0.1323224076        0.1718838173
  24   2       -0.1710509136       -0.0806321653
  24   1       -0.0344704771       -0.1343348368
  24   0       -0.0510709389        0.0000000000
  24  -1        0.0344704771       -0.1343348368
  24  -2       -0.1710509136        0.0806321653
  24  -3        0.1323224076        0.1718838173
  24  -4        0.3323247495        0.0653785574
  24  -5        0.1623683276        0.1236729031
  24  -6       -0.1091488167       -0.2123292777
  24  -7        0.1158193360        0.1637210851
  24  -8        0.0228663092        0.1120778657
  24  -9       -0.0479970920        0.0268801166
  24 -10       -0.2376229899       -0.0767848502
  24 -11        0.2438520546        0.0265290872
  24 -12        0.0734613002        0.1765266377
  24 -13        0.2189132971       -0.0038688433
  24 -14       -0.0740358636        0.1382534587
  24 -15       -0.1815577724       -0.1343324504
  24 -16        0.0596649933        0.3223774712
  24 -17        0.1569686060       -0.0788753268
  24 -18        0.1687663799       -0.1848561696
  24 -19       -0.2828806325       -0.0558183793
  24 -20        0.2417992186        0.3112574427
  24 -21       -0.0945006773       -0.2540048943
  24 -22        0.0796662068       -0.0491741142
  24 -23        0.2185463919       -0.2019801775
  24 -24       -0.3718065645        0.2348583872
  25  25       -0.2533812677       -0.0749633551
  25  24       -0.2869034618       -0.0773485858
  25  23        0.1136461546       -0.1086457666
  25  22        0.0725885258       -0.0773019013
  25  21       -0.0111581030       -0.3211439546
  25  20       -0.1461341295       -0.0643385626
  25  19       -0.0688580454       -0.1283988545
  25  18        0.0716383455       -0.1338381165
  25  17        0.0345327232       -0.1668064004
  25  16       -0.1711277454       -0.1054528805
  25  15       -0.3057308704        0.0077229456
  25  14        0.0443188882       -0.0260865755
  25  13       -0.0689435370        0.0666146543
  25  12        0.0694273413       -0.1031533653
  25  11       -0.0964204622       -0.0081495828
  25  10       -0.2723838743        0.0723335588
  25   9        0.2148530209       -0.0261919548
  25   8       -0.1994053061       -0.0366520739
  25   7       -0.3820593448        0.0438493513
  25   6       -0.0951364498        0.0726180137
  25   5       -0.1568420880        0.0851413154
  25   4        0.0468660788        0.0145388348
  25   3       -0.1079861942        0.2570211582
  25   2        0.0976543054        0.0602055682
  25   1       -0.1301130526        0.1685656410
  25   0       -0.3425433851        0.0000000000
  25  -1        0.1301130526        0.1685656410
  25  -2        0.0976543054       -0.0602055682
  25  -3        0.1079861942        0.2570211582
  25  -4        0.0468660788       -0.0145388348
  25  -5        0.1568420880        0.0851413154
  25  -6       -0.0951364498       -0.0726180137
  25  -7        0.3820593448        0.0438493513
  25  -8       -0.1994053061        0.0366520739
  25  -9       -0.2148530209       -0.0261919548
  25 -10       -0.2723838743       -0.0723335588
  25 -11        0.0964204622       -0.0081495828
  25 -12        0.0694273413        0.1031533653
  25 -13        0.0689435370        0.0666146543
  25 -14        0.0443188882        0.0260865755
  25 -15        0.3057308704        0.0077229456
  25 -16       -0.1711277454        0.1054528805
  25 -17       -0.0345327232       -0.1668064004
  25 -18        0.0716383455        0.1338381165
  25 -19        0.0688580454       -0.1283988545
  25 -20       -0.1461341295        0.0643385626
  25 -21        0.0111581030       -0.3211439546
  25 -22        0.0725885258        0.0773019013
  25 -23       -0.1136461546       -0.1086457666
  25 -24       -0.2869034618        0.0773485858
  25 -25        0.2533812677       -0.0749633551
  26  26        0.0775500445        0.0001131370
  26  25        0.1185297831        0.0538682406
  26  24       -0.0527643668       -0.2122868695
  26  23       -0.0268412684        0.0666315827
  26  22       -0.1202097963        0.1975760071
  26  21       -0.1915641204        0.2299362154
  26  20        0.0511460381       -0.1224070695
  26  19        0.1236697526        0.0018789251
  26  18       -0.1879373792       -0.0024029463
  26  17       -0.3095725486       -0.0203420050
  26  16       -0.0522624363       -0.0171989784
  26  15        0.0497625959        0.0452368569
  26  14       -0.2396755229        0.0690015294
  26  13       -0.0684991540        0.0303911617
  26  12       -0.1059825941        0.0610790954
  26  11        0.0587493041       -0.0812058530
  26  10       -0.0948699250        0.0041699343
  26   9        0.0136565011       -0.0828170173
  26   8        0.0380307120       -0.1194142382
  26   7        0.1002574035       -0.0399226599
  26   6       -0.1519878056       -0.2574449610
  26   5       -0.0670372761        0.1268185638
  26   4        0.1908951221       -0.0315604659
  26   3       -0.2035919071       -0.1300570410
  26   2       -0.0070600184       -0.1621257525
  26   1        0.2094012865        0.1164349202
  26   0        0.0770776199        0.0000000000
  26  -1       -0.2094012865        0.1164349202
  26  -2       -0.0070600184        0.1621257525
  26  -3        0.2035919071       -0.1300570410
  26  -4        0.1908951221        0.0315604659
  26  -5        0.0670372761        0.1268185638
  26  -6       -0.1519878056        0.2574449610
  26  -7       -0.1002574035       -0.0399226599
  26  -8        0.0380307120        0.1194142382
  26  -9       -0.0136565011       -0.0828170173
  26 -10       -0.0948699250       -0.0041699343
  26 -11       -0.0587493041       -0.0812058530
  26 -12       -0.1059825941       -0.0610790954
  26 -13        0.0684991540        0.0303911617
  26 -14       -0.2396755229       -0.0690015294
  26 -15       -0.0497625959        0.0452368569
  26 -16       -0.0522624363        0.0171989784
  26 -17        0.3095725486       -0.0203420050
  26 -18       -0.1879373792        0.0024029463
  26 -19       -0.1236697526        0.0018789251
  26 -20        0.0511460381        0.1224070695
  26 -21        0.1915641204        0.2299362154
  26 -22       -0.1202097963       -0.1975760071
  26 -23        0.0268412684        0.0666315827
  26 -24       -0.0527643668        0.2122868695
  26 -25       -0.1185297831        0.0538682406
  26 -26        0.0775500445       -0.0001131370
