   0   0      357.6320565221        0.0000000000
   1   1       -4.3602053990        3.4848976875
   1   0       -3.2785528316        0.0000000000
   1  -1        4.3602053990        3.4848976875
   2   2       -0.4377364267      -17.7164451640
   2   1      -21.6595044363        2.6190014114
   2   0       -7.1838672388        0.0000000000
   2  -1       21.6595044363        2.6190014114
   2  -2       -0.4377364267       17.7164451640
   3   3       -5.0992100651       -1.5300299357
   3   2       -7.8828466211        1.4899227575
   3   1      -12.5963847442       -5.0401573814
   3   0        8.2418704919        0.0000000000
   3  -1       12.5963847442       -5.0401573814
   3  -2       -7.8828466211       -1.4899227575
   3  -3        5.0992100651       -1.5300299357
   4   4       -9.5420084066        5.9966733315
   4   3       -1.4574631624        5.4752088233
   4   2       -2.9459879524        0.6261623442
   4   1        4.6400088929        0.1430696916
   4   0       -3.3185075954        0.0000000000
   4  -1       -4.6400088929        0.1430696916
   4  -2       -2.9459879524       -0.6261623442
   4  -3        1.4574631624        5.4752088233
   4  -4       -9.5420084066       -5.9966733315
   5   5       -0.3728520647        0.4931568005
   5   4        1.4248090881        0.7763888141
   5   3        0.6480317549        3.3977342992
   5   2        0.3517403137       -1.6195871505
   5   1        1.1375565113       -1.0736361317
   5   0       -0.4583973393        0.0000000000
   5  -1       -1.1375565113       -1.0736361317
   5  -2        0.3517403137        1.6195871505
   5  -3       -0.6480317549        3.3977342992
   5  -4        1.4248090881       -0.7763888141
   5  -5        0.3728520647        0.4931568005
   6   6        3.7106804218        2.6953476220
   6   5        2.9063455895       -1.2577274744
   6   4        1.1609352046        0.0700158049
   6   3        0.9516245206       -1.0313102984
   6   2       -0.2044414203        1.6053014269
   6   1       -0.9549377674       -0.3719418920
   6   0       -1.5293596729        0.0000000000
   6  -1        0.9549377674       -0.3719418920
   6  -2       -0.2044414203       -1.6053014269
   6  -3       -0.9516245206       -1.0313102984
   6  -4        1.1609352046       -0.0700158049
   6  -5       -2.9063455895       -1.2577274744
   6  -6        3.7106804218       -2.6953476220
   7   7        0.8940503284        0.5272013171
   7   6        2.0721688436       -0.6289576334
   7   5        2.1544614624       -0.8330455288
   7   4        0.4058617745       -0.9460538764
   7   3       -0.7433590687       -0.7218696882
   7   2        0.4397387558        0.3380281383
   7   1       -1.2182683482        0.4597585408
   7   0        1.1932748292        0.0000000000
   7  -1        1.2182683482        0.4597585408
   7  -2        0.4397387558       -0.3380281383
   7  -3        0.7433590687       -0.7218696882
   7  -4        0.4058617745        0.9460538764
   7  -5       -2.1544614624       -0.8330455288
   7  -6        2.0721688436        0.6289576334
   7  -7       -0.8940503284        0.5272013171
   8   8       -0.1758731101       -2.2590286422
   8   7       -1.5472220025       -0.2520999119
   8   6       -0.5697085687       -1.0123214846
   8   5       -0.7191308021        0.0750792258
   8   4        0.1041920894       -0.3376648119
   8   3       -0.0668853098        0.0327235779
   8   2       -0.6785354197        0.6929044616
   8   1        1.1920624071       -0.5556896654
   8   0        1.7951888375        0.0000000000
   8  -1       -1.1920624071       -0.5556896654
   8  -2       -0.6785354197       -0.6929044616
   8  -3        0.0668853098        0.0327235779
   8  -4        0.1041920894        0.3376648119
   8  -5        0.7191308021        0.0750792258
   8  -6       -0.5697085687        1.0123214846
   8  -7        1.5472220025       -0.2520999119
   8  -8       -0.1758731101        2.2590286422
   9   9        0.6660148008       -1.3548606037
   9   8       -1.0515992717       -0.8249863671
   9   7       -1.1113733425       -0.1349788406
   9   6       -0.7828312914       -0.2780602059
   9   5        0.2162892541        0.3813555360
   9   4        0.4138130286       -0.3382426022
   9   3       -0.9203479306        0.1175471314
   9   2        0.6992159121       -0.2292963461
   9   1        0.8455985189        0.3991255137
   9   0       -0.7601913787        0.0000000000
   9  -1       -0.8455985189        0.3991255137
   9  -2        0.6992159121        0.2292963461
   9  -3        0.9203479306        0.1175471314
   9  -4        0.4138130286        0.3382426022
   9  -5       -0.2162892541        0.3813555360
   9  -6       -0.7828312914        0.2780602059
   9  -7        1.1113733425       -0.1349788406
   9  -8       -1.0515992717        0.8249863671
   9  -9       -0.6660148008       -1.3548606037
  10  10       -1.4098783252        1.0782635302
  10   9       -0.6078682785        1.0523198592
  10   8       -0.3062034653        1.2104077256
  10   7       -0.1422857971        0.8049128373
  10   6        0.0302454841        0.3715487273
  10   5        0.6534170535       -0.0234302623
  10   4        0.1336876588       -0.1612711997
  10   3       -0.4219617911       -0.5779046201
  10   2       -0.0218957465       -0.5979891933
  10   1        0.1083880972        0.2864255731
  10   0       -0.2852315901        0.0000000000
  10  -1       -0.1083880972        0.2864255731
  10  -2       -0.0218957465        0.5979891933
  10  -3        0.4219617911       -0.5779046201
  10  -4        0.1336876588        0.1612711997
  10  -5       -0.6534170535       -0.0234302623
  10  -6        0.0302454841       -0.3715487273
  10  -7        0.1422857971        0.8049128373
  10  -8       -0.3062034653       -1.2104077256
  10  -9        0.6078682785        1.0523198592
  10 -10       -1.4098783252       -1.0782635302
  11  11       -0.9234082310       -0.1805986941
  11  10        0.1934419857        1.2421070677
  11   9        0.8326264114        0.9513831909
  11   8        0.3948773227        0.1023211811
  11   7        0.5766090800        0.0905585999
  11   6        0.3727920086        0.1641689475
  11   5        0.2052858708        0.4539459264
  11   4        0.0901202107       -0.4616842221
  11   3        0.2712407788       -0.0650386859
  11   2       -0.7930516562        0.7399097528
  11   1       -0.2407107681       -0.0050473313
  11   0       -0.2521562871        0.0000000000
  11  -1        0.2407107681       -0.0050473313
  11  -2       -0.7930516562       -0.7399097528
  11  -3       -0.2712407788       -0.0650386859
  11  -4        0.0901202107        0.4616842221
  11  -5       -0.2052858708        0.4539459264
  11  -6        0.3727920086       -0.1641689475
  11  -7       -0.5766090800        0.0905585999
  11  -8        0.3948773227       -0.1023211811
  11  -9       -0.8326264114        0.9513831909
  11 -10        0.1934419857       -1.2421070677
  11 -11        0.9234082310       -0.1805986941
  12  12        0.7872005490        0.2548839220
  12  11        0.7289150230        0.1032198793
  12  10        0.6644389056       -0.0669617756
  12   9        0.6283714361       -0.5206955721
  12   8        0.0653238919       -0.0298376999
  12   7       -0.8633534410       -0.2860675031
  12   6       -0.2541115993        0.0334627018
  12   5       -0.5824239870        0.6225042001
  12   4       -0.0732393170        0.1839724161
  12   3        0.4237283668        0.1949502695
  12   2        0.1596850952        0.6184387031
  12   1        0.2933872723       -0.0697929784
  12   0        0.9277087880        0.0000000000
  12  -1       -0.2933872723       -0.0697929784
  12  -2        0.1596850952       -0.6184387031
  12  -3       -0.4237283668        0.1949502695
  12  -4       -0.0732393170       -0.1839724161
  12  -5        0.5824239870        0.6225042001
  12  -6       -0.2541115993       -0.0334627018
  12  -7        0.8633534410       -0.2860675031
  12  -8        0.0653238919        0.0298376999
  12  -9       -0.6283714361       -0.5206955721
  12 -10        0.6644389056        0.0669617756
  12 -11       -0.7289150230        0.1032198793
  12 -12        0.7872005490       -0.2548839220
  13  13        0.5604880772        0.7185944850
  13  12        0.7683918874        0.0141262838
  13  11        1.0940307458       -0.4082744973
  13  10        0.0905304403       -0.7483139981
  13   9        0.4636991383       -0.5843283262
  13   8       -0.0339063969       -0.2284561167
  13   7       -0.1362781462       -0.4749974402
  13   6       -0.1346100937       -0.0254702133
  13   5       -0.3067405211        0.2914048462
  13   4        0.2167636459        0.2035258932
  13   3       -0.0815611567       -0.0743431076
  13   2       -0.1854295817        0.1781784837
  13   1        0.6430332821        0.0819505030
  13   0       -0.8155270202        0.0000000000
  13  -1       -0.6430332821        0.0819505030
  13  -2       -0.1854295817       -0.1781784837
  13  -3        0.0815611567       -0.0743431076
  13  -4        0.2167636459       -0.2035258932
  13  -5        0.3067405211        0.2914048462
  13  -6       -0.1346100937        0.0254702133
  13  -7        0.1362781462       -0.4749974402
  13  -8       -0.0339063969        0.2284561167
  13  -9       -0.4636991383       -0.5843283262
  13 -10        0.0905304403        0.7483139981
  13 -11       -1.0940307458       -0.4082744973
  13 -12        0.7683918874       -0.0141262838
  13 -13       -0.5604880772        0.7185944850
  14  14        0.2356127776       -0.1990705876
  14  13       -0.4393349925       -0.5289653553
  14  12        0.2684579063       -0.1367523780
  14  11       -0.3732304162       -0.1685798352
  14  10       -0.5262556226       -0.0633573668
  14   9       -0.6016359689        0.1539244163
  14   8       -0.1578080521        0.1079684288
  14   7        0.3820260961       -0.0063638924
  14   6        0.2501060965        0.1766125784
  14   5        0.2293777588       -0.4240932996
  14   4        0.1869259574       -0.1262463497
  14   3       -0.2426667693       -0.5192584273
  14   2        0.2813432491       -0.3476978027
  14   1       -0.2382595632        0.0164069869
  14   0       -0.6024016282        0.0000000000
  14  -1        0.2382595632        0.0164069869
  14  -2        0.2813432491        0.3476978027
  14  -3        0.2426667693       -0.5192584273
  14  -4        0.1869259574        0.1262463497
  14  -5       -0.2293777588       -0.4240932996
  14  -6        0.2501060965       -0.1766125784
  14  -7       -0.3820260961       -0.0063638924
  14  -8       -0.1578080521       -0.1079684288
  14  -9        0.6016359689        0.1539244163
  14 -10       -0.5262556226        0.0633573668
  14 -11        0.3732304162       -0.1685798352
  14 -12        0.2684579063        0.1367523780
  14 -13        0.4393349925       -0.5289653553
  14 -14        0.2356127776        0.1990705876
  15  15        0.3062405864       -0.7939765717
  15  14       -0.7179250849       -0.0896550413
  15  13       -1.0974903313       -0.3098825403
  15  12       -0.6620541741        0.0381800610
  15  11       -0.6199235141        0.1435194824
  15  10        0.0958345946        0.6638234358
  15   9       -0.0968403273        0.3896129226
  15   8        0.3139202687        0.0321443409
  15   7        0.2010011599        0.4963332447
  15   6       -0.1691933735       -0.0670195143
  15   5        0.2018912076       -0.2567814426
  15   4       -0.0874941293       -0.1778278306
  15   3       -0.3602962019       -0.2898414736
  15   2        0.1903105417        0.4292636340
  15   1       -0.2810170713        0.0734201420
  15   0        0.2508281763        0.0000000000
  15  -1        0.2810170713        0.0734201420
  15  -2        0.1903105417       -0.4292636340
  15  -3        0.3602962019       -0.2898414736
  15  -4       -0.0874941293        0.1778278306
  15  -5       -0.2018912076       -0.2567814426
  15  -6       -0.1691933735        0.0670195143
  15  -7       -0.2010011599        0.4963332447
  15  -8        0.3139202687       -0.0321443409
  15  -9        0.0968403273        0.3896129226
  15 -10        0.0958345946       -0.6638234358
  15 -11        0.6199235141        0.1435194824
  15 -12       -0.6620541741       -0.0381800610
  15 -13        1.0974903313       -0.3098825403
  15 -14       -0.7179250849        0.0896550413
  15 -15       -0.3062405864       -0.7939765717
  16  16        0.0662757866       -0.1848103049
  16  15       -0.1803440442        0.4336364155
  16  14       -0.0922856928        0.0251409743
  16  13        0.2717581042        0.5054532431
  16  12       -0.0023710687        0.3567887472
  16  11        0.2092985934        0.3728028738
  16  10        0.4341208415       -0.1330558720
  16   9       -0.1483059004       -0.3414111010
  16   8       -0.0744629849       -0.0321717123
  16   7       -0.1482648547       -0.1951228101
  16   6       -0.0357760274        0.1119547021
  16   5       -0.1363345748        0.2231145727
  16   4        0.0764237550       -0.2945125138
  16   3        0.3749567099        0.0282727602
  16   2       -0.3006623025        0.3111071730
  16   1       -0.0774516690       -0.1101897483
  16   0        0.3851941248        0.0000000000
  16  -1        0.0774516690       -0.1101897483
  16  -2       -0.3006623025       -0.3111071730
  16  -3       -0.3749567099        0.0282727602
  16  -4        0.0764237550        0.2945125138
  16  -5        0.1363345748        0.2231145727
  16  -6       -0.0357760274       -0.1119547021
  16  -7        0.1482648547       -0.1951228101
  16  -8       -0.0744629849        0.0321717123
  16  -9        0.1483059004       -0.3414111010
  16 -10        0.4341208415        0.1330558720
  16 -11       -0.2092985934        0.3728028738
  16 -12       -0.0023710687       -0.3567887472
  16 -13       -0.2717581042        0.5054532431
  16 -14       -0.0922856928       -0.0251409743
  16 -15        0.1803440442        0.4336364155
  16 -16        0.0662757866        0.1848103049
  17  17       -0.6454451819       -0.1477383856
  17  16       -0.1485156636        0.3063970909
  17  15        0.4702823881        0.7714690715
  17  14        0.5699044050       -0.1185687298
  17  13        0.7646377022        0.3003888121
  17  12        0.3621956471       -0.1073053774
  17  11        0.7517340324       -0.4626743872
  17  10       -0.0550682027       -0.1834065077
  17   9        0.4371043303       -0.3206883385
  17   8       -0.3560631779        0.0770072378
  17   7        0.0946512951        0.0430103905
  17   6        0.0144875672       -0.2921942406
  17   5       -0.0410610969        0.2256336031
  17   4        0.1146221486        0.0503504953
  17   3       -0.2868308629        0.3212746122
  17   2        0.4347222518       -0.1750796657
  17   1        0.2199524452        0.1636923410
  17   0       -0.5726822544        0.0000000000
  17  -1       -0.2199524452        0.1636923410
  17  -2        0.4347222518        0.1750796657
  17  -3        0.2868308629        0.3212746122
  17  -4        0.1146221486       -0.0503504953
  17  -5        0.0410610969        0.2256336031
  17  -6        0.0144875672        0.2921942406
  17  -7       -0.0946512951        0.0430103905
  17  -8       -0.3560631779       -0.0770072378
  17  -9       -0.4371043303       -0.3206883385
  17 -10       -0.0550682027        0.1834065077
  17 -11       -0.7517340324       -0.4626743872
  17 -12        0.3621956471        0.1073053774
  17 -13       -0.7646377022        0.3003888121
  17 -14        0.5699044050        0.1185687298
  17 -15       -0.4702823881        0.7714690715
  17 -16       -0.1485156636       -0.3063970909
  17 -17        0.6454451819       -0.1477383856
  18  18       -0.5048291890       -0.0771819302
  18  17       -0.1926272485       -0.2330204567
  18  16       -0.0835208658        0.0569640155
  18  15        0.4777884468       -0.6449446433
  18  14        0.4238785151       -0.0903219672
  18  13       -0.3522585081       -0.5048075290
  18  12       -0.0304546167       -0.3257178252
  18  11       -0.1852753658        0.0916469682
  18  10       -0.3910958193        0.0502309162
  18   9        0.0716979637        0.0472069917
  18   8        0.2784814027        0.2198166676
  18   7        0.0348447840        0.1197987040
  18   6        0.0466227655       -0.3476504925
  18   5        0.3117893896       -0.2357557191
  18   4        0.0037644940        0.0155657535
  18   3       -0.2749962632       -0.5490475976
  18   2       -0.0110457648       -0.0544598894
  18   1       -0.0163454875        0.0905862629
  18   0       -0.2292819529        0.0000000000
  18  -1        0.0163454875        0.0905862629
  18  -2       -0.0110457648        0.0544598894
  18  -3        0.2749962632       -0.5490475976
  18  -4        0.0037644940       -0.0155657535
  18  -5       -0.3117893896       -0.2357557191
  18  -6        0.0466227655        0.3476504925
  18  -7       -0.0348447840        0.1197987040
  18  -8        0.2784814027       -0.2198166676
  18  -9       -0.0716979637        0.0472069917
  18 -10       -0.3910958193       -0.0502309162
  18 -11        0.1852753658        0.0916469682
  18 -12       -0.0304546167        0.3257178252
  18 -13        0.3522585081       -0.5048075290
  18 -14        0.4238785151        0.0903219672
  18 -15       -0.4777884468       -0.6449446433
  18 -16       -0.0835208658       -0.0569640155
  18 -17        0.1926272485       -0.2330204567
  18 -18       -0.5048291890        0.0771819302
  19  19        0.2392115744        0.6341896653
  19  18        0.1618679721        0.3073040319
  19  17        0.2064785193       -0.3604603943
  19  16        0.3754077460       -0.4790713218
  19  15       -0.1212513203       -0.4733100142
  19  14       -0.2620751091       -0.4644713151
  19  13       -0.6238759917       -0.4411520558
  19  12       -0.3364230163        0.0585222843
  19  11       -0.2407261277        0.0394065531
  19  10        0.1259736973        0.1480208855
  19   9        0.2184401163       -0.0306197273
  19   8        0.1691169526       -0.0590148141
  19   7        0.0122290591       -0.0751086878
  19   6       -0.0701618603       -0.1066517862
  19   5        0.1933093671       -0.0069449486
  19   4       -0.2361103544       -0.2402787762
  19   3        0.2394895687        0.1538013660
  19   2        0.0327413201        0.1090100528
  19   1       -0.2015612948       -0.1081923307
  19   0        0.4948521246        0.0000000000
  19  -1        0.2015612948       -0.1081923307
  19  -2        0.0327413201       -0.1090100528
  19  -3       -0.2394895687        0.1538013660
  19  -4       -0.2361103544        0.2402787762
  19  -5       -0.1933093671       -0.0069449486
  19  -6       -0.0701618603        0.1066517862
  19  -7       -0.0122290591       -0.0751086878
  19  -8        0.1691169526        0.0590148141
  19  -9       -0.2184401163       -0.0306197273
  19 -10        0.1259736973       -0.1480208855
  19 -11        0.2407261277        0.0394065531
  19 -12       -0.3364230163       -0.0585222843
  19 -13        0.6238759917       -0.4411520558
  19 -14       -0.2620751091        0.4644713151
  19 -15        0.1212513203       -0.4733100142
  19 -16        0.3754077460        0.4790713218
  19 -17       -0.2064785193       -0.3604603943
  19 -18        0.1618679721       -0.3073040319
  19 -19       -0.2392115744        0.6341896653
  20  20        0.1105932256        0.2543642969
  20  19        0.2344363824       -0.2693930223
  20  18        0.3799076858        0.0488167758
  20  17       -0.1482213558       -0.1559988286
  20  16       -0.1461579295       -0.5387509352
  20  15       -0.3060151270        0.1967861654
  20  14       -0.2959229793       -0.0241985884
  20  13       -0.1024435303        0.2232559811
  20  12       -0.1359779948       -0.0184732844
  20  11        0.2365287125        0.3658484763
  20  10        0.0249739209       -0.1665970841
  20   9        0.3083976485       -0.1914043102
  20   8       -0.1615115234       -0.0710771857
  20   7       -0.0472803834        0.0500435507
  20   6        0.0480549428        0.0243066749
  20   5       -0.3338592875       -0.0454810458
  20   4       -0.1423194713       -0.2695590098
  20   3        0.1333193702        0.1679708246
  20   2        0.0476077462        0.2369242504
  20   1       -0.1492141154       -0.3056631076
  20   0        0.1349899515        0.0000000000
  20  -1        0.1492141154       -0.3056631076
  20  -2        0.0476077462       -0.2369242504
  20  -3       -0.1333193702        0.1679708246
  20  -4       -0.1423194713        0.2695590098
  20  -5        0.3338592875       -0.0454810458
  20  -6        0.0480549428       -0.0243066749
  20  -7        0.0472803834        0.0500435507
  20  -8       -0.1615115234        0.0710771857
  20  -9       -0.3083976485       -0.1914043102
  20 -10        0.0249739209        0.1665970841
  20 -11       -0.2365287125        0.3658484763
  20 -12       -0.1359779948        0.0184732844
  20 -13        0.1024435303        0.2232559811
  20 -14       -0.2959229793        0.0241985884
  20 -15        0.3060151270        0.1967861654
  20 -16       -0.1461579295        0.5387509352
  20 -17        0.1482213558       -0.1559988286
  20 -18        0.3799076858       -0.0488167758
  20 -19       -0.2344363824       -0.2693930223
  20 -20        0.1105932256       -0.2543642969
  21  21        0.1215970425       -0.2823559806
  21  20       -0.2910622422       -0.4547220141
  21  19       -0.2339915128       -0.3010564959
  21  18       -0.2666631186        0.2471833183
  21  17       -0.4569404067       -0.0036866857
  21  16       -0.3709094496        0.4276907755
  21  15        0.1444307324        0.5980034423
  21  14        0.0582999413        0.0900142782
  21  13        0.3239040767        0.1620888738
  21  12        0.1862378185       -0.0140960418
  21  11       -0.1518265997       -0.1605453060
  21  10       -0.1675326162       -0.0128783150
  21   9        0.1029631545       -0.0701752776
  21   8       -0.3911946845        0.3219646792
  21   7        0.1825264658       -0.1047566343
  21   6        0.1435164570        0.0521073467
  21   5        0.1413213395       -0.0033464375
  21   4        0.4222133047       -0.0456144012
  21   3       -0.5878430167        0.2428085388
  21   2        0.2009676562       -0.3060201280
  21   1        0.4354750436        0.0262789750
  21   0       -0.2368822140        0.0000000000
  21  -1       -0.4354750436        0.0262789750
  21  -2        0.2009676562        0.3060201280
  21  -3        0.5878430167        0.2428085388
  21  -4        0.4222133047        0.0456144012
  21  -5       -0.1413213395       -0.0033464375
  21  -6        0.1435164570       -0.0521073467
  21  -7       -0.1825264658       -0.1047566343
  21  -8       -0.3911946845       -0.3219646792
  21  -9       -0.1029631545       -0.0701752776
  21 -10       -0.1675326162        0.0128783150
  21 -11        0.1518265997       -0.1605453060
  21 -12        0.1862378185        0.0140960418
  21 -13       -0.3239040767        0.1620888738
  21 -14        0.0582999413       -0.0900142782
  21 -15       -0.1444307324        0.5980034423
  21 -16       -0.3709094496       -0.4276907755
  21 -17        0.4569404067       -0.0036866857
  21 -18       -0.2666631186       -0.2471833183
  21 -19        0.2339915128       -0.3010564959
  21 -20       -0.2910622422        0.4547220141
  21 -21       -0.1215970425       -0.2823559806
  22  22        0.4114147157       -0.3941663221
  22  21       -0.2078444198        0.4277856396
  22  20       -0.2293482840       -0.0572018097
  22  19       -0.1929102765        0.4945425631
  22  18       -0.3741721797        0.2515755536
  22  17        0.2062424085        0.0523959710
  22  16       -0.0148800868        0.4310434439
  22  15        0.4213401971        0.0289423127
  22  14        0.2651126568        0.1609464270
  22  13       -0.0829549452       -0.0432910124
  22  12        0.0146646319        0.1081650469
  22  11       -0.2861767561       -0.1672752845
  22  10        0.1020814738       -0.1060716671
  22   9        0.1323965200        0.4653794962
  22   8        0.0605611547       -0.0281556087
  22   7        0.1401463792       -0.0161896844
  22   6        0.0210108305       -0.1102285885
  22   5        0.1175156776       -0.0675809739
  22   4       -0.2482288965       -0.1273292046
  22   3       -0.3477794935       -0.0998125778
  22   2       -0.1872952336        0.1146652081
  22   1       -0.2104224681        0.1996634547
  22   0       -0.0537678334        0.0000000000
  22  -1        0.2104224681        0.1996634547
  22  -2       -0.1872952336       -0.1146652081
  22  -3        0.3477794935       -0.0998125778
  22  -4       -0.2482288965        0.1273292046
  22  -5       -0.1175156776       -0.0675809739
  22  -6        0.0210108305        0.1102285885
  22  -7       -0.1401463792       -0.0161896844
  22  -8        0.0605611547        0.0281556087
  22  -9       -0.1323965200        0.4653794962
  22 -10        0.1020814738        0.1060716671
  22 -11        0.2861767561       -0.1672752845
  22 -12        0.0146646319       -0.1081650469
  22 -13        0.0829549452       -0.0432910124
  22 -14        0.2651126568       -0.1609464270
  22 -15       -0.4213401971        0.0289423127
  22 -16       -0.0148800868       -0.4310434439
  22 -17       -0.2062424085        0.0523959710
  22 -18       -0.3741721797       -0.2515755536
  22 -19        0.1929102765        0.4945425631
  22 -20       -0.2293482840        0.0572018097
  22 -21        0.2078444198        0.4277856396
  22 -22        0.4114147157        0.3941663221
  23  23       -0.0674785042        0.0335760796
  23  22        0.1320414001        0.2127175195
  23  21        0.2337621666        0.4886373656
  23  20        0.2047323678        0.2769684192
  23  19        0.3142312400        0.2651605495
  23  18        0.2025988170       -0.1937491595
  23  17        0.3721992727       -0.1174879711
  23  16        0.2303309509       -0.3605073150
  23  15        0.0716618436       -0.3318652564
  23  14       -0.0179845109       -0.0887318292
  23  13       -0.0631333350       -0.0631490522
  23  12       -0.1666845104        0.1270850738
  23  11       -0.0667022020       -0.0465829062
  23  10        0.3109701562        0.1699968345
  23   9       -0.0600644010       -0.0398950106
  23   8        0.1524119786        0.0686122829
  23   7        0.1373090923        0.0287922164
  23   6       -0.0481417338       -0.2869323181
  23   5        0.0005625059        0.2993991035
  23   4        0.0185322212       -0.0153848963
  23   3        0.3568386981       -0.3544401265
  23   2        0.1594430011        0.1767253199
  23   1       -0.1825041765       -0.2345780559
  23   0       -0.0030818781        0.0000000000
  23  -1        0.1825041765       -0.2345780559
  23  -2        0.1594430011       -0.1767253199
  23  -3       -0.3568386981       -0.3544401265
  23  -4        0.0185322212        0.0153848963
  23  -5       -0.0005625059        0.2993991035
  23  -6       -0.0481417338        0.2869323181
  23  -7       -0.1373090923        0.0287922164
  23  -8        0.1524119786       -0.0686122829
  23  -9        0.0600644010       -0.0398950106
  23 -10        0.3109701562       -0.1699968345
  23 -11        0.0667022020       -0.0465829062
  23 -12       -0.1666845104       -0.1270850738
  23 -13        0.0631333350       -0.0631490522
  23 -14       -0.0179845109        0.0887318292
  23 -15       -0.0716618436       -0.3318652564
  23 -16        0.2303309509        0.3605073150
  23 -17       -0.3721992727       -0.1174879711
  23 -18        0.2025988170        0.1937491595
  23 -19       -0.3142312400        0.2651605495
  23 -20        0.2047323678       -0.2769684192
  23 -21       -0.2337621666        0.4886373656
  23 -22        0.1320414001       -0.2127175195
  23 -23        0.0674785042        0.0335760796
  24  24       -0.1467717707       -0.0557199156
  24  23        0.0968559258       -0.0597431273
  24  22        0.1083819200        0.1640416754
  24  21        0.1857295222        0.1431631986
  24  20       -0.0851000543       -0.1361190442
  24  19        0.1193292501       -0.3356179089
  24  18        0.1228008322       -0.0460396175
  24  17       -0.3143739993       -0.1968125589
  24  16       -0.0583005221        0.0149786109
  24  15       -0.2453539462        0.3165433391
  24  14       -0.0663871651        0.0880398911
  24  13        0.3002467129        0.3520539888
  24  12       -0.0182183399       -0.3880857911
  24  11        0.2618686683       -0.1690928655
  24  10        0.0051592649        0.1191823123
  24   9       -0.1566054580       -0.3051944509
  24   8       -0.0399792554        0.0663194435
  24   7       -0.1871835430       -0.0175082520
  24   6        0.2331091956        0.0230227887
  24   5       -0.2389250821        0.2338578823
  24   4       -0.0710175138        0.0359288399
  24   3        0.0026489912        0.3553113258
  24   2        0.2391973853       -0.0967137334
  24   1        0.3352134434       -0.2077211016
  24   0        0.0778423796        0.0000000000
  24  -1       -0.3352134434       -0.2077211016
  24  -2        0.2391973853        0.0967137334
  24  -3       -0.0026489912        0.3553113258
  24  -4       -0.0710175138       -0.0359288399
  24  -5        0.2389250821        0.2338578823
  24  -6        0.2331091956       -0.0230227887
  24  -7        0.1871835430       -0.0175082520
  24  -8       -0.0399792554       -0.0663194435
  24  -9        0.1566054580       -0.3051944509
  24 -10        0.0051592649       -0.1191823123
  24 -11       -0.2618686683       -0.1690928655
  24 -12       -0.0182183399        0.3880857911
  24 -13       -0.3002467129        0.3520539888
  24 -14       -0.0663871651       -0.0880398911
  24 -15        0.2453539462        0.3165433391
  24 -16       -0.0583005221       -0.0149786109
  24 -17        0.3143739993       -0.1968125589
  24 -18        0.1228008322        0.0460396175
  24 -19       -0.1193292501       -0.3356179089
  24 -20       -0.0851000543        0.1361190442
  24 -21       -0.1857295222        0.1431631986
  24 -22        0.1083819200       -0.1640416754
  24 -23       -0.0968559258       -0.0597431273
  24 -24       -0.1467717707        0.0557199156
  25  25        0.0600560999       -0.1227016643
  25  24        0.2184306964        0.2496839514
  25  23       -0.0406925588        0.0994726477
  25  22        0.2282985202       -0.1851157678
  25  21       -0.0556610007       -0.1411484411
  25  20       -0.1718093189       -0.2937209735
  25  19       -0.2727406270       -0.2157179079
  25  18       -0.4342342609        0.0142457298
  25  17        0.0802144808       -0.0585327386
  25  16       -0.1703483579        0.1173572834
  25  15       -0.0299152344        0.0421810450
  25  14        0.0974695472       -0.0957451322
  25  13       -0.1373535009       -0.1103213355
  25  12        0.1869802684       -0.0773955787
  25  11        0.0502774286        0.0059031938
  25  10       -0.1429467511       -0.0390082335
  25   9       -0.0371459246       -0.1192425721
  25   8        0.1024354913       -0.0071197727
  25   7        0.0998706201       -0.0084410021
  25   6        0.1804640358       -0.0086090457
  25   5        0.2561217231       -0.2216174694
  25   4        0.0774595070       -0.0415382351
  25   3       -0.2624409257       -0.0834498022
  25   2       -0.2384847414       -0.0699441181
  25   1        0.1947818251        0.0606182231
  25   0        0.0609416614        0.0000000000
  25  -1       -0.1947818251        0.0606182231
  25  -2       -0.2384847414        0.0699441181
  25  -3        0.2624409257       -0.0834498022
  25  -4        0.0774595070        0.0415382351
  25  -5       -0.2561217231       -0.2216174694
  25  -6        0.1804640358        0.0086090457
  25  -7       -0.0998706201       -0.0084410021
  25  -8        0.1024354913        0.0071197727
  25  -9        0.0371459246       -0.1192425721
  25 -10       -0.1429467511        0.0390082335
  25 -11       -0.0502774286        0.0059031938
  25 -12        0.1869802684        0.0773955787
  25 -13        0.1373535009       -0.1103213355
  25 -14        0.0974695472        0.0957451322
  25 -15        0.0299152344        0.0421810450
  25 -16       -0.1703483579       -0.1173572834
  25 -17       -0.0802144808       -0.0585327386
  25 -18       -0.4342342609       -0.0142457298
  25 -19        0.2727406270       -0.2157179079
  25 -20       -0.1718093189        0.2937209735
  25 -21        0.0556610007       -0.1411484411
  25 -22        0.2282985202        0.1851157678
  25 -23        0.0406925588        0.0994726477
  25 -24        0.2184306964       -0.2496839514
  25 -25       -0.0600560999       -0.1227016643
  26  26       -0.0000308359        0.1192112363
  26  25       -0.0212041988        0.2510821186
  26  24        0.1881912334        0.1501793582
  26  23       -0.0096968788       -0.1013739349
  26  22        0.0806686488       -0.2157014803
  26  21       -0.3824416626       -0.0924939715
  26  20       -0.2465036748        0.0410005324
  26  19       -0.4541108837        0.1376996040
  26  18       -0.2913081230       -0.0189978964
  26  17       -0.0053397725        0.2584878389
  26  16       -0.1180473350       -0.0255710354
  26  15        0.0709433928       -0.1988478556
  26  14       -0.1357454545       -0.0540572333
  26  13       -0.3341831757       -0.2103174028
  26  12        0.0015872077        0.2046146461
  26  11       -0.2222186349        0.0106985423
  26  10       -0.0005353367        0.0385097971
  26   9       -0.1237944745        0.0508640981
  26   8       -0.0162966051        0.2366999909
  26   7        0.3127568232        0.0767727943
  26   6        0.0489672789       -0.2008751968
  26   5        0.1259876377        0.3118281276
  26   4        0.0772359637        0.0965848563
  26   3        0.0728724658        0.0338761737
  26   2        0.3112227221       -0.0460206731
  26   1       -0.1918816697        0.1285755723
  26   0        0.0045928171        0.0000000000
  26  -1        0.1918816697        0.1285755723
  26  -2        0.3112227221        0.0460206731
  26  -3       -0.0728724658        0.0338761737
  26  -4        0.0772359637       -0.0965848563
  26  -5       -0.1259876377        0.3118281276
  26  -6        0.0489672789        0.2008751968
  26  -7       -0.3127568232        0.0767727943
  26  -8       -0.0162966051       -0.2366999909
  26  -9        0.1237944745        0.0508640981
  26 -10       -0.0005353367       -0.0385097971
  26 -11        0.2222186349        0.0106985423
  26 -12        0.0015872077       -0.2046146461
  26 -13        0.3341831757       -0.2103174028
  26 -14       -0.1357454545        0.0540572333
  26 -15       -0.0709433928       -0.1988478556
  26 -16       -0.1180473350        0.0255710354
  26 -17        0.0053397725        0.2584878389
  26 -18       -0.2913081230        0.0189978964
  26 -19        0.4541108837        0.1376996040
  26 -20       -0.2465036748       -0.0410005324
  26 -21        0.3824416626       -0.0924939715
  26 -22        0.0806686488        0.2157014803
  26 -23        0.0096968788       -0.1013739349
  26 -24        0.1881912334       -0.1501793582
  26 -25        0.0212041988        0.2510821186
  26 -26       -0.0000308359       -0.1192112363
