   0   0      274.5056567800        0.0000000000
   1   1        3.3874814138        3.1159482850
   1   0       -2.3486400223        0.0000000000
   1  -1       -3.3874814138        3.1159482850
   2   2       29.8700496000      -14.6258569978
   2   1        0.3606841185       -2.4564921633
   2   0       13.8735114389        0.0000000000
   2  -1       -0.3606841185       -2.4564921633
   2  -2       29.8700496000       14.6258569978
   3   3       -1.5142648004       -3.5614535308
   3   2        1.6244906127        7.0215371459
   3   1      -13.0432131739       -5.5054537690
   3   0       -0.4830423962        0.0000000000
   3  -1       13.0432131739       -5.5054537690
   3  -2        1.6244906127       -7.0215371459
   3  -3        1.5142648004       -3.5614535308
   4   4       -0.2334835464        2.0900326381
   4   3       -0.4847594213       -0.5972844295
   4   2        9.7386099238       -7.1404582032
   4   1       -4.1811437162       -5.0299901830
   4   0       -1.5482347446        0.0000000000
   4  -1        4.1811437162       -5.0299901830
   4  -2        9.7386099238        7.1404582032
   4  -3        0.4847594213       -0.5972844295
   4  -4       -0.2334835464       -2.0900326381
   5   5       -5.5434509864       -0.8959600518
   5   4        0.1201263625        1.6807216388
   5   3       -4.0746954154        0.5555997689
   5   2        4.2652816433       -1.2692256026
   5   1        0.4159485041       -1.6465101671
   5   0       -5.7253218708        0.0000000000
   5  -1       -0.4159485041       -1.6465101671
   5  -2        4.2652816433        1.2692256026
   5  -3        4.0746954154        0.5555997689
   5  -4        0.1201263625       -1.6807216388
   5  -5        5.5434509864       -0.8959600518
   6   6        0.9518849760        1.8152863206
   6   5       -0.8210795520       -1.3693189799
   6   4        1.9659221401       -1.1957369966
   6   3       -2.7185972446       -0.3172140062
   6   2        0.3691331302       -0.2599806677
   6   1       -0.4277508487       -0.9402640391
   6   0        1.5191623238        0.0000000000
   6  -1        0.4277508487       -0.9402640391
   6  -2        0.3691331302        0.2599806677
   6  -3        2.7185972446       -0.3172140062
   6  -4        1.9659221401        1.1957369966
   6  -5        0.8210795520       -1.3693189799
   6  -6        0.9518849760       -1.8152863206
   7   7       -1.0693508460       -0.3521257150
   7   6       -1.2658747944       -0.6726202007
   7   5       -3.5209302258       -0.2872416231
   7   4        1.0641843188        0.0662674750
   7   3       -0.3086647172        1.0122628576
   7   2       -0.0557004629        0.0696383774
   7   1        0.9021224066       -0.7542850245
   7   0       -1.0673898562        0.0000000000
   7  -1       -0.9021224066       -0.7542850245
   7  -2       -0.0557004629       -0.0696383774
   7  -3        0.3086647172        1.0122628576
   7  -4        1.0641843188       -0.0662674750
   7  -5        3.5209302258       -0.2872416231
   7  -6       -1.2658747944        0.6726202007
   7  -7        1.0693508460       -0.3521257150
   8   8        0.6358685351        1.2589733115
   8   7        0.0338573203       -0.7629293517
   8   6        0.9969653217       -0.6449717841
   8   5       -0.9946510057        0.0611846632
   8   4        1.2851026342        0.2914142370
   8   3        0.0460043873        0.4274953484
   8   2       -1.1632682524        0.2640218555
   8   1        0.4757216410       -0.2191804177
   8   0        0.5728513591        0.0000000000
   8  -1       -0.4757216410       -0.2191804177
   8  -2       -1.1632682524       -0.2640218555
   8  -3       -0.0460043873        0.4274953484
   8  -4        1.2851026342       -0.2914142370
   8  -5        0.9946510057        0.0611846632
   8  -6        0.9969653217        0.6449717841
   8  -7       -0.0338573203       -0.7629293517
   8  -8        0.6358685351       -1.2589733115
   9   9        0.9750630386        0.0117195707
   9   8       -0.7034212731        0.0004964990
   9   7       -1.0907006154       -0.3692987699
   9   6        0.1331339905        0.7469424057
   9   5       -0.4646392362        0.6031621480
   9   4        0.1822223485       -0.5739350150
   9   3       -0.3226854257       -0.6593685339
   9   2       -0.8006400270        0.9101624804
   9   1       -0.2908438035        0.4416011460
   9   0        0.1618186871        0.0000000000
   9  -1        0.2908438035        0.4416011460
   9  -2       -0.8006400270       -0.9101624804
   9  -3        0.3226854257       -0.6593685339
   9  -4        0.1822223485        0.5739350150
   9  -5        0.4646392362        0.6031621480
   9  -6        0.1331339905       -0.7469424057
   9  -7        1.0907006154       -0.3692987699
   9  -8       -0.7034212731       -0.0004964990
   9  -9       -0.9750630386        0.0117195707
  10  10       -0.1287444495       -0.0224613005
  10   9        0.4225987150        0.4552217962
  10   8        0.1503348067       -0.1101053172
  10   7       -0.0039665623       -0.6030173714
  10   6        0.4016954157       -0.0511320433
  10   5        0.2786199491        0.1374115730
  10   4       -0.2414318010        0.2137341391
  10   3       -0.3069036415       -0.3743821903
  10   2        0.2871221761       -0.0476714406
  10   1       -0.2280991030        0.3002251924
  10   0       -0.5949653911        0.0000000000
  10  -1        0.2280991030        0.3002251924
  10  -2        0.2871221761        0.0476714406
  10  -3        0.3069036415       -0.3743821903
  10  -4       -0.2414318010       -0.2137341391
  10  -5       -0.2786199491        0.1374115730
  10  -6        0.4016954157        0.0511320433
  10  -7        0.0039665623       -0.6030173714
  10  -8        0.1503348067        0.1101053172
  10  -9       -0.4225987150        0.4552217962
  10 -10       -0.1287444495        0.0224613005
  11  11        0.1033630205        0.1122234297
  11  10        0.3174847174        0.1371693838
  11   9       -0.3149663959       -0.0854728637
  11   8        0.2038188126        0.4431344098
  11   7        0.0749884133        0.7549850721
  11   6       -0.3923475164       -0.0569953812
  11   5        0.3637758033        0.1972982197
  11   4        0.1189345953       -0.0494550841
  11   3       -0.1749470466       -0.1485210228
  11   2        0.3647591874        0.0235244654
  11   1        0.2985334184        0.1176867039
  11   0       -0.3828482386        0.0000000000
  11  -1       -0.2985334184        0.1176867039
  11  -2        0.3647591874       -0.0235244654
  11  -3        0.1749470466       -0.1485210228
  11  -4        0.1189345953        0.0494550841
  11  -5       -0.3637758033        0.1972982197
  11  -6       -0.3923475164        0.0569953812
  11  -7       -0.0749884133        0.7549850721
  11  -8        0.2038188126       -0.4431344098
  11  -9        0.3149663959       -0.0854728637
  11 -10        0.3174847174       -0.1371693838
  11 -11       -0.1033630205        0.1122234297
  12  12        0.1295269693        0.3442064138
  12  11       -0.0988110133       -0.2197779080
  12  10        0.8165503446        0.3914316119
  12   9       -0.0578294836       -0.3296916255
  12   8        0.0315925600       -0.4982305086
  12   7        0.2743234296        0.0081127137
  12   6        0.1708012283       -0.1321600247
  12   5        0.3646692103        0.0477256552
  12   4        0.1522914974        0.1647119718
  12   3       -0.0025298681       -0.3020777845
  12   2        0.1849136298        0.1358490146
  12   1       -0.1965737044        0.2875522013
  12   0        0.2383470911        0.0000000000
  12  -1        0.1965737044        0.2875522013
  12  -2        0.1849136298       -0.1358490146
  12  -3        0.0025298681       -0.3020777845
  12  -4        0.1522914974       -0.1647119718
  12  -5       -0.3646692103        0.0477256552
  12  -6        0.1708012283        0.1321600247
  12  -7       -0.2743234296        0.0081127137
  12  -8        0.0315925600        0.4982305086
  12  -9        0.0578294836       -0.3296916255
  12 -10        0.8165503446       -0.3914316119
  12 -11        0.0988110133       -0.2197779080
  12 -12        0.1295269693       -0.3442064138
  13  13        0.3450772830        0.0440376081
  13  12       -0.1545916051       -0.2492112332
  13  11       -0.0170150322        0.0724616966
  13  10       -0.0623007046        0.4161132984
  13   9        0.0934806384       -0.1992992396
  13   8        0.0338415781       -0.1956513408
  13   7        0.2998581171        0.5286124427
  13   6        0.1899768051       -0.0576095883
  13   5       -0.1387258067       -0.1210099558
  13   4       -0.1043694902        0.2614596034
  13   3       -0.1991280085       -0.0139365000
  13   2       -0.0339054343       -0.0620813931
  13   1        0.3446256014       -0.0728275527
  13   0        0.5301887109        0.0000000000
  13  -1       -0.3446256014       -0.0728275527
  13  -2       -0.0339054343        0.0620813931
  13  -3        0.1991280085       -0.0139365000
  13  -4       -0.1043694902       -0.2614596034
  13  -5        0.1387258067       -0.1210099558
  13  -6        0.1899768051        0.0576095883
  13  -7       -0.2998581171        0.5286124427
  13  -8        0.0338415781        0.1956513408
  13  -9       -0.0934806384       -0.1992992396
  13 -10       -0.0623007046       -0.4161132984
  13 -11        0.0170150322        0.0724616966
  13 -12       -0.1545916051        0.2492112332
  13 -13       -0.3450772830        0.0440376081
  14  14       -0.2269130363       -0.1384914370
  14  13       -0.5326963760        0.2256273038
  14  12        0.4836418802        0.1425124060
  14  11        0.1171949321       -0.4352171224
  14  10        0.1655821144        0.4327628155
  14   9        0.0492611559       -0.1479798694
  14   8       -0.3116986703       -0.3528415405
  14   7       -0.0422561087        0.5252061720
  14   6        0.0784273859       -0.0889352622
  14   5       -0.5311218448        0.2225920015
  14   4        0.3501265543       -0.2926141037
  14   3        0.3972471826        0.0745520808
  14   2       -0.0988276468        0.3545323646
  14   1       -0.0094371925       -0.0492626246
  14   0       -0.2960575579        0.0000000000
  14  -1        0.0094371925       -0.0492626246
  14  -2       -0.0988276468       -0.3545323646
  14  -3       -0.3972471826        0.0745520808
  14  -4        0.3501265543        0.2926141037
  14  -5        0.5311218448        0.2225920015
  14  -6        0.0784273859        0.0889352622
  14  -7        0.0422561087        0.5252061720
  14  -8       -0.3116986703        0.3528415405
  14  -9       -0.0492611559       -0.1479798694
  14 -10        0.1655821144       -0.4327628155
  14 -11       -0.1171949321       -0.4352171224
  14 -12        0.4836418802       -0.1425124060
  14 -13        0.5326963760        0.2256273038
  14 -14       -0.2269130363        0.1384914370
  15  15        0.0294244847       -0.3794805590
  15  14        0.2386116974        0.6017484807
  15  13        0.0358571678       -0.1449685349
  15  12       -0.0382994331       -0.1854598811
  15  11       -0.4213303126       -0.5837985730
  15  10       -0.2501805096        0.1354350921
  15   9        0.0802971522       -0.2955929878
  15   8       -0.3257025903        0.0666571555
  15   7       -0.2936775044        0.1718490103
  15   6        0.3175559054        0.0416019279
  15   5       -0.1512860932        0.1885030581
  15   4        0.1359516490       -0.3209794312
  15   3        0.0834593636        0.0418277805
  15   2       -0.1183067401       -0.1472302428
  15   1        0.1219550521       -0.1970874327
  15   0        0.0931990227        0.0000000000
  15  -1       -0.1219550521       -0.1970874327
  15  -2       -0.1183067401        0.1472302428
  15  -3       -0.0834593636        0.0418277805
  15  -4        0.1359516490        0.3209794312
  15  -5        0.1512860932        0.1885030581
  15  -6        0.3175559054       -0.0416019279
  15  -7        0.2936775044        0.1718490103
  15  -8       -0.3257025903       -0.0666571555
  15  -9       -0.0802971522       -0.2955929878
  15 -10       -0.2501805096       -0.1354350921
  15 -11        0.4213303126       -0.5837985730
  15 -12       -0.0382994331        0.1854598811
  15 -13       -0.0358571678       -0.1449685349
  15 -14        0.2386116974       -0.6017484807
  15 -15       -0.0294244847       -0.3794805590
  16  16       -0.2452477728       -0.5328273317
  16  15        0.1867833055       -0.0732743560
  16  14        0.0655456095       -0.3111875487
  16  13       -0.1251960543       -0.3061702804
  16  12        0.1532880030       -0.0453114059
  16  11        0.1319318288       -0.1785760739
  16  10       -0.1961326541        0.2659798865
  16   9        0.0530112732        0.0783258230
  16   8        0.0208053334        0.3415062179
  16   7       -0.0888389622        0.0553021740
  16   6        0.5194358045        0.0492040970
  16   5       -0.3873024670        0.0430692894
  16   4       -0.1145840279       -0.0994372346
  16   3        0.1060610875       -0.0781197540
  16   2        0.0785856796       -0.1452605770
  16   1       -0.0799978626        0.1981388365
  16   0       -0.2094001788        0.0000000000
  16  -1        0.0799978626        0.1981388365
  16  -2        0.0785856796        0.1452605770
  16  -3       -0.1060610875       -0.0781197540
  16  -4       -0.1145840279        0.0994372346
  16  -5        0.3873024670        0.0430692894
  16  -6        0.5194358045       -0.0492040970
  16  -7        0.0888389622        0.0553021740
  16  -8        0.0208053334       -0.3415062179
  16  -9       -0.0530112732        0.0783258230
  16 -10       -0.1961326541       -0.2659798865
  16 -11       -0.1319318288       -0.1785760739
  16 -12        0.1532880030        0.0453114059
  16 -13        0.1251960543       -0.3061702804
  16 -14        0.0655456095        0.3111875487
  16 -15       -0.1867833055       -0.0732743560
  16 -16       -0.2452477728        0.5328273317
  17  17        0.4216711986        0.5853292940
  17  16       -0.0597719609       -0.0913709623
  17  15        0.0365851441        0.2352181829
  17  14       -0.2948432162       -0.1040956636
  17  13        0.2978220447       -0.2724004386
  17  12        0.0536488747        0.4086107918
  17  11        0.4832616071       -0.2469029086
  17  10       -0.1090600582        0.1721616420
  17   9       -0.1319508927       -0.2722030723
  17   8        0.1493978263       -0.0703178227
  17   7       -0.1624984179        0.1001204299
  17   6        0.1252261529       -0.2483438602
  17   5       -0.0668146747       -0.2645959238
  17   4       -0.1587835272       -0.0749633829
  17   3        0.0110741503       -0.3190801610
  17   2        0.2177475746       -0.0760931351
  17   1       -0.0380284977        0.1945829066
  17   0       -0.0586068110        0.0000000000
  17  -1        0.0380284977        0.1945829066
  17  -2        0.2177475746        0.0760931351
  17  -3       -0.0110741503       -0.3190801610
  17  -4       -0.1587835272        0.0749633829
  17  -5        0.0668146747       -0.2645959238
  17  -6        0.1252261529        0.2483438602
  17  -7        0.1624984179        0.1001204299
  17  -8        0.1493978263        0.0703178227
  17  -9        0.1319508927       -0.2722030723
  17 -10       -0.1090600582       -0.1721616420
  17 -11       -0.4832616071       -0.2469029086
  17 -12        0.0536488747       -0.4086107918
  17 -13       -0.2978220447       -0.2724004386
  17 -14       -0.2948432162        0.1040956636
  17 -15       -0.0365851441        0.2352181829
  17 -16       -0.0597719609        0.0913709623
  17 -17       -0.4216711986        0.5853292940
  18  18       -0.1001098642       -0.5866064797
  18  17       -0.0183387280        0.0266763135
  18  16       -0.4681043203       -0.1175825328
  18  15        0.2879686024       -0.0579900327
  18  14       -0.1473844975        0.0011416380
  18  13        0.2866398037       -0.2085930756
  18  12        0.0832266008        0.1607167590
  18  11       -0.1032946188       -0.2016155514
  18  10       -0.2787055635        0.0082782225
  18   9        0.0920652447       -0.2095270721
  18   8        0.3457456592       -0.0940423942
  18   7       -0.0080784496        0.0252662941
  18   6       -0.0384338184       -0.0528484476
  18   5       -0.0012972413       -0.1366930938
  18   4        0.2725836561       -0.0709006679
  18   3       -0.2061099605        0.0232293349
  18   2       -0.1529961768        0.0647751017
  18   1        0.1851916429        0.1123732094
  18   0        0.2140173834        0.0000000000
  18  -1       -0.1851916429        0.1123732094
  18  -2       -0.1529961768       -0.0647751017
  18  -3        0.2061099605        0.0232293349
  18  -4        0.2725836561        0.0709006679
  18  -5        0.0012972413       -0.1366930938
  18  -6       -0.0384338184        0.0528484476
  18  -7        0.0080784496        0.0252662941
  18  -8        0.3457456592        0.0940423942
  18  -9       -0.0920652447       -0.2095270721
  18 -10       -0.2787055635       -0.0082782225
  18 -11        0.1032946188       -0.2016155514
  18 -12        0.0832266008       -0.1607167590
  18 -13       -0.2866398037       -0.2085930756
  18 -14       -0.1473844975       -0.0011416380
  18 -15       -0.2879686024       -0.0579900327
  18 -16       -0.4681043203        0.1175825328
  18 -17        0.0183387280        0.0266763135
  18 -18       -0.1001098642        0.5866064797
  19  19       -0.4364545729        0.0986437395
  19  18       -0.1379356442        0.2117092972
  19  17        0.0277767884        0.4046159823
  19  16       -0.0708098140       -0.0210989655
  19  15       -0.1498316648       -0.0522119807
  19  14       -0.0975835562        0.0333674336
  19  13        0.0712840913        0.3063120144
  19  12       -0.3137853379        0.1996016694
  19  11        0.0647230824        0.1120819078
  19  10        0.3712492155       -0.0316981186
  19   9        0.2414831444       -0.1546318050
  19   8        0.0915386853        0.0496039948
  19   7       -0.0418912982        0.0473739935
  19   6       -0.0121870769        0.1528240129
  19   5        0.0839316549       -0.0921425023
  19   4        0.0347873758        0.0695529954
  19   3        0.0621454879       -0.0051286441
  19   2       -0.0655621897       -0.0166338591
  19   1        0.0491196369       -0.0228022421
  19   0        0.2636979170        0.0000000000
  19  -1       -0.0491196369       -0.0228022421
  19  -2       -0.0655621897        0.0166338591
  19  -3       -0.0621454879       -0.0051286441
  19  -4        0.0347873758       -0.0695529954
  19  -5       -0.0839316549       -0.0921425023
  19  -6       -0.0121870769       -0.1528240129
  19  -7        0.0418912982        0.0473739935
  19  -8        0.0915386853       -0.0496039948
  19  -9       -0.2414831444       -0.1546318050
  19 -10        0.3712492155        0.0316981186
  19 -11       -0.0647230824        0.1120819078
  19 -12       -0.3137853379       -0.1996016694
  19 -13       -0.0712840913        0.3063120144
  19 -14       -0.0975835562       -0.0333674336
  19 -15        0.1498316648       -0.0522119807
  19 -16       -0.0708098140        0.0210989655
  19 -17       -0.0277767884        0.4046159823
  19 -18       -0.1379356442       -0.2117092972
  19 -19        0.4364545729        0.0986437395
  20  20        0.3328073558        0.0084142975
  20  19        0.4030837480        0.1127051878
  20  18        0.2179552359       -0.0765120130
  20  17       -0.0054717574        0.0163453142
  20  16       -0.0973331666        0.0244105374
  20  15        0.1357133506        0.1452162196
  20  14       -0.0761382802       -0.2276052433
  20  13        0.2218894074        0.1196074089
  20  12       -0.3166843413       -0.1827621072
  20  11       -0.0060085567       -0.0509989969
  20  10        0.0827363354       -0.2702344693
  20   9        0.0950131086        0.0676390699
  20   8       -0.1053162596        0.0522041127
  20   7       -0.1637745780        0.1538539886
  20   6       -0.0033061169        0.2803731928
  20   5       -0.0103275329       -0.0753889569
  20   4        0.1077598137       -0.0563974203
  20   3       -0.1165078575        0.0851210170
  20   2        0.0081644164       -0.0380242801
  20   1        0.0645430752       -0.0903991583
  20   0       -0.1755556876        0.0000000000
  20  -1       -0.0645430752       -0.0903991583
  20  -2        0.0081644164        0.0380242801
  20  -3        0.1165078575        0.0851210170
  20  -4        0.1077598137        0.0563974203
  20  -5        0.0103275329       -0.0753889569
  20  -6       -0.0033061169       -0.2803731928
  20  -7        0.1637745780        0.1538539886
  20  -8       -0.1053162596       -0.0522041127
  20  -9       -0.0950131086        0.0676390699
  20 -10        0.0827363354        0.2702344693
  20 -11        0.0060085567       -0.0509989969
  20 -12       -0.3166843413        0.1827621072
  20 -13       -0.2218894074        0.1196074089
  20 -14       -0.0761382802        0.2276052433
  20 -15       -0.1357133506        0.1452162196
  20 -16       -0.0973331666       -0.0244105374
  20 -17        0.0054717574        0.0163453142
  20 -18        0.2179552359        0.0765120130
  20 -19       -0.4030837480        0.1127051878
  20 -20        0.3328073558       -0.0084142975
  21  21       -0.4169496973       -0.1362634595
  21  20        0.1330967537       -0.3692368166
  21  19       -0.1496226694        0.3876417288
  21  18        0.0365562036       -0.1382181977
  21  17       -0.0128087144        0.1756364089
  21  16       -0.0817584470       -0.1767461815
  21  15        0.0316416374        0.2040136872
  21  14       -0.2761175498       -0.1256283331
  21  13        0.0194333307       -0.1472681567
  21  12       -0.1813825460       -0.1823742550
  21  11       -0.0162752181        0.0423638584
  21  10       -0.2541518273       -0.1571804589
  21   9        0.1646291203        0.0839763481
  21   8       -0.0320762238        0.1416050464
  21   7       -0.1863639549       -0.0623098990
  21   6        0.0615108621        0.3642613882
  21   5        0.1512334736        0.0119577096
  21   4        0.2298532627       -0.0855572076
  21   3       -0.0093454060       -0.2081937616
  21   2        0.0396004716       -0.0196937129
  21   1       -0.0970760668       -0.0690257366
  21   0        0.2607114193        0.0000000000
  21  -1        0.0970760668       -0.0690257366
  21  -2        0.0396004716        0.0196937129
  21  -3        0.0093454060       -0.2081937616
  21  -4        0.2298532627        0.0855572076
  21  -5       -0.1512334736        0.0119577096
  21  -6        0.0615108621       -0.3642613882
  21  -7        0.1863639549       -0.0623098990
  21  -8       -0.0320762238       -0.1416050464
  21  -9       -0.1646291203        0.0839763481
  21 -10       -0.2541518273        0.1571804589
  21 -11        0.0162752181        0.0423638584
  21 -12       -0.1813825460        0.1823742550
  21 -13       -0.0194333307       -0.1472681567
  21 -14       -0.2761175498        0.1256283331
  21 -15       -0.0316416374        0.2040136872
  21 -16       -0.0817584470        0.1767461815
  21 -17        0.0128087144        0.1756364089
  21 -18        0.0365562036        0.1382181977
  21 -19        0.1496226694        0.3876417288
  21 -20        0.1330967537        0.3692368166
  21 -21        0.4169496973       -0.1362634595
  22  22        0.1343612306        0.0772607304
  22  21       -0.0811935048        0.1096309235
  22  20        0.0666573264        0.2110985852
  22  19        0.1576074426        0.2868403279
  22  18       -0.0399050776        0.0871611520
  22  17        0.2675741816        0.1459065581
  22  16        0.1714466582       -0.0542864763
  22  15        0.2038198063        0.2819993865
  22  14       -0.1098051107       -0.1440867305
  22  13        0.2360790889        0.1851515248
  22  12        0.0348982697        0.1002146485
  22  11        0.3580374628       -0.3413686137
  22  10       -0.1209164029       -0.0369052338
  22   9        0.2205621303        0.0168419327
  22   8        0.1481288473        0.0176881325
  22   7       -0.0632908700       -0.1918651552
  22   6       -0.0462707854        0.0892109553
  22   5       -0.2534789933       -0.1166113572
  22   4       -0.1245910300       -0.0966078762
  22   3       -0.0571881145        0.2708218368
  22   2        0.1324339952        0.0096576811
  22   1        0.0189853567       -0.1177980160
  22   0       -0.1471068602        0.0000000000
  22  -1       -0.0189853567       -0.1177980160
  22  -2        0.1324339952       -0.0096576811
  22  -3        0.0571881145        0.2708218368
  22  -4       -0.1245910300        0.0966078762
  22  -5        0.2534789933       -0.1166113572
  22  -6       -0.0462707854       -0.0892109553
  22  -7        0.0632908700       -0.1918651552
  22  -8        0.1481288473       -0.0176881325
  22  -9       -0.2205621303        0.0168419327
  22 -10       -0.1209164029        0.0369052338
  22 -11       -0.3580374628       -0.3413686137
  22 -12        0.0348982697       -0.1002146485
  22 -13       -0.2360790889        0.1851515248
  22 -14       -0.1098051107        0.1440867305
  22 -15       -0.2038198063        0.2819993865
  22 -16        0.1714466582        0.0542864763
  22 -17       -0.2675741816        0.1459065581
  22 -18       -0.0399050776       -0.0871611520
  22 -19       -0.1576074426        0.2868403279
  22 -20        0.0666573264       -0.2110985852
  22 -21        0.0811935048        0.1096309235
  22 -22        0.1343612306       -0.0772607304
  23  23        0.0307833636       -0.2763159596
  23  22       -0.1894784007       -0.1578152679
  23  21       -0.2643236172        0.1118144974
  23  20       -0.0210251609        0.0933500463
  23  19        0.0826829761       -0.0840320845
  23  18       -0.0927737751       -0.1598740475
  23  17       -0.2067374185        0.0809366558
  23  16        0.0638220385        0.1244312963
  23  15       -0.2495444236       -0.0068998013
  23  14       -0.0817910728       -0.2454541235
  23  13       -0.1364160894       -0.0662722134
  23  12        0.0338180600       -0.1809844839
  23  11       -0.0774295431       -0.0717122198
  23  10       -0.1156378010       -0.1342224907
  23   9       -0.1196601659        0.1728505384
  23   8        0.0746764939        0.0642112162
  23   7       -0.0424245653        0.0310782217
  23   6       -0.1439230340        0.1374401965
  23   5        0.1581061989        0.1955879368
  23   4       -0.0291492519       -0.2172155442
  23   3       -0.0001554411       -0.2292383739
  23   2        0.2339387385       -0.1725326269
  23   1        0.1541911658        0.0658149740
  23   0        0.0765954504        0.0000000000
  23  -1       -0.1541911658        0.0658149740
  23  -2        0.2339387385        0.1725326269
  23  -3        0.0001554411       -0.2292383739
  23  -4       -0.0291492519        0.2172155442
  23  -5       -0.1581061989        0.1955879368
  23  -6       -0.1439230340       -0.1374401965
  23  -7        0.0424245653        0.0310782217
  23  -8        0.0746764939       -0.0642112162
  23  -9        0.1196601659        0.1728505384
  23 -10       -0.1156378010        0.1342224907
  23 -11        0.0774295431       -0.0717122198
  23 -12        0.0338180600        0.1809844839
  23 -13        0.1364160894       -0.0662722134
  23 -14       -0.0817910728        0.2454541235
  23 -15        0.2495444236       -0.0068998013
  23 -16        0.0638220385       -0.1244312963
  23 -17        0.2067374185        0.0809366558
  23 -18       -0.0927737751        0.1598740475
  23 -19       -0.0826829761       -0.0840320845
  23 -20       -0.0210251609       -0.0933500463
  23 -21        0.2643236172        0.1118144974
  23 -22       -0.1894784007        0.1578152679
  23 -23       -0.0307833636       -0.2763159596
  24  24       -0.3209565406        0.1856552798
  24  23        0.0378187531        0.0927602243
  24  22        0.2336866356        0.2712270770
  24  21       -0.2138723708       -0.0836160329
  24  20        0.1214996319        0.0429570079
  24  19       -0.0864483296       -0.0103577095
  24  18        0.0555883701        0.0060741440
  24  17       -0.2822364028        0.1170537322
  24  16        0.0055179899       -0.1080867361
  24  15        0.0149452921        0.0393732199
  24  14        0.1691991221        0.0508563591
  24  13       -0.0111706035        0.1394353287
  24  12       -0.0155324362       -0.0278919746
  24  11        0.2784563627        0.0494995062
  24  10       -0.0593135745        0.1136821858
  24   9        0.1498840133        0.3005783137
  24   8        0.0642619851       -0.0803731029
  24   7        0.2201195002       -0.0858146694
  24   6        0.0840755116        0.0999679101
  24   5        0.0300393412        0.1494521925
  24   4        0.1661880469       -0.2247913142
  24   3        0.1977035098       -0.3041354491
  24   2       -0.0850409022       -0.0195576667
  24   1        0.0163294815        0.2385068249
  24   0       -0.1547716840        0.0000000000
  24  -1       -0.0163294815        0.2385068249
  24  -2       -0.0850409022        0.0195576667
  24  -3       -0.1977035098       -0.3041354491
  24  -4        0.1661880469        0.2247913142
  24  -5       -0.0300393412        0.1494521925
  24  -6        0.0840755116       -0.0999679101
  24  -7       -0.2201195002       -0.0858146694
  24  -8        0.0642619851        0.0803731029
  24  -9       -0.1498840133        0.3005783137
  24 -10       -0.0593135745       -0.1136821858
  24 -11       -0.2784563627        0.0494995062
  24 -12       -0.0155324362        0.0278919746
  24 -13        0.0111706035        0.1394353287
  24 -14        0.1691991221       -0.0508563591
  24 -15       -0.0149452921        0.0393732199
  24 -16        0.0055179899        0.1080867361
  24 -17        0.2822364028        0.1170537322
  24 -18        0.0555883701       -0.0060741440
  24 -19        0.0864483296       -0.0103577095
  24 -20        0.1214996319       -0.0429570079
  24 -21        0.2138723708       -0.0836160329
  24 -22        0.2336866356       -0.2712270770
  24 -23       -0.0378187531        0.0927602243
  24 -24       -0.3209565406       -0.1856552798
  25  25        0.2977306582       -0.2494282007
  25  24        0.0894398111        0.0162415807
  25  23        0.2525572768       -0.1643115520
  25  22        0.2429473838       -0.0653198071
  25  21        0.1427099639       -0.1177074648
  25  20        0.0403929739       -0.1130788013
  25  19       -0.0502227867       -0.2171548492
  25  18        0.0361006843       -0.3378173850
  25  17        0.2274751895        0.1865833321
  25  16       -0.2545975244        0.0659114614
  25  15       -0.1797191010       -0.0831873762
  25  14        0.2657365382        0.0983077519
  25  13       -0.0169467806       -0.2496359529
  25  12        0.1494813802        0.2031852602
  25  11        0.1084566529        0.0719526220
  25  10        0.0025558146        0.1941911608
  25   9        0.1288353547        0.0039185138
  25   8       -0.1019055518        0.1051936730
  25   7        0.0349113012       -0.1436210258
  25   6       -0.0828188500       -0.0203501060
  25   5        0.1150273317       -0.0315671102
  25   4       -0.0420026493       -0.2375087200
  25   3       -0.0421520590        0.2008505066
  25   2        0.0334320160        0.1402556475
  25   1        0.0190120353        0.1731842623
  25   0        0.1496695177        0.0000000000
  25  -1       -0.0190120353        0.1731842623
  25  -2        0.0334320160       -0.1402556475
  25  -3        0.0421520590        0.2008505066
  25  -4       -0.0420026493        0.2375087200
  25  -5       -0.1150273317       -0.0315671102
  25  -6       -0.0828188500        0.0203501060
  25  -7       -0.0349113012       -0.1436210258
  25  -8       -0.1019055518       -0.1051936730
  25  -9       -0.1288353547        0.0039185138
  25 -10        0.0025558146       -0.1941911608
  25 -11       -0.1084566529        0.0719526220
  25 -12        0.1494813802       -0.2031852602
  25 -13        0.0169467806       -0.2496359529
  25 -14        0.2657365382       -0.0983077519
  25 -15        0.1797191010       -0.0831873762
  25 -16       -0.2545975244       -0.0659114614
  25 -17       -0.2274751895        0.1865833321
  25 -18        0.0361006843        0.3378173850
  25 -19        0.0502227867       -0.2171548492
  25 -20        0.0403929739        0.1130788013
  25 -21       -0.1427099639       -0.1177074648
  25 -22        0.2429473838        0.0653198071
  25 -23       -0.2525572768       -0.1643115520
  25 -24        0.0894398111       -0.0162415807
  25 -25       -0.2977306582       -0.2494282007
  26  26       -0.1001495655        0.1871853920
  26  25       -0.0950186688        0.0076486534
  26  24        0.0905212824       -0.2513024080
  26  23        0.0038294428       -0.0947797132
  26  22        0.0833002746       -0.1165159683
  26  21       -0.2734382048       -0.0223546384
  26  20        0.2047051364        0.0430470862
  26  19       -0.4217848880       -0.1279705983
  26  18       -0.1390795243       -0.0425916032
  26  17       -0.1283347257       -0.0150994144
  26  16       -0.0526258274       -0.1761495544
  26  15        0.0020752740        0.1311975129
  26  14        0.0658198943       -0.0067504468
  26  13       -0.2107633641       -0.0769808677
  26  12        0.1347123921       -0.2006022378
  26  11       -0.1076986161        0.2697535946
  26  10        0.1760455408        0.0025969531
  26   9       -0.1727571658        0.0311883043
  26   8       -0.0311324125       -0.0388736826
  26   7        0.0466039400       -0.0699642663
  26   6       -0.0686465891        0.2648308370
  26   5        0.2322003994        0.0999894197
  26   4        0.0337174381       -0.0074507129
  26   3       -0.1013029185       -0.1717692413
  26   2       -0.2164744011        0.0376209205
  26   1       -0.0141815626        0.1360667553
  26   0        0.1052389104        0.0000000000
  26  -1        0.0141815626        0.1360667553
  26  -2       -0.2164744011       -0.0376209205
  26  -3        0.1013029185       -0.1717692413
  26  -4        0.0337174381        0.0074507129
  26  -5       -0.2322003994        0.0999894197
  26  -6       -0.0686465891       -0.2648308370
  26  -7       -0.0466039400       -0.0699642663
  26  -8       -0.0311324125        0.0388736826
  26  -9        0.1727571658        0.0311883043
  26 -10        0.1760455408       -0.0025969531
  26 -11        0.1076986161        0.2697535946
  26 -12        0.1347123921        0.2006022378
  26 -13        0.2107633641       -0.0769808677
  26 -14        0.0658198943        0.0067504468
  26 -15       -0.0020752740        0.1311975129
  26 -16       -0.0526258274        0.1761495544
  26 -17        0.1283347257       -0.0150994144
  26 -18       -0.1390795243        0.0425916032
  26 -19        0.4217848880       -0.1279705983
  26 -20        0.2047051364       -0.0430470862
  26 -21        0.2734382048       -0.0223546384
  26 -22        0.0833002746        0.1165159683
  26 -23       -0.0038294428       -0.0947797132
  26 -24        0.0905212824        0.2513024080
  26 -25        0.0950186688        0.0076486534
  26 -26       -0.1001495655       -0.1871853920
