   0   0      471.0044329712        0.0000000000
   1   1      -17.5326923569      -12.2206434786
   1   0       -8.9980126028        0.0000000000
   1  -1       17.5326923569      -12.2206434786
   2   2      -32.2914988202       19.9175498237
   2   1      -18.2677888402      -88.1587972286
   2   0        5.5161523546        0.0000000000
   2  -1       18.2677888402      -88.1587972286
   2  -2      -32.2914988202      -19.9175498237
   3   3      -13.9433955034        2.1407488181
   3   2       -4.9556337383       -9.4896758088
   3   1        4.5526194643        0.5571802685
   3   0       38.7221075014        0.0000000000
   3  -1       -4.5526194643        0.5571802685
   3  -2       -4.9556337383        9.4896758088
   3  -3       13.9433955034        2.1407488181
   4   4       -3.7661062385       -4.6794191104
   4   3        8.9888316904      -13.8555798839
   4   2      -12.5428336385       -7.7239583733
   4   1       13.3900335345        2.5723712564
   4   0       -2.5555691382        0.0000000000
   4  -1      -13.3900335345        2.5723712564
   4  -2      -12.5428336385        7.7239583733
   4  -3       -8.9888316904      -13.8555798839
   4  -4       -3.7661062385        4.6794191104
   5   5        0.8950985221       -4.1765346897
   5   4        6.8435434044        2.6663024614
   5   3        1.4635768931        5.2919188890
   5   2        2.0901009222        0.0496505959
   5   1        7.9629023396       -1.9822360366
   5   0        4.0221795345        0.0000000000
   5  -1       -7.9629023396       -1.9822360366
   5  -2        2.0901009222       -0.0496505959
   5  -3       -1.4635768931        5.2919188890
   5  -4        6.8435434044       -2.6663024614
   5  -5       -0.8950985221       -4.1765346897
   6   6       -3.2420966806       -0.8099488084
   6   5        2.8551881008        2.9471094845
   6   4       -3.8090796881       -0.2360894318
   6   3       -0.9478182149       -2.4346558040
   6   2       -1.6012623692       -3.9767466954
   6   1       -1.1270461528        0.9344877102
   6   0        7.5961901975        0.0000000000
   6  -1        1.1270461528        0.9344877102
   6  -2       -1.6012623692        3.9767466954
   6  -3        0.9478182149       -2.4346558040
   6  -4       -3.8090796881        0.2360894318
   6  -5       -2.8551881008        2.9471094845
   6  -6       -3.2420966806        0.8099488084
   7   7        1.9091363338       -0.2834292463
   7   6       -0.7976353510       -1.4475244083
   7   5       -0.3243779169        3.8892743974
   7   4       -1.2067313309       -1.0547665050
   7   3       -2.5227716894       -4.8721128309
   7   2        4.3029700745       -3.9703805989
   7   1        2.0351741652       -2.6270390806
   7   0        0.0328669928        0.0000000000
   7  -1       -2.0351741652       -2.6270390806
   7  -2        4.3029700745        3.9703805989
   7  -3        2.5227716894       -4.8721128309
   7  -4       -1.2067313309        1.0547665050
   7  -5        0.3243779169        3.8892743974
   7  -6       -0.7976353510        1.4475244083
   7  -7       -1.9091363338       -0.2834292463
   8   8        1.7180870590       -0.4619051655
   8   7       -2.2898971166        2.8620513488
   8   6       -4.1762471774       -1.2112981084
   8   5       -2.4074491458        2.0861162243
   8   4       -5.4731755957       -1.2104110576
   8   3        3.0345989537       -3.9950043431
   8   2        0.2233326556       -1.7772949339
   8   1        3.1388985025        1.7753020146
   8   0        1.6328096314        0.0000000000
   8  -1       -3.1388985025        1.7753020146
   8  -2        0.2233326556        1.7772949339
   8  -3       -3.0345989537       -3.9950043431
   8  -4       -5.4731755957        1.2104110576
   8  -5        2.4074491458        2.0861162243
   8  -6       -4.1762471774        1.2112981084
   8  -7        2.2898971166        2.8620513488
   8  -8        1.7180870590        0.4619051655
   9   9       -0.1534190530        0.5515711977
   9   8        1.2394510787       -1.8962436307
   9   7       -2.7347036084        0.6858374917
   9   6        0.4029255470       -1.0356151501
   9   5       -1.2251102626        0.1230811449
   9   4        2.2352370874       -0.7404389477
   9   3        2.4192747031       -3.7773426591
   9   2        3.7677292791        3.0735828750
   9   1        0.0006800911        0.8903702705
   9   0       -1.8906620335        0.0000000000
   9  -1       -0.0006800911        0.8903702705
   9  -2        3.7677292791       -3.0735828750
   9  -3       -2.4192747031       -3.7773426591
   9  -4        2.2352370874        0.7404389477
   9  -5        1.2251102626        0.1230811449
   9  -6        0.4029255470        1.0356151501
   9  -7        2.7347036084        0.6858374917
   9  -8        1.2394510787        1.8962436307
   9  -9        0.1534190530        0.5515711977
  10  10       -0.8367785183       -0.6114750289
  10   9        1.5619553373        0.6983347002
  10   8        1.5357145203       -0.0438156583
  10   7       -0.4038967310        2.7119897830
  10   6       -1.2368305799       -1.1739672007
  10   5        0.3533158057        1.2695057584
  10   4       -0.1738083274       -1.0990948095
  10   3        1.3667796791        2.0234679075
  10   2       -0.6001319610        0.9797556483
  10   1       -0.2703517213       -0.5211529732
  10   0       -1.2880213972        0.0000000000
  10  -1        0.2703517213       -0.5211529732
  10  -2       -0.6001319610       -0.9797556483
  10  -3       -1.3667796791        2.0234679075
  10  -4       -0.1738083274        1.0990948095
  10  -5       -0.3533158057        1.2695057584
  10  -6       -1.2368305799        1.1739672007
  10  -7        0.4038967310        2.7119897830
  10  -8        1.5357145203        0.0438156583
  10  -9       -1.5619553373        0.6983347002
  10 -10       -0.8367785183        0.6114750289
  11  11        0.2553785314       -0.7912811228
  11  10        1.9412151369       -0.0470657544
  11   9       -1.6482909282        2.1978382736
  11   8        0.2650860081        0.4297258194
  11   7        0.8278232420        0.5791991042
  11   6       -0.2540177974        1.0638617505
  11   5       -0.2123761119       -0.4097325320
  11   4        0.1267237496       -0.3929810727
  11   3        1.7426461775       -0.2081897370
  11   2        0.5430142153        1.1698261169
  11   1        0.4689507495        0.9387104386
  11   0       -0.9741498176        0.0000000000
  11  -1       -0.4689507495        0.9387104386
  11  -2        0.5430142153       -1.1698261169
  11  -3       -1.7426461775       -0.2081897370
  11  -4        0.1267237496        0.3929810727
  11  -5        0.2123761119       -0.4097325320
  11  -6       -0.2540177974       -1.0638617505
  11  -7       -0.8278232420        0.5791991042
  11  -8        0.2650860081       -0.4297258194
  11  -9        1.6482909282        2.1978382736
  11 -10        1.9412151369        0.0470657544
  11 -11       -0.2553785314       -0.7912811228
  12  12        0.8044422115       -0.4447330184
  12  11       -0.0113224732        0.9281934880
  12  10        0.8022675241       -0.9789361897
  12   9       -0.0482800015        0.8980471743
  12   8        1.1255004039        0.6493584924
  12   7       -0.2733623740        1.4604163091
  12   6       -0.9243618198        0.4007763550
  12   5       -2.3013962276        0.5378156999
  12   4        0.7864045334       -1.0820498500
  12   3        1.1438105345        0.9390276428
  12   2        0.8482637408       -0.1066199779
  12   1       -0.2034584741        0.4048909641
  12   0        1.7759779139        0.0000000000
  12  -1        0.2034584741        0.4048909641
  12  -2        0.8482637408        0.1066199779
  12  -3       -1.1438105345        0.9390276428
  12  -4        0.7864045334        1.0820498500
  12  -5        2.3013962276        0.5378156999
  12  -6       -0.9243618198       -0.4007763550
  12  -7        0.2733623740        1.4604163091
  12  -8        1.1255004039       -0.6493584924
  12  -9        0.0482800015        0.8980471743
  12 -10        0.8022675241        0.9789361897
  12 -11        0.0113224732        0.9281934880
  12 -12        0.8044422115        0.4447330184
  13  13        0.1302905428        0.4173958136
  13  12        0.1032896632        0.3281062426
  13  11       -1.1409243761       -0.8803693645
  13  10        0.9894069376       -0.7673230361
  13   9        0.4506452020        0.5750016769
  13   8        1.6904075768       -0.1202949524
  13   7       -0.7219441672        0.5626404974
  13   6       -1.2633682111       -0.3867266256
  13   5        0.4261909695       -2.3551514329
  13   4        0.7205069447       -0.8181019176
  13   3        1.9867437153        0.2670314940
  13   2        0.6051321826        0.6460746860
  13   1        0.3868589380        0.7419621623
  13   0        0.3483803819        0.0000000000
  13  -1       -0.3868589380        0.7419621623
  13  -2        0.6051321826       -0.6460746860
  13  -3       -1.9867437153        0.2670314940
  13  -4        0.7205069447        0.8181019176
  13  -5       -0.4261909695       -2.3551514329
  13  -6       -1.2633682111        0.3867266256
  13  -7        0.7219441672        0.5626404974
  13  -8        1.6904075768        0.1202949524
  13  -9       -0.4506452020        0.5750016769
  13 -10        0.9894069376        0.7673230361
  13 -11        1.1409243761       -0.8803693645
  13 -12        0.1032896632       -0.3281062426
  13 -13       -0.1302905428        0.4173958136
  14  14       -0.1543745508       -0.3137815098
  14  13       -0.0090396659       -0.9185600664
  14  12        0.1562925786       -0.1255408686
  14  11       -0.2050741059       -1.4418394092
  14  10        1.5058821010        0.0418907713
  14   9       -0.2280391864        0.5489635331
  14   8       -0.6521527568        0.1236164038
  14   7        0.2407809979        0.9988390071
  14   6        0.3266818945       -0.7449552189
  14   5        0.5204062011        0.5994719427
  14   4        2.4228527779        1.1284589044
  14   3       -0.1106623037        1.6036584387
  14   2        0.2455028253        1.1951875328
  14   1       -0.6402844217       -0.5267887762
  14   0       -0.5624551979        0.0000000000
  14  -1        0.6402844217       -0.5267887762
  14  -2        0.2455028253       -1.1951875328
  14  -3        0.1106623037        1.6036584387
  14  -4        2.4228527779       -1.1284589044
  14  -5       -0.5204062011        0.5994719427
  14  -6        0.3266818945        0.7449552189
  14  -7       -0.2407809979        0.9988390071
  14  -8       -0.6521527568       -0.1236164038
  14  -9        0.2280391864        0.5489635331
  14 -10        1.5058821010       -0.0418907713
  14 -11        0.2050741059       -1.4418394092
  14 -12        0.1562925786        0.1255408686
  14 -13        0.0090396659       -0.9185600664
  14 -14       -0.1543745508        0.3137815098
  15  15       -0.2586539104       -0.2171929815
  15  14        0.1293150667        0.3371307410
  15  13       -0.3298055625       -0.1763727028
  15  12        1.3876816626       -0.4288591761
  15  11       -0.4131123388       -0.3043512363
  15  10        1.1908930632        0.7525762735
  15   9       -0.7713688494       -0.3642568374
  15   8        0.0814494516       -0.0678745710
  15   7       -0.1069636346       -0.6566375645
  15   6        0.1959266671       -0.3758301628
  15   5        0.7131431463        0.5302713801
  15   4       -0.1628077498        1.4485384419
  15   3       -0.6973937227        0.8021387183
  15   2       -0.4384597768       -0.2019005315
  15   1       -0.2457748364       -0.3825341968
  15   0       -0.1158527727        0.0000000000
  15  -1        0.2457748364       -0.3825341968
  15  -2       -0.4384597768        0.2019005315
  15  -3        0.6973937227        0.8021387183
  15  -4       -0.1628077498       -1.4485384419
  15  -5       -0.7131431463        0.5302713801
  15  -6        0.1959266671        0.3758301628
  15  -7        0.1069636346       -0.6566375645
  15  -8        0.0814494516        0.0678745710
  15  -9        0.7713688494       -0.3642568374
  15 -10        1.1908930632       -0.7525762735
  15 -11        0.4131123388       -0.3043512363
  15 -12        1.3876816626        0.4288591761
  15 -13        0.3298055625       -0.1763727028
  15 -14        0.1293150667       -0.3371307410
  15 -15        0.2586539104       -0.2171929815
  16  16        0.3748389071       -0.2839519777
  16  15        0.3827943837        0.1669046790
  16  14       -0.0887726475        0.1238900568
  16  13        0.5023421130       -0.5533814288
  16  12       -0.5209277010        0.3706737845
  16  11        0.1964580066        0.2587779543
  16  10       -0.1484108453        0.1245472192
  16   9       -0.0015147746        0.2953527825
  16   8        0.9457464837       -0.1570622724
  16   7        0.0945877207        0.7373913599
  16   6        1.0870903627        0.0151198727
  16   5        0.2960858480        0.3440203943
  16   4        0.1849496278        0.9295636128
  16   3       -0.1580167154       -0.4413842661
  16   2       -0.6177006529       -0.0224608932
  16   1       -0.2148867850       -0.4217426110
  16   0       -0.1452342440        0.0000000000
  16  -1        0.2148867850       -0.4217426110
  16  -2       -0.6177006529        0.0224608932
  16  -3        0.1580167154       -0.4413842661
  16  -4        0.1849496278       -0.9295636128
  16  -5       -0.2960858480        0.3440203943
  16  -6        1.0870903627       -0.0151198727
  16  -7       -0.0945877207        0.7373913599
  16  -8        0.9457464837        0.1570622724
  16  -9        0.0015147746        0.2953527825
  16 -10       -0.1484108453       -0.1245472192
  16 -11       -0.1964580066        0.2587779543
  16 -12       -0.5209277010       -0.3706737845
  16 -13       -0.5023421130       -0.5533814288
  16 -14       -0.0887726475       -0.1238900568
  16 -15       -0.3827943837        0.1669046790
  16 -16        0.3748389071        0.2839519777
  17  17        0.2488429544       -0.3459937831
  17  16       -0.1599979954        0.3905057491
  17  15        0.0156910542       -0.6275266295
  17  14        0.1428412746        0.4823742115
  17  13       -0.1304467148       -0.5821373665
  17  12       -0.4003483069        0.7143245235
  17  11       -0.0213715669       -1.5916204843
  17  10        0.1726899680        0.2193474601
  17   9        0.2388511671        0.4963207048
  17   8       -0.9014092924        0.3072987987
  17   7       -0.3437327713       -0.0039296693
  17   6       -0.4690322489       -0.1378735223
  17   5        0.6852152926        0.2960257697
  17   4        0.2747107858        0.3781903739
  17   3        0.4046185130        0.3994094217
  17   2       -0.0195507553        0.0154515708
  17   1       -0.1426417314        0.3137002727
  17   0       -0.2492995761        0.0000000000
  17  -1        0.1426417314        0.3137002727
  17  -2       -0.0195507553       -0.0154515708
  17  -3       -0.4046185130        0.3994094217
  17  -4        0.2747107858       -0.3781903739
  17  -5       -0.6852152926        0.2960257697
  17  -6       -0.4690322489        0.1378735223
  17  -7        0.3437327713       -0.0039296693
  17  -8       -0.9014092924       -0.3072987987
  17  -9       -0.2388511671        0.4963207048
  17 -10        0.1726899680       -0.2193474601
  17 -11        0.0213715669       -1.5916204843
  17 -12       -0.4003483069       -0.7143245235
  17 -13        0.1304467148       -0.5821373665
  17 -14        0.1428412746       -0.4823742115
  17 -15       -0.0156910542       -0.6275266295
  17 -16       -0.1599979954       -0.3905057491
  17 -17       -0.2488429544       -0.3459937831
  18  18        0.5158485664       -0.0458213328
  18  17       -0.2621099314        0.2186797708
  18  16       -0.5206693745       -0.3907627914
  18  15        0.0449146338        0.1195322179
  18  14       -0.5193744435        0.4432083749
  18  13       -0.4044631787       -0.5862667797
  18  12        0.7907375192       -0.2661974021
  18  11        0.1733411701       -0.0601238763
  18  10        0.1800717997        0.1947658315
  18   9       -0.2902199717       -0.2951178841
  18   8       -0.2840528998       -0.4157414371
  18   7       -0.3609200108       -1.4784161236
  18   6        1.0054417285       -0.4723131174
  18   5        0.7572572081       -0.0076795188
  18   4       -0.0863919271        0.8010872698
  18   3        0.0948124251        0.3196418354
  18   2       -0.6527142406        0.2931108884
  18   1       -0.0543054359        0.0996352355
  18   0       -0.3054292691        0.0000000000
  18  -1        0.0543054359        0.0996352355
  18  -2       -0.6527142406       -0.2931108884
  18  -3       -0.0948124251        0.3196418354
  18  -4       -0.0863919271       -0.8010872698
  18  -5       -0.7572572081       -0.0076795188
  18  -6        1.0054417285        0.4723131174
  18  -7        0.3609200108       -1.4784161236
  18  -8       -0.2840528998        0.4157414371
  18  -9        0.2902199717       -0.2951178841
  18 -10        0.1800717997       -0.1947658315
  18 -11       -0.1733411701       -0.0601238763
  18 -12        0.7907375192        0.2661974021
  18 -13        0.4044631787       -0.5862667797
  18 -14       -0.5193744435       -0.4432083749
  18 -15       -0.0449146338        0.1195322179
  18 -16       -0.5206693745        0.3907627914
  18 -17        0.2621099314        0.2186797708
  18 -18        0.5158485664        0.0458213328
  19  19        0.5791221699        0.1286280933
  19  18       -0.6172221745        0.1602665820
  19  17       -0.1121156090       -0.2560077846
  19  16        0.0236368007        0.4072055423
  19  15       -0.3606672571       -0.2248213577
  19  14       -0.4808380861       -0.1003146803
  19  13        0.4186894815       -0.2978898131
  19  12        0.4003505809       -0.1136468916
  19  11        0.1683802218        0.1743384308
  19  10       -0.2064017756        0.3904785441
  19   9       -0.6727651863       -0.4775304592
  19   8       -0.3602794146       -0.4550857213
  19   7        0.7105975774       -0.2191575402
  19   6        0.6124154381       -0.2076120197
  19   5        0.5217731609        1.1414114232
  19   4       -0.1951984754        0.4498563052
  19   3       -0.4178422849        0.5062310783
  19   2       -0.2834099868       -0.4070058916
  19   1       -0.3070184214       -0.1811724493
  19   0       -0.1396812460        0.0000000000
  19  -1        0.3070184214       -0.1811724493
  19  -2       -0.2834099868        0.4070058916
  19  -3        0.4178422849        0.5062310783
  19  -4       -0.1951984754       -0.4498563052
  19  -5       -0.5217731609        1.1414114232
  19  -6        0.6124154381        0.2076120197
  19  -7       -0.7105975774       -0.2191575402
  19  -8       -0.3602794146        0.4550857213
  19  -9        0.6727651863       -0.4775304592
  19 -10       -0.2064017756       -0.3904785441
  19 -11       -0.1683802218        0.1743384308
  19 -12        0.4003505809        0.1136468916
  19 -13       -0.4186894815       -0.2978898131
  19 -14       -0.4808380861        0.1003146803
  19 -15        0.3606672571       -0.2248213577
  19 -16        0.0236368007       -0.4072055423
  19 -17        0.1121156090       -0.2560077846
  19 -18       -0.6172221745       -0.1602665820
  19 -19       -0.5791221699        0.1286280933
  20  20        0.2308705798        0.2022782017
  20  19        0.0146001310       -0.2873669019
  20  18       -0.6253446382        0.1550920487
  20  17        0.4771051020        0.2414713105
  20  16       -0.5464568264       -0.4566326456
  20  15        0.3335733729       -0.4865542203
  20  14       -0.4426181012       -0.2883682367
  20  13        0.6564686430        0.0637829703
  20  12       -0.0506084125        0.5082067818
  20  11       -0.3220347041        0.2893245323
  20  10       -0.0055527562       -0.7177287417
  20   9       -0.3692262928       -0.3941121032
  20   8        0.2718840509       -0.1846623566
  20   7        0.7544303376       -0.2970906835
  20   6       -0.0754788815        1.0123596373
  20   5       -0.2176903460        0.7895565820
  20   4       -0.3625823250       -0.1030312412
  20   3        0.0792018319       -0.0485998211
  20   2       -0.2371181620       -0.1624026331
  20   1       -0.1333669128        0.0814709421
  20   0        0.1892591380        0.0000000000
  20  -1        0.1333669128        0.0814709421
  20  -2       -0.2371181620        0.1624026331
  20  -3       -0.0792018319       -0.0485998211
  20  -4       -0.3625823250        0.1030312412
  20  -5        0.2176903460        0.7895565820
  20  -6       -0.0754788815       -1.0123596373
  20  -7       -0.7544303376       -0.2970906835
  20  -8        0.2718840509        0.1846623566
  20  -9        0.3692262928       -0.3941121032
  20 -10       -0.0055527562        0.7177287417
  20 -11        0.3220347041        0.2893245323
  20 -12       -0.0506084125       -0.5082067818
  20 -13       -0.6564686430        0.0637829703
  20 -14       -0.4426181012        0.2883682367
  20 -15       -0.3335733729       -0.4865542203
  20 -16       -0.5464568264        0.4566326456
  20 -17       -0.4771051020        0.2414713105
  20 -18       -0.6253446382       -0.1550920487
  20 -19       -0.0146001310       -0.2873669019
  20 -20        0.2308705798       -0.2022782017
  21  21        0.3421502740        0.4315242980
  21  20        0.1358581566       -0.2127996842
  21  19       -0.0710412709        0.0099860742
  21  18        0.1711026118        0.3943560199
  21  17        0.4455217517       -0.3910566852
  21  16       -0.2076798780        0.2611064873
  21  15        0.1457530147       -0.1632903281
  21  14        0.0475564001        0.1902491756
  21  13       -0.1723658052       -0.0890413242
  21  12       -0.1612139505        0.3710780090
  21  11        0.1239479843       -0.3903438202
  21  10       -0.1298024446        0.1053792624
  21   9        0.3261344771        0.5569484712
  21   8        0.1918060850       -0.3009092621
  21   7        0.0890915054        0.2842954084
  21   6        0.1521580413        0.3990114778
  21   5       -0.2863155275        0.1787547781
  21   4       -0.0115925920       -0.3757686951
  21   3       -0.2689582602        0.1435785122
  21   2       -0.0925195878       -0.1344892853
  21   1        0.1459163243        0.2552254761
  21   0       -0.0017441873        0.0000000000
  21  -1       -0.1459163243        0.2552254761
  21  -2       -0.0925195878        0.1344892853
  21  -3        0.2689582602        0.1435785122
  21  -4       -0.0115925920        0.3757686951
  21  -5        0.2863155275        0.1787547781
  21  -6        0.1521580413       -0.3990114778
  21  -7       -0.0890915054        0.2842954084
  21  -8        0.1918060850        0.3009092621
  21  -9       -0.3261344771        0.5569484712
  21 -10       -0.1298024446       -0.1053792624
  21 -11       -0.1239479843       -0.3903438202
  21 -12       -0.1612139505       -0.3710780090
  21 -13        0.1723658052       -0.0890413242
  21 -14        0.0475564001       -0.1902491756
  21 -15       -0.1457530147       -0.1632903281
  21 -16       -0.2076798780       -0.2611064873
  21 -17       -0.4455217517       -0.3910566852
  21 -18        0.1711026118       -0.3943560199
  21 -19        0.0710412709        0.0099860742
  21 -20        0.1358581566        0.2127996842
  21 -21       -0.3421502740        0.4315242980
  22  22        0.1254423740        0.4202881086
  22  21        0.2525531144       -0.0673379279
  22  20       -0.0046357890       -0.1400008414
  22  19        0.1340322192        0.7067598035
  22  18       -0.0221401429       -0.3498606933
  22  17       -0.1100272581        0.1957749670
  22  16        0.0673858423       -0.0397628208
  22  15        0.0605650230        0.3887475186
  22  14       -0.5339602988        0.2253605754
  22  13       -0.0659931189        0.0708580598
  22  12        0.6222580700       -0.0885722576
  22  11       -0.2758915104        0.0325932704
  22  10        0.1293473268        0.1844386775
  22   9       -0.3890954734       -0.6007873246
  22   8       -0.1782450343       -0.3214259923
  22   7        0.2004699963       -0.1154622109
  22   6       -0.1238109149        0.1925669052
  22   5       -0.1710290756        0.3884980213
  22   4       -0.3779633999       -0.2068533103
  22   3        0.1837536067        0.2254401168
  22   2       -0.2611906782        0.2525159643
  22   1        0.0258422151       -0.0148727332
  22   0        0.0055445309        0.0000000000
  22  -1       -0.0258422151       -0.0148727332
  22  -2       -0.2611906782       -0.2525159643
  22  -3       -0.1837536067        0.2254401168
  22  -4       -0.3779633999        0.2068533103
  22  -5        0.1710290756        0.3884980213
  22  -6       -0.1238109149       -0.1925669052
  22  -7       -0.2004699963       -0.1154622109
  22  -8       -0.1782450343        0.3214259923
  22  -9        0.3890954734       -0.6007873246
  22 -10        0.1293473268       -0.1844386775
  22 -11        0.2758915104        0.0325932704
  22 -12        0.6222580700        0.0885722576
  22 -13        0.0659931189        0.0708580598
  22 -14       -0.5339602988       -0.2253605754
  22 -15       -0.0605650230        0.3887475186
  22 -16        0.0673858423        0.0397628208
  22 -17        0.1100272581        0.1957749670
  22 -18       -0.0221401429        0.3498606933
  22 -19       -0.1340322192        0.7067598035
  22 -20       -0.0046357890        0.1400008414
  22 -21       -0.2525531144       -0.0673379279
  22 -22        0.1254423740       -0.4202881086
  23  23        0.0840880905        0.6419977799
  23  22       -0.0330373008        0.0687986032
  23  21        0.3484548557       -0.5309586319
  23  20       -0.0421807671        0.6995071882
  23  19        0.2966707761        0.1170879683
  23  18       -0.1277475328       -0.4814776340
  23  17        0.1030505223        0.2335854595
  23  16       -0.0992298865       -0.0694695023
  23  15       -0.2217963451       -0.2144654995
  23  14       -0.3294225369        0.1288004836
  23  13        0.4336387323       -0.1728714685
  23  12        0.0381638176        0.4909244920
  23  11       -0.0505250815        0.4037304765
  23  10       -0.2005660907        0.1913628922
  23   9       -0.3771982094       -0.3308977419
  23   8        0.3165922545       -0.4257550306
  23   7        0.2665616935        0.0489999756
  23   6        0.2445837417        0.2283739709
  23   5       -0.5640109640        0.0211819883
  23   4        0.0577199472        0.2197481333
  23   3       -0.1576900923        0.2251398957
  23   2       -0.2625324747        0.0309955598
  23   1        0.1295320606        0.0175989054
  23   0        0.0084291802        0.0000000000
  23  -1       -0.1295320606        0.0175989054
  23  -2       -0.2625324747       -0.0309955598
  23  -3        0.1576900923        0.2251398957
  23  -4        0.0577199472       -0.2197481333
  23  -5        0.5640109640        0.0211819883
  23  -6        0.2445837417       -0.2283739709
  23  -7       -0.2665616935        0.0489999756
  23  -8        0.3165922545        0.4257550306
  23  -9        0.3771982094       -0.3308977419
  23 -10       -0.2005660907       -0.1913628922
  23 -11        0.0505250815        0.4037304765
  23 -12        0.0381638176       -0.4909244920
  23 -13       -0.4336387323       -0.1728714685
  23 -14       -0.3294225369       -0.1288004836
  23 -15        0.2217963451       -0.2144654995
  23 -16       -0.0992298865        0.0694695023
  23 -17       -0.1030505223        0.2335854595
  23 -18       -0.1277475328        0.4814776340
  23 -19       -0.2966707761        0.1170879683
  23 -20       -0.0421807671       -0.6995071882
  23 -21       -0.3484548557       -0.5309586319
  23 -22       -0.0330373008       -0.0687986032
  23 -23       -0.0840880905        0.6419977799
  24  24       -0.3427155402        0.2359082946
  24  23        0.0488446255        0.2018443582
  24  22        0.2190782660       -0.3326400140
  24  21       -0.2649271274        0.4403341405
  24  20       -0.0282641087        0.0701662884
  24  19        0.2106992401        0.0633440427
  24  18       -0.6521906151        0.0164863489
  24  17        0.3970740799        0.1116300312
  24  16       -0.1774589749       -0.3603558107
  24  15       -0.0065901236        0.0520732928
  24  14        0.4234811907        0.0061032620
  24  13        0.0333327330        0.1108565334
  24  12       -0.2850414809        0.4837014083
  24  11       -0.1113396749       -0.2386971406
  24  10       -0.2775756984       -0.3492264847
  24   9        0.1148736142       -0.3952510759
  24   8        0.2659572950       -0.0847891441
  24   7        0.5778596436        0.3953468097
  24   6       -0.2669152260        0.5794031359
  24   5       -0.4579859043        0.3134405466
  24   4       -0.1380618146       -0.2183858933
  24   3       -0.4754320908        0.1192276708
  24   2       -0.1287829356        0.0614079577
  24   1        0.2116829208       -0.0757814202
  24   0        0.1621055840        0.0000000000
  24  -1       -0.2116829208       -0.0757814202
  24  -2       -0.1287829356       -0.0614079577
  24  -3        0.4754320908        0.1192276708
  24  -4       -0.1380618146        0.2183858933
  24  -5        0.4579859043        0.3134405466
  24  -6       -0.2669152260       -0.5794031359
  24  -7       -0.5778596436        0.3953468097
  24  -8        0.2659572950        0.0847891441
  24  -9       -0.1148736142       -0.3952510759
  24 -10       -0.2775756984        0.3492264847
  24 -11        0.1113396749       -0.2386971406
  24 -12       -0.2850414809       -0.4837014083
  24 -13       -0.0333327330        0.1108565334
  24 -14        0.4234811907       -0.0061032620
  24 -15        0.0065901236        0.0520732928
  24 -16       -0.1774589749        0.3603558107
  24 -17       -0.3970740799        0.1116300312
  24 -18       -0.6521906151       -0.0164863489
  24 -19       -0.2106992401        0.0633440427
  24 -20       -0.0282641087       -0.0701662884
  24 -21        0.2649271274        0.4403341405
  24 -22        0.2190782660        0.3326400140
  24 -23       -0.0488446255        0.2018443582
  24 -24       -0.3427155402       -0.2359082946
  25  25       -0.3675943694        0.0665895598
  25  24       -0.1159362306       -0.0916092600
  25  23        0.3746558417       -0.0965353793
  25  22       -0.4368268381       -0.0129251726
  25  21       -0.0406379835        0.3249892316
  25  20        0.1983588506       -0.2591713576
  25  19       -0.4230983769        0.3435387878
  25  18        0.0093596906       -0.0146936796
  25  17       -0.2871838562       -0.4611150371
  25  16       -0.3599357377       -0.1859933290
  25  15        0.4274317292        0.1429796804
  25  14       -0.1888685348        0.1002701764
  25  13       -0.1449141393        0.1573930078
  25  12       -0.3319979435        0.1813024828
  25  11       -0.1408434793       -0.0793862145
  25  10        0.0853490603       -0.2760690495
  25   9        0.5086519139        0.0438713990
  25   8        0.4661366102        0.4076133670
  25   7       -0.5071849685        0.5559361889
  25   6       -0.5427476191        0.2066863181
  25   5       -0.3688776529       -0.3309775743
  25   4       -0.1670455972        0.2513023514
  25   3        0.2998804843        0.0482411978
  25   2        0.2490135155        0.0622796418
  25   1        0.3107595534        0.0560801881
  25   0       -0.2984040182        0.0000000000
  25  -1       -0.3107595534        0.0560801881
  25  -2        0.2490135155       -0.0622796418
  25  -3       -0.2998804843        0.0482411978
  25  -4       -0.1670455972       -0.2513023514
  25  -5        0.3688776529       -0.3309775743
  25  -6       -0.5427476191       -0.2066863181
  25  -7        0.5071849685        0.5559361889
  25  -8        0.4661366102       -0.4076133670
  25  -9       -0.5086519139        0.0438713990
  25 -10        0.0853490603        0.2760690495
  25 -11        0.1408434793       -0.0793862145
  25 -12       -0.3319979435       -0.1813024828
  25 -13        0.1449141393        0.1573930078
  25 -14       -0.1888685348       -0.1002701764
  25 -15       -0.4274317292        0.1429796804
  25 -16       -0.3599357377        0.1859933290
  25 -17        0.2871838562       -0.4611150371
  25 -18        0.0093596906        0.0146936796
  25 -19        0.4230983769        0.3435387878
  25 -20        0.1983588506        0.2591713576
  25 -21        0.0406379835        0.3249892316
  25 -22       -0.4368268381        0.0129251726
  25 -23       -0.3746558417       -0.0965353793
  25 -24       -0.1159362306        0.0916092600
  25 -25        0.3675943694        0.0665895598
  26  26       -0.3558622061       -0.0998903175
  26  25       -0.0515554916       -0.1348096727
  26  24        0.2951599037       -0.1311478088
  26  23        0.2880731622       -0.0492239401
  26  22       -0.1305645548        0.1397221758
  26  21        0.3797009693       -0.0915053068
  26  20       -0.2378611948       -0.1479098487
  26  19       -0.1505434281        0.5408854020
  26  18       -0.0052372068       -0.4931629321
  26  17        0.1623388745        0.0516067335
  26  16        0.1229577948        0.2104135613
  26  15        0.0424373857        0.0096067572
  26  14       -0.3617931676       -0.0477197853
  26  13       -0.0595658493        0.0867612420
  26  12       -0.2456438319       -0.0307726450
  26  11       -0.1012241094       -0.2296184241
  26  10       -0.0381286652        0.1423828127
  26   9        0.2650629949        0.3684381443
  26   8       -0.1613070488        0.4599992209
  26   7       -0.2964242527        0.4016300505
  26   6       -0.1146089557       -0.1659889950
  26   5       -0.1816902768       -0.1081547313
  26   4       -0.0177540724       -0.0796691381
  26   3        0.3447262696        0.0981535067
  26   2       -0.0333425067       -0.0904721800
  26   1       -0.0002960313        0.0748225455
  26   0        0.2113097753        0.0000000000
  26  -1        0.0002960313        0.0748225455
  26  -2       -0.0333425067        0.0904721800
  26  -3       -0.3447262696        0.0981535067
  26  -4       -0.0177540724        0.0796691381
  26  -5        0.1816902768       -0.1081547313
  26  -6       -0.1146089557        0.1659889950
  26  -7        0.2964242527        0.4016300505
  26  -8       -0.1613070488       -0.4599992209
  26  -9       -0.2650629949        0.3684381443
  26 -10       -0.0381286652       -0.1423828127
  26 -11        0.1012241094       -0.2296184241
  26 -12       -0.2456438319        0.0307726450
  26 -13        0.0595658493        0.0867612420
  26 -14       -0.3617931676        0.0477197853
  26 -15       -0.0424373857        0.0096067572
  26 -16        0.1229577948       -0.2104135613
  26 -17       -0.1623388745        0.0516067335
  26 -18       -0.0052372068        0.4931629321
  26 -19        0.1505434281        0.5408854020
  26 -20       -0.2378611948        0.1479098487
  26 -21       -0.3797009693       -0.0915053068
  26 -22       -0.1305645548       -0.1397221758
  26 -23       -0.2880731622       -0.0492239401
  26 -24        0.2951599037        0.1311478088
  26 -25        0.0515554916       -0.1348096727
  26 -26       -0.3558622061        0.0998903175
