   0   0      316.9060469379        0.0000000000
   1   1        0.8284968975       -0.3232611587
   1   0       -2.3500660762        0.0000000000
   1  -1       -0.8284968975       -0.3232611587
   2   2        5.7941088403       -8.9891442745
   2   1      -13.1699094643       -8.0140371308
   2   0       35.8492921298        0.0000000000
   2  -1       13.1699094643       -8.0140371308
   2  -2        5.7941088403        8.9891442745
   3   3       12.2771965911        4.8689561674
   3   2        7.6150580815       -3.5790056833
   3   1       -3.3528564013       -5.0801799634
   3   0        1.6270168980        0.0000000000
   3  -1        3.3528564013       -5.0801799634
   3  -2        7.6150580815        3.5790056833
   3  -3      -12.2771965911        4.8689561674
   4   4        7.4683789435       -4.3026632961
   4   3       -0.8080457258        2.6525393067
   4   2        0.1570149678        1.4398646456
   4   1        2.8784171085       -1.9423064242
   4   0       -1.6533789407        0.0000000000
   4  -1       -2.8784171085       -1.9423064242
   4  -2        0.1570149678       -1.4398646456
   4  -3        0.8080457258        2.6525393067
   4  -4        7.4683789435        4.3026632961
   5   5        2.1011022976        1.9133648874
   5   4       -2.0404078625       -0.1682930667
   5   3        0.4612155964        1.4444822407
   5   2        2.3974124012        0.7875941003
   5   1       -0.2072629618       -0.2902560239
   5   0       -5.7597412990        0.0000000000
   5  -1        0.2072629618       -0.2902560239
   5  -2        2.3974124012       -0.7875941003
   5  -3       -0.4612155964        1.4444822407
   5  -4       -2.0404078625        0.1682930667
   5  -5       -2.1011022976        1.9133648874
   6   6       -0.5374525154       -1.3638955882
   6   5        0.5776039634        1.1708536005
   6   4        0.9063558039       -2.4682114789
   6   3        0.6603765183        0.3016062961
   6   2       -0.1281938703        0.4377181150
   6   1        1.4789780322        0.9479138892
   6   0       -0.4625660239        0.0000000000
   6  -1       -1.4789780322        0.9479138892
   6  -2       -0.1281938703       -0.4377181150
   6  -3       -0.6603765183        0.3016062961
   6  -4        0.9063558039        2.4682114789
   6  -5       -0.5776039634        1.1708536005
   6  -6       -0.5374525154        1.3638955882
   7   7        1.2018951968        0.3756156034
   7   6        0.7967594435       -1.3162065210
   7   5        0.0345118487        0.2421715868
   7   4        0.7063168331       -0.3333588448
   7   3       -0.0720877877       -1.0548903411
   7   2       -1.3376385773        1.6823077120
   7   1        0.3829268157        0.3209800600
   7   0       -0.8232163456        0.0000000000
   7  -1       -0.3829268157        0.3209800600
   7  -2       -1.3376385773       -1.6823077120
   7  -3        0.0720877877       -1.0548903411
   7  -4        0.7063168331        0.3333588448
   7  -5       -0.0345118487        0.2421715868
   7  -6        0.7967594435        1.3162065210
   7  -7       -1.2018951968        0.3756156034
   8   8       -0.5354909236       -0.2882237038
   8   7        0.0518211764        0.6326991245
   8   6       -0.7922301701       -0.0466763771
   8   5        0.1500424278        0.4585944257
   8   4        0.2640596484       -0.0968436544
   8   3       -0.0854593831       -0.9331133846
   8   2       -0.5635841215        0.6273537089
   8   1       -0.0292905493        1.3437015498
   8   0       -0.3836067021        0.0000000000
   8  -1        0.0292905493        1.3437015498
   8  -2       -0.5635841215       -0.6273537089
   8  -3        0.0854593831       -0.9331133846
   8  -4        0.2640596484        0.0968436544
   8  -5       -0.1500424278        0.4585944257
   8  -6       -0.7922301701        0.0466763771
   8  -7       -0.0518211764        0.6326991245
   8  -8       -0.5354909236        0.2882237038
   9   9        0.6719937273        0.0322357955
   9   8       -0.1886132258        0.2943566384
   9   7       -0.3205564191       -0.4447785926
   9   6        0.1758792661        0.5764833094
   9   5       -0.0717099809        0.2716635819
   9   4        0.2687700854       -0.2585899033
   9   3        0.0965931603       -0.6741857106
   9   2       -0.0301680503        0.2864152668
   9   1       -1.0180820837        0.8985139099
   9   0       -0.0226297998        0.0000000000
   9  -1        1.0180820837        0.8985139099
   9  -2       -0.0301680503       -0.2864152668
   9  -3       -0.0965931603       -0.6741857106
   9  -4        0.2687700854        0.2585899033
   9  -5        0.0717099809        0.2716635819
   9  -6        0.1758792661       -0.5764833094
   9  -7        0.3205564191       -0.4447785926
   9  -8       -0.1886132258       -0.2943566384
   9  -9       -0.6719937273        0.0322357955
  10  10        0.0055712816       -0.6483835904
  10   9        0.5470889938        1.0085333796
  10   8       -0.5287603972       -0.4526901792
  10   7        0.7510542608        0.2775109387
  10   6        0.1940953287        0.3264755441
  10   5       -0.4136098456       -0.6683079362
  10   4        0.1907721921        0.1423183451
  10   3        0.3144245437        0.6498862747
  10   2       -0.6590346019        0.1253894690
  10   1        0.2185643692        0.1274042824
  10   0       -0.7188280013        0.0000000000
  10  -1       -0.2185643692        0.1274042824
  10  -2       -0.6590346019       -0.1253894690
  10  -3       -0.3144245437        0.6498862747
  10  -4        0.1907721921       -0.1423183451
  10  -5        0.4136098456       -0.6683079362
  10  -6        0.1940953287       -0.3264755441
  10  -7       -0.7510542608        0.2775109387
  10  -8       -0.5287603972        0.4526901792
  10  -9       -0.5470889938        1.0085333796
  10 -10        0.0055712816        0.6483835904
  11  11       -0.4128418651       -0.8873702939
  11  10        0.0128109069        0.0906128141
  11   9        0.2752488925       -0.4858879960
  11   8        0.0627162518        0.2349899271
  11   7        0.0574020025       -0.1521401350
  11   6       -0.3301554809        0.2319392054
  11   5       -0.1999580307       -0.4199117490
  11   4        0.1091101524        0.2168384097
  11   3       -0.0686849120        0.0535835510
  11   2        0.3871790639       -0.1112275222
  11   1       -0.3160939797        0.2311295366
  11   0       -0.0599421074        0.0000000000
  11  -1        0.3160939797        0.2311295366
  11  -2        0.3871790639        0.1112275222
  11  -3        0.0686849120        0.0535835510
  11  -4        0.1091101524       -0.2168384097
  11  -5        0.1999580307       -0.4199117490
  11  -6       -0.3301554809       -0.2319392054
  11  -7       -0.0574020025       -0.1521401350
  11  -8        0.0627162518       -0.2349899271
  11  -9       -0.2752488925       -0.4858879960
  11 -10        0.0128109069       -0.0906128141
  11 -11        0.4128418651       -0.8873702939
  12  12        0.0457817778        0.1037683830
  12  11        0.4347883049        0.0412985044
  12  10       -0.1827905258       -0.4068500243
  12   9        0.1257013006       -0.2334436656
  12   8        0.2051891502        0.2831970600
  12   7        0.3973637747        0.1668329956
  12   6       -0.0259299041       -0.1067201473
  12   5        0.3505022312       -0.4147817481
  12   4       -0.3473528664        0.2024424532
  12   3       -0.0849330798        0.2834198758
  12   2        0.3581826160        0.3198941345
  12   1        0.0876145347       -0.0260450251
  12   0       -0.3311167935        0.0000000000
  12  -1       -0.0876145347       -0.0260450251
  12  -2        0.3581826160       -0.3198941345
  12  -3        0.0849330798        0.2834198758
  12  -4       -0.3473528664       -0.2024424532
  12  -5       -0.3505022312       -0.4147817481
  12  -6       -0.0259299041        0.1067201473
  12  -7       -0.3973637747        0.1668329956
  12  -8        0.2051891502       -0.2831970600
  12  -9       -0.1257013006       -0.2334436656
  12 -10       -0.1827905258        0.4068500243
  12 -11       -0.4347883049        0.0412985044
  12 -12        0.0457817778       -0.1037683830
  13  13       -0.4038166602       -0.0326228116
  13  12        0.2837599335        0.2542514452
  13  11       -0.1406386197       -0.1952694125
  13  10       -0.1350238454       -0.6715410149
  13   9        0.3624818751        0.2358429283
  13   8        0.1821881771        0.0282745839
  13   7        0.0719774620       -0.3335750589
  13   6       -0.2915590022       -0.0028226674
  13   5       -0.1011547659        0.4814954916
  13   4       -0.1102540768       -0.1095265882
  13   3       -0.0063078199       -0.0221853874
  13   2        0.3007804608       -0.1377891414
  13   1       -0.0959459240       -0.1754181149
  13   0        0.4454852145        0.0000000000
  13  -1        0.0959459240       -0.1754181149
  13  -2        0.3007804608        0.1377891414
  13  -3        0.0063078199       -0.0221853874
  13  -4       -0.1102540768        0.1095265882
  13  -5        0.1011547659        0.4814954916
  13  -6       -0.2915590022        0.0028226674
  13  -7       -0.0719774620       -0.3335750589
  13  -8        0.1821881771       -0.0282745839
  13  -9       -0.3624818751        0.2358429283
  13 -10       -0.1350238454        0.6715410149
  13 -11        0.1406386197       -0.1952694125
  13 -12        0.2837599335       -0.2542514452
  13 -13        0.4038166602       -0.0326228116
  14  14       -0.0460876948       -0.1204637512
  14  13        0.3260753862        0.2513623519
  14  12       -0.5534484008       -0.2607304806
  14  11       -0.3162257418       -0.0809168208
  14  10        0.2939002908       -0.2217837949
  14   9        0.2353576601        0.1517508111
  14   8       -0.2380838355       -0.4024581262
  14   7        0.0979081694       -0.1963106946
  14   6       -0.2781019368        0.0234470422
  14   5       -0.0221867587        0.1299552412
  14   4        0.2062575723        0.0223232450
  14   3       -0.0817988553       -0.3130578425
  14   2        0.4296636855        0.1335608562
  14   1       -0.1319798889        0.0509276052
  14   0        0.0402591584        0.0000000000
  14  -1        0.1319798889        0.0509276052
  14  -2        0.4296636855       -0.1335608562
  14  -3        0.0817988553       -0.3130578425
  14  -4        0.2062575723       -0.0223232450
  14  -5        0.0221867587        0.1299552412
  14  -6       -0.2781019368       -0.0234470422
  14  -7       -0.0979081694       -0.1963106946
  14  -8       -0.2380838355        0.4024581262
  14  -9       -0.2353576601        0.1517508111
  14 -10        0.2939002908        0.2217837949
  14 -11        0.3162257418       -0.0809168208
  14 -12       -0.5534484008        0.2607304806
  14 -13       -0.3260753862        0.2513623519
  14 -14       -0.0460876948        0.1204637512
  15  15       -0.3342134700       -0.0544782696
  15  14        0.0890887817       -0.1782001391
  15  13        0.2205706891        0.0379770692
  15  12       -0.0449481272       -0.4513308276
  15  11        0.1382798429       -0.1211475314
  15  10        0.3079774563       -0.3191906844
  15   9       -0.0625153635       -0.2171520720
  15   8       -0.1999923435       -0.2007830807
  15   7        0.2080069309        0.0793900794
  15   6        0.1578626904       -0.0373714264
  15   5       -0.0598063793        0.0927938051
  15   4        0.0500327818        0.0380300483
  15   3       -0.1467505616       -0.2898074667
  15   2        0.3140567115        0.1024168848
  15   1       -0.1680158404       -0.1624611639
  15   0        0.0043850971        0.0000000000
  15  -1        0.1680158404       -0.1624611639
  15  -2        0.3140567115       -0.1024168848
  15  -3        0.1467505616       -0.2898074667
  15  -4        0.0500327818       -0.0380300483
  15  -5        0.0598063793        0.0927938051
  15  -6        0.1578626904        0.0373714264
  15  -7       -0.2080069309        0.0793900794
  15  -8       -0.1999923435        0.2007830807
  15  -9        0.0625153635       -0.2171520720
  15 -10        0.3079774563        0.3191906844
  15 -11       -0.1382798429       -0.1211475314
  15 -12       -0.0449481272        0.4513308276
  15 -13       -0.2205706891        0.0379770692
  15 -14        0.0890887817        0.1782001391
  15 -15        0.3342134700       -0.0544782696
  16  16       -0.2943405984       -0.3147896756
  16  15        0.2091626120       -0.1153850950
  16  14        0.1595344729       -0.1078929125
  16  13       -0.1486189333       -0.3769254240
  16  12        0.4284518683       -0.0486815755
  16  11       -0.1591018626        0.1194265317
  16  10       -0.1223141784        0.0507388312
  16   9        0.0021795051       -0.0413932720
  16   8       -0.0796679584        0.1605899819
  16   7        0.0712180840        0.0918638484
  16   6        0.0067148033        0.0191404986
  16   5       -0.3847917222        0.0181403859
  16   4        0.0291241594        0.1348474245
  16   3        0.2382703055       -0.0476006885
  16   2       -0.0638114875       -0.0885866229
  16   1       -0.0590877459       -0.2179433615
  16   0       -0.1808677399        0.0000000000
  16  -1        0.0590877459       -0.2179433615
  16  -2       -0.0638114875        0.0885866229
  16  -3       -0.2382703055       -0.0476006885
  16  -4        0.0291241594       -0.1348474245
  16  -5        0.3847917222        0.0181403859
  16  -6        0.0067148033       -0.0191404986
  16  -7       -0.0712180840        0.0918638484
  16  -8       -0.0796679584       -0.1605899819
  16  -9       -0.0021795051       -0.0413932720
  16 -10       -0.1223141784       -0.0507388312
  16 -11        0.1591018626        0.1194265317
  16 -12        0.4284518683        0.0486815755
  16 -13        0.1486189333       -0.3769254240
  16 -14        0.1595344729        0.1078929125
  16 -15       -0.2091626120       -0.1153850950
  16 -16       -0.2943405984        0.3147896756
  17  17       -0.1736811801        0.1093829140
  17  16        0.1053799086       -0.1016671906
  17  15        0.0432105184        0.2706888307
  17  14       -0.0404120445       -0.0189053327
  17  13       -0.1648031892       -0.2285608883
  17  12        0.0017326575       -0.1335434049
  17  11       -0.0078910017        0.1202280664
  17  10       -0.4835341122        0.1237603246
  17   9        0.0503194154        0.1453739689
  17   8        0.1675755138        0.0086583169
  17   7       -0.1709722938       -0.0055586426
  17   6       -0.3775445579       -0.1215245390
  17   5       -0.3188636778        0.0862463063
  17   4       -0.0640020673        0.3076753089
  17   3        0.2909445622       -0.2810424730
  17   2        0.2117021553       -0.1469634381
  17   1       -0.3157804165        0.0349342108
  17   0        0.1664601365        0.0000000000
  17  -1        0.3157804165        0.0349342108
  17  -2        0.2117021553        0.1469634381
  17  -3       -0.2909445622       -0.2810424730
  17  -4       -0.0640020673       -0.3076753089
  17  -5        0.3188636778        0.0862463063
  17  -6       -0.3775445579        0.1215245390
  17  -7        0.1709722938       -0.0055586426
  17  -8        0.1675755138       -0.0086583169
  17  -9       -0.0503194154        0.1453739689
  17 -10       -0.4835341122       -0.1237603246
  17 -11        0.0078910017        0.1202280664
  17 -12        0.0017326575        0.1335434049
  17 -13        0.1648031892       -0.2285608883
  17 -14       -0.0404120445        0.0189053327
  17 -15       -0.0432105184        0.2706888307
  17 -16        0.1053799086        0.1016671906
  17 -17        0.1736811801        0.1093829140
  18  18       -0.3482705972        0.3736300590
  18  17        0.6345715782        0.1808256057
  18  16        0.1845866821       -0.2362373130
  18  15        0.0184301900       -0.1779658356
  18  14        0.2468698537       -0.0863862413
  18  13       -0.1732662248        0.2041720015
  18  12       -0.0559990931       -0.3482092020
  18  11        0.1738194281        0.2429311698
  18  10       -0.0203449717       -0.1612414394
  18   9       -0.0117731606       -0.0093535556
  18   8        0.2077371190       -0.0985715445
  18   7        0.0828755732        0.4501944374
  18   6        0.2055871110        0.2655860168
  18   5       -0.1982330729        0.0151380929
  18   4       -0.0258805458       -0.1604691329
  18   3       -0.0644837486       -0.2978872127
  18   2       -0.2345562249        0.2104249948
  18   1       -0.0284221901       -0.0719649628
  18   0        0.2721787250        0.0000000000
  18  -1        0.0284221901       -0.0719649628
  18  -2       -0.2345562249       -0.2104249948
  18  -3        0.0644837486       -0.2978872127
  18  -4       -0.0258805458        0.1604691329
  18  -5        0.1982330729        0.0151380929
  18  -6        0.2055871110       -0.2655860168
  18  -7       -0.0828755732        0.4501944374
  18  -8        0.2077371190        0.0985715445
  18  -9        0.0117731606       -0.0093535556
  18 -10       -0.0203449717        0.1612414394
  18 -11       -0.1738194281        0.2429311698
  18 -12       -0.0559990931        0.3482092020
  18 -13        0.1732662248        0.2041720015
  18 -14        0.2468698537        0.0863862413
  18 -15       -0.0184301900       -0.1779658356
  18 -16        0.1845866821        0.2362373130
  18 -17       -0.6345715782        0.1808256057
  18 -18       -0.3482705972       -0.3736300590
  19  19        0.0704035075        0.1556708020
  19  18        0.1941709044       -0.1366299667
  19  17        0.1150845355        0.0848184869
  19  16        0.0461425705        0.1378920643
  19  15        0.1708991850        0.2151447774
  19  14        0.0722332914       -0.2369338276
  19  13        0.2077645329       -0.1968292661
  19  12       -0.2874971748        0.2094274162
  19  11       -0.0049210598        0.0787989601
  19  10       -0.0035051804        0.0365480154
  19   9        0.1260739375       -0.0799252080
  19   8       -0.0499755331       -0.3505184037
  19   7        0.2087110802       -0.1229582165
  19   6       -0.1058785536        0.0797173992
  19   5        0.0203721268       -0.1081191398
  19   4       -0.0885191815        0.1088310331
  19   3        0.0027413521       -0.0200907678
  19   2        0.2315495462        0.1931027770
  19   1       -0.0018342951        0.0396259027
  19   0        0.2490465170        0.0000000000
  19  -1        0.0018342951        0.0396259027
  19  -2        0.2315495462       -0.1931027770
  19  -3       -0.0027413521       -0.0200907678
  19  -4       -0.0885191815       -0.1088310331
  19  -5       -0.0203721268       -0.1081191398
  19  -6       -0.1058785536       -0.0797173992
  19  -7       -0.2087110802       -0.1229582165
  19  -8       -0.0499755331        0.3505184037
  19  -9       -0.1260739375       -0.0799252080
  19 -10       -0.0035051804       -0.0365480154
  19 -11        0.0049210598        0.0787989601
  19 -12       -0.2874971748       -0.2094274162
  19 -13       -0.2077645329       -0.1968292661
  19 -14        0.0722332914        0.2369338276
  19 -15       -0.1708991850        0.2151447774
  19 -16        0.0461425705       -0.1378920643
  19 -17       -0.1150845355        0.0848184869
  19 -18        0.1941709044        0.1366299667
  19 -19       -0.0704035075        0.1556708020
  20  20       -0.0957995110        0.1956944315
  20  19        0.2145579501        0.0489983830
  20  18        0.1238379228        0.1684829941
  20  17       -0.0010638002        0.1338429111
  20  16       -0.0587196769       -0.0127702618
  20  15       -0.0956304961        0.2098822481
  20  14       -0.2559756806        0.0509316962
  20  13        0.2672900481        0.0581172313
  20  12        0.1164216640        0.1654069623
  20  11        0.0510308560       -0.1019930040
  20  10       -0.0102217551       -0.0980250137
  20   9        0.2931777067       -0.0167811976
  20   8       -0.0768051034       -0.1074777637
  20   7       -0.0081659869        0.1607999212
  20   6        0.0992227137        0.0970909063
  20   5        0.1501458351        0.3349619041
  20   4        0.0720043748        0.0831347223
  20   3       -0.0145105394        0.1065943560
  20   2       -0.0092548967        0.1977003892
  20   1       -0.4167190592        0.0318786649
  20   0        0.2615820426        0.0000000000
  20  -1        0.4167190592        0.0318786649
  20  -2       -0.0092548967       -0.1977003892
  20  -3        0.0145105394        0.1065943560
  20  -4        0.0720043748       -0.0831347223
  20  -5       -0.1501458351        0.3349619041
  20  -6        0.0992227137       -0.0970909063
  20  -7        0.0081659869        0.1607999212
  20  -8       -0.0768051034        0.1074777637
  20  -9       -0.2931777067       -0.0167811976
  20 -10       -0.0102217551        0.0980250137
  20 -11       -0.0510308560       -0.1019930040
  20 -12        0.1164216640       -0.1654069623
  20 -13       -0.2672900481        0.0581172313
  20 -14       -0.2559756806       -0.0509316962
  20 -15        0.0956304961        0.2098822481
  20 -16       -0.0587196769        0.0127702618
  20 -17        0.0010638002        0.1338429111
  20 -18        0.1238379228       -0.1684829941
  20 -19       -0.2145579501        0.0489983830
  20 -20       -0.0957995110       -0.1956944315
  21  21        0.1317448669       -0.0448064416
  21  20       -0.0587034860       -0.1613855728
  21  19       -0.1881571889        0.1493086965
  21  18       -0.1757345935        0.5244569241
  21  17        0.0405118001        0.0117352090
  21  16        0.1384433940        0.4761190800
  21  15        0.3343501919        0.1632294185
  21  14       -0.2055921066        0.1494948546
  21  13        0.1720428397        0.0210449686
  21  12        0.1517152289        0.0879510128
  21  11        0.1039905985       -0.1162877884
  21  10        0.0931287072       -0.2948248545
  21   9        0.1535793315        0.0235158977
  21   8       -0.0625749578        0.1418607883
  21   7        0.0519390408       -0.0225096495
  21   6       -0.0708434463        0.2564100673
  21   5        0.0006202404        0.0296904326
  21   4        0.0699660013       -0.3070462266
  21   3       -0.1768922944        0.2268249336
  21   2       -0.2391686466        0.1689054005
  21   1       -0.0604689249        0.0852700462
  21   0       -0.1418546300        0.0000000000
  21  -1        0.0604689249        0.0852700462
  21  -2       -0.2391686466       -0.1689054005
  21  -3        0.1768922944        0.2268249336
  21  -4        0.0699660013        0.3070462266
  21  -5       -0.0006202404        0.0296904326
  21  -6       -0.0708434463       -0.2564100673
  21  -7       -0.0519390408       -0.0225096495
  21  -8       -0.0625749578       -0.1418607883
  21  -9       -0.1535793315        0.0235158977
  21 -10        0.0931287072        0.2948248545
  21 -11       -0.1039905985       -0.1162877884
  21 -12        0.1517152289       -0.0879510128
  21 -13       -0.1720428397        0.0210449686
  21 -14       -0.2055921066       -0.1494948546
  21 -15       -0.3343501919        0.1632294185
  21 -16        0.1384433940       -0.4761190800
  21 -17       -0.0405118001        0.0117352090
  21 -18       -0.1757345935       -0.5244569241
  21 -19        0.1881571889        0.1493086965
  21 -20       -0.0587034860        0.1613855728
  21 -21       -0.1317448669       -0.0448064416
  22  22       -0.4717549567        0.1797858773
  22  21       -0.5320092329       -0.0405943866
  22  20       -0.2006948331        0.4451267775
  22  19       -0.0480209891       -0.1513404098
  22  18        0.2543639992        0.0409700558
  22  17        0.2268344848        0.0186544714
  22  16       -0.1664329480        0.1340101019
  22  15        0.0733148675        0.1642221853
  22  14        0.2995229102        0.1452509749
  22  13        0.1365546082        0.1251267430
  22  12        0.0905162495       -0.3685156109
  22  11       -0.3960983435       -0.1789425925
  22  10        0.1380518667        0.0707337880
  22   9       -0.0401435165        0.1801792071
  22   8       -0.0196461764       -0.0230802395
  22   7        0.0278737569        0.0600397675
  22   6       -0.1129742414       -0.1145686217
  22   5       -0.1542882523        0.1182851047
  22   4        0.0562347422        0.0288178213
  22   3        0.1320359915        0.0359122436
  22   2       -0.0380991730       -0.3137044493
  22   1        0.1042931653       -0.0774449498
  22   0        0.0875194483        0.0000000000
  22  -1       -0.1042931653       -0.0774449498
  22  -2       -0.0380991730        0.3137044493
  22  -3       -0.1320359915        0.0359122436
  22  -4        0.0562347422       -0.0288178213
  22  -5        0.1542882523        0.1182851047
  22  -6       -0.1129742414        0.1145686217
  22  -7       -0.0278737569        0.0600397675
  22  -8       -0.0196461764        0.0230802395
  22  -9        0.0401435165        0.1801792071
  22 -10        0.1380518667       -0.0707337880
  22 -11        0.3960983435       -0.1789425925
  22 -12        0.0905162495        0.3685156109
  22 -13       -0.1365546082        0.1251267430
  22 -14        0.2995229102       -0.1452509749
  22 -15       -0.0733148675        0.1642221853
  22 -16       -0.1664329480       -0.1340101019
  22 -17       -0.2268344848        0.0186544714
  22 -18        0.2543639992       -0.0409700558
  22 -19        0.0480209891       -0.1513404098
  22 -20       -0.2006948331       -0.4451267775
  22 -21        0.5320092329       -0.0405943866
  22 -22       -0.4717549567       -0.1797858773
  23  23       -0.1740866969       -0.0637431328
  23  22        0.2343770587        0.4082624874
  23  21       -0.1455157451       -0.1800574252
  23  20        0.0561900005       -0.0220102529
  23  19       -0.0196156768       -0.0362870050
  23  18       -0.1047103943        0.2265582174
  23  17       -0.0873012048        0.3551250812
  23  16        0.0035753291        0.0659497551
  23  15       -0.1570529105       -0.2632965084
  23  14       -0.0316146190        0.1095521100
  23  13        0.0257788229       -0.0420506291
  23  12       -0.0559664445        0.0954722626
  23  11        0.1491966015       -0.0583759190
  23  10       -0.0119674115       -0.1597814085
  23   9       -0.2396974365       -0.1424418957
  23   8       -0.1555881049       -0.1222407228
  23   7       -0.0073565258       -0.0398787994
  23   6       -0.0935974540       -0.2546381842
  23   5       -0.0836512376       -0.2810354384
  23   4        0.0091401089       -0.0025959676
  23   3       -0.0286430669       -0.0266514106
  23   2        0.1031995737        0.1469855086
  23   1        0.5081565439        0.0135734151
  23   0        0.1141537195        0.0000000000
  23  -1       -0.5081565439        0.0135734151
  23  -2        0.1031995737       -0.1469855086
  23  -3        0.0286430669       -0.0266514106
  23  -4        0.0091401089        0.0025959676
  23  -5        0.0836512376       -0.2810354384
  23  -6       -0.0935974540        0.2546381842
  23  -7        0.0073565258       -0.0398787994
  23  -8       -0.1555881049        0.1222407228
  23  -9        0.2396974365       -0.1424418957
  23 -10       -0.0119674115        0.1597814085
  23 -11       -0.1491966015       -0.0583759190
  23 -12       -0.0559664445       -0.0954722626
  23 -13       -0.0257788229       -0.0420506291
  23 -14       -0.0316146190       -0.1095521100
  23 -15        0.1570529105       -0.2632965084
  23 -16        0.0035753291       -0.0659497551
  23 -17        0.0873012048        0.3551250812
  23 -18       -0.1047103943       -0.2265582174
  23 -19        0.0196156768       -0.0362870050
  23 -20        0.0561900005        0.0220102529
  23 -21        0.1455157451       -0.1800574252
  23 -22        0.2343770587       -0.4082624874
  23 -23        0.1740866969       -0.0637431328
  24  24        0.0028055367       -0.0695785974
  24  23       -0.3434183565       -0.0141333920
  24  22       -0.4150229659       -0.0366386465
  24  21       -0.1698701986       -0.0712035949
  24  20        0.0925391105       -0.0263434155
  24  19        0.0849266192       -0.1195339201
  24  18       -0.1359384557       -0.0214655989
  24  17       -0.1257174878        0.0560560375
  24  16        0.1055199679       -0.0142803844
  24  15        0.0278335616        0.0167385084
  24  14        0.1355312395       -0.1007304503
  24  13       -0.0163334412       -0.1984646294
  24  12        0.0087218025        0.0589814540
  24  11        0.2253245815        0.3340702146
  24  10       -0.2250396813       -0.1066807334
  24   9        0.1700150756        0.0153770783
  24   8       -0.1139312193       -0.0879266844
  24   7        0.2018258756       -0.0002455555
  24   6        0.1274278155        0.0281497858
  24   5       -0.2144846620        0.1186208533
  24   4        0.2683987241        0.0618677104
  24   3       -0.0611034786       -0.1350197848
  24   2       -0.3420910930        0.1719193077
  24   1       -0.2419741074       -0.0035958559
  24   0       -0.0031611848        0.0000000000
  24  -1        0.2419741074       -0.0035958559
  24  -2       -0.3420910930       -0.1719193077
  24  -3        0.0611034786       -0.1350197848
  24  -4        0.2683987241       -0.0618677104
  24  -5        0.2144846620        0.1186208533
  24  -6        0.1274278155       -0.0281497858
  24  -7       -0.2018258756       -0.0002455555
  24  -8       -0.1139312193        0.0879266844
  24  -9       -0.1700150756        0.0153770783
  24 -10       -0.2250396813        0.1066807334
  24 -11       -0.2253245815        0.3340702146
  24 -12        0.0087218025       -0.0589814540
  24 -13        0.0163334412       -0.1984646294
  24 -14        0.1355312395        0.1007304503
  24 -15       -0.0278335616        0.0167385084
  24 -16        0.1055199679        0.0142803844
  24 -17        0.1257174878        0.0560560375
  24 -18       -0.1359384557        0.0214655989
  24 -19       -0.0849266192       -0.1195339201
  24 -20        0.0925391105        0.0263434155
  24 -21        0.1698701986       -0.0712035949
  24 -22       -0.4150229659        0.0366386465
  24 -23        0.3434183565       -0.0141333920
  24 -24        0.0028055367        0.0695785974
  25  25       -0.5222582461        0.1591977285
  25  24        0.0243895252        0.3267320668
  25  23        0.3351372410       -0.0890590958
  25  22        0.1192865461       -0.0382691002
  25  21        0.1705828631       -0.0438998219
  25  20       -0.3374713898       -0.4092485429
  25  19        0.1349027957       -0.1931072740
  25  18       -0.1116455330       -0.1036055307
  25  17        0.2895691335        0.0482996159
  25  16       -0.2856931397       -0.1987938843
  25  15       -0.2903251222       -0.0047044681
  25  14        0.0536327005        0.0876289459
  25  13        0.3053240884        0.0789831560
  25  12        0.1057363042        0.0331148345
  25  11       -0.0188608829       -0.0516947908
  25  10        0.1319703656        0.1943989120
  25   9       -0.0357803962        0.0736362789
  25   8       -0.1151244397        0.0082433890
  25   7       -0.1318137090       -0.3853002880
  25   6       -0.1439861541        0.0229097216
  25   5       -0.2368966892        0.2219604638
  25   4       -0.1909181811        0.1385957255
  25   3       -0.0889475655        0.0909170469
  25   2        0.1152929802       -0.0622447175
  25   1       -0.0047204684       -0.0079136946
  25   0        0.1587905260        0.0000000000
  25  -1        0.0047204684       -0.0079136946
  25  -2        0.1152929802        0.0622447175
  25  -3        0.0889475655        0.0909170469
  25  -4       -0.1909181811       -0.1385957255
  25  -5        0.2368966892        0.2219604638
  25  -6       -0.1439861541       -0.0229097216
  25  -7        0.1318137090       -0.3853002880
  25  -8       -0.1151244397       -0.0082433890
  25  -9        0.0357803962        0.0736362789
  25 -10        0.1319703656       -0.1943989120
  25 -11        0.0188608829       -0.0516947908
  25 -12        0.1057363042       -0.0331148345
  25 -13       -0.3053240884        0.0789831560
  25 -14        0.0536327005       -0.0876289459
  25 -15        0.2903251222       -0.0047044681
  25 -16       -0.2856931397        0.1987938843
  25 -17       -0.2895691335        0.0482996159
  25 -18       -0.1116455330        0.1036055307
  25 -19       -0.1349027957       -0.1931072740
  25 -20       -0.3374713898        0.4092485429
  25 -21       -0.1705828631       -0.0438998219
  25 -22        0.1192865461        0.0382691002
  25 -23       -0.3351372410       -0.0890590958
  25 -24        0.0243895252       -0.3267320668
  25 -25        0.5222582461        0.1591977285
  26  26       -0.1306371727        0.1368180339
  26  25        0.1168818433        0.0220220074
  26  24        0.2104266287       -0.3747916232
  26  23        0.3004333982       -0.1871577273
  26  22        0.0273572468        0.0886155281
  26  21        0.0147778002       -0.2044727297
  26  20       -0.0543605934       -0.4713208040
  26  19        0.0594509876       -0.2027238846
  26  18       -0.0057234259       -0.2302957808
  26  17       -0.1469446451       -0.1196143462
  26  16       -0.2189715244        0.0232649858
  26  15       -0.0781684160        0.1069216881
  26  14        0.0082504946       -0.1507171698
  26  13       -0.1775530968       -0.0246503962
  26  12       -0.0378789971        0.3919666208
  26  11        0.1047690606        0.0708143149
  26  10        0.1691008422        0.1691427826
  26   9        0.1021894093       -0.0324408996
  26   8       -0.0049849120        0.0849813662
  26   7       -0.0505809666       -0.1975159254
  26   6        0.2329716661       -0.0041936903
  26   5        0.0318601397       -0.0721260479
  26   4       -0.1094123999        0.0197715462
  26   3       -0.0909386861       -0.1823094123
  26   2        0.0504542011       -0.0610751458
  26   1       -0.0306076032        0.0775667841
  26   0       -0.0488832432        0.0000000000
  26  -1        0.0306076032        0.0775667841
  26  -2        0.0504542011        0.0610751458
  26  -3        0.0909386861       -0.1823094123
  26  -4       -0.1094123999       -0.0197715462
  26  -5       -0.0318601397       -0.0721260479
  26  -6        0.2329716661        0.0041936903
  26  -7        0.0505809666       -0.1975159254
  26  -8       -0.0049849120       -0.0849813662
  26  -9       -0.1021894093       -0.0324408996
  26 -10        0.1691008422       -0.1691427826
  26 -11       -0.1047690606        0.0708143149
  26 -12       -0.0378789971       -0.3919666208
  26 -13        0.1775530968       -0.0246503962
  26 -14        0.0082504946        0.1507171698
  26 -15        0.0781684160        0.1069216881
  26 -16       -0.2189715244       -0.0232649858
  26 -17        0.1469446451       -0.1196143462
  26 -18       -0.0057234259        0.2302957808
  26 -19       -0.0594509876       -0.2027238846
  26 -20       -0.0543605934        0.4713208040
  26 -21       -0.0147778002       -0.2044727297
  26 -22        0.0273572468       -0.0886155281
  26 -23       -0.3004333982       -0.1871577273
  26 -24        0.2104266287        0.3747916232
  26 -25       -0.1168818433        0.0220220074
  26 -26       -0.1306371727       -0.1368180339
