   0   0      376.6310930684        0.0000000000
   1   1       -4.2253875143        1.8328604309
   1   0       -0.9276129014        0.0000000000
   1  -1        4.2253875143        1.8328604309
   2   2       28.0251982795      -30.5587243086
   2   1       40.3276839357        1.6037382759
   2   0      -19.4161436222        0.0000000000
   2  -1      -40.3276839357        1.6037382759
   2  -2       28.0251982795       30.5587243086
   3   3        0.4649168182       -8.0338324219
   3   2       11.4088769810        2.8588915617
   3   1       -4.2529265754        5.6175539999
   3   0        1.9954567635        0.0000000000
   3  -1        4.2529265754        5.6175539999
   3  -2       11.4088769810       -2.8588915617
   3  -3       -0.4649168182       -8.0338324219
   4   4       -0.3931149608       -5.8231227315
   4   3        2.6607341870       -6.3673314649
   4   2        8.9005981428        0.8104337759
   4   1       -2.8001146536        4.1176360407
   4   0       -7.0817247005        0.0000000000
   4  -1        2.8001146536        4.1176360407
   4  -2        8.9005981428       -0.8104337759
   4  -3       -2.6607341870       -6.3673314649
   4  -4       -0.3931149608        5.8231227315
   5   5        2.5765695801        1.5372271333
   5   4        2.4240235522        1.4346531410
   5   3        3.1581010850       -1.0225389863
   5   2        2.2798389306        0.2651375897
   5   1        5.1107677244       -1.0522119874
   5   0        2.3462496879        0.0000000000
   5  -1       -5.1107677244       -1.0522119874
   5  -2        2.2798389306       -0.2651375897
   5  -3       -3.1581010850       -1.0225389863
   5  -4        2.4240235522       -1.4346531410
   5  -5       -2.5765695801        1.5372271333
   6   6       -0.1371341679        1.7603484537
   6   5        0.0143854882       -2.4815212482
   6   4        2.1268723667       -2.5755236937
   6   3        4.3057666758        3.2544491730
   6   2       -0.1237918258       -6.7066280496
   6   1        1.7701764205       -1.1629474882
   6   0        3.9806846292        0.0000000000
   6  -1       -1.7701764205       -1.1629474882
   6  -2       -0.1237918258        6.7066280496
   6  -3       -4.3057666758        3.2544491730
   6  -4        2.1268723667        2.5755236937
   6  -5       -0.0143854882       -2.4815212482
   6  -6       -0.1371341679       -1.7603484537
   7   7        2.5701693921       -1.0418360641
   7   6        0.8023295861        2.3394292258
   7   5       -2.2094762862        0.3054296302
   7   4        1.1657912301        0.7433145186
   7   3        0.7509811851        4.1997742092
   7   2       -0.1749243505        0.0423951705
   7   1       -0.0453347103       -1.9402961253
   7   0        1.6733934532        0.0000000000
   7  -1        0.0453347103       -1.9402961253
   7  -2       -0.1749243505       -0.0423951705
   7  -3       -0.7509811851        4.1997742092
   7  -4        1.1657912301       -0.7433145186
   7  -5        2.2094762862        0.3054296302
   7  -6        0.8023295861       -2.3394292258
   7  -7       -2.5701693921       -1.0418360641
   8   8        0.0671688650        0.4913126541
   8   7       -0.7787946731       -1.8858472746
   8   6       -0.4446737681       -0.6801579204
   8   5        1.2510466948       -1.7806611634
   8   4       -0.4208079801       -0.0699227764
   8   3        1.3551796931       -0.5614950809
   8   2       -0.9713881416        1.4163685875
   8   1       -0.2136585825       -0.6317030252
   8   0        2.3455854021        0.0000000000
   8  -1        0.2136585825       -0.6317030252
   8  -2       -0.9713881416       -1.4163685875
   8  -3       -1.3551796931       -0.5614950809
   8  -4       -0.4208079801        0.0699227764
   8  -5       -1.2510466948       -1.7806611634
   8  -6       -0.4446737681        0.6801579204
   8  -7        0.7787946731       -1.8858472746
   8  -8        0.0671688650       -0.4913126541
   9   9        0.1546903888       -1.3969836580
   9   8       -0.8115210386        0.9327473920
   9   7       -0.5103426110        0.6952468960
   9   6       -1.0931655307        0.7628751665
   9   5        0.7486771819        2.0083469835
   9   4       -0.5284120492        0.5038371116
   9   3        0.8666344112       -0.1273895565
   9   2        2.1433204110       -0.9857327447
   9   1        1.0876156009       -0.4781408242
   9   0       -0.2235553313        0.0000000000
   9  -1       -1.0876156009       -0.4781408242
   9  -2        2.1433204110        0.9857327447
   9  -3       -0.8666344112       -0.1273895565
   9  -4       -0.5284120492       -0.5038371116
   9  -5       -0.7486771819        2.0083469835
   9  -6       -1.0931655307       -0.7628751665
   9  -7        0.5103426110        0.6952468960
   9  -8       -0.8115210386       -0.9327473920
   9  -9       -0.1546903888       -1.3969836580
  10  10       -0.1167842757        0.8220344959
  10   9       -0.0044336261       -0.1327580234
  10   8       -2.1802013530       -0.0909712394
  10   7       -0.6337378864       -1.0545719128
  10   6       -0.0792986738        0.4268731211
  10   5       -0.0842437675        1.2004014858
  10   4       -1.2501605119        0.6021601357
  10   3       -0.3405101024       -0.1811272486
  10   2        1.0095936467        0.3093713248
  10   1        1.3096357986       -0.5042635688
  10   0       -0.5316539525        0.0000000000
  10  -1       -1.3096357986       -0.5042635688
  10  -2        1.0095936467       -0.3093713248
  10  -3        0.3405101024       -0.1811272486
  10  -4       -1.2501605119       -0.6021601357
  10  -5        0.0842437675        1.2004014858
  10  -6       -0.0792986738       -0.4268731211
  10  -7        0.6337378864       -1.0545719128
  10  -8       -2.1802013530        0.0909712394
  10  -9        0.0044336261       -0.1327580234
  10 -10       -0.1167842757       -0.8220344959
  11  11       -0.2790869063        0.0785918449
  11  10       -0.0914004023        1.1424614000
  11   9        0.8662683170        0.3755525785
  11   8       -0.5242063076        1.0327160181
  11   7       -0.3690740973       -0.2898309339
  11   6       -0.3211279337       -0.0405919832
  11   5       -0.2071281193        0.5007132574
  11   4        0.0020582131       -0.2939746436
  11   3        0.6219350917       -0.9638357632
  11   2        0.6309923987        0.2461352433
  11   1        0.2887668982        0.9026995070
  11   0       -0.1610618583        0.0000000000
  11  -1       -0.2887668982        0.9026995070
  11  -2        0.6309923987       -0.2461352433
  11  -3       -0.6219350917       -0.9638357632
  11  -4        0.0020582131        0.2939746436
  11  -5        0.2071281193        0.5007132574
  11  -6       -0.3211279337        0.0405919832
  11  -7        0.3690740973       -0.2898309339
  11  -8       -0.5242063076       -1.0327160181
  11  -9       -0.8662683170        0.3755525785
  11 -10       -0.0914004023       -1.1424614000
  11 -11        0.2790869063        0.0785918449
  12  12       -0.0567950793        1.0190527486
  12  11       -0.2035733263        0.3548670188
  12  10       -0.7364973272        0.3581606990
  12   9       -0.5823070714       -0.5550628746
  12   8       -0.6950370991       -0.0187933695
  12   7        0.2188555915       -0.1528759083
  12   6       -0.7322126227        0.0060708573
  12   5       -0.5135018100       -0.1888676974
  12   4       -0.8268540532        0.0378420468
  12   3       -0.0035130511       -0.3291847796
  12   2        0.0814919566        0.0050620351
  12   1        0.6836356176        0.0260181105
  12   0        0.4243333942        0.0000000000
  12  -1       -0.6836356176        0.0260181105
  12  -2        0.0814919566       -0.0050620351
  12  -3        0.0035130511       -0.3291847796
  12  -4       -0.8268540532       -0.0378420468
  12  -5        0.5135018100       -0.1888676974
  12  -6       -0.7322126227       -0.0060708573
  12  -7       -0.2188555915       -0.1528759083
  12  -8       -0.6950370991        0.0187933695
  12  -9        0.5823070714       -0.5550628746
  12 -10       -0.7364973272       -0.3581606990
  12 -11        0.2035733263        0.3548670188
  12 -12       -0.0567950793       -1.0190527486
  13  13        0.5115676969        0.5226275378
  13  12        0.1588337535       -0.4821885988
  13  11        0.6694564398       -0.1161251367
  13  10        0.1369106010        0.1811357109
  13   9        0.1753304254       -0.2197725063
  13   8        0.1135179538        0.3737815943
  13   7       -0.2819610403        0.2141698514
  13   6        0.2837618104       -0.5018804045
  13   5        0.5622590442       -0.0320242693
  13   4        0.1148646312        0.4672983572
  13   3       -0.5109807606        0.3572548305
  13   2        0.0851841178       -0.4661102803
  13   1        0.6501844571       -0.2223323896
  13   0        0.6022780608        0.0000000000
  13  -1       -0.6501844571       -0.2223323896
  13  -2        0.0851841178        0.4661102803
  13  -3        0.5109807606        0.3572548305
  13  -4        0.1148646312       -0.4672983572
  13  -5       -0.5622590442       -0.0320242693
  13  -6        0.2837618104        0.5018804045
  13  -7        0.2819610403        0.2141698514
  13  -8        0.1135179538       -0.3737815943
  13  -9       -0.1753304254       -0.2197725063
  13 -10        0.1369106010       -0.1811357109
  13 -11       -0.6694564398       -0.1161251367
  13 -12        0.1588337535        0.4821885988
  13 -13       -0.5115676969        0.5226275378
  14  14       -0.0372652433        0.2122402401
  14  13       -0.4375714374        0.3335230204
  14  12       -0.5156035743       -0.0949560306
  14  11        0.0311759088        0.0015662095
  14  10       -0.6631052369       -0.2185194460
  14   9       -0.5772245867       -0.2618055336
  14   8       -0.3836350012       -0.1808065347
  14   7       -0.4768839669        0.1156955639
  14   6       -0.2212466679        0.3418002076
  14   5        0.0611514190        0.1567817140
  14   4        0.2467686657       -0.0353180334
  14   3       -0.3217431945        0.2106280890
  14   2       -0.1711436042       -0.1909745974
  14   1        0.1490522212        0.0399263110
  14   0        0.0162177301        0.0000000000
  14  -1       -0.1490522212        0.0399263110
  14  -2       -0.1711436042        0.1909745974
  14  -3        0.3217431945        0.2106280890
  14  -4        0.2467686657        0.0353180334
  14  -5       -0.0611514190        0.1567817140
  14  -6       -0.2212466679       -0.3418002076
  14  -7        0.4768839669        0.1156955639
  14  -8       -0.3836350012        0.1808065347
  14  -9        0.5772245867       -0.2618055336
  14 -10       -0.6631052369        0.2185194460
  14 -11       -0.0311759088        0.0015662095
  14 -12       -0.5156035743        0.0949560306
  14 -13        0.4375714374        0.3335230204
  14 -14       -0.0372652433       -0.2122402401
  15  15       -0.2192314654       -0.0667517759
  15  14       -0.3592424364       -0.2448537594
  15  13        0.2171442784        0.0607812808
  15  12       -0.2104280795       -0.1298738975
  15  11        0.4137518800        0.3098986089
  15  10        0.2598974239        0.1389715854
  15   9        0.0933560122        0.3323738154
  15   8       -0.0981934369       -0.0796483421
  15   7        0.0248353869       -0.3405033144
  15   6       -0.0626393386        0.0203702567
  15   5       -0.3541947332        0.1064538518
  15   4       -0.1524422782        0.2145380777
  15   3        0.0772138546       -0.1099496743
  15   2        0.2395306489       -0.3804433149
  15   1       -0.2913998739        0.4484714338
  15   0       -0.0773899195        0.0000000000
  15  -1        0.2913998739        0.4484714338
  15  -2        0.2395306489        0.3804433149
  15  -3       -0.0772138546       -0.1099496743
  15  -4       -0.1524422782       -0.2145380777
  15  -5        0.3541947332        0.1064538518
  15  -6       -0.0626393386       -0.0203702567
  15  -7       -0.0248353869       -0.3405033144
  15  -8       -0.0981934369        0.0796483421
  15  -9       -0.0933560122        0.3323738154
  15 -10        0.2598974239       -0.1389715854
  15 -11       -0.4137518800        0.3098986089
  15 -12       -0.2104280795        0.1298738975
  15 -13       -0.2171442784        0.0607812808
  15 -14       -0.3592424364        0.2448537594
  15 -15        0.2192314654       -0.0667517759
  16  16       -0.0732839477        0.6353332853
  16  15       -0.4765355489        0.0382407632
  16  14       -0.4034456573       -0.3853520116
  16  13       -0.3489518274       -0.2638994069
  16  12        0.3092139000       -0.1455555797
  16  11       -0.2094173401       -0.2326057743
  16  10        0.2482340329       -0.1281983106
  16   9       -0.0638754400        0.0570836081
  16   8       -0.3100297068       -0.0391357070
  16   7       -0.1838472974        0.2565140299
  16   6       -0.1685959794        0.4340732348
  16   5       -0.3190700505        0.1046598153
  16   4        0.1225051155       -0.1279765102
  16   3        0.0685859682       -0.1687420442
  16   2        0.1667161781       -0.0189229171
  16   1        0.1679563377       -0.2581420878
  16   0        0.2018772408        0.0000000000
  16  -1       -0.1679563377       -0.2581420878
  16  -2        0.1667161781        0.0189229171
  16  -3       -0.0685859682       -0.1687420442
  16  -4        0.1225051155        0.1279765102
  16  -5        0.3190700505        0.1046598153
  16  -6       -0.1685959794       -0.4340732348
  16  -7        0.1838472974        0.2565140299
  16  -8       -0.3100297068        0.0391357070
  16  -9        0.0638754400        0.0570836081
  16 -10        0.2482340329        0.1281983106
  16 -11        0.2094173401       -0.2326057743
  16 -12        0.3092139000        0.1455555797
  16 -13        0.3489518274       -0.2638994069
  16 -14       -0.4034456573        0.3853520116
  16 -15        0.4765355489        0.0382407632
  16 -16       -0.0732839477       -0.6353332853
  17  17       -0.2884472324       -0.1174522385
  17  16       -0.1211394224       -0.2394755133
  17  15        0.2943472632       -0.0767447106
  17  14        0.2399760215        0.0957887258
  17  13        0.3694824762        0.0148231235
  17  12        0.5110384588        0.1310196301
  17  11        0.5166139067       -0.0969665806
  17  10       -0.0270102185       -0.1279397305
  17   9       -0.4151086841       -0.4198279741
  17   8        0.0967664719       -0.5116291000
  17   7       -0.2303503318       -0.2588380812
  17   6        0.0217337425        0.3046901162
  17   5       -0.4303752537       -0.1082363667
  17   4        0.2051171753        0.0357005111
  17   3        0.0818509964        0.0156029336
  17   2        0.0373718206        0.3169593725
  17   1       -0.2833259369        0.0347577074
  17   0       -0.2289673373        0.0000000000
  17  -1        0.2833259369        0.0347577074
  17  -2        0.0373718206       -0.3169593725
  17  -3       -0.0818509964        0.0156029336
  17  -4        0.2051171753       -0.0357005111
  17  -5        0.4303752537       -0.1082363667
  17  -6        0.0217337425       -0.3046901162
  17  -7        0.2303503318       -0.2588380812
  17  -8        0.0967664719        0.5116291000
  17  -9        0.4151086841       -0.4198279741
  17 -10       -0.0270102185        0.1279397305
  17 -11       -0.5166139067       -0.0969665806
  17 -12        0.5110384588       -0.1310196301
  17 -13       -0.3694824762        0.0148231235
  17 -14        0.2399760215       -0.0957887258
  17 -15       -0.2943472632       -0.0767447106
  17 -16       -0.1211394224        0.2394755133
  17 -17        0.2884472324       -0.1174522385
  18  18        0.2197573219        0.0365073860
  18  17       -0.1413562733       -0.0218671735
  18  16       -0.0487176823       -0.1140841956
  18  15       -0.2941439242       -0.1323960971
  18  14       -0.4009170570       -0.0512839575
  18  13       -0.0340054296       -0.0133967765
  18  12       -0.1028929161        0.0237998274
  18  11       -0.0532607672        0.0848078464
  18  10       -0.0416530178        0.0234399367
  18   9       -0.2006407084        0.1450349263
  18   8        0.1466962005        0.1698962726
  18   7       -0.0794353039        0.0069869870
  18   6        0.0879200069       -0.0330443367
  18   5       -0.3269491021       -0.0227089824
  18   4        0.0456034436        0.0062792190
  18   3       -0.1804768115       -0.1286693111
  18   2       -0.2159977273        0.1291694025
  18   1        0.0780303121        0.4381356571
  18   0       -0.3289966831        0.0000000000
  18  -1       -0.0780303121        0.4381356571
  18  -2       -0.2159977273       -0.1291694025
  18  -3        0.1804768115       -0.1286693111
  18  -4        0.0456034436       -0.0062792190
  18  -5        0.3269491021       -0.0227089824
  18  -6        0.0879200069        0.0330443367
  18  -7        0.0794353039        0.0069869870
  18  -8        0.1466962005       -0.1698962726
  18  -9        0.2006407084        0.1450349263
  18 -10       -0.0416530178       -0.0234399367
  18 -11        0.0532607672        0.0848078464
  18 -12       -0.1028929161       -0.0237998274
  18 -13        0.0340054296       -0.0133967765
  18 -14       -0.4009170570        0.0512839575
  18 -15        0.2941439242       -0.1323960971
  18 -16       -0.0487176823        0.1140841956
  18 -17        0.1413562733       -0.0218671735
  18 -18        0.2197573219       -0.0365073860
  19  19       -0.0492140383        0.4208504004
  19  18       -0.2077354034        0.3870135426
  19  17       -0.1946582635       -0.2050147568
  19  16        0.1828460336       -0.0483982087
  19  15        0.1027985724       -0.1633690708
  19  14        0.2372467154       -0.0314538696
  19  13        0.2382889055        0.2153191069
  19  12        0.3335924747        0.0206967823
  19  11       -0.1410536283       -0.0767796433
  19  10        0.1614975137       -0.2874177325
  19   9        0.1276472592       -0.2975431169
  19   8       -0.1160854353        0.0349466577
  19   7        0.1301296868       -0.1415397255
  19   6       -0.1351220283        0.0355378338
  19   5       -0.2175296955        0.1297156283
  19   4       -0.1997752358        0.0557608383
  19   3        0.0128800678        0.1082178296
  19   2        0.0709339675        0.0941651234
  19   1       -0.0760124214       -0.0969501849
  19   0       -0.1001242665        0.0000000000
  19  -1        0.0760124214       -0.0969501849
  19  -2        0.0709339675       -0.0941651234
  19  -3       -0.0128800678        0.1082178296
  19  -4       -0.1997752358       -0.0557608383
  19  -5        0.2175296955        0.1297156283
  19  -6       -0.1351220283       -0.0355378338
  19  -7       -0.1301296868       -0.1415397255
  19  -8       -0.1160854353       -0.0349466577
  19  -9       -0.1276472592       -0.2975431169
  19 -10        0.1614975137        0.2874177325
  19 -11        0.1410536283       -0.0767796433
  19 -12        0.3335924747       -0.0206967823
  19 -13       -0.2382889055        0.2153191069
  19 -14        0.2372467154        0.0314538696
  19 -15       -0.1027985724       -0.1633690708
  19 -16        0.1828460336        0.0483982087
  19 -17        0.1946582635       -0.2050147568
  19 -18       -0.2077354034       -0.3870135426
  19 -19        0.0492140383        0.4208504004
  20  20       -0.0385907684        0.0943527872
  20  19       -0.2188347635        0.2230170658
  20  18       -0.0231672292       -0.0000829310
  20  17       -0.1339063593        0.1197638875
  20  16       -0.1995113225       -0.0475166825
  20  15       -0.2005567035        0.1665464523
  20  14       -0.0267430052       -0.0928170647
  20  13        0.0068033861       -0.1667560519
  20  12       -0.0777889266        0.0581578069
  20  11       -0.0006598432        0.1450533132
  20  10       -0.3894537528       -0.0808455424
  20   9        0.3240164154       -0.2127694072
  20   8        0.0729590383        0.1616152664
  20   7        0.0074688685        0.1789467146
  20   6        0.1119951518       -0.3712082081
  20   5        0.1957492637        0.3012829236
  20   4       -0.1137970540       -0.0604948231
  20   3        0.2116897084        0.0962081663
  20   2       -0.0484606092       -0.1075356666
  20   1        0.0964393446        0.1074922603
  20   0       -0.1293111403        0.0000000000
  20  -1       -0.0964393446        0.1074922603
  20  -2       -0.0484606092        0.1075356666
  20  -3       -0.2116897084        0.0962081663
  20  -4       -0.1137970540        0.0604948231
  20  -5       -0.1957492637        0.3012829236
  20  -6        0.1119951518        0.3712082081
  20  -7       -0.0074688685        0.1789467146
  20  -8        0.0729590383       -0.1616152664
  20  -9       -0.3240164154       -0.2127694072
  20 -10       -0.3894537528        0.0808455424
  20 -11        0.0006598432        0.1450533132
  20 -12       -0.0777889266       -0.0581578069
  20 -13       -0.0068033861       -0.1667560519
  20 -14       -0.0267430052        0.0928170647
  20 -15        0.2005567035        0.1665464523
  20 -16       -0.1995113225        0.0475166825
  20 -17        0.1339063593        0.1197638875
  20 -18       -0.0231672292        0.0000829310
  20 -19        0.2188347635        0.2230170658
  20 -20       -0.0385907684       -0.0943527872
  21  21       -0.0073328249       -0.1038714018
  21  20       -0.2146798327       -0.3472738334
  21  19       -0.1055957598       -0.1946408355
  21  18       -0.2011779176       -0.3134809858
  21  17       -0.1138488531        0.0167409232
  21  16       -0.1504815577       -0.2145281848
  21  15        0.0244452483        0.0639173363
  21  14       -0.0386593107        0.3340914629
  21  13       -0.1229843158       -0.1435425585
  21  12        0.1735050950        0.0103595506
  21  11       -0.1651872824       -0.1270395582
  21  10       -0.2259296354       -0.2782777022
  21   9        0.0876464540        0.0101424435
  21   8        0.0529929943        0.1432181712
  21   7        0.0098019604        0.0569315548
  21   6       -0.0687717591       -0.1370560698
  21   5       -0.4034622308        0.0032943477
  21   4        0.0159085670        0.4355771507
  21   3       -0.2924628607        0.0659752416
  21   2        0.0904713698        0.1250585790
  21   1        0.1851673127       -0.0376295401
  21   0       -0.0602966135        0.0000000000
  21  -1       -0.1851673127       -0.0376295401
  21  -2        0.0904713698       -0.1250585790
  21  -3        0.2924628607        0.0659752416
  21  -4        0.0159085670       -0.4355771507
  21  -5        0.4034622308        0.0032943477
  21  -6       -0.0687717591        0.1370560698
  21  -7       -0.0098019604        0.0569315548
  21  -8        0.0529929943       -0.1432181712
  21  -9       -0.0876464540        0.0101424435
  21 -10       -0.2259296354        0.2782777022
  21 -11        0.1651872824       -0.1270395582
  21 -12        0.1735050950       -0.0103595506
  21 -13        0.1229843158       -0.1435425585
  21 -14       -0.0386593107       -0.3340914629
  21 -15       -0.0244452483        0.0639173363
  21 -16       -0.1504815577        0.2145281848
  21 -17        0.1138488531        0.0167409232
  21 -18       -0.2011779176        0.3134809858
  21 -19        0.1055957598       -0.1946408355
  21 -20       -0.2146798327        0.3472738334
  21 -21        0.0073328249       -0.1038714018
  22  22       -0.1882222378       -0.0610120867
  22  21       -0.0535160121        0.3289768583
  22  20       -0.1030351855       -0.2386192059
  22  19       -0.3079702322       -0.1952501718
  22  18        0.0147362131       -0.0560830952
  22  17       -0.2520901226       -0.1454483797
  22  16       -0.3071762698        0.1099337301
  22  15        0.1651639547        0.0008536910
  22  14        0.0158373266       -0.1752478929
  22  13       -0.0499807478       -0.1259590720
  22  12        0.0886196411        0.1324975929
  22  11        0.0581347151       -0.0577714560
  22  10       -0.1086125615       -0.0926342600
  22   9        0.0651064975        0.1413625996
  22   8        0.1236847961       -0.2583544490
  22   7       -0.0432404498       -0.1819574044
  22   6       -0.1174200864        0.0642151623
  22   5       -0.2529812958       -0.0735728007
  22   4        0.0857294243       -0.2075552080
  22   3       -0.1307675519       -0.0777510206
  22   2        0.1316855812       -0.1762032101
  22   1       -0.1395350261        0.0123365709
  22   0        0.1935204481        0.0000000000
  22  -1        0.1395350261        0.0123365709
  22  -2        0.1316855812        0.1762032101
  22  -3        0.1307675519       -0.0777510206
  22  -4        0.0857294243        0.2075552080
  22  -5        0.2529812958       -0.0735728007
  22  -6       -0.1174200864       -0.0642151623
  22  -7        0.0432404498       -0.1819574044
  22  -8        0.1236847961        0.2583544490
  22  -9       -0.0651064975        0.1413625996
  22 -10       -0.1086125615        0.0926342600
  22 -11       -0.0581347151       -0.0577714560
  22 -12        0.0886196411       -0.1324975929
  22 -13        0.0499807478       -0.1259590720
  22 -14        0.0158373266        0.1752478929
  22 -15       -0.1651639547        0.0008536910
  22 -16       -0.3071762698       -0.1099337301
  22 -17        0.2520901226       -0.1454483797
  22 -18        0.0147362131        0.0560830952
  22 -19        0.3079702322       -0.1952501718
  22 -20       -0.1030351855        0.2386192059
  22 -21        0.0535160121        0.3289768583
  22 -22       -0.1882222378        0.0610120867
  23  23        0.0327843140        0.0691871686
  23  22        0.1208967446        0.2655138078
  23  21       -0.2478636195       -0.0699235146
  23  20       -0.0348730289       -0.0343659875
  23  19        0.1052902491       -0.4180409635
  23  18       -0.0209695183        0.1095064014
  23  17       -0.0292083738       -0.0536761757
  23  16        0.2940434214        0.1430685871
  23  15        0.0467356392        0.0156786456
  23  14        0.0647175930        0.2402408752
  23  13        0.1816372611       -0.0508862284
  23  12       -0.0809263137       -0.0763915336
  23  11       -0.0380424235       -0.2818764065
  23  10       -0.1047017290        0.1422137870
  23   9       -0.2204474508       -0.2787560570
  23   8        0.1260447205       -0.0727222440
  23   7        0.3217942592       -0.0688222604
  23   6       -0.0401750045        0.0438419514
  23   5       -0.0314696524        0.0589467288
  23   4       -0.1148376052       -0.2497516112
  23   3       -0.1074564431       -0.0018366850
  23   2        0.1117999883       -0.1120373689
  23   1       -0.0077551656       -0.0455904979
  23   0       -0.0678935019        0.0000000000
  23  -1        0.0077551656       -0.0455904979
  23  -2        0.1117999883        0.1120373689
  23  -3        0.1074564431       -0.0018366850
  23  -4       -0.1148376052        0.2497516112
  23  -5        0.0314696524        0.0589467288
  23  -6       -0.0401750045       -0.0438419514
  23  -7       -0.3217942592       -0.0688222604
  23  -8        0.1260447205        0.0727222440
  23  -9        0.2204474508       -0.2787560570
  23 -10       -0.1047017290       -0.1422137870
  23 -11        0.0380424235       -0.2818764065
  23 -12       -0.0809263137        0.0763915336
  23 -13       -0.1816372611       -0.0508862284
  23 -14        0.0647175930       -0.2402408752
  23 -15       -0.0467356392        0.0156786456
  23 -16        0.2940434214       -0.1430685871
  23 -17        0.0292083738       -0.0536761757
  23 -18       -0.0209695183       -0.1095064014
  23 -19       -0.1052902491       -0.4180409635
  23 -20       -0.0348730289        0.0343659875
  23 -21        0.2478636195       -0.0699235146
  23 -22        0.1208967446       -0.2655138078
  23 -23       -0.0327843140        0.0691871686
  24  24        0.1458872300        0.4816171474
  24  23       -0.0059248799        0.0197778099
  24  22        0.1774762797        0.1394548947
  24  21       -0.1133727946        0.0441995009
  24  20       -0.2670582679       -0.1066412919
  24  19        0.1386219055        0.0669004230
  24  18       -0.0023233933        0.0307180039
  24  17        0.0807138343        0.3818767542
  24  16       -0.2224063685        0.0909426235
  24  15        0.1211213560       -0.3239515967
  24  14        0.0173298619        0.1340397136
  24  13        0.0302693590        0.0650989194
  24  12       -0.0999177899        0.1687089253
  24  11        0.0434134615       -0.0805440138
  24  10        0.0816123391       -0.1271986453
  24   9        0.0369083445       -0.0791895377
  24   8        0.0012348043       -0.1453655758
  24   7        0.0129508224        0.0235594397
  24   6        0.2063954665        0.1541425559
  24   5        0.2278900348       -0.0457548228
  24   4       -0.1371740580       -0.2557792024
  24   3        0.0267455812       -0.0104977458
  24   2       -0.0061321539        0.3015423442
  24   1        0.1568843703        0.0189355816
  24   0        0.2930172714        0.0000000000
  24  -1       -0.1568843703        0.0189355816
  24  -2       -0.0061321539       -0.3015423442
  24  -3       -0.0267455812       -0.0104977458
  24  -4       -0.1371740580        0.2557792024
  24  -5       -0.2278900348       -0.0457548228
  24  -6        0.2063954665       -0.1541425559
  24  -7       -0.0129508224        0.0235594397
  24  -8        0.0012348043        0.1453655758
  24  -9       -0.0369083445       -0.0791895377
  24 -10        0.0816123391        0.1271986453
  24 -11       -0.0434134615       -0.0805440138
  24 -12       -0.0999177899       -0.1687089253
  24 -13       -0.0302693590        0.0650989194
  24 -14        0.0173298619       -0.1340397136
  24 -15       -0.1211213560       -0.3239515967
  24 -16       -0.2224063685       -0.0909426235
  24 -17       -0.0807138343        0.3818767542
  24 -18       -0.0023233933       -0.0307180039
  24 -19       -0.1386219055        0.0669004230
  24 -20       -0.2670582679        0.1066412919
  24 -21        0.1133727946        0.0441995009
  24 -22        0.1774762797       -0.1394548947
  24 -23        0.0059248799        0.0197778099
  24 -24        0.1458872300       -0.4816171474
  25  25        0.0238198691        0.0722164718
  25  24        0.0549814321        0.0006786243
  25  23        0.1893500756        0.2393504037
  25  22       -0.3230552847        0.0078396295
  25  21        0.1184473602       -0.2566925219
  25  20       -0.1732469468       -0.3381995968
  25  19        0.0988556101        0.0364527295
  25  18       -0.0315572168        0.0503239487
  25  17        0.0176874256       -0.0643680521
  25  16       -0.0424315395       -0.1853812918
  25  15       -0.1890917443       -0.2748441637
  25  14       -0.2096452964       -0.1556014294
  25  13        0.0689709579       -0.0485177190
  25  12       -0.2304948356       -0.1677953305
  25  11        0.1467305733        0.2177942805
  25  10        0.1240269597       -0.0250363021
  25   9       -0.1233456305        0.0156124993
  25   8        0.0941048407       -0.1425037104
  25   7        0.1121095164        0.1151041331
  25   6       -0.2023886572       -0.1519899962
  25   5       -0.0898313842        0.2433446134
  25   4       -0.0598673037        0.0849451602
  25   3        0.0420234868       -0.4935827065
  25   2        0.0915112212       -0.0199457400
  25   1        0.2142993270        0.1857446547
  25   0        0.0284056530        0.0000000000
  25  -1       -0.2142993270        0.1857446547
  25  -2        0.0915112212        0.0199457400
  25  -3       -0.0420234868       -0.4935827065
  25  -4       -0.0598673037       -0.0849451602
  25  -5        0.0898313842        0.2433446134
  25  -6       -0.2023886572        0.1519899962
  25  -7       -0.1121095164        0.1151041331
  25  -8        0.0941048407        0.1425037104
  25  -9        0.1233456305        0.0156124993
  25 -10        0.1240269597        0.0250363021
  25 -11       -0.1467305733        0.2177942805
  25 -12       -0.2304948356        0.1677953305
  25 -13       -0.0689709579       -0.0485177190
  25 -14       -0.2096452964        0.1556014294
  25 -15        0.1890917443       -0.2748441637
  25 -16       -0.0424315395        0.1853812918
  25 -17       -0.0176874256       -0.0643680521
  25 -18       -0.0315572168       -0.0503239487
  25 -19       -0.0988556101        0.0364527295
  25 -20       -0.1732469468        0.3381995968
  25 -21       -0.1184473602       -0.2566925219
  25 -22       -0.3230552847       -0.0078396295
  25 -23       -0.1893500756        0.2393504037
  25 -24        0.0549814321       -0.0006786243
  25 -25       -0.0238198691        0.0722164718
  26  26        0.0377442958       -0.2824615775
  26  25        0.2024085126       -0.0959067354
  26  24       -0.2432451906       -0.1305277880
  26  23        0.0631195078        0.2291698743
  26  22       -0.0994147226       -0.1798377862
  26  21       -0.1280519719        0.0399718298
  26  20       -0.0375041633       -0.0445743133
  26  19       -0.0897326660       -0.1070989272
  26  18       -0.2768242689       -0.2174407129
  26  17        0.0500277758       -0.0537048488
  26  16       -0.0832691375        0.0438809387
  26  15       -0.0170082126        0.2410907884
  26  14        0.0307291504        0.1894923579
  26  13        0.0825951291        0.0756607975
  26  12        0.0958137675        0.1365522642
  26  11        0.0980003716        0.0164231599
  26  10        0.0317109480        0.0084812136
  26   9        0.1249488508        0.1188970185
  26   8        0.0575864673        0.3227111107
  26   7        0.0552637225       -0.2727670810
  26   6       -0.1427948618        0.0454576334
  26   5       -0.0652919932       -0.1359587746
  26   4        0.1296792199        0.0562257001
  26   3       -0.1729643082       -0.1112235012
  26   2       -0.1147358875        0.2919429179
  26   1        0.0362260155        0.1335438809
  26   0       -0.1667314750        0.0000000000
  26  -1       -0.0362260155        0.1335438809
  26  -2       -0.1147358875       -0.2919429179
  26  -3        0.1729643082       -0.1112235012
  26  -4        0.1296792199       -0.0562257001
  26  -5        0.0652919932       -0.1359587746
  26  -6       -0.1427948618       -0.0454576334
  26  -7       -0.0552637225       -0.2727670810
  26  -8        0.0575864673       -0.3227111107
  26  -9       -0.1249488508        0.1188970185
  26 -10        0.0317109480       -0.0084812136
  26 -11       -0.0980003716        0.0164231599
  26 -12        0.0958137675       -0.1365522642
  26 -13       -0.0825951291        0.0756607975
  26 -14        0.0307291504       -0.1894923579
  26 -15        0.0170082126        0.2410907884
  26 -16       -0.0832691375       -0.0438809387
  26 -17       -0.0500277758       -0.0537048488
  26 -18       -0.2768242689        0.2174407129
  26 -19        0.0897326660       -0.1070989272
  26 -20       -0.0375041633        0.0445743133
  26 -21        0.1280519719        0.0399718298
  26 -22       -0.0994147226        0.1798377862
  26 -23       -0.0631195078        0.2291698743
  26 -24       -0.2432451906        0.1305277880
  26 -25       -0.2024085126       -0.0959067354
  26 -26        0.0377442958        0.2824615775
