   0   0      322.0848705567        0.0000000000
   1   1        0.1067655490        0.0888802709
   1   0       -0.6033258464        0.0000000000
   1  -1       -0.1067655490        0.0888802709
   2   2      -12.3134875409        8.6085428148
   2   1        4.6461078684       10.4015801350
   2   0       -2.3712389411        0.0000000000
   2  -1       -4.6461078684       10.4015801350
   2  -2      -12.3134875409       -8.6085428148
   3   3        1.2221349395        1.2763868557
   3   2       -1.2689628196       -3.1866767851
   3   1       12.9693772566       -5.4829850940
   3   0      -10.0747321884        0.0000000000
   3  -1      -12.9693772566       -5.4829850940
   3  -2       -1.2689628196        3.1866767851
   3  -3       -1.2221349395        1.2763868557
   4   4        2.9673506827       -4.9672446478
   4   3        2.6034093512        0.9603149785
   4   2       -1.3831297179       -1.0058994850
   4   1        2.7748255824        1.0784314687
   4   0       -0.2921813109        0.0000000000
   4  -1       -2.7748255824        1.0784314687
   4  -2       -1.3831297179        1.0058994850
   4  -3       -2.6034093512        0.9603149785
   4  -4        2.9673506827        4.9672446478
   5   5       -1.7550164010       -1.7770685962
   5   4        2.7193174654        1.4665769089
   5   3       -1.3541514646       -1.0929063744
   5   2        0.6309963278        1.9632357191
   5   1        0.5410210466        0.5645202177
   5   0        2.4975588657        0.0000000000
   5  -1       -0.5410210466        0.5645202177
   5  -2        0.6309963278       -1.9632357191
   5  -3        1.3541514646       -1.0929063744
   5  -4        2.7193174654       -1.4665769089
   5  -5        1.7550164010       -1.7770685962
   6   6        0.3431933488        0.6749586478
   6   5       -0.7343196751       -0.0347304404
   6   4        1.1293405901        1.2959509910
   6   3       -0.8547115218       -0.9212566026
   6   2       -0.6911573457       -0.6240084920
   6   1       -0.7261313186        0.5634030831
   6   0       -1.6837303207        0.0000000000
   6  -1        0.7261313186        0.5634030831
   6  -2       -0.6911573457        0.6240084920
   6  -3        0.8547115218       -0.9212566026
   6  -4        1.1293405901       -1.2959509910
   6  -5        0.7343196751       -0.0347304404
   6  -6        0.3431933488       -0.6749586478
   7   7        1.4043804304        0.2971943965
   7   6       -0.3905672000       -0.7562884546
   7   5        0.2828697067       -1.6925681052
   7   4        0.6420013623        0.0803403378
   7   3       -0.4188482696       -0.8564282084
   7   2       -0.4095358539        0.3363512178
   7   1        0.2747689806        0.1571713496
   7   0        0.4849950184        0.0000000000
   7  -1       -0.2747689806        0.1571713496
   7  -2       -0.4095358539       -0.3363512178
   7  -3        0.4188482696       -0.8564282084
   7  -4        0.6420013623       -0.0803403378
   7  -5       -0.2828697067       -1.6925681052
   7  -6       -0.3905672000        0.7562884546
   7  -7       -1.4043804304        0.2971943965
   8   8        0.1833268714       -0.2425752978
   8   7        0.3798575716        0.6856562136
   8   6       -0.0201932372       -0.6921320053
   8   5       -1.0222593788        1.1640510877
   8   4        0.2971018371        0.1857214842
   8   3       -0.0724676639        0.5587014053
   8   2       -0.1152667278       -0.1688092276
   8   1        0.0673092851       -0.3751281929
   8   0       -1.0146458925        0.0000000000
   8  -1       -0.0673092851       -0.3751281929
   8  -2       -0.1152667278        0.1688092276
   8  -3        0.0724676639        0.5587014053
   8  -4        0.2971018371       -0.1857214842
   8  -5        1.0222593788        1.1640510877
   8  -6       -0.0201932372        0.6921320053
   8  -7       -0.3798575716        0.6856562136
   8  -8        0.1833268714        0.2425752978
   9   9       -0.1902343099       -0.2776741407
   9   8       -0.4604455706       -1.0378870405
   9   7        0.1444176904        0.4178792036
   9   6        0.6970669842       -1.3198771688
   9   5        0.0777914461       -0.1842171063
   9   4        0.5669777865       -0.3676554676
   9   3       -0.2808199082        0.2977599190
   9   2        0.1611414755        0.0721664675
   9   1       -0.4539012732        0.3911107903
   9   0        0.5787762975        0.0000000000
   9  -1        0.4539012732        0.3911107903
   9  -2        0.1611414755       -0.0721664675
   9  -3        0.2808199082        0.2977599190
   9  -4        0.5669777865        0.3676554676
   9  -5       -0.0777914461       -0.1842171063
   9  -6        0.6970669842        1.3198771688
   9  -7       -0.1444176904        0.4178792036
   9  -8       -0.4604455706        1.0378870405
   9  -9        0.1902343099       -0.2776741407
  10  10       -0.5095807281       -0.2469217168
  10   9        0.2412053334       -0.4911012191
  10   8       -0.0248360146        0.3735217750
  10   7        0.2005021620       -0.0460598702
  10   6       -0.0818464006       -0.4566301839
  10   5        0.2821260328        0.5913672380
  10   4       -0.0723798591        0.4888541169
  10   3        0.0442251241        0.3114727449
  10   2        0.0778945853        0.1291423833
  10   1        0.4175973134        0.2945279759
  10   0       -0.2626789665        0.0000000000
  10  -1       -0.4175973134        0.2945279759
  10  -2        0.0778945853       -0.1291423833
  10  -3       -0.0442251241        0.3114727449
  10  -4       -0.0723798591       -0.4888541169
  10  -5       -0.2821260328        0.5913672380
  10  -6       -0.0818464006        0.4566301839
  10  -7       -0.2005021620       -0.0460598702
  10  -8       -0.0248360146       -0.3735217750
  10  -9       -0.2412053334       -0.4911012191
  10 -10       -0.5095807281        0.2469217168
  11  11        0.0666000778       -0.2616748468
  11  10       -0.2483572713        0.3121663279
  11   9        0.0056102374       -0.7511786355
  11   8       -0.2628127397        0.1829030182
  11   7        0.1925082954        0.0258233555
  11   6        0.2707042539        0.2046444932
  11   5       -0.1701782056        0.0206267372
  11   4       -0.0474577512        0.2930806507
  11   3       -0.2928285566       -0.3402759471
  11   2        0.3454645698       -0.0400626301
  11   1       -0.5397047086       -0.2725466086
  11   0        0.4079848200        0.0000000000
  11  -1        0.5397047086       -0.2725466086
  11  -2        0.3454645698        0.0400626301
  11  -3        0.2928285566       -0.3402759471
  11  -4       -0.0474577512       -0.2930806507
  11  -5        0.1701782056        0.0206267372
  11  -6        0.2707042539       -0.2046444932
  11  -7       -0.1925082954        0.0258233555
  11  -8       -0.2628127397       -0.1829030182
  11  -9       -0.0056102374       -0.7511786355
  11 -10       -0.2483572713       -0.3121663279
  11 -11       -0.0666000778       -0.2616748468
  12  12       -0.2641933109        0.2932347666
  12  11       -0.3633962378        0.2976020027
  12  10       -0.4953745238       -0.1252631488
  12   9       -0.1385125257        0.1202761530
  12   8       -0.5928045548       -0.0936135851
  12   7        0.3703848109       -0.0298793275
  12   6       -0.4313713669        0.0258961792
  12   5        0.0414500925        0.0527417902
  12   4       -0.2596382852        0.4552960699
  12   3        0.1514247967        0.0750632672
  12   2        0.1329554533        0.2040908110
  12   1       -0.4933564606       -0.0851965592
  12   0       -0.0113106918        0.0000000000
  12  -1        0.4933564606       -0.0851965592
  12  -2        0.1329554533       -0.2040908110
  12  -3       -0.1514247967        0.0750632672
  12  -4       -0.2596382852       -0.4552960699
  12  -5       -0.0414500925        0.0527417902
  12  -6       -0.4313713669       -0.0258961792
  12  -7       -0.3703848109       -0.0298793275
  12  -8       -0.5928045548        0.0936135851
  12  -9        0.1385125257        0.1202761530
  12 -10       -0.4953745238        0.1252631488
  12 -11        0.3633962378        0.2976020027
  12 -12       -0.2641933109       -0.2932347666
  13  13       -0.1497981463        0.2385920795
  13  12        0.2524329949        0.1716748508
  13  11       -0.3682644220       -0.0720970288
  13  10        0.2968883340       -0.0310254744
  13   9        0.0665575618        0.0159666648
  13   8        0.1510763635       -0.0062232428
  13   7       -0.3559020851        0.1853418386
  13   6       -0.0696285759       -0.2536246838
  13   5        0.1962236792        0.1764285798
  13   4        0.2056907826        0.1372211347
  13   3       -0.1677728592        0.1875523222
  13   2        0.0235525788       -0.0883957368
  13   1       -0.2455483435        0.2340031761
  13   0       -0.6721554971        0.0000000000
  13  -1        0.2455483435        0.2340031761
  13  -2        0.0235525788        0.0883957368
  13  -3        0.1677728592        0.1875523222
  13  -4        0.2056907826       -0.1372211347
  13  -5       -0.1962236792        0.1764285798
  13  -6       -0.0696285759        0.2536246838
  13  -7        0.3559020851        0.1853418386
  13  -8        0.1510763635        0.0062232428
  13  -9       -0.0665575618        0.0159666648
  13 -10        0.2968883340        0.0310254744
  13 -11        0.3682644220       -0.0720970288
  13 -12        0.2524329949       -0.1716748508
  13 -13        0.1497981463        0.2385920795
  14  14        0.1430510606        0.3857639975
  14  13       -0.1978416223       -0.0438445232
  14  12       -0.0329151244       -0.3983320244
  14  11       -0.4044207318       -0.2098020233
  14  10        0.2559879693        0.0980205286
  14   9       -0.2296241182        0.0434585716
  14   8       -0.3462454079        0.1675109986
  14   7        0.2438858553        0.0121715694
  14   6        0.0684627125       -0.4418564685
  14   5        0.1837367406        0.0877027192
  14   4       -0.4648594380       -0.0627845948
  14   3        0.1584781496        0.4190158691
  14   2        0.0916405381       -0.0941939808
  14   1       -0.2643961384        0.0032274678
  14   0       -0.1181512881        0.0000000000
  14  -1        0.2643961384        0.0032274678
  14  -2        0.0916405381        0.0941939808
  14  -3       -0.1584781496        0.4190158691
  14  -4       -0.4648594380        0.0627845948
  14  -5       -0.1837367406        0.0877027192
  14  -6        0.0684627125        0.4418564685
  14  -7       -0.2438858553        0.0121715694
  14  -8       -0.3462454079       -0.1675109986
  14  -9        0.2296241182        0.0434585716
  14 -10        0.2559879693       -0.0980205286
  14 -11        0.4044207318       -0.2098020233
  14 -12       -0.0329151244        0.3983320244
  14 -13        0.1978416223       -0.0438445232
  14 -14        0.1430510606       -0.3857639975
  15  15        0.2753946755       -0.0128583634
  15  14        0.0851381657       -0.0556313391
  15  13       -0.2042192124       -0.2985526106
  15  12        0.2096083012        0.4145626851
  15  11        0.3221709873        0.3188620976
  15  10        0.1731505070        0.2198494197
  15   9        0.0125705895       -0.2741015651
  15   8       -0.2186541336        0.0732461924
  15   7        0.0674191696       -0.0461709078
  15   6        0.0695774290        0.1793267208
  15   5       -0.0999209527       -0.2001815780
  15   4       -0.2554804899        0.1570407787
  15   3        0.1648477483       -0.1012360418
  15   2       -0.0235110443        0.0514049410
  15   1        0.0888672828        0.0846240536
  15   0       -0.4343894364        0.0000000000
  15  -1       -0.0888672828        0.0846240536
  15  -2       -0.0235110443       -0.0514049410
  15  -3       -0.1648477483       -0.1012360418
  15  -4       -0.2554804899       -0.1570407787
  15  -5        0.0999209527       -0.2001815780
  15  -6        0.0695774290       -0.1793267208
  15  -7       -0.0674191696       -0.0461709078
  15  -8       -0.2186541336       -0.0732461924
  15  -9       -0.0125705895       -0.2741015651
  15 -10        0.1731505070       -0.2198494197
  15 -11       -0.3221709873        0.3188620976
  15 -12        0.2096083012       -0.4145626851
  15 -13        0.2042192124       -0.2985526106
  15 -14        0.0851381657        0.0556313391
  15 -15       -0.2753946755       -0.0128583634
  16  16        0.3257440224       -0.5639292954
  16  15       -0.1316853011       -0.0281024197
  16  14        0.0425465941        0.3253307450
  16  13        0.3558135560       -0.0789276365
  16  12       -0.0469490002        0.1883979378
  16  11        0.0528266257       -0.1738796437
  16  10       -0.1001879154        0.0882510823
  16   9       -0.1542695086       -0.4600888188
  16   8        0.3253226304        0.2276736695
  16   7        0.1883477587       -0.2106111843
  16   6       -0.0879273555       -0.1340145251
  16   5        0.1051270568       -0.2652681240
  16   4        0.2724227712        0.1350574919
  16   3       -0.5435908644       -0.2386263856
  16   2        0.0979260034       -0.0380396854
  16   1       -0.1874570666        0.0336492153
  16   0       -0.0281717249        0.0000000000
  16  -1        0.1874570666        0.0336492153
  16  -2        0.0979260034        0.0380396854
  16  -3        0.5435908644       -0.2386263856
  16  -4        0.2724227712       -0.1350574919
  16  -5       -0.1051270568       -0.2652681240
  16  -6       -0.0879273555        0.1340145251
  16  -7       -0.1883477587       -0.2106111843
  16  -8        0.3253226304       -0.2276736695
  16  -9        0.1542695086       -0.4600888188
  16 -10       -0.1001879154       -0.0882510823
  16 -11       -0.0528266257       -0.1738796437
  16 -12       -0.0469490002       -0.1883979378
  16 -13       -0.3558135560       -0.0789276365
  16 -14        0.0425465941       -0.3253307450
  16 -15        0.1316853011       -0.0281024197
  16 -16        0.3257440224        0.5639292954
  17  17        0.0322188538       -0.0780661697
  17  16        0.0140482231       -0.2006364299
  17  15       -0.0721807765        0.0960460110
  17  14        0.0706837882       -0.0519683459
  17  13       -0.0406778542       -0.1928446394
  17  12       -0.0340620922       -0.0220114268
  17  11       -0.1030878146        0.0502781405
  17  10        0.1241125022       -0.0563327059
  17   9        0.1467081439       -0.0143146340
  17   8        0.1526227714        0.3132002084
  17   7       -0.0566533747       -0.1299043310
  17   6       -0.1192431853       -0.3763435216
  17   5        0.1698054055       -0.1757407557
  17   4        0.1042341285        0.0422994037
  17   3        0.2197819561        0.0596751272
  17   2       -0.1919241258       -0.3757430486
  17   1        0.1560257200        0.0732185182
  17   0       -0.0656415938        0.0000000000
  17  -1       -0.1560257200        0.0732185182
  17  -2       -0.1919241258        0.3757430486
  17  -3       -0.2197819561        0.0596751272
  17  -4        0.1042341285       -0.0422994037
  17  -5       -0.1698054055       -0.1757407557
  17  -6       -0.1192431853        0.3763435216
  17  -7        0.0566533747       -0.1299043310
  17  -8        0.1526227714       -0.3132002084
  17  -9       -0.1467081439       -0.0143146340
  17 -10        0.1241125022        0.0563327059
  17 -11        0.1030878146        0.0502781405
  17 -12       -0.0340620922        0.0220114268
  17 -13        0.0406778542       -0.1928446394
  17 -14        0.0706837882        0.0519683459
  17 -15        0.0721807765        0.0960460110
  17 -16        0.0140482231        0.2006364299
  17 -17       -0.0322188538       -0.0780661697
  18  18       -0.5252948325       -0.3317572037
  18  17        0.1450037863       -0.0375862198
  18  16       -0.1531848660       -0.0674003983
  18  15       -0.1503566594        0.1071350324
  18  14       -0.1354718611        0.0356022297
  18  13       -0.0918293172       -0.0637266328
  18  12       -0.0209363194       -0.1537496708
  18  11        0.0777085063        0.1030937965
  18  10       -0.0304501055       -0.0645743599
  18   9       -0.1846519926        0.3039960612
  18   8       -0.1219218589        0.1320185218
  18   7        0.0584900239        0.0963162059
  18   6        0.0644618956        0.0393524358
  18   5        0.0987317918       -0.0109471552
  18   4        0.1294751243       -0.0840312009
  18   3       -0.0986252164       -0.0962259364
  18   2        0.0036009913        0.0609690407
  18   1        0.0384616293       -0.1926327207
  18   0        0.1545132953        0.0000000000
  18  -1       -0.0384616293       -0.1926327207
  18  -2        0.0036009913       -0.0609690407
  18  -3        0.0986252164       -0.0962259364
  18  -4        0.1294751243        0.0840312009
  18  -5       -0.0987317918       -0.0109471552
  18  -6        0.0644618956       -0.0393524358
  18  -7       -0.0584900239        0.0963162059
  18  -8       -0.1219218589       -0.1320185218
  18  -9        0.1846519926        0.3039960612
  18 -10       -0.0304501055        0.0645743599
  18 -11       -0.0777085063        0.1030937965
  18 -12       -0.0209363194        0.1537496708
  18 -13        0.0918293172       -0.0637266328
  18 -14       -0.1354718611       -0.0356022297
  18 -15        0.1503566594        0.1071350324
  18 -16       -0.1531848660        0.0674003983
  18 -17       -0.1450037863       -0.0375862198
  18 -18       -0.5252948325        0.3317572037
  19  19       -0.0597905794       -0.1219554083
  19  18        0.0991922557       -0.0660576682
  19  17       -0.0551890762        0.0426949673
  19  16        0.0428791087        0.1345156234
  19  15        0.1980193608        0.1626983006
  19  14       -0.3321362574       -0.0429105962
  19  13        0.0845063493       -0.2655323666
  19  12        0.2472357871        0.0268210042
  19  11       -0.1101857095        0.1124672841
  19  10        0.0427140969       -0.0001881360
  19   9        0.0243602950       -0.0012257209
  19   8       -0.0157782965       -0.1948388552
  19   7       -0.0198118654        0.1023251940
  19   6       -0.0912350242       -0.0759900501
  19   5        0.0934820948       -0.1032845431
  19   4        0.0803384408        0.0261371881
  19   3        0.0065381590       -0.0415877585
  19   2       -0.3123896807       -0.1839772551
  19   1        0.1696631977        0.0367808352
  19   0        0.1889132160        0.0000000000
  19  -1       -0.1696631977        0.0367808352
  19  -2       -0.3123896807        0.1839772551
  19  -3       -0.0065381590       -0.0415877585
  19  -4        0.0803384408       -0.0261371881
  19  -5       -0.0934820948       -0.1032845431
  19  -6       -0.0912350242        0.0759900501
  19  -7        0.0198118654        0.1023251940
  19  -8       -0.0157782965        0.1948388552
  19  -9       -0.0243602950       -0.0012257209
  19 -10        0.0427140969        0.0001881360
  19 -11        0.1101857095        0.1124672841
  19 -12        0.2472357871       -0.0268210042
  19 -13       -0.0845063493       -0.2655323666
  19 -14       -0.3321362574        0.0429105962
  19 -15       -0.1980193608        0.1626983006
  19 -16        0.0428791087       -0.1345156234
  19 -17        0.0551890762        0.0426949673
  19 -18        0.0991922557        0.0660576682
  19 -19        0.0597905794       -0.1219554083
  20  20        0.1491968895        0.0990636662
  20  19       -0.1475391937        0.1774122912
  20  18       -0.0634955334        0.4219779140
  20  17        0.2587127386        0.0790406702
  20  16       -0.3676033910       -0.1832374897
  20  15        0.1857910238       -0.0263340927
  20  14       -0.0726107264        0.2000638064
  20  13       -0.0111146993        0.0240040056
  20  12       -0.0562484176        0.1551213572
  20  11       -0.0055743244        0.1084288472
  20  10       -0.0405862629        0.1325886966
  20   9       -0.1705303245       -0.1988742528
  20   8        0.1293281829        0.3600775574
  20   7       -0.0810045080        0.1346554270
  20   6        0.1182712666        0.0072239259
  20   5        0.0627147970       -0.1628877718
  20   4        0.1269493816        0.3621027736
  20   3       -0.0563488324       -0.0795466903
  20   2       -0.3231266715        0.1712123081
  20   1       -0.1939433285        0.0617638261
  20   0        0.3136415572        0.0000000000
  20  -1        0.1939433285        0.0617638261
  20  -2       -0.3231266715       -0.1712123081
  20  -3        0.0563488324       -0.0795466903
  20  -4        0.1269493816       -0.3621027736
  20  -5       -0.0627147970       -0.1628877718
  20  -6        0.1182712666       -0.0072239259
  20  -7        0.0810045080        0.1346554270
  20  -8        0.1293281829       -0.3600775574
  20  -9        0.1705303245       -0.1988742528
  20 -10       -0.0405862629       -0.1325886966
  20 -11        0.0055743244        0.1084288472
  20 -12       -0.0562484176       -0.1551213572
  20 -13        0.0111146993        0.0240040056
  20 -14       -0.0726107264       -0.2000638064
  20 -15       -0.1857910238       -0.0263340927
  20 -16       -0.3676033910        0.1832374897
  20 -17       -0.2587127386        0.0790406702
  20 -18       -0.0634955334       -0.4219779140
  20 -19        0.1475391937        0.1774122912
  20 -20        0.1491968895       -0.0990636662
  21  21        0.0697776492        0.1726692949
  21  20       -0.1687653627        0.0890659394
  21  19       -0.0008623668       -0.0611504446
  21  18        0.1839619399       -0.0856424094
  21  17       -0.1763572617       -0.3451860082
  21  16       -0.0278066839        0.1754662720
  21  15       -0.0794683090       -0.0043608792
  21  14       -0.0349054166       -0.0991551097
  21  13        0.1012379561       -0.0700696167
  21  12       -0.0402523949       -0.1505531337
  21  11        0.2171350538       -0.0345491067
  21  10        0.1280915631       -0.3114315445
  21   9        0.0195682480        0.1661300042
  21   8        0.2232161832       -0.1235540102
  21   7        0.0522535323        0.0962475338
  21   6        0.0379708807       -0.1524757548
  21   5        0.0514532491        0.0719824810
  21   4        0.0739111049       -0.2814999900
  21   3        0.2270894935       -0.0293505396
  21   2       -0.1822338547        0.0380413513
  21   1        0.0219979147        0.0249967788
  21   0        0.1745451072        0.0000000000
  21  -1       -0.0219979147        0.0249967788
  21  -2       -0.1822338547       -0.0380413513
  21  -3       -0.2270894935       -0.0293505396
  21  -4        0.0739111049        0.2814999900
  21  -5       -0.0514532491        0.0719824810
  21  -6        0.0379708807        0.1524757548
  21  -7       -0.0522535323        0.0962475338
  21  -8        0.2232161832        0.1235540102
  21  -9       -0.0195682480        0.1661300042
  21 -10        0.1280915631        0.3114315445
  21 -11       -0.2171350538       -0.0345491067
  21 -12       -0.0402523949        0.1505531337
  21 -13       -0.1012379561       -0.0700696167
  21 -14       -0.0349054166        0.0991551097
  21 -15        0.0794683090       -0.0043608792
  21 -16       -0.0278066839       -0.1754662720
  21 -17        0.1763572617       -0.3451860082
  21 -18        0.1839619399        0.0856424094
  21 -19        0.0008623668       -0.0611504446
  21 -20       -0.1687653627       -0.0890659394
  21 -21       -0.0697776492        0.1726692949
  22  22        0.3313108047        0.1611529776
  22  21        0.1249986375       -0.0077635785
  22  20       -0.2542264970        0.2627406923
  22  19        0.0015529915       -0.0670748300
  22  18       -0.0563810381       -0.0143429506
  22  17       -0.0452808942        0.1740460059
  22  16        0.1093577082       -0.0749173772
  22  15        0.0568609849        0.2054657464
  22  14       -0.2128328319       -0.3586553578
  22  13        0.1894792319       -0.0616696172
  22  12        0.0049900745        0.1700407262
  22  11        0.1269695940        0.2481737373
  22  10        0.1806600947       -0.1516522541
  22   9       -0.1534530066       -0.3405195601
  22   8       -0.0451017292        0.1759438958
  22   7        0.1735042934        0.1668822661
  22   6       -0.0385393065       -0.1349797020
  22   5        0.0999525355       -0.0743847366
  22   4        0.0137760558        0.2191569261
  22   3       -0.1070581844       -0.0675177340
  22   2        0.2903303273       -0.0577345529
  22   1       -0.2762372001        0.2156779208
  22   0       -0.0003600697        0.0000000000
  22  -1        0.2762372001        0.2156779208
  22  -2        0.2903303273        0.0577345529
  22  -3        0.1070581844       -0.0675177340
  22  -4        0.0137760558       -0.2191569261
  22  -5       -0.0999525355       -0.0743847366
  22  -6       -0.0385393065        0.1349797020
  22  -7       -0.1735042934        0.1668822661
  22  -8       -0.0451017292       -0.1759438958
  22  -9        0.1534530066       -0.3405195601
  22 -10        0.1806600947        0.1516522541
  22 -11       -0.1269695940        0.2481737373
  22 -12        0.0049900745       -0.1700407262
  22 -13       -0.1894792319       -0.0616696172
  22 -14       -0.2128328319        0.3586553578
  22 -15       -0.0568609849        0.2054657464
  22 -16        0.1093577082        0.0749173772
  22 -17        0.0452808942        0.1740460059
  22 -18       -0.0563810381        0.0143429506
  22 -19       -0.0015529915       -0.0670748300
  22 -20       -0.2542264970       -0.2627406923
  22 -21       -0.1249986375       -0.0077635785
  22 -22        0.3313108047       -0.1611529776
  23  23        0.0097791040       -0.0303615722
  23  22       -0.1431509711        0.1232960741
  23  21        0.2218547799        0.2225717288
  23  20       -0.0295359024       -0.2278684003
  23  19       -0.1587538615        0.0137722616
  23  18        0.0854798145       -0.0014947051
  23  17        0.0729581706       -0.2437187506
  23  16        0.2343121055       -0.1330136530
  23  15        0.0356405655       -0.0338384542
  23  14       -0.0192549325       -0.1306922966
  23  13       -0.0810025085       -0.2177743499
  23  12        0.0281914635        0.0974824018
  23  11        0.0626083577        0.0174305757
  23  10       -0.0392109755       -0.2685679760
  23   9        0.0663855264       -0.0377179721
  23   8        0.1907384333        0.0957086551
  23   7       -0.2209280426        0.2463535434
  23   6       -0.1563647647        0.0703797679
  23   5        0.0761391258        0.0671069065
  23   4       -0.1902859078        0.0197036061
  23   3        0.0728989775       -0.0350905770
  23   2        0.1678355641       -0.2432496060
  23   1       -0.0037945248       -0.0393635261
  23   0       -0.4559917592        0.0000000000
  23  -1        0.0037945248       -0.0393635261
  23  -2        0.1678355641        0.2432496060
  23  -3       -0.0728989775       -0.0350905770
  23  -4       -0.1902859078       -0.0197036061
  23  -5       -0.0761391258        0.0671069065
  23  -6       -0.1563647647       -0.0703797679
  23  -7        0.2209280426        0.2463535434
  23  -8        0.1907384333       -0.0957086551
  23  -9       -0.0663855264       -0.0377179721
  23 -10       -0.0392109755        0.2685679760
  23 -11       -0.0626083577        0.0174305757
  23 -12        0.0281914635       -0.0974824018
  23 -13        0.0810025085       -0.2177743499
  23 -14       -0.0192549325        0.1306922966
  23 -15       -0.0356405655       -0.0338384542
  23 -16        0.2343121055        0.1330136530
  23 -17       -0.0729581706       -0.2437187506
  23 -18        0.0854798145        0.0014947051
  23 -19        0.1587538615        0.0137722616
  23 -20       -0.0295359024        0.2278684003
  23 -21       -0.2218547799        0.2225717288
  23 -22       -0.1431509711       -0.1232960741
  23 -23       -0.0097791040       -0.0303615722
  24  24       -0.1308550093       -0.3698668527
  24  23        0.0453511588       -0.0068247191
  24  22        0.3483035153       -0.0937514224
  24  21        0.0889798046        0.1424798344
  24  20        0.0560469988        0.0756160724
  24  19        0.0393803692       -0.0212890616
  24  18       -0.0760253902        0.1244882604
  24  17       -0.1248161415        0.1040556021
  24  16        0.1460606429        0.1691570924
  24  15        0.0026045490        0.2092402404
  24  14       -0.1686967925        0.1440668352
  24  13       -0.0355135902       -0.0761037108
  24  12        0.1182011604       -0.2104532249
  24  11        0.1605537397        0.1827102700
  24  10       -0.3544639197        0.1680731110
  24   9       -0.1716893979       -0.0351092066
  24   8       -0.1006444102       -0.1439117704
  24   7        0.2258444743        0.0601052118
  24   6       -0.1523060383        0.0437558447
  24   5       -0.1350194430       -0.2118266182
  24   4       -0.0114487832       -0.0479317303
  24   3        0.0128368712        0.0667597497
  24   2       -0.0316245272       -0.0177131607
  24   1        0.2680658282        0.1040841693
  24   0       -0.1578601932        0.0000000000
  24  -1       -0.2680658282        0.1040841693
  24  -2       -0.0316245272        0.0177131607
  24  -3       -0.0128368712        0.0667597497
  24  -4       -0.0114487832        0.0479317303
  24  -5        0.1350194430       -0.2118266182
  24  -6       -0.1523060383       -0.0437558447
  24  -7       -0.2258444743        0.0601052118
  24  -8       -0.1006444102        0.1439117704
  24  -9        0.1716893979       -0.0351092066
  24 -10       -0.3544639197       -0.1680731110
  24 -11       -0.1605537397        0.1827102700
  24 -12        0.1182011604        0.2104532249
  24 -13        0.0355135902       -0.0761037108
  24 -14       -0.1686967925       -0.1440668352
  24 -15       -0.0026045490        0.2092402404
  24 -16        0.1460606429       -0.1691570924
  24 -17        0.1248161415        0.1040556021
  24 -18       -0.0760253902       -0.1244882604
  24 -19       -0.0393803692       -0.0212890616
  24 -20        0.0560469988       -0.0756160724
  24 -21       -0.0889798046        0.1424798344
  24 -22        0.3483035153        0.0937514224
  24 -23       -0.0453511588       -0.0068247191
  24 -24       -0.1308550093        0.3698668527
  25  25       -0.2986819200       -0.5293570485
  25  24        0.2565521330        0.0479717688
  25  23        0.2008749718       -0.0238137153
  25  22        0.0213999865       -0.2084656339
  25  21       -0.0994070092       -0.0391779954
  25  20       -0.0510706977       -0.0438265636
  25  19        0.1087048336       -0.0846369649
  25  18       -0.0510838040        0.0754961540
  25  17        0.1054600383       -0.0556352839
  25  16       -0.1938363819        0.1055358843
  25  15       -0.1039012139       -0.0060354921
  25  14       -0.2672565953        0.0810895306
  25  13       -0.1643878547       -0.1952232209
  25  12        0.0618683119       -0.1828727982
  25  11        0.1849379293       -0.0180770778
  25  10       -0.0479722757       -0.0034026118
  25   9       -0.0681027233       -0.0758933901
  25   8        0.1017858719        0.0653401134
  25   7        0.1821873856        0.0481485634
  25   6       -0.0576319103        0.0615906231
  25   5       -0.0136249872        0.0532040228
  25   4       -0.0758850156        0.1286396851
  25   3       -0.0283831368        0.1316393027
  25   2       -0.0770891814       -0.0053270133
  25   1        0.3221264666        0.0833279959
  25   0       -0.3125203226        0.0000000000
  25  -1       -0.3221264666        0.0833279959
  25  -2       -0.0770891814        0.0053270133
  25  -3        0.0283831368        0.1316393027
  25  -4       -0.0758850156       -0.1286396851
  25  -5        0.0136249872        0.0532040228
  25  -6       -0.0576319103       -0.0615906231
  25  -7       -0.1821873856        0.0481485634
  25  -8        0.1017858719       -0.0653401134
  25  -9        0.0681027233       -0.0758933901
  25 -10       -0.0479722757        0.0034026118
  25 -11       -0.1849379293       -0.0180770778
  25 -12        0.0618683119        0.1828727982
  25 -13        0.1643878547       -0.1952232209
  25 -14       -0.2672565953       -0.0810895306
  25 -15        0.1039012139       -0.0060354921
  25 -16       -0.1938363819       -0.1055358843
  25 -17       -0.1054600383       -0.0556352839
  25 -18       -0.0510838040       -0.0754961540
  25 -19       -0.1087048336       -0.0846369649
  25 -20       -0.0510706977        0.0438265636
  25 -21        0.0994070092       -0.0391779954
  25 -22        0.0213999865        0.2084656339
  25 -23       -0.2008749718       -0.0238137153
  25 -24        0.2565521330       -0.0479717688
  25 -25        0.2986819200       -0.5293570485
  26  26       -0.2118126462        0.0453232100
  26  25       -0.1266765815       -0.0255165311
  26  24        0.1358515865       -0.1530086174
  26  23       -0.0681003488        0.1071206461
  26  22        0.2320057714       -0.0104391001
  26  21        0.0666246238       -0.1292132275
  26  20       -0.1877558688       -0.1042051831
  26  19       -0.0916373022        0.2042351169
  26  18        0.1653806364        0.0298406883
  26  17        0.0521490662        0.0972963636
  26  16       -0.1529825364       -0.2085883003
  26  15       -0.1514543598        0.1431224843
  26  14       -0.0432758660        0.1864886672
  26  13       -0.1540947061        0.1545386478
  26  12       -0.0350889919        0.0942918241
  26  11       -0.0963058720       -0.1749462943
  26  10       -0.0364601482       -0.0337945271
  26   9       -0.0821220430        0.2382400654
  26   8        0.0529826480        0.0850655787
  26   7        0.0895982793       -0.2499922130
  26   6        0.2198384608        0.0778795596
  26   5       -0.1846758655        0.0631650262
  26   4       -0.3494143180        0.1978001713
  26   3        0.0139433540       -0.2331154238
  26   2       -0.0185856867       -0.0054070306
  26   1        0.1918934283        0.0206230484
  26   0        0.2441813579        0.0000000000
  26  -1       -0.1918934283        0.0206230484
  26  -2       -0.0185856867        0.0054070306
  26  -3       -0.0139433540       -0.2331154238
  26  -4       -0.3494143180       -0.1978001713
  26  -5        0.1846758655        0.0631650262
  26  -6        0.2198384608       -0.0778795596
  26  -7       -0.0895982793       -0.2499922130
  26  -8        0.0529826480       -0.0850655787
  26  -9        0.0821220430        0.2382400654
  26 -10       -0.0364601482        0.0337945271
  26 -11        0.0963058720       -0.1749462943
  26 -12       -0.0350889919       -0.0942918241
  26 -13        0.1540947061        0.1545386478
  26 -14       -0.0432758660       -0.1864886672
  26 -15        0.1514543598        0.1431224843
  26 -16       -0.1529825364        0.2085883003
  26 -17       -0.0521490662        0.0972963636
  26 -18        0.1653806364       -0.0298406883
  26 -19        0.0916373022        0.2042351169
  26 -20       -0.1877558688        0.1042051831
  26 -21       -0.0666246238       -0.1292132275
  26 -22        0.2320057714        0.0104391001
  26 -23        0.0681003488        0.1071206461
  26 -24        0.1358515865        0.1530086174
  26 -25        0.1266765815       -0.0255165311
  26 -26       -0.2118126462       -0.0453232100
