   0   0      238.5393340467        0.0000000000
   1   1        0.6317503229       -1.8960398714
   1   0       -4.3333015088        0.0000000000
   1  -1       -0.6317503229       -1.8960398714
   2   2       19.5069495227       18.1436587533
   2   1       -5.4304337555       -7.4159428994
   2   0      -11.4164409830        0.0000000000
   2  -1        5.4304337555       -7.4159428994
   2  -2       19.5069495227      -18.1436587533
   3   3       -3.3149336682       -4.4151291729
   3   2        3.9257317015        4.6683274383
   3   1       -9.0076332368       -4.4375044883
   3   0        9.5712697831        0.0000000000
   3  -1        9.0076332368       -4.4375044883
   3  -2        3.9257317015       -4.6683274383
   3  -3        3.3149336682       -4.4151291729
   4   4        0.5304667152        8.4146663010
   4   3       -3.3313304904       -2.9829627020
   4   2       -0.1001096177        0.4036967118
   4   1        2.1311895121        3.8443879394
   4   0       -1.2937925190        0.0000000000
   4  -1       -2.1311895121        3.8443879394
   4  -2       -0.1001096177       -0.4036967118
   4  -3        3.3313304904       -2.9829627020
   4  -4        0.5304667152       -8.4146663010
   5   5       -3.0131700006        0.2241365766
   5   4       -0.2481243403        1.9911848660
   5   3        1.3846176750       -2.7897442276
   5   2        0.3348662323        0.3130034466
   5   1        0.3047426720       -0.5644103552
   5   0        1.4791148706        0.0000000000
   5  -1       -0.3047426720       -0.5644103552
   5  -2        0.3348662323       -0.3130034466
   5  -3       -1.3846176750       -2.7897442276
   5  -4       -0.2481243403       -1.9911848660
   5  -5        3.0131700006        0.2241365766
   6   6       -1.4827992154        3.3081799830
   6   5        0.0508088342       -1.9715120162
   6   4       -0.0441197564       -0.5959967001
   6   3        0.2343672652       -1.3155452859
   6   2        2.0337297750        2.1649938229
   6   1       -0.2611754262       -0.0767026940
   6   0       -0.5479846766        0.0000000000
   6  -1        0.2611754262       -0.0767026940
   6  -2        2.0337297750       -2.1649938229
   6  -3       -0.2343672652       -1.3155452859
   6  -4       -0.0441197564        0.5959967001
   6  -5       -0.0508088342       -1.9715120162
   6  -6       -1.4827992154       -3.3081799830
   7   7       -1.3481832063       -0.8058919017
   7   6       -0.7287243413        1.1967079362
   7   5        1.1971782218       -1.3513380172
   7   4        0.4826935987        0.8175789436
   7   3       -0.6659726758        1.1089760905
   7   2        0.1218010251       -0.4543458927
   7   1       -0.3439344110       -0.1972153523
   7   0       -0.3898288385        0.0000000000
   7  -1        0.3439344110       -0.1972153523
   7  -2        0.1218010251        0.4543458927
   7  -3        0.6659726758        1.1089760905
   7  -4        0.4826935987       -0.8175789436
   7  -5       -1.1971782218       -1.3513380172
   7  -6       -0.7287243413       -1.1967079362
   7  -7        1.3481832063       -0.8058919017
   8   8       -1.5838844311        0.7169917841
   8   7        0.0105662857       -0.8266503791
   8   6        0.3329688019       -0.3393820316
   8   5        0.4075150407       -0.2174206570
   8   4       -0.1270309943        0.2737658089
   8   3       -0.0434181368        0.6875857889
   8   2       -0.5183810219       -0.3920769778
   8   1       -0.7664921128       -0.5166157234
   8   0        0.8144847449        0.0000000000
   8  -1        0.7664921128       -0.5166157234
   8  -2       -0.5183810219        0.3920769778
   8  -3        0.0434181368        0.6875857889
   8  -4       -0.1270309943       -0.2737658089
   8  -5       -0.4075150407       -0.2174206570
   8  -6        0.3329688019        0.3393820316
   8  -7       -0.0105662857       -0.8266503791
   8  -8       -1.5838844311       -0.7169917841
   9   9       -1.0023048916       -0.3008001397
   9   8       -0.4621846113       -0.2291014406
   9   7        0.7916388168        0.1706668142
   9   6       -0.4642311613       -0.2306530316
   9   5       -0.9413754825        0.4754677618
   9   4        0.3277281097        0.1893891369
   9   3       -0.7943828088       -0.4893451123
   9   2       -0.1005590188       -0.6025357491
   9   1        0.3471697800        0.8825423549
   9   0        0.8968199866        0.0000000000
   9  -1       -0.3471697800        0.8825423549
   9  -2       -0.1005590188        0.6025357491
   9  -3        0.7943828088       -0.4893451123
   9  -4        0.3277281097       -0.1893891369
   9  -5        0.9413754825        0.4754677618
   9  -6       -0.4642311613        0.2306530316
   9  -7       -0.7916388168        0.1706668142
   9  -8       -0.4621846113        0.2291014406
   9  -9        1.0023048916       -0.3008001397
  10  10       -0.4485852439       -0.4565127749
  10   9        0.7002404053        0.4526685602
  10   8        0.1412633028       -0.1316473430
  10   7       -0.0690703503        0.4153064425
  10   6        0.0331744055        0.6332511628
  10   5       -0.2152862701        0.5364028593
  10   4       -0.1951949586        0.4888662578
  10   3       -0.4502831408        0.1963638680
  10   2        0.2305931986        0.7473078427
  10   1        0.4354619506        0.0565677506
  10   0       -1.2184905526        0.0000000000
  10  -1       -0.4354619506        0.0565677506
  10  -2        0.2305931986       -0.7473078427
  10  -3        0.4502831408        0.1963638680
  10  -4       -0.1951949586       -0.4888662578
  10  -5        0.2152862701        0.5364028593
  10  -6        0.0331744055       -0.6332511628
  10  -7        0.0690703503        0.4153064425
  10  -8        0.1412633028        0.1316473430
  10  -9       -0.7002404053        0.4526685602
  10 -10       -0.4485852439        0.4565127749
  11  11       -0.5845614174       -1.0083898271
  11  10        0.2451068877       -0.5955957558
  11   9        0.4435529465       -0.1444036821
  11   8        0.5927530285        0.5021365152
  11   7        0.1802714959       -0.2951027054
  11   6       -0.5698446484        0.2853438092
  11   5       -0.0381385885       -0.5090021013
  11   4        0.3393953084        0.0568212215
  11   3       -0.1022142437       -0.1872407099
  11   2        0.0043260951        0.1692634948
  11   1       -0.1406287880        0.0728400082
  11   0        0.2382814195        0.0000000000
  11  -1        0.1406287880        0.0728400082
  11  -2        0.0043260951       -0.1692634948
  11  -3        0.1022142437       -0.1872407099
  11  -4        0.3393953084       -0.0568212215
  11  -5        0.0381385885       -0.5090021013
  11  -6       -0.5698446484       -0.2853438092
  11  -7       -0.1802714959       -0.2951027054
  11  -8        0.5927530285       -0.5021365152
  11  -9       -0.4435529465       -0.1444036821
  11 -10        0.2451068877        0.5955957558
  11 -11        0.5845614174       -1.0083898271
  12  12       -0.0715478865        0.3511638147
  12  11        0.4335762319        0.1420349855
  12  10        0.2542602812        0.2582075071
  12   9       -0.3029500804        0.1697430653
  12   8        0.2866135873       -0.0995906089
  12   7       -0.6080974218       -0.0575934083
  12   6        0.3870903839       -0.1629199533
  12   5        0.1035168603        0.2745084164
  12   4        0.0230481298       -0.1923908429
  12   3        0.1523738411        0.4658981189
  12   2        0.3523382609       -0.0483334122
  12   1       -0.0134243008       -0.5221110051
  12   0        0.1349023255        0.0000000000
  12  -1        0.0134243008       -0.5221110051
  12  -2        0.3523382609        0.0483334122
  12  -3       -0.1523738411        0.4658981189
  12  -4        0.0230481298        0.1923908429
  12  -5       -0.1035168603        0.2745084164
  12  -6        0.3870903839        0.1629199533
  12  -7        0.6080974218       -0.0575934083
  12  -8        0.2866135873        0.0995906089
  12  -9        0.3029500804        0.1697430653
  12 -10        0.2542602812       -0.2582075071
  12 -11       -0.4335762319        0.1420349855
  12 -12       -0.0715478865       -0.3511638147
  13  13        0.1224838617       -1.0986792980
  13  12        0.2397449512        0.4744785509
  13  11        0.4778848564        0.0130572479
  13  10        0.2963954863        0.2981091271
  13   9       -0.2989703650       -0.0093446263
  13   8        0.1095290472        0.0452376538
  13   7        0.1856980154       -0.0164771281
  13   6       -0.1942573452        0.1335357512
  13   5        0.3071679861        0.1046887856
  13   4       -0.2960451851        0.0157001883
  13   3        0.1511393933       -0.1331311801
  13   2       -0.1091681291       -0.1495146106
  13   1        0.3541914987        0.0482655828
  13   0        0.0326843001        0.0000000000
  13  -1       -0.3541914987        0.0482655828
  13  -2       -0.1091681291        0.1495146106
  13  -3       -0.1511393933       -0.1331311801
  13  -4       -0.2960451851       -0.0157001883
  13  -5       -0.3071679861        0.1046887856
  13  -6       -0.1942573452       -0.1335357512
  13  -7       -0.1856980154       -0.0164771281
  13  -8        0.1095290472       -0.0452376538
  13  -9        0.2989703650       -0.0093446263
  13 -10        0.2963954863       -0.2981091271
  13 -11       -0.4778848564        0.0130572479
  13 -12        0.2397449512       -0.4744785509
  13 -13       -0.1224838617       -1.0986792980
  14  14       -0.5165261814       -0.8123779768
  14  13        0.2329920779        0.0728021768
  14  12        0.2398013862       -0.1973475325
  14  11       -0.3562028809       -0.3695925935
  14  10        0.2696705119        0.0379973186
  14   9       -0.0760831802        0.1933227339
  14   8       -0.3055212912       -0.3647051398
  14   7        0.0178286849       -0.3264922442
  14   6        0.0267481347        0.1220772248
  14   5       -0.1036744973        0.1214783625
  14   4        0.0961392706        0.1161906909
  14   3       -0.0661462471       -0.1046676124
  14   2       -0.5310668989       -0.3383981124
  14   1       -0.1770112471       -0.0703141883
  14   0        0.2864652359        0.0000000000
  14  -1        0.1770112471       -0.0703141883
  14  -2       -0.5310668989        0.3383981124
  14  -3        0.0661462471       -0.1046676124
  14  -4        0.0961392706       -0.1161906909
  14  -5        0.1036744973        0.1214783625
  14  -6        0.0267481347       -0.1220772248
  14  -7       -0.0178286849       -0.3264922442
  14  -8       -0.3055212912        0.3647051398
  14  -9        0.0760831802        0.1933227339
  14 -10        0.2696705119       -0.0379973186
  14 -11        0.3562028809       -0.3695925935
  14 -12        0.2398013862        0.1973475325
  14 -13       -0.2329920779        0.0728021768
  14 -14       -0.5165261814        0.8123779768
  15  15        0.1036550295       -0.4837672647
  15  14       -0.1174264368        0.2941673557
  15  13        0.3020887178       -0.2247711955
  15  12       -0.1476007749       -0.1039665782
  15  11       -0.2427726698       -0.0011973551
  15  10       -0.0024655175       -0.0396411548
  15   9       -0.5932663742       -0.2132524584
  15   8        0.3005243782       -0.1284498995
  15   7        0.3657271361        0.2229540207
  15   6        0.2602645049        0.1412260198
  15   5       -0.1604824298        0.1744370369
  15   4       -0.1298948705       -0.0055776274
  15   3       -0.0369273549       -0.2162521578
  15   2       -0.3223728576       -0.0615040524
  15   1       -0.0291784087       -0.0639761233
  15   0        0.2345572711        0.0000000000
  15  -1        0.0291784087       -0.0639761233
  15  -2       -0.3223728576        0.0615040524
  15  -3        0.0369273549       -0.2162521578
  15  -4       -0.1298948705        0.0055776274
  15  -5        0.1604824298        0.1744370369
  15  -6        0.2602645049       -0.1412260198
  15  -7       -0.3657271361        0.2229540207
  15  -8        0.3005243782        0.1284498995
  15  -9        0.5932663742       -0.2132524584
  15 -10       -0.0024655175        0.0396411548
  15 -11        0.2427726698       -0.0011973551
  15 -12       -0.1476007749        0.1039665782
  15 -13       -0.3020887178       -0.2247711955
  15 -14       -0.1174264368       -0.2941673557
  15 -15       -0.1036550295       -0.4837672647
  16  16        0.2268605824       -0.6069556570
  16  15        0.3779103193        0.0967400759
  16  14       -0.2525852996        0.4848212506
  16  13       -0.1435874549       -0.1326277530
  16  12       -0.0389833803        0.3767641408
  16  11        0.1821335060       -0.1292644947
  16  10        0.0762172751       -0.2795233964
  16   9        0.1896498942        0.4055269391
  16   8       -0.1602211045       -0.1501078165
  16   7        0.2537715238       -0.5038029878
  16   6       -0.0400118516        0.3365799995
  16   5       -0.3122219478        0.0921605579
  16   4        0.0608164314        0.1644403779
  16   3       -0.0965950538        0.1294404090
  16   2        0.2148969414        0.0301236445
  16   1       -0.2360630567        0.2867420721
  16   0        0.1794784983        0.0000000000
  16  -1        0.2360630567        0.2867420721
  16  -2        0.2148969414       -0.0301236445
  16  -3        0.0965950538        0.1294404090
  16  -4        0.0608164314       -0.1644403779
  16  -5        0.3122219478        0.0921605579
  16  -6       -0.0400118516       -0.3365799995
  16  -7       -0.2537715238       -0.5038029878
  16  -8       -0.1602211045        0.1501078165
  16  -9       -0.1896498942        0.4055269391
  16 -10        0.0762172751        0.2795233964
  16 -11       -0.1821335060       -0.1292644947
  16 -12       -0.0389833803       -0.3767641408
  16 -13        0.1435874549       -0.1326277530
  16 -14       -0.2525852996       -0.4848212506
  16 -15       -0.3779103193        0.0967400759
  16 -16        0.2268605824        0.6069556570
  17  17       -0.1025336217       -0.1371849194
  17  16        0.3052288211        0.2153092923
  17  15        0.1397101925       -0.1505362598
  17  14        0.0401584477        0.2646810154
  17  13       -0.2240138309        0.1057718575
  17  12       -0.1320203284        0.1154392720
  17  11        0.1284780992       -0.2115082208
  17  10       -0.2008259605        0.0878633662
  17   9        0.0344402439        0.2605192133
  17   8        0.1950613004        0.2659873981
  17   7        0.1427426201        0.4200542161
  17   6        0.1072833082       -0.0186545692
  17   5        0.0137025476       -0.0259342682
  17   4        0.1305302507       -0.0719692908
  17   3       -0.1245574528       -0.1831232530
  17   2       -0.0082948254        0.4727317953
  17   1        0.1623971909       -0.0219193187
  17   0       -0.2158814318        0.0000000000
  17  -1       -0.1623971909       -0.0219193187
  17  -2       -0.0082948254       -0.4727317953
  17  -3        0.1245574528       -0.1831232530
  17  -4        0.1305302507        0.0719692908
  17  -5       -0.0137025476       -0.0259342682
  17  -6        0.1072833082        0.0186545692
  17  -7       -0.1427426201        0.4200542161
  17  -8        0.1950613004       -0.2659873981
  17  -9       -0.0344402439        0.2605192133
  17 -10       -0.2008259605       -0.0878633662
  17 -11       -0.1284780992       -0.2115082208
  17 -12       -0.1320203284       -0.1154392720
  17 -13        0.2240138309        0.1057718575
  17 -14        0.0401584477       -0.2646810154
  17 -15       -0.1397101925       -0.1505362598
  17 -16        0.3052288211       -0.2153092923
  17 -17        0.1025336217       -0.1371849194
  18  18       -0.0635366793        0.0004277166
  18  17        0.0561206523        0.1921058984
  18  16       -0.2408991467        0.6155281874
  18  15       -0.4541236733       -0.1276841512
  18  14       -0.2364313788       -0.0659468359
  18  13        0.3941249701        0.2272271944
  18  12        0.0707498161        0.3590947759
  18  11       -0.0331831672        0.1054045022
  18  10       -0.0625875452        0.2893504561
  18   9       -0.1569844823        0.0385663691
  18   8        0.0320840453       -0.1964667172
  18   7        0.0903642522       -0.1686866218
  18   6       -0.1573385404        0.0876192209
  18   5        0.0831809392        0.0415175875
  18   4       -0.1101911674        0.0094740397
  18   3       -0.0244107563       -0.1095162570
  18   2        0.2541664509        0.3656096576
  18   1        0.0971209752        0.1089170391
  18   0        0.0977353924        0.0000000000
  18  -1       -0.0971209752        0.1089170391
  18  -2        0.2541664509       -0.3656096576
  18  -3        0.0244107563       -0.1095162570
  18  -4       -0.1101911674       -0.0094740397
  18  -5       -0.0831809392        0.0415175875
  18  -6       -0.1573385404       -0.0876192209
  18  -7       -0.0903642522       -0.1686866218
  18  -8        0.0320840453        0.1964667172
  18  -9        0.1569844823        0.0385663691
  18 -10       -0.0625875452       -0.2893504561
  18 -11        0.0331831672        0.1054045022
  18 -12        0.0707498161       -0.3590947759
  18 -13       -0.3941249701        0.2272271944
  18 -14       -0.2364313788        0.0659468359
  18 -15        0.4541236733       -0.1276841512
  18 -16       -0.2408991467       -0.6155281874
  18 -17       -0.0561206523        0.1921058984
  18 -18       -0.0635366793       -0.0004277166
  19  19        0.1012014362       -0.0882374636
  19  18        0.0489110676        0.0999663690
  19  17        0.2052943461        0.0201895242
  19  16       -0.1559944385       -0.2908010464
  19  15       -0.2093272086       -0.0445859714
  19  14       -0.0983782340        0.1791003209
  19  13        0.0839196184        0.0849220546
  19  12        0.3445887616        0.0408661899
  19  11       -0.1783047244       -0.0424677621
  19  10        0.1046177365        0.0610065052
  19   9       -0.1242313965        0.0789867949
  19   8        0.0196907113        0.3618793240
  19   7       -0.0344847718        0.1523347244
  19   6        0.3412119036       -0.0623774865
  19   5        0.2681561452       -0.4085298905
  19   4       -0.0826920879       -0.3057654040
  19   3       -0.2956538314       -0.1531234555
  19   2       -0.0305136384        0.0632470805
  19   1        0.0531548299        0.2323363457
  19   0        0.1995154331        0.0000000000
  19  -1       -0.0531548299        0.2323363457
  19  -2       -0.0305136384       -0.0632470805
  19  -3        0.2956538314       -0.1531234555
  19  -4       -0.0826920879        0.3057654040
  19  -5       -0.2681561452       -0.4085298905
  19  -6        0.3412119036        0.0623774865
  19  -7        0.0344847718        0.1523347244
  19  -8        0.0196907113       -0.3618793240
  19  -9        0.1242313965        0.0789867949
  19 -10        0.1046177365       -0.0610065052
  19 -11        0.1783047244       -0.0424677621
  19 -12        0.3445887616       -0.0408661899
  19 -13       -0.0839196184        0.0849220546
  19 -14       -0.0983782340       -0.1791003209
  19 -15        0.2093272086       -0.0445859714
  19 -16       -0.1559944385        0.2908010464
  19 -17       -0.2052943461        0.0201895242
  19 -18        0.0489110676       -0.0999663690
  19 -19       -0.1012014362       -0.0882374636
  20  20        0.3013051524       -0.0800716727
  20  19        0.0234287634        0.1448698241
  20  18        0.2645058373        0.0562939089
  20  17       -0.4446431743       -0.1031159449
  20  16       -0.0943617834       -0.0350224330
  20  15       -0.4853136291        0.3287015832
  20  14        0.1046953596       -0.1810470484
  20  13       -0.1643354372       -0.1442379923
  20  12       -0.0351842122        0.1240556211
  20  11        0.2007641810        0.3197878039
  20  10        0.1775075223       -0.0678919233
  20   9       -0.2583764192        0.1657784230
  20   8       -0.1350604776       -0.2193015944
  20   7        0.0553510329        0.0347536887
  20   6       -0.2115854319       -0.1601612727
  20   5       -0.1291150182       -0.0751735200
  20   4        0.0395687345        0.0213830097
  20   3        0.0224874512       -0.0942184258
  20   2       -0.0502291490       -0.2532466174
  20   1        0.1920348143       -0.1637558764
  20   0       -0.1620205973        0.0000000000
  20  -1       -0.1920348143       -0.1637558764
  20  -2       -0.0502291490        0.2532466174
  20  -3       -0.0224874512       -0.0942184258
  20  -4        0.0395687345       -0.0213830097
  20  -5        0.1291150182       -0.0751735200
  20  -6       -0.2115854319        0.1601612727
  20  -7       -0.0553510329        0.0347536887
  20  -8       -0.1350604776        0.2193015944
  20  -9        0.2583764192        0.1657784230
  20 -10        0.1775075223        0.0678919233
  20 -11       -0.2007641810        0.3197878039
  20 -12       -0.0351842122       -0.1240556211
  20 -13        0.1643354372       -0.1442379923
  20 -14        0.1046953596        0.1810470484
  20 -15        0.4853136291        0.3287015832
  20 -16       -0.0943617834        0.0350224330
  20 -17        0.4446431743       -0.1031159449
  20 -18        0.2645058373       -0.0562939089
  20 -19       -0.0234287634        0.1448698241
  20 -20        0.3013051524        0.0800716727
  21  21        0.1330664699       -0.0984812995
  21  20       -0.0284348795       -0.0099924138
  21  19        0.0073621641        0.0436011097
  21  18        0.0464925683       -0.2648508187
  21  17        0.0297914272        0.1988368286
  21  16        0.0557364722       -0.2487175511
  21  15        0.1041079634        0.1890062106
  21  14       -0.0455441533       -0.2435614427
  21  13       -0.3790861087        0.0847362359
  21  12        0.0480825202       -0.3260760860
  21  11        0.0571686388        0.2527877801
  21  10        0.2394125580       -0.0610113366
  21   9        0.1624233963       -0.0308199299
  21   8        0.3849159979       -0.1272610226
  21   7        0.0825848841       -0.0652629451
  21   6        0.1688060626        0.0950315692
  21   5       -0.3727151564       -0.0129733224
  21   4       -0.1943267696       -0.0039297499
  21   3       -0.2690900538       -0.0819791753
  21   2        0.2346959273        0.0011068246
  21   1        0.0402606669        0.1592697158
  21   0       -0.5399652653        0.0000000000
  21  -1       -0.0402606669        0.1592697158
  21  -2        0.2346959273       -0.0011068246
  21  -3        0.2690900538       -0.0819791753
  21  -4       -0.1943267696        0.0039297499
  21  -5        0.3727151564       -0.0129733224
  21  -6        0.1688060626       -0.0950315692
  21  -7       -0.0825848841       -0.0652629451
  21  -8        0.3849159979        0.1272610226
  21  -9       -0.1624233963       -0.0308199299
  21 -10        0.2394125580        0.0610113366
  21 -11       -0.0571686388        0.2527877801
  21 -12        0.0480825202        0.3260760860
  21 -13        0.3790861087        0.0847362359
  21 -14       -0.0455441533        0.2435614427
  21 -15       -0.1041079634        0.1890062106
  21 -16        0.0557364722        0.2487175511
  21 -17       -0.0297914272        0.1988368286
  21 -18        0.0464925683        0.2648508187
  21 -19       -0.0073621641        0.0436011097
  21 -20       -0.0284348795        0.0099924138
  21 -21       -0.1330664699       -0.0984812995
  22  22        0.3806897751       -0.2562614487
  22  21       -0.2767591113        0.3472499715
  22  20       -0.0283830284       -0.3154434945
  22  19       -0.0389756015        0.1439112857
  22  18       -0.0804793854       -0.0056921572
  22  17        0.3163557495        0.2687021936
  22  16       -0.1630312649       -0.1356087493
  22  15       -0.1484842871        0.3063888415
  22  14       -0.2717267030       -0.1271165970
  22  13       -0.2135606597        0.0289606587
  22  12       -0.1100292211        0.0386258336
  22  11        0.1355149893        0.1253661759
  22  10       -0.1589965768       -0.1125060602
  22   9       -0.2016342042       -0.1363449710
  22   8        0.4020280306       -0.4645210321
  22   7       -0.0356675306       -0.1396517998
  22   6        0.1298757260       -0.1793153065
  22   5        0.0424991614       -0.2000865238
  22   4       -0.0221312641        0.0842026987
  22   3       -0.0457546720        0.0141364392
  22   2        0.1516398589        0.1524621461
  22   1        0.1435171827        0.1601136125
  22   0       -0.2201582557        0.0000000000
  22  -1       -0.1435171827        0.1601136125
  22  -2        0.1516398589       -0.1524621461
  22  -3        0.0457546720        0.0141364392
  22  -4       -0.0221312641       -0.0842026987
  22  -5       -0.0424991614       -0.2000865238
  22  -6        0.1298757260        0.1793153065
  22  -7        0.0356675306       -0.1396517998
  22  -8        0.4020280306        0.4645210321
  22  -9        0.2016342042       -0.1363449710
  22 -10       -0.1589965768        0.1125060602
  22 -11       -0.1355149893        0.1253661759
  22 -12       -0.1100292211       -0.0386258336
  22 -13        0.2135606597        0.0289606587
  22 -14       -0.2717267030        0.1271165970
  22 -15        0.1484842871        0.3063888415
  22 -16       -0.1630312649        0.1356087493
  22 -17       -0.3163557495        0.2687021936
  22 -18       -0.0804793854        0.0056921572
  22 -19        0.0389756015        0.1439112857
  22 -20       -0.0283830284        0.3154434945
  22 -21        0.2767591113        0.3472499715
  22 -22        0.3806897751        0.2562614487
  23  23        0.3377513695       -0.0872014965
  23  22       -0.1630377458       -0.0909246575
  23  21        0.1544244329        0.4520077655
  23  20       -0.2175129455        0.1203921870
  23  19       -0.2466573172        0.2213601682
  23  18        0.1282456404        0.3848387869
  23  17       -0.2052054395        0.2978138278
  23  16       -0.3240547864        0.1774844596
  23  15       -0.0378117762        0.0412973438
  23  14        0.0726740791       -0.3885846412
  23  13        0.0357383967       -0.1363163899
  23  12       -0.0069645588       -0.2947594456
  23  11       -0.0887952276        0.1305018465
  23  10       -0.2340927285       -0.3882005382
  23   9        0.1849492223        0.1111249736
  23   8       -0.0897647214       -0.1422862671
  23   7        0.1708139695        0.1889305034
  23   6       -0.0036669765       -0.2063334543
  23   5        0.0006324534        0.1543839858
  23   4        0.2733259177        0.1846275464
  23   3       -0.0210053754        0.0141692942
  23   2        0.0937791004       -0.1497247569
  23   1        0.0438181710       -0.1336338750
  23   0       -0.2402678315        0.0000000000
  23  -1       -0.0438181710       -0.1336338750
  23  -2        0.0937791004        0.1497247569
  23  -3        0.0210053754        0.0141692942
  23  -4        0.2733259177       -0.1846275464
  23  -5       -0.0006324534        0.1543839858
  23  -6       -0.0036669765        0.2063334543
  23  -7       -0.1708139695        0.1889305034
  23  -8       -0.0897647214        0.1422862671
  23  -9       -0.1849492223        0.1111249736
  23 -10       -0.2340927285        0.3882005382
  23 -11        0.0887952276        0.1305018465
  23 -12       -0.0069645588        0.2947594456
  23 -13       -0.0357383967       -0.1363163899
  23 -14        0.0726740791        0.3885846412
  23 -15        0.0378117762        0.0412973438
  23 -16       -0.3240547864       -0.1774844596
  23 -17        0.2052054395        0.2978138278
  23 -18        0.1282456404       -0.3848387869
  23 -19        0.2466573172        0.2213601682
  23 -20       -0.2175129455       -0.1203921870
  23 -21       -0.1544244329        0.4520077655
  23 -22       -0.1630377458        0.0909246575
  23 -23       -0.3377513695       -0.0872014965
  24  24        0.3593414171       -0.3193252248
  24  23       -0.0763185213        0.4088811992
  24  22       -0.2431572185        0.0345107729
  24  21        0.0349957890        0.0032357366
  24  20       -0.4370745813        0.1632897046
  24  19        0.0670807728        0.1457855783
  24  18       -0.1147612656       -0.1396707383
  24  17        0.0524214626       -0.0250622479
  24  16        0.1012830961       -0.1039749697
  24  15        0.1419260311        0.0217551670
  24  14       -0.1519615654        0.2300428833
  24  13        0.1060338200        0.1795386929
  24  12       -0.0813042076       -0.1387289427
  24  11       -0.0403673277       -0.0432366215
  24  10       -0.0021069377       -0.1260724216
  24   9        0.1442572404        0.0031890920
  24   8       -0.1145023988       -0.2810325076
  24   7       -0.1721698187       -0.1204141730
  24   6        0.0770977973       -0.0317437621
  24   5        0.1272613865        0.0140763868
  24   4        0.1435574274        0.1377473927
  24   3        0.0136787033        0.2282452615
  24   2        0.2405929216       -0.0865043591
  24   1        0.1148543130        0.2078966605
  24   0       -0.0768568619        0.0000000000
  24  -1       -0.1148543130        0.2078966605
  24  -2        0.2405929216        0.0865043591
  24  -3       -0.0136787033        0.2282452615
  24  -4        0.1435574274       -0.1377473927
  24  -5       -0.1272613865        0.0140763868
  24  -6        0.0770977973        0.0317437621
  24  -7        0.1721698187       -0.1204141730
  24  -8       -0.1145023988        0.2810325076
  24  -9       -0.1442572404        0.0031890920
  24 -10       -0.0021069377        0.1260724216
  24 -11        0.0403673277       -0.0432366215
  24 -12       -0.0813042076        0.1387289427
  24 -13       -0.1060338200        0.1795386929
  24 -14       -0.1519615654       -0.2300428833
  24 -15       -0.1419260311        0.0217551670
  24 -16        0.1012830961        0.1039749697
  24 -17       -0.0524214626       -0.0250622479
  24 -18       -0.1147612656        0.1396707383
  24 -19       -0.0670807728        0.1457855783
  24 -20       -0.4370745813       -0.1632897046
  24 -21       -0.0349957890        0.0032357366
  24 -22       -0.2431572185       -0.0345107729
  24 -23        0.0763185213        0.4088811992
  24 -24        0.3593414171        0.3193252248
  25  25        0.2309295674        0.2234019420
  25  24       -0.1842489186        0.1756793576
  25  23       -0.0367198019        0.1619267156
  25  22       -0.1281404978       -0.1452749068
  25  21        0.0406370494        0.1044594225
  25  20        0.0489016450        0.1980866156
  25  19        0.1362361629        0.1819671189
  25  18       -0.1209143612        0.1309761272
  25  17       -0.4895514755        0.0377415992
  25  16       -0.1263221917        0.0042951784
  25  15        0.0354143553        0.0398941525
  25  14        0.0119910577       -0.1524617425
  25  13        0.2067418311       -0.1183434484
  25  12       -0.2913710022        0.1386064542
  25  11        0.1550433029        0.1568167706
  25  10       -0.2515762584       -0.0804521853
  25   9       -0.1822047505        0.0024688050
  25   8       -0.0135065731       -0.0623425701
  25   7        0.2681978226        0.1544485140
  25   6        0.0365555201       -0.1362945130
  25   5        0.2673955207        0.0697314192
  25   4       -0.2165122014        0.0373917580
  25   3        0.0901406193       -0.1007842518
  25   2       -0.2226932390       -0.1417988076
  25   1        0.0963570526        0.0799371164
  25   0       -0.1260473971        0.0000000000
  25  -1       -0.0963570526        0.0799371164
  25  -2       -0.2226932390        0.1417988076
  25  -3       -0.0901406193       -0.1007842518
  25  -4       -0.2165122014       -0.0373917580
  25  -5       -0.2673955207        0.0697314192
  25  -6        0.0365555201        0.1362945130
  25  -7       -0.2681978226        0.1544485140
  25  -8       -0.0135065731        0.0623425701
  25  -9        0.1822047505        0.0024688050
  25 -10       -0.2515762584        0.0804521853
  25 -11       -0.1550433029        0.1568167706
  25 -12       -0.2913710022       -0.1386064542
  25 -13       -0.2067418311       -0.1183434484
  25 -14        0.0119910577        0.1524617425
  25 -15       -0.0354143553        0.0398941525
  25 -16       -0.1263221917       -0.0042951784
  25 -17        0.4895514755        0.0377415992
  25 -18       -0.1209143612       -0.1309761272
  25 -19       -0.1362361629        0.1819671189
  25 -20        0.0489016450       -0.1980866156
  25 -21       -0.0406370494        0.1044594225
  25 -22       -0.1281404978        0.1452749068
  25 -23        0.0367198019        0.1619267156
  25 -24       -0.1842489186       -0.1756793576
  25 -25       -0.2309295674        0.2234019420
  26  26        0.2126526895       -0.1483089580
  26  25        0.0441336778        0.3434364112
  26  24       -0.0585784239        0.4100637300
  26  23        0.1416733730       -0.0654021744
  26  22        0.0376702270        0.2216462057
  26  21       -0.1698439025       -0.0129999950
  26  20       -0.0976947231        0.1495672750
  26  19        0.1549597556       -0.0988433407
  26  18        0.0211726435       -0.1006240383
  26  17       -0.0071042350       -0.2307918477
  26  16        0.0370570644        0.0792820225
  26  15       -0.0933929675        0.0715421413
  26  14       -0.0268748604        0.0404423918
  26  13       -0.2112226384        0.0723362951
  26  12       -0.2574612604       -0.0266931234
  26  11       -0.0960191283       -0.0064634017
  26  10        0.0676723208       -0.0484376459
  26   9        0.0813198273       -0.0953701740
  26   8       -0.0358482149        0.0438244768
  26   7        0.0570915034        0.2244451008
  26   6       -0.1053195900        0.0169861439
  26   5        0.0542274010        0.1463784739
  26   4       -0.1013770578        0.3397893622
  26   3        0.1404003386        0.0085904428
  26   2       -0.0280141394       -0.2417924126
  26   1        0.1837304850        0.1094706783
  26   0       -0.4112360692        0.0000000000
  26  -1       -0.1837304850        0.1094706783
  26  -2       -0.0280141394        0.2417924126
  26  -3       -0.1404003386        0.0085904428
  26  -4       -0.1013770578       -0.3397893622
  26  -5       -0.0542274010        0.1463784739
  26  -6       -0.1053195900       -0.0169861439
  26  -7       -0.0570915034        0.2244451008
  26  -8       -0.0358482149       -0.0438244768
  26  -9       -0.0813198273       -0.0953701740
  26 -10        0.0676723208        0.0484376459
  26 -11        0.0960191283       -0.0064634017
  26 -12       -0.2574612604        0.0266931234
  26 -13        0.2112226384        0.0723362951
  26 -14       -0.0268748604       -0.0404423918
  26 -15        0.0933929675        0.0715421413
  26 -16        0.0370570644       -0.0792820225
  26 -17        0.0071042350       -0.2307918477
  26 -18        0.0211726435        0.1006240383
  26 -19       -0.1549597556       -0.0988433407
  26 -20       -0.0976947231       -0.1495672750
  26 -21        0.1698439025       -0.0129999950
  26 -22        0.0376702270       -0.2216462057
  26 -23       -0.1416733730       -0.0654021744
  26 -24       -0.0585784239       -0.4100637300
  26 -25       -0.0441336778        0.3434364112
  26 -26        0.2126526895        0.1483089580
