   0   0      370.1022650280        0.0000000000
   1   1       -2.0375267925       -0.6102000053
   1   0       -1.0791607822        0.0000000000
   1  -1        2.0375267925       -0.6102000053
   2   2       -8.6420412208        4.5295312510
   2   1       14.5866535329       -1.0415335700
   2   0       -6.7983696181        0.0000000000
   2  -1      -14.5866535329       -1.0415335700
   2  -2       -8.6420412208       -4.5295312510
   3   3      -14.2908146280        1.3965561701
   3   2        5.2558966471        4.1471150091
   3   1       -1.2747725606        5.2498643769
   3   0        0.3572557925        0.0000000000
   3  -1        1.2747725606        5.2498643769
   3  -2        5.2558966471       -4.1471150091
   3  -3       14.2908146280        1.3965561701
   4   4       -6.0116455536        0.1877381151
   4   3      -12.0961790291       -6.7638618936
   4   2       -0.7943174269       -5.1965883564
   4   1       -0.8605540489        1.4443817645
   4   0        1.8786558015        0.0000000000
   4  -1        0.8605540489        1.4443817645
   4  -2       -0.7943174269        5.1965883564
   4  -3       12.0961790291       -6.7638618936
   4  -4       -6.0116455536       -0.1877381151
   5   5        3.1681447033        5.6846799642
   5   4        0.6195769742        1.9804805560
   5   3        0.5182042268       -3.1111305785
   5   2       -2.9765038896       -1.5954881233
   5   1        1.7699413253        2.8256757244
   5   0        1.2898548728        0.0000000000
   5  -1       -1.7699413253        2.8256757244
   5  -2       -2.9765038896        1.5954881233
   5  -3       -0.5182042268       -3.1111305785
   5  -4        0.6195769742       -1.9804805560
   5  -5       -3.1681447033        5.6846799642
   6   6        0.4584349795        2.3361098716
   6   5       -3.0489466976        3.3344442949
   6   4        3.0807251033        3.2721343181
   6   3       -3.2510179337        0.2152976939
   6   2       -0.2308891739        2.3795963636
   6   1        1.5966678269       -3.6255466605
   6   0        1.5336775438        0.0000000000
   6  -1       -1.5966678269       -3.6255466605
   6  -2       -0.2308891739       -2.3795963636
   6  -3        3.2510179337        0.2152976939
   6  -4        3.0807251033       -3.2721343181
   6  -5        3.0489466976        3.3344442949
   6  -6        0.4584349795       -2.3361098716
   7   7        1.1391631930       -3.8298552079
   7   6        2.4642584923        1.2222253076
   7   5       -1.4515855868        1.5048024389
   7   4        0.0961624424       -1.2391864472
   7   3       -0.2803235641       -1.4352441963
   7   2        0.2988888696       -1.0044138259
   7   1       -2.8597409669       -0.9698096422
   7   0        0.6182046410        0.0000000000
   7  -1        2.8597409669       -0.9698096422
   7  -2        0.2988888696        1.0044138259
   7  -3        0.2803235641       -1.4352441963
   7  -4        0.0961624424        1.2391864472
   7  -5        1.4515855868        1.5048024389
   7  -6        2.4642584923       -1.2222253076
   7  -7       -1.1391631930       -3.8298552079
   8   8       -1.1896987985       -2.0922819904
   8   7        1.8055232072        0.0975957090
   8   6       -0.2918098919        0.3720620910
   8   5        1.7732773570        1.7194704893
   8   4       -0.2787310319       -0.4202119305
   8   3        1.1320072482       -0.2719378601
   8   2        0.2918360024       -2.1735088779
   8   1        0.1875881983       -0.6799686256
   8   0        3.3036020873        0.0000000000
   8  -1       -0.1875881983       -0.6799686256
   8  -2        0.2918360024        2.1735088779
   8  -3       -1.1320072482       -0.2719378601
   8  -4       -0.2787310319        0.4202119305
   8  -5       -1.7732773570        1.7194704893
   8  -6       -0.2918098919       -0.3720620910
   8  -7       -1.8055232072        0.0975957090
   8  -8       -1.1896987985        2.0922819904
   9   9       -0.6547058421       -1.5468734905
   9   8        0.7658512140       -1.0713984497
   9   7        0.7726515197        0.4335909965
   9   6        0.9024691322        0.5563985814
   9   5        0.6427490165        0.6642679963
   9   4        0.2646921831        0.6246004775
   9   3        0.6778497764       -1.1619939032
   9   2        0.9946225741       -0.0404884319
   9   1        0.2936134545        1.1163201681
   9   0       -0.2834066257        0.0000000000
   9  -1       -0.2936134545        1.1163201681
   9  -2        0.9946225741        0.0404884319
   9  -3       -0.6778497764       -1.1619939032
   9  -4        0.2646921831       -0.6246004775
   9  -5       -0.6427490165        0.6642679963
   9  -6        0.9024691322       -0.5563985814
   9  -7       -0.7726515197        0.4335909965
   9  -8        0.7658512140        1.0713984497
   9  -9        0.6547058421       -1.5468734905
  10  10        0.2746017562        0.2874943225
  10   9       -1.0103069186       -0.6892336147
  10   8        0.9040893302       -1.3390097731
  10   7       -0.0439404495       -0.0743194065
  10   6        0.4264148611       -0.5897458645
  10   5       -0.4900574720        0.7444173918
  10   4        0.6140404056        0.6495237736
  10   3        0.3503789782        0.2918573543
  10   2       -0.2603455683       -0.2366801247
  10   1        0.9658854505       -0.3859440724
  10   0       -0.1675666969        0.0000000000
  10  -1       -0.9658854505       -0.3859440724
  10  -2       -0.2603455683        0.2366801247
  10  -3       -0.3503789782        0.2918573543
  10  -4        0.6140404056       -0.6495237736
  10  -5        0.4900574720        0.7444173918
  10  -6        0.4264148611        0.5897458645
  10  -7        0.0439404495       -0.0743194065
  10  -8        0.9040893302        1.3390097731
  10  -9        1.0103069186       -0.6892336147
  10 -10        0.2746017562       -0.2874943225
  11  11       -0.3016180633        0.1521514231
  11  10       -1.4753619002       -0.4093558988
  11   9        0.3525508379       -0.3156442431
  11   8        0.2876701856        0.6336575303
  11   7        1.2459154930       -0.2634410537
  11   6        0.0222053845       -0.1647114416
  11   5       -0.1792583437        0.2440291567
  11   4       -0.5569211546       -0.1077912429
  11   3       -0.0702287836        0.4368908403
  11   2        0.0982049755        0.5239569042
  11   1       -0.6575316738        0.0712678387
  11   0        0.0429292759        0.0000000000
  11  -1        0.6575316738        0.0712678387
  11  -2        0.0982049755       -0.5239569042
  11  -3        0.0702287836        0.4368908403
  11  -4       -0.5569211546        0.1077912429
  11  -5        0.1792583437        0.2440291567
  11  -6        0.0222053845        0.1647114416
  11  -7       -1.2459154930       -0.2634410537
  11  -8        0.2876701856       -0.6336575303
  11  -9       -0.3525508379       -0.3156442431
  11 -10       -1.4753619002        0.4093558988
  11 -11        0.3016180633        0.1521514231
  12  12        0.0322237710       -0.4686649788
  12  11       -0.1044105893       -0.0597538536
  12  10       -0.7447256585       -0.5116850927
  12   9       -0.4313344750       -0.2085300669
  12   8        0.4125712766       -0.1762325805
  12   7        0.1124441072        0.1703030332
  12   6        0.2148882904       -0.1550494776
  12   5       -0.1208162678       -0.3928766084
  12   4       -0.2002357641       -0.1126808278
  12   3       -0.1110337455       -0.1330850298
  12   2       -0.2145058434       -0.1086617584
  12   1        0.2209587688        0.0558327363
  12   0        0.1443274520        0.0000000000
  12  -1       -0.2209587688        0.0558327363
  12  -2       -0.2145058434        0.1086617584
  12  -3        0.1110337455       -0.1330850298
  12  -4       -0.2002357641        0.1126808278
  12  -5        0.1208162678       -0.3928766084
  12  -6        0.2148882904        0.1550494776
  12  -7       -0.1124441072        0.1703030332
  12  -8        0.4125712766        0.1762325805
  12  -9        0.4313344750       -0.2085300669
  12 -10       -0.7447256585        0.5116850927
  12 -11        0.1044105893       -0.0597538536
  12 -12        0.0322237710        0.4686649788
  13  13        0.0004015415        0.6409743513
  13  12        0.0608553236        0.5673289556
  13  11        0.0674839839       -0.0776357428
  13  10        0.5407653780       -0.4263930682
  13   9       -0.2241983235       -0.6939213116
  13   8       -0.0323292355       -0.4936527093
  13   7        0.5282506002       -0.0261785275
  13   6        0.3130024741        0.2801275634
  13   5       -0.5638047341        0.2596808113
  13   4       -0.1839478920        0.3591565777
  13   3        0.3682478305        0.1304972108
  13   2       -0.1749268733        0.2150964484
  13   1       -0.3537737960        0.3120048797
  13   0       -0.3212461069        0.0000000000
  13  -1        0.3537737960        0.3120048797
  13  -2       -0.1749268733       -0.2150964484
  13  -3       -0.3682478305        0.1304972108
  13  -4       -0.1839478920       -0.3591565777
  13  -5        0.5638047341        0.2596808113
  13  -6        0.3130024741       -0.2801275634
  13  -7       -0.5282506002       -0.0261785275
  13  -8       -0.0323292355        0.4936527093
  13  -9        0.2241983235       -0.6939213116
  13 -10        0.5407653780        0.4263930682
  13 -11       -0.0674839839       -0.0776357428
  13 -12        0.0608553236       -0.5673289556
  13 -13       -0.0004015415        0.6409743513
  14  14        0.5720387441        0.0535318312
  14  13       -0.0188205182       -0.0948689562
  14  12       -0.1102357914        0.9530178050
  14  11        0.0576534331        0.0949694238
  14  10       -0.2247055615        0.0117578519
  14   9        0.0699989871        0.2053289940
  14   8       -0.0553121041        0.3189051761
  14   7        0.6575269222       -0.0545989430
  14   6       -0.0119336344       -0.1303611685
  14   5        0.1214423225        0.0029238124
  14   4        0.2735060724        0.1203802740
  14   3       -0.0985592823       -0.0829997195
  14   2        0.1061723250        0.1774376629
  14   1        0.0907658484       -0.6363660604
  14   0       -0.8871267132        0.0000000000
  14  -1       -0.0907658484       -0.6363660604
  14  -2        0.1061723250       -0.1774376629
  14  -3        0.0985592823       -0.0829997195
  14  -4        0.2735060724       -0.1203802740
  14  -5       -0.1214423225        0.0029238124
  14  -6       -0.0119336344        0.1303611685
  14  -7       -0.6575269222       -0.0545989430
  14  -8       -0.0553121041       -0.3189051761
  14  -9       -0.0699989871        0.2053289940
  14 -10       -0.2247055615       -0.0117578519
  14 -11       -0.0576534331        0.0949694238
  14 -12       -0.1102357914       -0.9530178050
  14 -13        0.0188205182       -0.0948689562
  14 -14        0.5720387441       -0.0535318312
  15  15        0.9552318831        0.2880919616
  15  14       -0.2234729716        0.1579793108
  15  13       -0.2045310147        0.0485694153
  15  12       -0.1610241499       -0.1430349287
  15  11       -0.0774046614       -0.4360422134
  15  10       -0.1912001027        0.2296539339
  15   9       -0.1000723006       -0.6475059735
  15   8        0.3934789731        0.2664341411
  15   7        0.0574466441        0.1003831204
  15   6        0.0339240415       -0.0457147922
  15   5       -0.0914389398       -0.0364266880
  15   4       -0.3358775784        0.0974279915
  15   3       -0.0548124434        0.1874598154
  15   2       -0.4310466287        0.1892703015
  15   1       -0.3007818447       -0.2266519262
  15   0       -0.3580936915        0.0000000000
  15  -1        0.3007818447       -0.2266519262
  15  -2       -0.4310466287       -0.1892703015
  15  -3        0.0548124434        0.1874598154
  15  -4       -0.3358775784       -0.0974279915
  15  -5        0.0914389398       -0.0364266880
  15  -6        0.0339240415        0.0457147922
  15  -7       -0.0574466441        0.1003831204
  15  -8        0.3934789731       -0.2664341411
  15  -9        0.1000723006       -0.6475059735
  15 -10       -0.1912001027       -0.2296539339
  15 -11        0.0774046614       -0.4360422134
  15 -12       -0.1610241499        0.1430349287
  15 -13        0.2045310147        0.0485694153
  15 -14       -0.2234729716       -0.1579793108
  15 -15       -0.9552318831        0.2880919616
  16  16        0.0143221038       -0.1535199638
  16  15       -0.0111178450        0.0865160360
  16  14        0.0406507058       -0.1218952679
  16  13        0.0717586051       -0.0810187138
  16  12        0.1802408992       -0.0419736421
  16  11       -0.0349495908        0.0410789163
  16  10        0.2292831102       -0.1885659429
  16   9       -0.3194843065        0.2125071063
  16   8       -0.0291279660       -0.0602472068
  16   7       -0.1027118348        0.2267971556
  16   6       -0.0332389572       -0.0899318980
  16   5        0.1547225233       -0.3804958933
  16   4       -0.0701855224        0.0362369190
  16   3       -0.1739678876       -0.1644848964
  16   2        0.1586804167        0.0952914036
  16   1       -0.1979193973       -0.0012726508
  16   0       -0.1778432404        0.0000000000
  16  -1        0.1979193973       -0.0012726508
  16  -2        0.1586804167       -0.0952914036
  16  -3        0.1739678876       -0.1644848964
  16  -4       -0.0701855224       -0.0362369190
  16  -5       -0.1547225233       -0.3804958933
  16  -6       -0.0332389572        0.0899318980
  16  -7        0.1027118348        0.2267971556
  16  -8       -0.0291279660        0.0602472068
  16  -9        0.3194843065        0.2125071063
  16 -10        0.2292831102        0.1885659429
  16 -11        0.0349495908        0.0410789163
  16 -12        0.1802408992        0.0419736421
  16 -13       -0.0717586051       -0.0810187138
  16 -14        0.0406507058        0.1218952679
  16 -15        0.0111178450        0.0865160360
  16 -16        0.0143221038        0.1535199638
  17  17       -0.1141634465       -0.1951294918
  17  16        0.4931636219       -0.0224752872
  17  15        0.2444168427        0.1294709153
  17  14       -0.0968593102        0.2954134084
  17  13        0.0544214848        0.1304338659
  17  12       -0.2651855404        0.2871193868
  17  11       -0.0836346229       -0.0147597642
  17  10       -0.2073782104       -0.1695285409
  17   9        0.1304053746        0.0686042116
  17   8       -0.3392121936       -0.0928812557
  17   7       -0.1136942593       -0.0321987754
  17   6        0.0492837745       -0.2049487814
  17   5       -0.1581511767        0.0215157054
  17   4        0.0939479200        0.0169100727
  17   3       -0.1755234251       -0.4896325369
  17   2       -0.1527289068        0.0882350039
  17   1        0.2484892362       -0.0773258564
  17   0       -0.1803879562        0.0000000000
  17  -1       -0.2484892362       -0.0773258564
  17  -2       -0.1527289068       -0.0882350039
  17  -3        0.1755234251       -0.4896325369
  17  -4        0.0939479200       -0.0169100727
  17  -5        0.1581511767        0.0215157054
  17  -6        0.0492837745        0.2049487814
  17  -7        0.1136942593       -0.0321987754
  17  -8       -0.3392121936        0.0928812557
  17  -9       -0.1304053746        0.0686042116
  17 -10       -0.2073782104        0.1695285409
  17 -11        0.0836346229       -0.0147597642
  17 -12       -0.2651855404       -0.2871193868
  17 -13       -0.0544214848        0.1304338659
  17 -14       -0.0968593102       -0.2954134084
  17 -15       -0.2444168427        0.1294709153
  17 -16        0.4931636219        0.0224752872
  17 -17        0.1141634465       -0.1951294918
  18  18       -0.0905998700        0.1395584848
  18  17        0.5458973953       -0.3884006647
  18  16       -0.0180376892        0.1553348177
  18  15        0.1094873169       -0.1501542997
  18  14        0.0075138324        0.0926613255
  18  13       -0.0257417891       -0.0146717178
  18  12       -0.1503492850        0.3080187885
  18  11        0.0435511990        0.0200420484
  18  10        0.0215910288        0.0827393714
  18   9        0.0273626843       -0.1395354306
  18   8       -0.1214981501        0.1646248016
  18   7       -0.2367350844        0.3708900958
  18   6       -0.0702911947        0.1971481147
  18   5        0.1972524599        0.4299573652
  18   4        0.0864683359       -0.0158358241
  18   3        0.1235526766       -0.1019536547
  18   2       -0.0608469931       -0.1799024888
  18   1       -0.1691438187        0.0404204829
  18   0        0.4037647432        0.0000000000
  18  -1        0.1691438187        0.0404204829
  18  -2       -0.0608469931        0.1799024888
  18  -3       -0.1235526766       -0.1019536547
  18  -4        0.0864683359        0.0158358241
  18  -5       -0.1972524599        0.4299573652
  18  -6       -0.0702911947       -0.1971481147
  18  -7        0.2367350844        0.3708900958
  18  -8       -0.1214981501       -0.1646248016
  18  -9       -0.0273626843       -0.1395354306
  18 -10        0.0215910288       -0.0827393714
  18 -11       -0.0435511990        0.0200420484
  18 -12       -0.1503492850       -0.3080187885
  18 -13        0.0257417891       -0.0146717178
  18 -14        0.0075138324       -0.0926613255
  18 -15       -0.1094873169       -0.1501542997
  18 -16       -0.0180376892       -0.1553348177
  18 -17       -0.5458973953       -0.3884006647
  18 -18       -0.0905998700       -0.1395584848
  19  19        0.3203973084        0.1364164288
  19  18       -0.0024545610       -0.1729554889
  19  17        0.1295698992       -0.0056262608
  19  16        0.2782913338        0.0856118940
  19  15        0.2564525811        0.1863767436
  19  14        0.1295128256        0.0455464709
  19  13        0.2103776327        0.0714387006
  19  12       -0.0662893881       -0.2010411025
  19  11        0.2214790796        0.0566745661
  19  10        0.2007828584        0.0502319709
  19   9        0.0219005818       -0.1890766095
  19   8        0.0197086242       -0.2701461629
  19   7        0.0607000810        0.0639141268
  19   6       -0.0646542039        0.0469780952
  19   5        0.0111871222       -0.2149085811
  19   4       -0.1410438521       -0.2060053707
  19   3        0.3639018886        0.1808926175
  19   2       -0.0397033572        0.0973448669
  19   1       -0.2199558096        0.2983970476
  19   0       -0.1448229185        0.0000000000
  19  -1        0.2199558096        0.2983970476
  19  -2       -0.0397033572       -0.0973448669
  19  -3       -0.3639018886        0.1808926175
  19  -4       -0.1410438521        0.2060053707
  19  -5       -0.0111871222       -0.2149085811
  19  -6       -0.0646542039       -0.0469780952
  19  -7       -0.0607000810        0.0639141268
  19  -8        0.0197086242        0.2701461629
  19  -9       -0.0219005818       -0.1890766095
  19 -10        0.2007828584       -0.0502319709
  19 -11       -0.2214790796        0.0566745661
  19 -12       -0.0662893881        0.2010411025
  19 -13       -0.2103776327        0.0714387006
  19 -14        0.1295128256       -0.0455464709
  19 -15       -0.2564525811        0.1863767436
  19 -16        0.2782913338       -0.0856118940
  19 -17       -0.1295698992       -0.0056262608
  19 -18       -0.0024545610        0.1729554889
  19 -19       -0.3203973084        0.1364164288
  20  20        0.1419381822       -0.0564114350
  20  19       -0.3067447992       -0.2766106731
  20  18        0.3981582957       -0.6186556202
  20  17        0.1232232877        0.0643203794
  20  16       -0.1162578848        0.0016825607
  20  15        0.1285012971        0.1177667083
  20  14        0.1058307170        0.2153890264
  20  13       -0.0157823981        0.1475846145
  20  12        0.1760878590        0.0750512844
  20  11        0.2945884963        0.0291820367
  20  10       -0.0836856483       -0.0748296854
  20   9       -0.1889132173       -0.2680580382
  20   8        0.1572590951       -0.0723486396
  20   7        0.0058942637        0.1896675255
  20   6        0.0894585626        0.1484289250
  20   5       -0.2503663838       -0.1085713895
  20   4        0.3528537008       -0.0268137298
  20   3       -0.1113893738        0.2296410793
  20   2       -0.1394958069        0.2151422690
  20   1       -0.1537675168        0.1039129130
  20   0       -0.0665926979        0.0000000000
  20  -1        0.1537675168        0.1039129130
  20  -2       -0.1394958069       -0.2151422690
  20  -3        0.1113893738        0.2296410793
  20  -4        0.3528537008        0.0268137298
  20  -5        0.2503663838       -0.1085713895
  20  -6        0.0894585626       -0.1484289250
  20  -7       -0.0058942637        0.1896675255
  20  -8        0.1572590951        0.0723486396
  20  -9        0.1889132173       -0.2680580382
  20 -10       -0.0836856483        0.0748296854
  20 -11       -0.2945884963        0.0291820367
  20 -12        0.1760878590       -0.0750512844
  20 -13        0.0157823981        0.1475846145
  20 -14        0.1058307170       -0.2153890264
  20 -15       -0.1285012971        0.1177667083
  20 -16       -0.1162578848       -0.0016825607
  20 -17       -0.1232232877        0.0643203794
  20 -18        0.3981582957        0.6186556202
  20 -19        0.3067447992       -0.2766106731
  20 -20        0.1419381822        0.0564114350
  21  21       -0.0830907114       -0.2467072044
  21  20        0.0111363022        0.4650434423
  21  19       -0.0736567085       -0.0648949494
  21  18       -0.1598878645        0.0189216343
  21  17       -0.0614390772       -0.3267346235
  21  16       -0.1698609956       -0.1091424649
  21  15       -0.1869595962        0.0386307052
  21  14        0.0395794605       -0.0475544957
  21  13       -0.0497360287        0.0114297595
  21  12       -0.0765231638        0.1876736666
  21  11        0.0114363910       -0.1610706474
  21  10       -0.0185560343       -0.0388448408
  21   9        0.1973735260       -0.0526944629
  21   8        0.0555262844        0.2085177244
  21   7       -0.1710156764       -0.0948159706
  21   6        0.1348101782        0.1537943833
  21   5        0.0486644145        0.1867049957
  21   4        0.2172047784       -0.0509840133
  21   3        0.0497367860        0.0493689203
  21   2        0.1204436628        0.3310431178
  21   1       -0.0554032914        0.0435252057
  21   0        0.1505193581        0.0000000000
  21  -1        0.0554032914        0.0435252057
  21  -2        0.1204436628       -0.3310431178
  21  -3       -0.0497367860        0.0493689203
  21  -4        0.2172047784        0.0509840133
  21  -5       -0.0486644145        0.1867049957
  21  -6        0.1348101782       -0.1537943833
  21  -7        0.1710156764       -0.0948159706
  21  -8        0.0555262844       -0.2085177244
  21  -9       -0.1973735260       -0.0526944629
  21 -10       -0.0185560343        0.0388448408
  21 -11       -0.0114363910       -0.1610706474
  21 -12       -0.0765231638       -0.1876736666
  21 -13        0.0497360287        0.0114297595
  21 -14        0.0395794605        0.0475544957
  21 -15        0.1869595962        0.0386307052
  21 -16       -0.1698609956        0.1091424649
  21 -17        0.0614390772       -0.3267346235
  21 -18       -0.1598878645       -0.0189216343
  21 -19        0.0736567085       -0.0648949494
  21 -20        0.0111363022       -0.4650434423
  21 -21        0.0830907114       -0.2467072044
  22  22        0.0112981756        0.2200111714
  22  21       -0.1497951595        0.0640558586
  22  20       -0.1388180750       -0.0456490234
  22  19       -0.2687526469       -0.1315540096
  22  18       -0.0722605042        0.0323751242
  22  17        0.1070023612        0.0321736224
  22  16       -0.0850625193       -0.1918345766
  22  15       -0.0420576181        0.0456434532
  22  14        0.2024385156       -0.3988171176
  22  13       -0.2881688911        0.3294012076
  22  12       -0.2654115971        0.0016086898
  22  11        0.1873830903        0.0702768866
  22  10        0.1558291035        0.0741853047
  22   9        0.0014887889        0.0115538196
  22   8       -0.1099489847       -0.0107319729
  22   7       -0.1455037151        0.3140498005
  22   6       -0.3207375060       -0.0829960319
  22   5       -0.0560523451        0.0197121409
  22   4        0.0382649397       -0.0947168860
  22   3       -0.2305380601       -0.0570662469
  22   2       -0.1376006311       -0.2953122015
  22   1       -0.0259764211       -0.2308342000
  22   0       -0.1611513053        0.0000000000
  22  -1        0.0259764211       -0.2308342000
  22  -2       -0.1376006311        0.2953122015
  22  -3        0.2305380601       -0.0570662469
  22  -4        0.0382649397        0.0947168860
  22  -5        0.0560523451        0.0197121409
  22  -6       -0.3207375060        0.0829960319
  22  -7        0.1455037151        0.3140498005
  22  -8       -0.1099489847        0.0107319729
  22  -9       -0.0014887889        0.0115538196
  22 -10        0.1558291035       -0.0741853047
  22 -11       -0.1873830903        0.0702768866
  22 -12       -0.2654115971       -0.0016086898
  22 -13        0.2881688911        0.3294012076
  22 -14        0.2024385156        0.3988171176
  22 -15        0.0420576181        0.0456434532
  22 -16       -0.0850625193        0.1918345766
  22 -17       -0.1070023612        0.0321736224
  22 -18       -0.0722605042       -0.0323751242
  22 -19        0.2687526469       -0.1315540096
  22 -20       -0.1388180750        0.0456490234
  22 -21        0.1497951595        0.0640558586
  22 -22        0.0112981756       -0.2200111714
  23  23        0.0315486726       -0.0349558599
  23  22        0.0513100993       -0.1221778673
  23  21        0.1337168005        0.0487693661
  23  20        0.0448565156       -0.0645472744
  23  19       -0.0837614470       -0.0195082430
  23  18       -0.3443396559       -0.1822256522
  23  17       -0.1620708200        0.0148340619
  23  16        0.1134118377        0.0213114456
  23  15       -0.2087587283       -0.4487318830
  23  14        0.0436578487        0.0964666429
  23  13        0.0675920281        0.2371709244
  23  12        0.2078877530       -0.0577650213
  23  11       -0.1320648403        0.0410820434
  23  10       -0.0923457187       -0.1911956147
  23   9       -0.1674313087       -0.0042627797
  23   8        0.2601881139        0.1707118963
  23   7       -0.1187968954       -0.1488649436
  23   6        0.2252231208        0.0241580580
  23   5        0.2135634150       -0.1782516901
  23   4       -0.0770850017        0.1092332487
  23   3       -0.0401839681        0.2518974335
  23   2       -0.2271936430        0.0592374418
  23   1       -0.1681314653        0.2046320208
  23   0       -0.1977927332        0.0000000000
  23  -1        0.1681314653        0.2046320208
  23  -2       -0.2271936430       -0.0592374418
  23  -3        0.0401839681        0.2518974335
  23  -4       -0.0770850017       -0.1092332487
  23  -5       -0.2135634150       -0.1782516901
  23  -6        0.2252231208       -0.0241580580
  23  -7        0.1187968954       -0.1488649436
  23  -8        0.2601881139       -0.1707118963
  23  -9        0.1674313087       -0.0042627797
  23 -10       -0.0923457187        0.1911956147
  23 -11        0.1320648403        0.0410820434
  23 -12        0.2078877530        0.0577650213
  23 -13       -0.0675920281        0.2371709244
  23 -14        0.0436578487       -0.0964666429
  23 -15        0.2087587283       -0.4487318830
  23 -16        0.1134118377       -0.0213114456
  23 -17        0.1620708200        0.0148340619
  23 -18       -0.3443396559        0.1822256522
  23 -19        0.0837614470       -0.0195082430
  23 -20        0.0448565156        0.0645472744
  23 -21       -0.1337168005        0.0487693661
  23 -22        0.0513100993        0.1221778673
  23 -23       -0.0315486726       -0.0349558599
  24  24       -0.3096632451       -0.0274966509
  24  23       -0.2706113635        0.1576862405
  24  22       -0.0138467986        0.0310660767
  24  21       -0.0679641154        0.0362038524
  24  20       -0.2190632935        0.2445721219
  24  19       -0.0432571761       -0.1305880731
  24  18       -0.0244107076       -0.0955026404
  24  17       -0.1121072944       -0.0551642650
  24  16        0.0603292382       -0.0297919170
  24  15       -0.1084098925        0.2091542624
  24  14       -0.1962753144       -0.0159610301
  24  13        0.1291325229       -0.1591543347
  24  12        0.0070214580       -0.1338585323
  24  11        0.0583186583        0.0244782141
  24  10        0.0413693997        0.1234426536
  24   9        0.0440448117        0.1834490453
  24   8        0.2304342827       -0.1578889083
  24   7        0.1400975287       -0.1027527452
  24   6        0.1167814772        0.1394429248
  24   5        0.0068909965        0.2862907767
  24   4        0.0345528731       -0.0152334302
  24   3       -0.0473062438       -0.0576839224
  24   2        0.2976006106        0.2514859398
  24   1        0.2356713864       -0.0710662980
  24   0        0.2240750567        0.0000000000
  24  -1       -0.2356713864       -0.0710662980
  24  -2        0.2976006106       -0.2514859398
  24  -3        0.0473062438       -0.0576839224
  24  -4        0.0345528731        0.0152334302
  24  -5       -0.0068909965        0.2862907767
  24  -6        0.1167814772       -0.1394429248
  24  -7       -0.1400975287       -0.1027527452
  24  -8        0.2304342827        0.1578889083
  24  -9       -0.0440448117        0.1834490453
  24 -10        0.0413693997       -0.1234426536
  24 -11       -0.0583186583        0.0244782141
  24 -12        0.0070214580        0.1338585323
  24 -13       -0.1291325229       -0.1591543347
  24 -14       -0.1962753144        0.0159610301
  24 -15        0.1084098925        0.2091542624
  24 -16        0.0603292382        0.0297919170
  24 -17        0.1121072944       -0.0551642650
  24 -18       -0.0244107076        0.0955026404
  24 -19        0.0432571761       -0.1305880731
  24 -20       -0.2190632935       -0.2445721219
  24 -21        0.0679641154        0.0362038524
  24 -22       -0.0138467986       -0.0310660767
  24 -23        0.2706113635        0.1576862405
  24 -24       -0.3096632451        0.0274966509
  25  25       -0.2327630789        0.0598965969
  25  24       -0.0845453136        0.2460300597
  25  23        0.2181631840        0.0453108375
  25  22        0.1137405274       -0.0906707202
  25  21        0.0246922017       -0.0200193128
  25  20       -0.0066973432        0.3297821270
  25  19       -0.0764761537        0.0050197377
  25  18        0.2213704989        0.1050011742
  25  17       -0.0266827197        0.1211224559
  25  16       -0.0691178753        0.0903607225
  25  15        0.1526590411       -0.0603484654
  25  14        0.0844728599       -0.0276427237
  25  13        0.1227630290       -0.0762940547
  25  12        0.0329763242       -0.0031462140
  25  11        0.3198497526       -0.0673946292
  25  10        0.0469092996        0.1661936725
  25   9        0.0036811092       -0.1320364546
  25   8       -0.1867771050       -0.1878781188
  25   7        0.1030882529        0.1637012275
  25   6       -0.3381365161        0.2705782631
  25   5        0.1671946892        0.1629413689
  25   4        0.2046585312       -0.2056567315
  25   3       -0.1610106936       -0.0761040457
  25   2        0.2184307890       -0.1462281471
  25   1       -0.1273254385       -0.0596906738
  25   0       -0.0844084535        0.0000000000
  25  -1        0.1273254385       -0.0596906738
  25  -2        0.2184307890        0.1462281471
  25  -3        0.1610106936       -0.0761040457
  25  -4        0.2046585312        0.2056567315
  25  -5       -0.1671946892        0.1629413689
  25  -6       -0.3381365161       -0.2705782631
  25  -7       -0.1030882529        0.1637012275
  25  -8       -0.1867771050        0.1878781188
  25  -9       -0.0036811092       -0.1320364546
  25 -10        0.0469092996       -0.1661936725
  25 -11       -0.3198497526       -0.0673946292
  25 -12        0.0329763242        0.0031462140
  25 -13       -0.1227630290       -0.0762940547
  25 -14        0.0844728599        0.0276427237
  25 -15       -0.1526590411       -0.0603484654
  25 -16       -0.0691178753       -0.0903607225
  25 -17        0.0266827197        0.1211224559
  25 -18        0.2213704989       -0.1050011742
  25 -19        0.0764761537        0.0050197377
  25 -20       -0.0066973432       -0.3297821270
  25 -21       -0.0246922017       -0.0200193128
  25 -22        0.1137405274        0.0906707202
  25 -23       -0.2181631840        0.0453108375
  25 -24       -0.0845453136       -0.2460300597
  25 -25        0.2327630789        0.0598965969
  26  26       -0.0975791328        0.0762773779
  26  25       -0.1504148035        0.1899986247
  26  24        0.0266186551        0.0854568569
  26  23        0.1851530530        0.0561947293
  26  22        0.1482489413       -0.0744539443
  26  21        0.1963591653        0.1661094448
  26  20       -0.1335664085        0.1071491847
  26  19        0.0357994371       -0.0412585215
  26  18        0.0136251722        0.1245515943
  26  17        0.1943080733        0.1351274832
  26  16        0.0653956654        0.0520485579
  26  15       -0.0139469150       -0.0690911754
  26  14       -0.0219124314       -0.1052604926
  26  13       -0.0944320352        0.0165972445
  26  12        0.1289016326        0.0008437874
  26  11        0.0895921357        0.1445177673
  26  10       -0.0710556810        0.0496328698
  26   9       -0.1434577496       -0.0326985029
  26   8        0.1891490233       -0.1110759414
  26   7        0.1411714592       -0.1493471013
  26   6       -0.1219203319       -0.3319832815
  26   5        0.1664477146       -0.1299269187
  26   4        0.0787962728       -0.0481373186
  26   3        0.1318663737        0.1609623469
  26   2       -0.1442092334       -0.2364180178
  26   1       -0.0289278213        0.0419859186
  26   0        0.1323241583        0.0000000000
  26  -1        0.0289278213        0.0419859186
  26  -2       -0.1442092334        0.2364180178
  26  -3       -0.1318663737        0.1609623469
  26  -4        0.0787962728        0.0481373186
  26  -5       -0.1664477146       -0.1299269187
  26  -6       -0.1219203319        0.3319832815
  26  -7       -0.1411714592       -0.1493471013
  26  -8        0.1891490233        0.1110759414
  26  -9        0.1434577496       -0.0326985029
  26 -10       -0.0710556810       -0.0496328698
  26 -11       -0.0895921357        0.1445177673
  26 -12        0.1289016326       -0.0008437874
  26 -13        0.0944320352        0.0165972445
  26 -14       -0.0219124314        0.1052604926
  26 -15        0.0139469150       -0.0690911754
  26 -16        0.0653956654       -0.0520485579
  26 -17       -0.1943080733        0.1351274832
  26 -18        0.0136251722       -0.1245515943
  26 -19       -0.0357994371       -0.0412585215
  26 -20       -0.1335664085       -0.1071491847
  26 -21       -0.1963591653        0.1661094448
  26 -22        0.1482489413        0.0744539443
  26 -23       -0.1851530530        0.0561947293
  26 -24        0.0266186551       -0.0854568569
  26 -25        0.1504148035        0.1899986247
  26 -26       -0.0975791328       -0.0762773779
