   0   0      374.0441711555        0.0000000000
   1   1        4.1126631765        1.7456215946
   1   0       -4.7884256047        0.0000000000
   1  -1       -4.1126631765        1.7456215946
   2   2       12.6352554884      -22.8127678705
   2   1      -34.5256179482       21.2180331071
   2   0       53.9022356415        0.0000000000
   2  -1       34.5256179482       21.2180331071
   2  -2       12.6352554884       22.8127678705
   3   3        0.0970643975        0.4181579974
   3   2       10.9703840722        5.6674288511
   3   1       -3.7190328989        7.1590648228
   3   0        0.9973363189        0.0000000000
   3  -1        3.7190328989        7.1590648228
   3  -2       10.9703840722       -5.6674288511
   3  -3       -0.0970643975        0.4181579974
   4   4       -0.8032077857       -7.1384678089
   4   3        0.2552949720        3.4252539098
   4   2        7.2277495666       -7.4662838055
   4   1      -10.1486863538        3.8861162663
   4   0       -0.1616956489        0.0000000000
   4  -1       10.1486863538        3.8861162663
   4  -2        7.2277495666        7.4662838055
   4  -3       -0.2552949720        3.4252539098
   4  -4       -0.8032077857        7.1384678089
   5   5       -0.5540885524        0.9913988123
   5   4        2.3403415685       -1.7176750496
   5   3       -2.4765004357        1.9997676007
   5   2        2.8298761167       -0.8508136897
   5   1        4.1358116794        4.7998308371
   5   0       -4.4813226225        0.0000000000
   5  -1       -4.1358116794        4.7998308371
   5  -2        2.8298761167        0.8508136897
   5  -3        2.4765004357        1.9997676007
   5  -4        2.3403415685        1.7176750496
   5  -5        0.5540885524        0.9913988123
   6   6       -2.2690812202       -0.9945822924
   6   5        0.1806243296       -0.6581093052
   6   4        0.4448693361       -0.9394540855
   6   3       -1.0008670024        1.1060258160
   6   2        1.2580932539       -0.3126278960
   6   1       -0.0804347541        0.9335880237
   6   0       -1.1469403315        0.0000000000
   6  -1        0.0804347541        0.9335880237
   6  -2        1.2580932539        0.3126278960
   6  -3        1.0008670024        1.1060258160
   6  -4        0.4448693361        0.9394540855
   6  -5       -0.1806243296       -0.6581093052
   6  -6       -2.2690812202        0.9945822924
   7   7       -0.0590651165        0.2912116525
   7   6        0.6285374475       -1.8841157529
   7   5        0.7298174365        0.4760945567
   7   4       -0.2592834605       -0.6518345471
   7   3        0.5794448640       -0.5666065754
   7   2       -1.3901793903       -0.7008478162
   7   1        2.2952447934        2.1465452963
   7   0        0.4039507872        0.0000000000
   7  -1       -2.2952447934        2.1465452963
   7  -2       -1.3901793903        0.7008478162
   7  -3       -0.5794448640       -0.5666065754
   7  -4       -0.2592834605        0.6518345471
   7  -5       -0.7298174365        0.4760945567
   7  -6        0.6285374475        1.8841157529
   7  -7        0.0590651165        0.2912116525
   8   8       -0.6988093640       -0.1602700897
   8   7        0.0931127879        0.7255377910
   8   6       -0.4770971443        0.2050961017
   8   5       -0.3766789129        0.2228406867
   8   4        0.0581060384        0.0828540720
   8   3        1.1496425089       -0.3726026390
   8   2       -0.5809164247        0.5938072760
   8   1        0.4346076386        0.2577373161
   8   0        1.5399186294        0.0000000000
   8  -1       -0.4346076386        0.2577373161
   8  -2       -0.5809164247       -0.5938072760
   8  -3       -1.1496425089       -0.3726026390
   8  -4        0.0581060384       -0.0828540720
   8  -5        0.3766789129        0.2228406867
   8  -6       -0.4770971443       -0.2050961017
   8  -7       -0.0931127879        0.7255377910
   8  -8       -0.6988093640        0.1602700897
   9   9        0.3042449605        0.0253147408
   9   8       -0.3478706127       -0.5690331975
   9   7        0.4904306945       -0.1467897446
   9   6       -0.0640097420        0.0253206686
   9   5       -0.2112858766       -0.7380350083
   9   4       -0.0356572395        0.6557654319
   9   3        0.7172009761       -0.3737882534
   9   2       -0.5646535121       -0.6032755612
   9   1        0.3383003803        0.8680297870
   9   0       -0.0500493443        0.0000000000
   9  -1       -0.3383003803        0.8680297870
   9  -2       -0.5646535121        0.6032755612
   9  -3       -0.7172009761       -0.3737882534
   9  -4       -0.0356572395       -0.6557654319
   9  -5        0.2112858766       -0.7380350083
   9  -6       -0.0640097420       -0.0253206686
   9  -7       -0.4904306945       -0.1467897446
   9  -8       -0.3478706127        0.5690331975
   9  -9       -0.3042449605        0.0253147408
  10  10       -0.2883668353        0.3717483513
  10   9        0.3596936350        0.1256143699
  10   8       -0.3450618943        0.4997040878
  10   7        0.2639150662       -0.4486183841
  10   6       -0.1651871947        0.7354195340
  10   5       -0.5273161968       -0.8282484389
  10   4        0.1537754710        0.7182360027
  10   3        0.2025880309       -0.3741856037
  10   2        0.0520466480       -0.8671944154
  10   1        0.1033691376        0.4140997300
  10   0        0.0695481918        0.0000000000
  10  -1       -0.1033691376        0.4140997300
  10  -2        0.0520466480        0.8671944154
  10  -3       -0.2025880309       -0.3741856037
  10  -4        0.1537754710       -0.7182360027
  10  -5        0.5273161968       -0.8282484389
  10  -6       -0.1651871947       -0.7354195340
  10  -7       -0.2639150662       -0.4486183841
  10  -8       -0.3450618943       -0.4997040878
  10  -9       -0.3596936350        0.1256143699
  10 -10       -0.2883668353       -0.3717483513
  11  11       -0.0347860146       -0.2594753506
  11  10       -0.3560526131        0.2611894528
  11   9       -0.0138756528        0.0806758803
  11   8       -0.2894595382       -0.5486414930
  11   7        0.0563377811       -0.1255854840
  11   6        0.1144801371        0.6079807014
  11   5        0.1089433022       -0.6391426768
  11   4        0.4899665920        0.0524531391
  11   3        0.1528298714       -0.2380086102
  11   2       -0.2988672345        0.0499928900
  11   1        0.5117393112        0.4140659142
  11   0        0.2308428806        0.0000000000
  11  -1       -0.5117393112        0.4140659142
  11  -2       -0.2988672345       -0.0499928900
  11  -3       -0.1528298714       -0.2380086102
  11  -4        0.4899665920       -0.0524531391
  11  -5       -0.1089433022       -0.6391426768
  11  -6        0.1144801371       -0.6079807014
  11  -7       -0.0563377811       -0.1255854840
  11  -8       -0.2894595382        0.5486414930
  11  -9        0.0138756528        0.0806758803
  11 -10       -0.3560526131       -0.2611894528
  11 -11        0.0347860146       -0.2594753506
  12  12        0.0531509749        0.6967615633
  12  11        0.4967339084        0.0514035822
  12  10       -0.3460829160        0.0399411589
  12   9       -0.6430497589        0.0973226862
  12   8        0.7538986739        0.6272884255
  12   7       -0.2173132306        0.0585364950
  12   6        0.2763297675        0.2273497539
  12   5       -0.2696405719       -0.5354496262
  12   4       -0.2885041908        0.0242418154
  12   3       -0.0628930069        0.0325064117
  12   2       -0.6230678554       -0.5196170012
  12   1        0.4880325685       -0.1008632487
  12   0        0.1261646889        0.0000000000
  12  -1       -0.4880325685       -0.1008632487
  12  -2       -0.6230678554        0.5196170012
  12  -3        0.0628930069        0.0325064117
  12  -4       -0.2885041908       -0.0242418154
  12  -5        0.2696405719       -0.5354496262
  12  -6        0.2763297675       -0.2273497539
  12  -7        0.2173132306        0.0585364950
  12  -8        0.7538986739       -0.6272884255
  12  -9        0.6430497589        0.0973226862
  12 -10       -0.3460829160       -0.0399411589
  12 -11       -0.4967339084        0.0514035822
  12 -12        0.0531509749       -0.6967615633
  13  13       -0.2248881991        0.6433396292
  13  12        0.0445800124        0.1076409540
  13  11       -0.0140168635       -0.4858127056
  13  10       -0.2066839938       -0.0478904472
  13   9        0.0792029021       -0.3036983457
  13   8        0.0819007188        0.0585693386
  13   7       -0.6032439795       -0.3394235040
  13   6        0.4826755415        0.0994183465
  13   5       -0.3036965426       -0.1715022596
  13   4        0.3583800803       -0.1688287386
  13   3       -0.0756933597        0.3768205615
  13   2       -0.6436042181        0.0724468409
  13   1        0.1471019228       -0.1402469395
  13   0        0.6019102619        0.0000000000
  13  -1       -0.1471019228       -0.1402469395
  13  -2       -0.6436042181       -0.0724468409
  13  -3        0.0756933597        0.3768205615
  13  -4        0.3583800803        0.1688287386
  13  -5        0.3036965426       -0.1715022596
  13  -6        0.4826755415       -0.0994183465
  13  -7        0.6032439795       -0.3394235040
  13  -8        0.0819007188       -0.0585693386
  13  -9       -0.0792029021       -0.3036983457
  13 -10       -0.2066839938        0.0478904472
  13 -11        0.0140168635       -0.4858127056
  13 -12        0.0445800124       -0.1076409540
  13 -13        0.2248881991        0.6433396292
  14  14       -0.1868220408        0.1752269962
  14  13       -0.0081437169       -0.2480837202
  14  12        0.0952621268        0.0579670321
  14  11        0.5060445329        0.5487885836
  14  10        0.6577969479       -0.4966528421
  14   9       -0.2808259185        0.2100512451
  14   8        0.0967054690       -0.0540765984
  14   7        0.3612828569        0.1447693391
  14   6       -0.0843226372        0.0542802164
  14   5       -0.4267470461       -0.3106054704
  14   4        0.2819736656        0.2853253166
  14   3       -0.0539793163       -0.0747465222
  14   2       -0.2317190842       -0.1785233932
  14   1       -0.1306843926        0.2123682184
  14   0       -0.4932795475        0.0000000000
  14  -1        0.1306843926        0.2123682184
  14  -2       -0.2317190842        0.1785233932
  14  -3        0.0539793163       -0.0747465222
  14  -4        0.2819736656       -0.2853253166
  14  -5        0.4267470461       -0.3106054704
  14  -6       -0.0843226372       -0.0542802164
  14  -7       -0.3612828569        0.1447693391
  14  -8        0.0967054690        0.0540765984
  14  -9        0.2808259185        0.2100512451
  14 -10        0.6577969479        0.4966528421
  14 -11       -0.5060445329        0.5487885836
  14 -12        0.0952621268       -0.0579670321
  14 -13        0.0081437169       -0.2480837202
  14 -14       -0.1868220408       -0.1752269962
  15  15       -0.3105466178        0.2469375138
  15  14       -0.2271931094       -0.1182140346
  15  13       -0.5513192033        0.0939631080
  15  12        0.1041695951        0.0680531361
  15  11       -0.3893045500        0.2640513268
  15  10        0.2955078622       -0.1865767867
  15   9       -0.4827342940        0.1064965024
  15   8       -0.0346084009       -0.3805511683
  15   7       -0.0089388668        0.2628684748
  15   6        0.2008777951       -0.1961465550
  15   5        0.1542585657       -0.2356826061
  15   4        0.2385842195        0.0232860837
  15   3       -0.0703420118        0.0439056848
  15   2       -0.0114974847        0.1508739027
  15   1       -0.3037455714        0.1336187026
  15   0        0.3614027864        0.0000000000
  15  -1        0.3037455714        0.1336187026
  15  -2       -0.0114974847       -0.1508739027
  15  -3        0.0703420118        0.0439056848
  15  -4        0.2385842195       -0.0232860837
  15  -5       -0.1542585657       -0.2356826061
  15  -6        0.2008777951        0.1961465550
  15  -7        0.0089388668        0.2628684748
  15  -8       -0.0346084009        0.3805511683
  15  -9        0.4827342940        0.1064965024
  15 -10        0.2955078622        0.1865767867
  15 -11        0.3893045500        0.2640513268
  15 -12        0.1041695951       -0.0680531361
  15 -13        0.5513192033        0.0939631080
  15 -14       -0.2271931094        0.1182140346
  15 -15        0.3105466178        0.2469375138
  16  16        0.1258523818       -0.2188487029
  16  15       -0.3428247200       -0.2293601879
  16  14       -0.1269918403       -0.0960069015
  16  13        0.3603032659        0.2693718397
  16  12       -0.4316608959       -0.1807035274
  16  11        0.1445814624        0.1078302015
  16  10        0.1449069159        0.1305328022
  16   9       -0.1794911912        0.0098891502
  16   8       -0.1909155190        0.0435285884
  16   7        0.1954146533       -0.0259531347
  16   6        0.0098585734       -0.2389443438
  16   5       -0.3932729107       -0.0737846791
  16   4        0.6534232737       -0.0323434147
  16   3       -0.1701534723        0.2057605736
  16   2       -0.2726774048       -0.0098268081
  16   1       -0.0286918024       -0.0890843204
  16   0       -0.1684587741        0.0000000000
  16  -1        0.0286918024       -0.0890843204
  16  -2       -0.2726774048        0.0098268081
  16  -3        0.1701534723        0.2057605736
  16  -4        0.6534232737        0.0323434147
  16  -5        0.3932729107       -0.0737846791
  16  -6        0.0098585734        0.2389443438
  16  -7       -0.1954146533       -0.0259531347
  16  -8       -0.1909155190       -0.0435285884
  16  -9        0.1794911912        0.0098891502
  16 -10        0.1449069159       -0.1305328022
  16 -11       -0.1445814624        0.1078302015
  16 -12       -0.4316608959        0.1807035274
  16 -13       -0.3603032659        0.2693718397
  16 -14       -0.1269918403        0.0960069015
  16 -15        0.3428247200       -0.2293601879
  16 -16        0.1258523818        0.2188487029
  17  17        0.3546659120       -0.0190237983
  17  16       -0.0616839799       -0.1510336016
  17  15        0.1905682355        0.2016777831
  17  14        0.3708421449       -0.1220103867
  17  13       -0.0889490293        0.0813354287
  17  12        0.2719269712       -0.2155746124
  17  11        0.0035906579        0.3004330284
  17  10        0.1366896785       -0.3579173577
  17   9        0.1574206071       -0.2027376565
  17   8        0.1093575532       -0.0725429591
  17   7       -0.3445577084        0.0217562148
  17   6        0.1055652638        0.1624086749
  17   5       -0.1881325651        0.1077244647
  17   4        0.3502142029       -0.3260944224
  17   3        0.0595185193        0.5581698603
  17   2        0.3827355967       -0.0152249030
  17   1       -0.1131051419        0.1731317515
  17   0       -0.2362794044        0.0000000000
  17  -1        0.1131051419        0.1731317515
  17  -2        0.3827355967        0.0152249030
  17  -3       -0.0595185193        0.5581698603
  17  -4        0.3502142029        0.3260944224
  17  -5        0.1881325651        0.1077244647
  17  -6        0.1055652638       -0.1624086749
  17  -7        0.3445577084        0.0217562148
  17  -8        0.1093575532        0.0725429591
  17  -9       -0.1574206071       -0.2027376565
  17 -10        0.1366896785        0.3579173577
  17 -11       -0.0035906579        0.3004330284
  17 -12        0.2719269712        0.2155746124
  17 -13        0.0889490293        0.0813354287
  17 -14        0.3708421449        0.1220103867
  17 -15       -0.1905682355        0.2016777831
  17 -16       -0.0616839799        0.1510336016
  17 -17       -0.3546659120       -0.0190237983
  18  18        0.0989698650        0.0562827564
  18  17       -0.1125009319        0.1158899003
  18  16        0.1593641570        0.4026872262
  18  15        0.0908077087       -0.0001776127
  18  14       -0.1377021783        0.0247989634
  18  13        0.0904619528       -0.0343780916
  18  12       -0.0431339733       -0.1228796003
  18  11       -0.1163883768       -0.2026887969
  18  10       -0.1743149893       -0.0205655661
  18   9        0.3863543058       -0.0033386981
  18   8       -0.1590806169        0.2033172707
  18   7        0.1679137201       -0.1904309401
  18   6        0.1418460283       -0.1489207210
  18   5       -0.2502161900        0.1285874920
  18   4        0.1465310584        0.0504133928
  18   3       -0.0539373929        0.0388629670
  18   2        0.1469017730       -0.1713151582
  18   1        0.1070819898       -0.0148012047
  18   0       -0.1941506814        0.0000000000
  18  -1       -0.1070819898       -0.0148012047
  18  -2        0.1469017730        0.1713151582
  18  -3        0.0539373929        0.0388629670
  18  -4        0.1465310584       -0.0504133928
  18  -5        0.2502161900        0.1285874920
  18  -6        0.1418460283        0.1489207210
  18  -7       -0.1679137201       -0.1904309401
  18  -8       -0.1590806169       -0.2033172707
  18  -9       -0.3863543058       -0.0033386981
  18 -10       -0.1743149893        0.0205655661
  18 -11        0.1163883768       -0.2026887969
  18 -12       -0.0431339733        0.1228796003
  18 -13       -0.0904619528       -0.0343780916
  18 -14       -0.1377021783       -0.0247989634
  18 -15       -0.0908077087       -0.0001776127
  18 -16        0.1593641570       -0.4026872262
  18 -17        0.1125009319        0.1158899003
  18 -18        0.0989698650       -0.0562827564
  19  19       -0.3977599334        0.1823685979
  19  18       -0.1519436128        0.1298241632
  19  17        0.2934364196       -0.0214160147
  19  16       -0.2286112921       -0.0008878239
  19  15        0.1111689548        0.2176048241
  19  14       -0.0029519769       -0.1220274369
  19  13       -0.1847645910        0.0509528028
  19  12       -0.1562268717        0.0679294908
  19  11        0.0070031983       -0.3156569345
  19  10        0.0068271860        0.0616152732
  19   9        0.1442394376       -0.0402415335
  19   8       -0.0010503964        0.3540563390
  19   7        0.0294724041       -0.0859496294
  19   6        0.2100165759        0.1558596411
  19   5       -0.2447553991       -0.1455649643
  19   4       -0.0031118665       -0.1457259962
  19   3        0.0612448466        0.2680089256
  19   2       -0.0529659149       -0.0196269931
  19   1       -0.0497210435        0.1446233258
  19   0        0.0439674708        0.0000000000
  19  -1        0.0497210435        0.1446233258
  19  -2       -0.0529659149        0.0196269931
  19  -3       -0.0612448466        0.2680089256
  19  -4       -0.0031118665        0.1457259962
  19  -5        0.2447553991       -0.1455649643
  19  -6        0.2100165759       -0.1558596411
  19  -7       -0.0294724041       -0.0859496294
  19  -8       -0.0010503964       -0.3540563390
  19  -9       -0.1442394376       -0.0402415335
  19 -10        0.0068271860       -0.0616152732
  19 -11       -0.0070031983       -0.3156569345
  19 -12       -0.1562268717       -0.0679294908
  19 -13        0.1847645910        0.0509528028
  19 -14       -0.0029519769        0.1220274369
  19 -15       -0.1111689548        0.2176048241
  19 -16       -0.2286112921        0.0008878239
  19 -17       -0.2934364196       -0.0214160147
  19 -18       -0.1519436128       -0.1298241632
  19 -19        0.3977599334        0.1823685979
  20  20       -0.2966225187        0.0235661798
  20  19        0.0665936307       -0.0626520719
  20  18       -0.1007124381       -0.2590932180
  20  17        0.2797345288        0.0044297923
  20  16        0.2235843000        0.3731672138
  20  15        0.2880551587        0.0792389937
  20  14       -0.0107966643       -0.2421022360
  20  13        0.1929610837       -0.2231500958
  20  12        0.2788558586        0.1593992833
  20  11        0.0356108944       -0.0254679185
  20  10       -0.1136581284        0.2370959434
  20   9        0.1525710084        0.1778749461
  20   8       -0.0694041408        0.0827167922
  20   7        0.1463794863       -0.1267470056
  20   6        0.1310763840       -0.0010648530
  20   5       -0.1591407450       -0.1363897124
  20   4       -0.0671017288        0.0208385199
  20   3        0.0287344379       -0.0497366894
  20   2        0.0527659952       -0.1280847969
  20   1       -0.2082941172       -0.0086723719
  20   0       -0.3804636037        0.0000000000
  20  -1        0.2082941172       -0.0086723719
  20  -2        0.0527659952        0.1280847969
  20  -3       -0.0287344379       -0.0497366894
  20  -4       -0.0671017288       -0.0208385199
  20  -5        0.1591407450       -0.1363897124
  20  -6        0.1310763840        0.0010648530
  20  -7       -0.1463794863       -0.1267470056
  20  -8       -0.0694041408       -0.0827167922
  20  -9       -0.1525710084        0.1778749461
  20 -10       -0.1136581284       -0.2370959434
  20 -11       -0.0356108944       -0.0254679185
  20 -12        0.2788558586       -0.1593992833
  20 -13       -0.1929610837       -0.2231500958
  20 -14       -0.0107966643        0.2421022360
  20 -15       -0.2880551587        0.0792389937
  20 -16        0.2235843000       -0.3731672138
  20 -17       -0.2797345288        0.0044297923
  20 -18       -0.1007124381        0.2590932180
  20 -19       -0.0665936307       -0.0626520719
  20 -20       -0.2966225187       -0.0235661798
  21  21       -0.1653971964       -0.1157285845
  21  20       -0.0539320159       -0.0640575889
  21  19        0.0884531570        0.0854384251
  21  18       -0.1471540806        0.6010596961
  21  17       -0.2328598438       -0.0894355770
  21  16       -0.2019344078       -0.0590007821
  21  15        0.1267040451       -0.0133205979
  21  14        0.1831920497        0.1342012942
  21  13        0.1167084081       -0.0106887416
  21  12       -0.0543187935       -0.1930180059
  21  11        0.3353761641       -0.1824194502
  21  10       -0.1845826327        0.0167664799
  21   9        0.2325096468       -0.0276412816
  21   8       -0.1972652456        0.2340531872
  21   7        0.4184662204       -0.2718011043
  21   6       -0.2549472639        0.0719439322
  21   5        0.0275721536       -0.1821792295
  21   4       -0.1533703715       -0.0814411140
  21   3        0.0505500660        0.0401630777
  21   2       -0.0396797915       -0.2265685759
  21   1        0.0940829673        0.1082848749
  21   0       -0.3213000389        0.0000000000
  21  -1       -0.0940829673        0.1082848749
  21  -2       -0.0396797915        0.2265685759
  21  -3       -0.0505500660        0.0401630777
  21  -4       -0.1533703715        0.0814411140
  21  -5       -0.0275721536       -0.1821792295
  21  -6       -0.2549472639       -0.0719439322
  21  -7       -0.4184662204       -0.2718011043
  21  -8       -0.1972652456       -0.2340531872
  21  -9       -0.2325096468       -0.0276412816
  21 -10       -0.1845826327       -0.0167664799
  21 -11       -0.3353761641       -0.1824194502
  21 -12       -0.0543187935        0.1930180059
  21 -13       -0.1167084081       -0.0106887416
  21 -14        0.1831920497       -0.1342012942
  21 -15       -0.1267040451       -0.0133205979
  21 -16       -0.2019344078        0.0590007821
  21 -17        0.2328598438       -0.0894355770
  21 -18       -0.1471540806       -0.6010596961
  21 -19       -0.0884531570        0.0854384251
  21 -20       -0.0539320159        0.0640575889
  21 -21        0.1653971964       -0.1157285845
  22  22       -0.0603312995        0.0029760554
  22  21        0.1891075235        0.0945701823
  22  20       -0.0884388956       -0.2523856522
  22  19        0.0655688830        0.0797937465
  22  18       -0.0636437815       -0.4517692814
  22  17       -0.1054420444       -0.1201551065
  22  16       -0.0896374876       -0.4075587928
  22  15        0.4408351514       -0.0107137470
  22  14       -0.3154576037        0.1560517492
  22  13        0.0587705230        0.0141047255
  22  12        0.1187713853        0.1111200078
  22  11        0.2242074677        0.0904341112
  22  10       -0.1406117533        0.1117233914
  22   9        0.2080723422        0.0343745131
  22   8       -0.3604849360       -0.2824788658
  22   7        0.3692593020        0.0820016110
  22   6        0.0741333096        0.0322475653
  22   5        0.0167883324        0.1728869503
  22   4        0.0003646985        0.2101031054
  22   3        0.0437916207        0.1320466400
  22   2        0.0557721186       -0.2077475353
  22   1        0.0717490197        0.0491066606
  22   0       -0.3649765068        0.0000000000
  22  -1       -0.0717490197        0.0491066606
  22  -2        0.0557721186        0.2077475353
  22  -3       -0.0437916207        0.1320466400
  22  -4        0.0003646985       -0.2101031054
  22  -5       -0.0167883324        0.1728869503
  22  -6        0.0741333096       -0.0322475653
  22  -7       -0.3692593020        0.0820016110
  22  -8       -0.3604849360        0.2824788658
  22  -9       -0.2080723422        0.0343745131
  22 -10       -0.1406117533       -0.1117233914
  22 -11       -0.2242074677        0.0904341112
  22 -12        0.1187713853       -0.1111200078
  22 -13       -0.0587705230        0.0141047255
  22 -14       -0.3154576037       -0.1560517492
  22 -15       -0.4408351514       -0.0107137470
  22 -16       -0.0896374876        0.4075587928
  22 -17        0.1054420444       -0.1201551065
  22 -18       -0.0636437815        0.4517692814
  22 -19       -0.0655688830        0.0797937465
  22 -20       -0.0884388956        0.2523856522
  22 -21       -0.1891075235        0.0945701823
  22 -22       -0.0603312995       -0.0029760554
  23  23       -0.0730357200       -0.0838705501
  23  22        0.0469557616        0.0633618710
  23  21       -0.1715033469        0.2116225487
  23  20        0.1114146937       -0.0385258331
  23  19        0.0082113323       -0.1849355932
  23  18        0.0265653728       -0.4170304537
  23  17       -0.0674572683        0.0687319730
  23  16       -0.0154359356        0.0364318367
  23  15       -0.0343438786        0.1846954076
  23  14        0.0440471969       -0.0698899988
  23  13        0.1178337919        0.0914275861
  23  12        0.0388259743       -0.0919872897
  23  11       -0.2335783490        0.1604887007
  23  10        0.0341374856       -0.3839508067
  23   9       -0.0137708192        0.2358253211
  23   8       -0.0896999817       -0.1735193680
  23   7        0.2587135194        0.3149566939
  23   6        0.0910475606       -0.0301204711
  23   5        0.1320394843        0.1788006563
  23   4        0.0091564391       -0.1872830944
  23   3        0.1834671751       -0.1115541734
  23   2       -0.1420599348       -0.1420136673
  23   1       -0.0050773891        0.1328417859
  23   0       -0.1642071229        0.0000000000
  23  -1        0.0050773891        0.1328417859
  23  -2       -0.1420599348        0.1420136673
  23  -3       -0.1834671751       -0.1115541734
  23  -4        0.0091564391        0.1872830944
  23  -5       -0.1320394843        0.1788006563
  23  -6        0.0910475606        0.0301204711
  23  -7       -0.2587135194        0.3149566939
  23  -8       -0.0896999817        0.1735193680
  23  -9        0.0137708192        0.2358253211
  23 -10        0.0341374856        0.3839508067
  23 -11        0.2335783490        0.1604887007
  23 -12        0.0388259743        0.0919872897
  23 -13       -0.1178337919        0.0914275861
  23 -14        0.0440471969        0.0698899988
  23 -15        0.0343438786        0.1846954076
  23 -16       -0.0154359356       -0.0364318367
  23 -17        0.0674572683        0.0687319730
  23 -18        0.0265653728        0.4170304537
  23 -19       -0.0082113323       -0.1849355932
  23 -20        0.1114146937        0.0385258331
  23 -21        0.1715033469        0.2116225487
  23 -22        0.0469557616       -0.0633618710
  23 -23        0.0730357200       -0.0838705501
  24  24       -0.2676028192       -0.0418271789
  24  23        0.0908107453       -0.0785588725
  24  22        0.1131628914        0.1126016056
  24  21       -0.0241486280        0.2320645086
  24  20        0.1342785449        0.3523672684
  24  19        0.0448334138        0.2372670449
  24  18        0.1386545377       -0.2793413570
  24  17       -0.1660550620        0.0828392945
  24  16        0.2944070454       -0.1588992955
  24  15        0.0689027350        0.0846318240
  24  14        0.0420476583        0.0032696073
  24  13        0.0072355141       -0.3008006189
  24  12        0.0794747092        0.2761731301
  24  11       -0.1193806013        0.0837203644
  24  10        0.1577349647       -0.0374370382
  24   9       -0.0343668260        0.0645092314
  24   8        0.0705711354       -0.1468125772
  24   7        0.0079745980       -0.3328977770
  24   6        0.0537175032        0.0712042306
  24   5       -0.0085075184        0.3018573419
  24   4        0.0867757763        0.0026054646
  24   3       -0.0439812461        0.0081264296
  24   2       -0.0484175116       -0.3523817202
  24   1       -0.0111668718       -0.0926701327
  24   0       -0.2320640999        0.0000000000
  24  -1        0.0111668718       -0.0926701327
  24  -2       -0.0484175116        0.3523817202
  24  -3        0.0439812461        0.0081264296
  24  -4        0.0867757763       -0.0026054646
  24  -5        0.0085075184        0.3018573419
  24  -6        0.0537175032       -0.0712042306
  24  -7       -0.0079745980       -0.3328977770
  24  -8        0.0705711354        0.1468125772
  24  -9        0.0343668260        0.0645092314
  24 -10        0.1577349647        0.0374370382
  24 -11        0.1193806013        0.0837203644
  24 -12        0.0794747092       -0.2761731301
  24 -13       -0.0072355141       -0.3008006189
  24 -14        0.0420476583       -0.0032696073
  24 -15       -0.0689027350        0.0846318240
  24 -16        0.2944070454        0.1588992955
  24 -17        0.1660550620        0.0828392945
  24 -18        0.1386545377        0.2793413570
  24 -19       -0.0448334138        0.2372670449
  24 -20        0.1342785449       -0.3523672684
  24 -21        0.0241486280        0.2320645086
  24 -22        0.1131628914       -0.1126016056
  24 -23       -0.0908107453       -0.0785588725
  24 -24       -0.2676028192        0.0418271789
  25  25       -0.1224961429       -0.3284074091
  25  24       -0.1166620183       -0.1734718263
  25  23       -0.4551134533        0.0186649834
  25  22       -0.1494115440        0.0518734288
  25  21        0.0132127978       -0.0960264747
  25  20        0.3210922536       -0.0019102205
  25  19        0.0602148259       -0.0232884812
  25  18        0.1936087140       -0.1997808394
  25  17       -0.1364338507       -0.1023424675
  25  16       -0.0094058878       -0.0151919569
  25  15       -0.0117652641        0.1387162752
  25  14        0.0336918909        0.0352417441
  25  13       -0.0847728975       -0.0429238528
  25  12       -0.0038837631        0.0034445958
  25  11       -0.0476183516        0.1130511589
  25  10       -0.0103369407        0.1058309261
  25   9        0.2178671164       -0.2354675517
  25   8        0.1936125445        0.0204259218
  25   7       -0.3316731937       -0.2159242642
  25   6       -0.0922212401        0.1045466810
  25   5       -0.0907798100       -0.0126702382
  25   4        0.1399021889       -0.0205157366
  25   3        0.0818343293        0.0155431621
  25   2       -0.1375488646        0.0031062517
  25   1        0.0537725038       -0.0749394544
  25   0       -0.2432077645        0.0000000000
  25  -1       -0.0537725038       -0.0749394544
  25  -2       -0.1375488646       -0.0031062517
  25  -3       -0.0818343293        0.0155431621
  25  -4        0.1399021889        0.0205157366
  25  -5        0.0907798100       -0.0126702382
  25  -6       -0.0922212401       -0.1045466810
  25  -7        0.3316731937       -0.2159242642
  25  -8        0.1936125445       -0.0204259218
  25  -9       -0.2178671164       -0.2354675517
  25 -10       -0.0103369407       -0.1058309261
  25 -11        0.0476183516        0.1130511589
  25 -12       -0.0038837631       -0.0034445958
  25 -13        0.0847728975       -0.0429238528
  25 -14        0.0336918909       -0.0352417441
  25 -15        0.0117652641        0.1387162752
  25 -16       -0.0094058878        0.0151919569
  25 -17        0.1364338507       -0.1023424675
  25 -18        0.1936087140        0.1997808394
  25 -19       -0.0602148259       -0.0232884812
  25 -20        0.3210922536        0.0019102205
  25 -21       -0.0132127978       -0.0960264747
  25 -22       -0.1494115440       -0.0518734288
  25 -23        0.4551134533        0.0186649834
  25 -24       -0.1166620183        0.1734718263
  25 -25        0.1224961429       -0.3284074091
  26  26        0.0602217181       -0.1332129776
  26  25        0.0704045288        0.2220285304
  26  24        0.2615356750        0.0303592140
  26  23        0.0912672177       -0.0840443948
  26  22       -0.0918944761        0.1009612514
  26  21        0.1283979232       -0.2620201033
  26  20        0.0325842741        0.0586647136
  26  19        0.2434097702       -0.0421127224
  26  18        0.0768603624        0.0945392383
  26  17        0.0477107385        0.0435152148
  26  16       -0.2013917842       -0.0717818797
  26  15       -0.2106957825       -0.1103400115
  26  14       -0.1232711667       -0.1226998698
  26  13        0.0600889021        0.1806111649
  26  12        0.0338923599       -0.0942679563
  26  11        0.1844155512       -0.0022468884
  26  10       -0.2008967005       -0.0861010327
  26   9       -0.3418322691        0.0591266841
  26   8       -0.1594452817        0.1475839760
  26   7       -0.1224221888       -0.1509306518
  26   6       -0.1588682318       -0.0627356008
  26   5       -0.1424116975        0.0877968483
  26   4       -0.3409869788        0.1025280213
  26   3       -0.1414848185       -0.0263706250
  26   2       -0.1045654521       -0.0333222377
  26   1       -0.0603664967       -0.2319093200
  26   0        0.1704036723        0.0000000000
  26  -1        0.0603664967       -0.2319093200
  26  -2       -0.1045654521        0.0333222377
  26  -3        0.1414848185       -0.0263706250
  26  -4       -0.3409869788       -0.1025280213
  26  -5        0.1424116975        0.0877968483
  26  -6       -0.1588682318        0.0627356008
  26  -7        0.1224221888       -0.1509306518
  26  -8       -0.1594452817       -0.1475839760
  26  -9        0.3418322691        0.0591266841
  26 -10       -0.2008967005        0.0861010327
  26 -11       -0.1844155512       -0.0022468884
  26 -12        0.0338923599        0.0942679563
  26 -13       -0.0600889021        0.1806111649
  26 -14       -0.1232711667        0.1226998698
  26 -15        0.2106957825       -0.1103400115
  26 -16       -0.2013917842        0.0717818797
  26 -17       -0.0477107385        0.0435152148
  26 -18        0.0768603624       -0.0945392383
  26 -19       -0.2434097702       -0.0421127224
  26 -20        0.0325842741       -0.0586647136
  26 -21       -0.1283979232       -0.2620201033
  26 -22       -0.0918944761       -0.1009612514
  26 -23       -0.0912672177       -0.0840443948
  26 -24        0.2615356750       -0.0303592140
  26 -25       -0.0704045288        0.2220285304
  26 -26        0.0602217181        0.1332129776
