   0   0      440.3295478633        0.0000000000
   1   1       -2.0175420579        3.4836475382
   1   0       -3.4490235838        0.0000000000
   1  -1        2.0175420579        3.4836475382
   2   2        7.0835052439      -21.6413475605
   2   1       13.7028542229        6.1897381582
   2   0      -43.5616007275        0.0000000000
   2  -1      -13.7028542229        6.1897381582
   2  -2        7.0835052439       21.6413475605
   3   3       -0.5114597484      -11.8433181847
   3   2      -16.0185203117       -3.8718434562
   3   1        5.5654608069       10.6164710999
   3   0       -2.9308155036        0.0000000000
   3  -1       -5.5654608069       10.6164710999
   3  -2      -16.0185203117        3.8718434562
   3  -3        0.5114597484      -11.8433181847
   4   4       -5.6078978984        0.9522441329
   4   3       -9.1217074373       -6.1665891915
   4   2        8.6162110844       -6.7317596938
   4   1        8.8098987106        3.1088151819
   4   0       -6.6502896363        0.0000000000
   4  -1       -8.8098987106        3.1088151819
   4  -2        8.6162110844        6.7317596938
   4  -3        9.1217074373       -6.1665891915
   4  -4       -5.6078978984       -0.9522441329
   5   5       -0.3437652458       -1.3641559074
   5   4       -4.4603990908       -2.1635687516
   5   3        1.0293423579       -0.9808383830
   5   2        0.3435787339        8.1524760261
   5   1       -4.6233007132        1.6370116820
   5   0        3.1328971499        0.0000000000
   5  -1        4.6233007132        1.6370116820
   5  -2        0.3435787339       -8.1524760261
   5  -3       -1.0293423579       -0.9808383830
   5  -4       -4.4603990908        2.1635687516
   5  -5        0.3437652458       -1.3641559074
   6   6       -0.5668880622        2.6104010802
   6   5       -1.6354077011        3.2765452463
   6   4        0.8409577619        2.7074961717
   6   3        1.6066223859       -3.6902303210
   6   2       -1.0447396335        5.1050027772
   6   1       -0.9444776651        1.2090591509
   6   0        2.6966078683        0.0000000000
   6  -1        0.9444776651        1.2090591509
   6  -2       -1.0447396335       -5.1050027772
   6  -3       -1.6066223859       -3.6902303210
   6  -4        0.8409577619       -2.7074961717
   6  -5        1.6354077011        3.2765452463
   6  -6       -0.5668880622       -2.6104010802
   7   7       -0.0511159805        2.0862058559
   7   6        0.0225003951       -0.0614917081
   7   5       -1.2015622605        1.5458205642
   7   4       -2.0140564447       -1.2926972571
   7   3        4.6519538447        1.4139951814
   7   2        0.2058094534        2.8966845991
   7   1        1.5769315125       -2.1849586588
   7   0       -2.3566568921        0.0000000000
   7  -1       -1.5769315125       -2.1849586588
   7  -2        0.2058094534       -2.8966845991
   7  -3       -4.6519538447        1.4139951814
   7  -4       -2.0140564447        1.2926972571
   7  -5        1.2015622605        1.5458205642
   7  -6        0.0225003951        0.0614917081
   7  -7        0.0511159805        2.0862058559
   8   8        0.8562983016        0.0192825763
   8   7        0.9603096595       -0.4369587815
   8   6        0.1291120834        2.7255352674
   8   5       -1.3210957924       -0.3270239539
   8   4        1.6946573987       -2.7087800611
   8   3        2.0180579286        1.2845814564
   8   2       -0.3339043887        0.6519063407
   8   1       -0.5591187649        0.2045373650
   8   0       -1.2769887732        0.0000000000
   8  -1        0.5591187649        0.2045373650
   8  -2       -0.3339043887       -0.6519063407
   8  -3       -2.0180579286        1.2845814564
   8  -4        1.6946573987        2.7087800611
   8  -5        1.3210957924       -0.3270239539
   8  -6        0.1291120834       -2.7255352674
   8  -7       -0.9603096595       -0.4369587815
   8  -8        0.8562983016       -0.0192825763
   9   9        0.9169484798        1.1080749674
   9   8       -0.2238424735       -1.0658125410
   9   7        0.6077928032       -0.4993954983
   9   6       -1.2751429587       -0.4317827289
   9   5        0.0730738731       -1.3433896379
   9   4        1.7565814541        0.1187127825
   9   3       -0.3305690882        1.0623502524
   9   2       -0.4833664581       -0.4347313057
   9   1        0.5772448905       -0.1855868423
   9   0       -1.5758842753        0.0000000000
   9  -1       -0.5772448905       -0.1855868423
   9  -2       -0.4833664581        0.4347313057
   9  -3        0.3305690882        1.0623502524
   9  -4        1.7565814541       -0.1187127825
   9  -5       -0.0730738731       -1.3433896379
   9  -6       -1.2751429587        0.4317827289
   9  -7       -0.6077928032       -0.4993954983
   9  -8       -0.2238424735        1.0658125410
   9  -9       -0.9169484798        1.1080749674
  10  10        0.5953601541       -0.0491599379
  10   9        0.8540094786       -0.3782652006
  10   8        0.1480746361        0.6228452267
  10   7        0.9420917919        0.0328334141
  10   6        0.1243145525        0.3711869755
  10   5       -0.9959459352       -2.4493975479
  10   4        1.9695962266       -0.0648992472
  10   3       -0.6980278146        0.5555877670
  10   2       -0.2031686283       -0.5489223711
  10   1       -0.2071340652        0.4650960703
  10   0       -0.7279274677        0.0000000000
  10  -1        0.2071340652        0.4650960703
  10  -2       -0.2031686283        0.5489223711
  10  -3        0.6980278146        0.5555877670
  10  -4        1.9695962266        0.0648992472
  10  -5        0.9959459352       -2.4493975479
  10  -6        0.1243145525       -0.3711869755
  10  -7       -0.9420917919        0.0328334141
  10  -8        0.1480746361       -0.6228452267
  10  -9       -0.8540094786       -0.3782652006
  10 -10        0.5953601541        0.0491599379
  11  11       -0.3787522719       -0.8012667112
  11  10        1.4229753859       -0.1687580555
  11   9        0.2031777441        0.1080995227
  11   8       -0.1235580082       -0.7190987849
  11   7       -0.3984368810        0.0042769277
  11   6       -1.6786550729       -0.1617692180
  11   5        1.5604840333       -0.9422833107
  11   4        0.5317080060        0.4008376907
  11   3       -0.5031801674        0.0797498142
  11   2        0.3550733234        0.4378318454
  11   1       -0.9650214177        1.4737129479
  11   0        0.1925897268        0.0000000000
  11  -1        0.9650214177        1.4737129479
  11  -2        0.3550733234       -0.4378318454
  11  -3        0.5031801674        0.0797498142
  11  -4        0.5317080060       -0.4008376907
  11  -5       -1.5604840333       -0.9422833107
  11  -6       -1.6786550729        0.1617692180
  11  -7        0.3984368810        0.0042769277
  11  -8       -0.1235580082        0.7190987849
  11  -9       -0.2031777441        0.1080995227
  11 -10        1.4229753859        0.1687580555
  11 -11        0.3787522719       -0.8012667112
  12  12       -0.5418674880       -0.3549243841
  12  11       -0.3308679806        0.3357762772
  12  10       -0.4617358448        0.2614295897
  12   9        0.1404280904        0.1834649898
  12   8        0.9221793812        1.4075325801
  12   7       -0.1142983912        0.5336468732
  12   6       -0.4466877134       -0.6415630941
  12   5        0.8982866915       -0.4075817841
  12   4       -0.0747127561        0.8283472114
  12   3       -0.1107658040        0.2287028430
  12   2        0.2179610572        0.3678562670
  12   1       -0.1636169420       -0.0962816846
  12   0        0.1150284827        0.0000000000
  12  -1        0.1636169420       -0.0962816846
  12  -2        0.2179610572       -0.3678562670
  12  -3        0.1107658040        0.2287028430
  12  -4       -0.0747127561       -0.8283472114
  12  -5       -0.8982866915       -0.4075817841
  12  -6       -0.4466877134        0.6415630941
  12  -7        0.1142983912        0.5336468732
  12  -8        0.9221793812       -1.4075325801
  12  -9       -0.1404280904        0.1834649898
  12 -10       -0.4617358448       -0.2614295897
  12 -11        0.3308679806        0.3357762772
  12 -12       -0.5418674880        0.3549243841
  13  13       -0.7025847362        0.0636127413
  13  12       -0.2078310548        0.0440365330
  13  11       -0.0270314950       -0.5086626047
  13  10        0.6688998356       -0.0882965411
  13   9        0.0222527828        0.5810251459
  13   8       -0.1756553782        0.0492538720
  13   7       -0.8337293306        0.3566209427
  13   6       -0.0675894060       -0.3685421327
  13   5        0.4586046146        1.3809336600
  13   4       -0.8246829938        0.2953315687
  13   3        0.3176924762       -0.0087880084
  13   2        0.2858887428        0.7466245409
  13   1       -0.5190835615        0.1685145723
  13   0       -0.0089861867        0.0000000000
  13  -1        0.5190835615        0.1685145723
  13  -2        0.2858887428       -0.7466245409
  13  -3       -0.3176924762       -0.0087880084
  13  -4       -0.8246829938       -0.2953315687
  13  -5       -0.4586046146        1.3809336600
  13  -6       -0.0675894060        0.3685421327
  13  -7        0.8337293306        0.3566209427
  13  -8       -0.1756553782       -0.0492538720
  13  -9       -0.0222527828        0.5810251459
  13 -10        0.6688998356        0.0882965411
  13 -11        0.0270314950       -0.5086626047
  13 -12       -0.2078310548       -0.0440365330
  13 -13        0.7025847362        0.0636127413
  14  14       -0.3954961130       -0.0942416210
  14  13       -0.2151042921       -0.0992672190
  14  12       -0.0793893011       -0.3516412499
  14  11        0.2742648606        0.0305532948
  14  10       -0.1448619420        0.6482356015
  14   9        0.2196414283       -0.2861184440
  14   8        0.5911046732        0.2510128324
  14   7       -0.8764917584       -0.1031034857
  14   6        0.2832896426       -0.4539428057
  14   5        0.3856396901        0.3633081831
  14   4        0.1271711253        0.2541315013
  14   3       -0.1728558499        0.3071547660
  14   2        0.0610448494       -0.0014456489
  14   1        0.3045516218        0.0830637330
  14   0       -0.3272531450        0.0000000000
  14  -1       -0.3045516218        0.0830637330
  14  -2        0.0610448494        0.0014456489
  14  -3        0.1728558499        0.3071547660
  14  -4        0.1271711253       -0.2541315013
  14  -5       -0.3856396901        0.3633081831
  14  -6        0.2832896426        0.4539428057
  14  -7        0.8764917584       -0.1031034857
  14  -8        0.5911046732       -0.2510128324
  14  -9       -0.2196414283       -0.2861184440
  14 -10       -0.1448619420       -0.6482356015
  14 -11       -0.2742648606        0.0305532948
  14 -12       -0.0793893011        0.3516412499
  14 -13        0.2151042921       -0.0992672190
  14 -14       -0.3954961130        0.0942416210
  15  15        0.1097988563        0.2672187660
  15  14       -0.3029381854       -0.1497094602
  15  13        0.1119754893       -0.5987740485
  15  12        0.0287501678       -0.2784121598
  15  11        0.7521249357       -0.7390947619
  15  10       -0.2459109814       -0.6044053943
  15   9       -0.0861011815        0.5951110756
  15   8       -0.6355351649        0.6192981196
  15   7       -0.1462659993       -0.2714313780
  15   6        0.9354694741       -0.1086235759
  15   5       -0.1155365839        0.2442434560
  15   4        0.0029073850        0.0420474483
  15   3        0.6957128965        0.2589709304
  15   2        0.0391855094       -0.0040261574
  15   1        0.5660975161       -0.0462117795
  15   0       -0.2357277445        0.0000000000
  15  -1       -0.5660975161       -0.0462117795
  15  -2        0.0391855094        0.0040261574
  15  -3       -0.6957128965        0.2589709304
  15  -4        0.0029073850       -0.0420474483
  15  -5        0.1155365839        0.2442434560
  15  -6        0.9354694741        0.1086235759
  15  -7        0.1462659993       -0.2714313780
  15  -8       -0.6355351649       -0.6192981196
  15  -9        0.0861011815        0.5951110756
  15 -10       -0.2459109814        0.6044053943
  15 -11       -0.7521249357       -0.7390947619
  15 -12        0.0287501678        0.2784121598
  15 -13       -0.1119754893       -0.5987740485
  15 -14       -0.3029381854        0.1497094602
  15 -15       -0.1097988563        0.2672187660
  16  16        0.0562290319        0.4470051278
  16  15       -0.0886381595       -0.0933253941
  16  14        0.0407268971        0.1273300702
  16  13        0.0913994291       -0.0333690291
  16  12       -0.2628443410        0.0396441927
  16  11        0.1535512675       -0.0041957259
  16  10        0.3441865228       -0.2822687795
  16   9       -0.0449248463        0.1647040010
  16   8       -0.0821633626       -0.3934896458
  16   7        0.2082386831       -0.2728260761
  16   6        0.0452303144        0.0889507423
  16   5        0.1334474833        0.1540338911
  16   4        0.0723224648        0.3142624016
  16   3       -0.0774893409       -0.1288096048
  16   2       -0.0587072723       -0.2253499381
  16   1        0.1072883164       -0.1088839038
  16   0        0.0434219376        0.0000000000
  16  -1       -0.1072883164       -0.1088839038
  16  -2       -0.0587072723        0.2253499381
  16  -3        0.0774893409       -0.1288096048
  16  -4        0.0723224648       -0.3142624016
  16  -5       -0.1334474833        0.1540338911
  16  -6        0.0452303144       -0.0889507423
  16  -7       -0.2082386831       -0.2728260761
  16  -8       -0.0821633626        0.3934896458
  16  -9        0.0449248463        0.1647040010
  16 -10        0.3441865228        0.2822687795
  16 -11       -0.1535512675       -0.0041957259
  16 -12       -0.2628443410       -0.0396441927
  16 -13       -0.0913994291       -0.0333690291
  16 -14        0.0407268971       -0.1273300702
  16 -15        0.0886381595       -0.0933253941
  16 -16        0.0562290319       -0.4470051278
  17  17        0.3726989405        0.1574457046
  17  16        0.2390783280        0.0192167486
  17  15       -0.0548660577        0.2471457655
  17  14       -0.0959668277       -0.0729831068
  17  13       -0.0634437880       -0.4724568176
  17  12       -0.1397086512       -0.4995745146
  17  11       -0.1383317281       -0.2241812091
  17  10       -0.2900603609        0.2633781392
  17   9        0.1594660395        0.3437485826
  17   8       -0.3555173054        0.0810551360
  17   7        0.2754378894       -0.0769388214
  17   6       -0.0670783538        0.0619509473
  17   5       -0.2350406020       -0.2980271532
  17   4        0.1524098673        0.1386628642
  17   3        0.0633703715       -0.0335806764
  17   2       -0.5548102003       -0.2611847850
  17   1        0.2292288818        0.0883571375
  17   0        0.0054648861        0.0000000000
  17  -1       -0.2292288818        0.0883571375
  17  -2       -0.5548102003        0.2611847850
  17  -3       -0.0633703715       -0.0335806764
  17  -4        0.1524098673       -0.1386628642
  17  -5        0.2350406020       -0.2980271532
  17  -6       -0.0670783538       -0.0619509473
  17  -7       -0.2754378894       -0.0769388214
  17  -8       -0.3555173054       -0.0810551360
  17  -9       -0.1594660395        0.3437485826
  17 -10       -0.2900603609       -0.2633781392
  17 -11        0.1383317281       -0.2241812091
  17 -12       -0.1397086512        0.4995745146
  17 -13        0.0634437880       -0.4724568176
  17 -14       -0.0959668277        0.0729831068
  17 -15        0.0548660577        0.2471457655
  17 -16        0.2390783280       -0.0192167486
  17 -17       -0.3726989405        0.1574457046
  18  18        0.3745666007        0.1010767253
  18  17        0.0985017384        0.0132998452
  18  16       -0.0038502761        0.2420206881
  18  15       -0.1046202558        0.1068860276
  18  14       -0.0837442456        0.0191016118
  18  13       -0.0513329150        0.2039338041
  18  12        0.2205441943        0.2432844855
  18  11       -0.0168634408        0.1283817095
  18  10        0.3224651508       -0.0274158584
  18   9       -0.1204307653        0.0727144755
  18   8       -0.2869859118       -0.3144453817
  18   7        0.0710346116        0.1942073643
  18   6        0.1903579017        0.0936250449
  18   5        0.0801312345        0.0412799711
  18   4       -0.2998771533       -0.0633295042
  18   3       -0.1842874423       -0.0948227891
  18   2       -0.4273783673        0.2135634075
  18   1       -0.2214955501        0.2782977251
  18   0       -0.0077933923        0.0000000000
  18  -1        0.2214955501        0.2782977251
  18  -2       -0.4273783673       -0.2135634075
  18  -3        0.1842874423       -0.0948227891
  18  -4       -0.2998771533        0.0633295042
  18  -5       -0.0801312345        0.0412799711
  18  -6        0.1903579017       -0.0936250449
  18  -7       -0.0710346116        0.1942073643
  18  -8       -0.2869859118        0.3144453817
  18  -9        0.1204307653        0.0727144755
  18 -10        0.3224651508        0.0274158584
  18 -11        0.0168634408        0.1283817095
  18 -12        0.2205441943       -0.2432844855
  18 -13        0.0513329150        0.2039338041
  18 -14       -0.0837442456       -0.0191016118
  18 -15        0.1046202558        0.1068860276
  18 -16       -0.0038502761       -0.2420206881
  18 -17       -0.0985017384        0.0132998452
  18 -18        0.3745666007       -0.1010767253
  19  19       -0.0608865984        0.0410138780
  19  18       -0.1222117888        0.0714946982
  19  17       -0.2594798896        0.2043613019
  19  16       -0.0110223505       -0.1234140669
  19  15        0.2394329210       -0.0628789213
  19  14       -0.2319037627       -0.0855633087
  19  13       -0.2264364550       -0.3085966340
  19  12       -0.2654972114       -0.2889731926
  19  11        0.0407214052        0.1303946400
  19  10       -0.0465045585        0.4045986978
  19   9       -0.1339073735        0.0168371260
  19   8       -0.0977213515       -0.0788971692
  19   7        0.5276522000        0.1618882859
  19   6       -0.1192610048       -0.0737541054
  19   5       -0.2713032716       -0.0175263762
  19   4        0.0324396935       -0.1951848828
  19   3       -0.1891969262       -0.0215019815
  19   2       -0.2309734921       -0.2199036046
  19   1       -0.0728988243       -0.0401423776
  19   0        0.3331380291        0.0000000000
  19  -1        0.0728988243       -0.0401423776
  19  -2       -0.2309734921        0.2199036046
  19  -3        0.1891969262       -0.0215019815
  19  -4        0.0324396935        0.1951848828
  19  -5        0.2713032716       -0.0175263762
  19  -6       -0.1192610048        0.0737541054
  19  -7       -0.5276522000        0.1618882859
  19  -8       -0.0977213515        0.0788971692
  19  -9        0.1339073735        0.0168371260
  19 -10       -0.0465045585       -0.4045986978
  19 -11       -0.0407214052        0.1303946400
  19 -12       -0.2654972114        0.2889731926
  19 -13        0.2264364550       -0.3085966340
  19 -14       -0.2319037627        0.0855633087
  19 -15       -0.2394329210       -0.0628789213
  19 -16       -0.0110223505        0.1234140669
  19 -17        0.2594798896        0.2043613019
  19 -18       -0.1222117888       -0.0714946982
  19 -19        0.0608865984        0.0410138780
  20  20       -0.0984853113       -0.0589666459
  20  19        0.0515862609       -0.1828929286
  20  18        0.0343575789       -0.0803633956
  20  17       -0.1750617696        0.0838680460
  20  16       -0.2821136172       -0.0222563468
  20  15       -0.2406557156        0.1478707961
  20  14        0.0069592467        0.1851569795
  20  13        0.3557224347        0.1611214646
  20  12        0.1492373199        0.2314368238
  20  11        0.0176818635       -0.3633829558
  20  10       -0.1061342223        0.1475704133
  20   9        0.0717628865       -0.2593012736
  20   8        0.0820157803        0.0661603043
  20   7        0.2301713949       -0.0582961023
  20   6       -0.0831506592       -0.1906847301
  20   5       -0.1232529690       -0.0834411699
  20   4       -0.0597806110        0.1735685942
  20   3        0.0292781725        0.0559705351
  20   2        0.0313319693        0.4159600048
  20   1        0.0060470418       -0.1713098238
  20   0        0.3647773477        0.0000000000
  20  -1       -0.0060470418       -0.1713098238
  20  -2        0.0313319693       -0.4159600048
  20  -3       -0.0292781725        0.0559705351
  20  -4       -0.0597806110       -0.1735685942
  20  -5        0.1232529690       -0.0834411699
  20  -6       -0.0831506592        0.1906847301
  20  -7       -0.2301713949       -0.0582961023
  20  -8        0.0820157803       -0.0661603043
  20  -9       -0.0717628865       -0.2593012736
  20 -10       -0.1061342223       -0.1475704133
  20 -11       -0.0176818635       -0.3633829558
  20 -12        0.1492373199       -0.2314368238
  20 -13       -0.3557224347        0.1611214646
  20 -14        0.0069592467       -0.1851569795
  20 -15        0.2406557156        0.1478707961
  20 -16       -0.2821136172        0.0222563468
  20 -17        0.1750617696        0.0838680460
  20 -18        0.0343575789        0.0803633956
  20 -19       -0.0515862609       -0.1828929286
  20 -20       -0.0984853113        0.0589666459
  21  21       -0.2931461996       -0.0589898787
  21  20       -0.1609523538        0.1003357447
  21  19        0.1744400506       -0.2211382335
  21  18        0.3317866181       -0.0110848950
  21  17        0.2014334103        0.1113429466
  21  16        0.1420705996        0.1672987430
  21  15        0.0371699712        0.0631925741
  21  14       -0.0029851208       -0.0600954355
  21  13       -0.2206186233        0.0272978572
  21  12       -0.0115421860        0.0510400168
  21  11       -0.0002909257       -0.0167280152
  21  10       -0.0701194666       -0.0134742197
  21   9        0.0810149530       -0.0003038655
  21   8        0.2185940824       -0.5323053124
  21   7       -0.1347820731       -0.0726858414
  21   6        0.0977648807        0.0912363755
  21   5        0.0461260759        0.0723905056
  21   4        0.0249610344       -0.0044472279
  21   3       -0.0353514148        0.0165971334
  21   2        0.1740704107       -0.3243852390
  21   1       -0.1339812803       -0.0673511710
  21   0       -0.2387904292        0.0000000000
  21  -1        0.1339812803       -0.0673511710
  21  -2        0.1740704107        0.3243852390
  21  -3        0.0353514148        0.0165971334
  21  -4        0.0249610344        0.0044472279
  21  -5       -0.0461260759        0.0723905056
  21  -6        0.0977648807       -0.0912363755
  21  -7        0.1347820731       -0.0726858414
  21  -8        0.2185940824        0.5323053124
  21  -9       -0.0810149530       -0.0003038655
  21 -10       -0.0701194666        0.0134742197
  21 -11        0.0002909257       -0.0167280152
  21 -12       -0.0115421860       -0.0510400168
  21 -13        0.2206186233        0.0272978572
  21 -14       -0.0029851208        0.0600954355
  21 -15       -0.0371699712        0.0631925741
  21 -16        0.1420705996       -0.1672987430
  21 -17       -0.2014334103        0.1113429466
  21 -18        0.3317866181        0.0110848950
  21 -19       -0.1744400506       -0.2211382335
  21 -20       -0.1609523538       -0.1003357447
  21 -21        0.2931461996       -0.0589898787
  22  22       -0.2354116186        0.1372373443
  22  21        0.1267495047       -0.1136288246
  22  20       -0.0372809255       -0.0110724104
  22  19       -0.0749023705       -0.0578057391
  22  18       -0.2339270918        0.0454097239
  22  17       -0.1419414216       -0.1969322624
  22  16       -0.0598125108       -0.0890482799
  22  15       -0.1607957448        0.2354473165
  22  14        0.4135194201       -0.0601289560
  22  13        0.0699559923       -0.0974630415
  22  12        0.0032000072       -0.1059202355
  22  11        0.2148147939        0.0405099920
  22  10       -0.1644305777        0.1033162780
  22   9        0.0027215888       -0.2340073508
  22   8       -0.1251517641        0.1959300895
  22   7       -0.0600240308       -0.2728588614
  22   6       -0.0713452669        0.2643742255
  22   5        0.0580755559       -0.1120230647
  22   4        0.0434692811        0.0958031795
  22   3       -0.1308379473       -0.0791625518
  22   2       -0.3102364452        0.1046917437
  22   1        0.0430439818        0.2044203554
  22   0        0.1028734001        0.0000000000
  22  -1       -0.0430439818        0.2044203554
  22  -2       -0.3102364452       -0.1046917437
  22  -3        0.1308379473       -0.0791625518
  22  -4        0.0434692811       -0.0958031795
  22  -5       -0.0580755559       -0.1120230647
  22  -6       -0.0713452669       -0.2643742255
  22  -7        0.0600240308       -0.2728588614
  22  -8       -0.1251517641       -0.1959300895
  22  -9       -0.0027215888       -0.2340073508
  22 -10       -0.1644305777       -0.1033162780
  22 -11       -0.2148147939        0.0405099920
  22 -12        0.0032000072        0.1059202355
  22 -13       -0.0699559923       -0.0974630415
  22 -14        0.4135194201        0.0601289560
  22 -15        0.1607957448        0.2354473165
  22 -16       -0.0598125108        0.0890482799
  22 -17        0.1419414216       -0.1969322624
  22 -18       -0.2339270918       -0.0454097239
  22 -19        0.0749023705       -0.0578057391
  22 -20       -0.0372809255        0.0110724104
  22 -21       -0.1267495047       -0.1136288246
  22 -22       -0.2354116186       -0.1372373443
  23  23        0.2136518075       -0.2272613565
  23  22        0.0277354326        0.2305433469
  23  21        0.0176038415        0.1139698582
  23  20        0.1679493189       -0.1278453930
  23  19        0.0936346689        0.2624081518
  23  18       -0.0273185902        0.2723669146
  23  17        0.2694231670       -0.2243437945
  23  16       -0.0601376116       -0.0431033582
  23  15        0.1732932050       -0.1173646081
  23  14       -0.0585478340       -0.1248693949
  23  13       -0.1715694932        0.2263000043
  23  12        0.0017383809        0.1215782813
  23  11        0.0596087738        0.1319277093
  23  10        0.0463008020        0.1434728692
  23   9       -0.1618447077       -0.0843799259
  23   8       -0.0457206095        0.1840597430
  23   7        0.0043894649        0.1257487667
  23   6       -0.0989589845        0.0058209163
  23   5        0.3008271110        0.2005909392
  23   4        0.1999576128       -0.1908383380
  23   3       -0.0739317818       -0.0340629948
  23   2        0.0607671649       -0.1180665482
  23   1        0.0639559701        0.0283463409
  23   0       -0.1293461963        0.0000000000
  23  -1       -0.0639559701        0.0283463409
  23  -2        0.0607671649        0.1180665482
  23  -3        0.0739317818       -0.0340629948
  23  -4        0.1999576128        0.1908383380
  23  -5       -0.3008271110        0.2005909392
  23  -6       -0.0989589845       -0.0058209163
  23  -7       -0.0043894649        0.1257487667
  23  -8       -0.0457206095       -0.1840597430
  23  -9        0.1618447077       -0.0843799259
  23 -10        0.0463008020       -0.1434728692
  23 -11       -0.0596087738        0.1319277093
  23 -12        0.0017383809       -0.1215782813
  23 -13        0.1715694932        0.2263000043
  23 -14       -0.0585478340        0.1248693949
  23 -15       -0.1732932050       -0.1173646081
  23 -16       -0.0601376116        0.0431033582
  23 -17       -0.2694231670       -0.2243437945
  23 -18       -0.0273185902       -0.2723669146
  23 -19       -0.0936346689        0.2624081518
  23 -20        0.1679493189        0.1278453930
  23 -21       -0.0176038415        0.1139698582
  23 -22        0.0277354326       -0.2305433469
  23 -23       -0.2136518075       -0.2272613565
  24  24        0.0626572084       -0.0166753774
  24  23        0.0095446731        0.1142085333
  24  22        0.0030122862       -0.1183521782
  24  21       -0.1047598302       -0.1352791031
  24  20       -0.0851923264       -0.1326893289
  24  19       -0.1727009954       -0.0703677559
  24  18        0.0050122865        0.0663299447
  24  17       -0.2714574311       -0.1697915910
  24  16       -0.1991692526       -0.0928980274
  24  15        0.0819516952       -0.1115706054
  24  14        0.4639302335       -0.0102226580
  24  13        0.0018956576       -0.1216054199
  24  12        0.0091207904       -0.1190700737
  24  11        0.0909461677       -0.0602007087
  24  10       -0.1225082214        0.2813380961
  24   9        0.0385095641       -0.2585637256
  24   8       -0.0667106138        0.2545481730
  24   7       -0.0263356132       -0.0544294542
  24   6       -0.0777907497        0.1545653268
  24   5        0.0058333316       -0.1812774922
  24   4        0.3255411522       -0.1327917490
  24   3       -0.1942371494        0.1413772149
  24   2       -0.1822705716       -0.1411341208
  24   1        0.1072881953       -0.0704695929
  24   0       -0.0317649442        0.0000000000
  24  -1       -0.1072881953       -0.0704695929
  24  -2       -0.1822705716        0.1411341208
  24  -3        0.1942371494        0.1413772149
  24  -4        0.3255411522        0.1327917490
  24  -5       -0.0058333316       -0.1812774922
  24  -6       -0.0777907497       -0.1545653268
  24  -7        0.0263356132       -0.0544294542
  24  -8       -0.0667106138       -0.2545481730
  24  -9       -0.0385095641       -0.2585637256
  24 -10       -0.1225082214       -0.2813380961
  24 -11       -0.0909461677       -0.0602007087
  24 -12        0.0091207904        0.1190700737
  24 -13       -0.0018956576       -0.1216054199
  24 -14        0.4639302335        0.0102226580
  24 -15       -0.0819516952       -0.1115706054
  24 -16       -0.1991692526        0.0928980274
  24 -17        0.2714574311       -0.1697915910
  24 -18        0.0050122865       -0.0663299447
  24 -19        0.1727009954       -0.0703677559
  24 -20       -0.0851923264        0.1326893289
  24 -21        0.1047598302       -0.1352791031
  24 -22        0.0030122862        0.1183521782
  24 -23       -0.0095446731        0.1142085333
  24 -24        0.0626572084        0.0166753774
  25  25       -0.0041641085       -0.1266330013
  25  24        0.0029005917       -0.0334021680
  25  23        0.2916884361       -0.0040248041
  25  22       -0.0016272552        0.0655207914
  25  21        0.0252092701       -0.1033948038
  25  20        0.0857370236        0.2182220219
  25  19        0.0405256101       -0.0563284175
  25  18       -0.0133755817       -0.0465205989
  25  17        0.0807900541       -0.1669892069
  25  16        0.0233387566       -0.1156139550
  25  15       -0.1540604749        0.0398110582
  25  14        0.0585995706        0.0923733810
  25  13       -0.2442283387       -0.1561952002
  25  12        0.1662591077        0.2085983506
  25  11       -0.2464979088       -0.0077085754
  25  10        0.1172565524       -0.2113815450
  25   9        0.0623708478       -0.0127489794
  25   8       -0.1705552764        0.0057053129
  25   7       -0.0212410362        0.1010802314
  25   6        0.0463712067       -0.0173491595
  25   5        0.0766371584        0.0634753006
  25   4        0.0920023449        0.3379784991
  25   3        0.2869871422       -0.0987435639
  25   2        0.1410658200        0.1410159670
  25   1       -0.2478159062        0.0818391866
  25   0       -0.0855280280        0.0000000000
  25  -1        0.2478159062        0.0818391866
  25  -2        0.1410658200       -0.1410159670
  25  -3       -0.2869871422       -0.0987435639
  25  -4        0.0920023449       -0.3379784991
  25  -5       -0.0766371584        0.0634753006
  25  -6        0.0463712067        0.0173491595
  25  -7        0.0212410362        0.1010802314
  25  -8       -0.1705552764       -0.0057053129
  25  -9       -0.0623708478       -0.0127489794
  25 -10        0.1172565524        0.2113815450
  25 -11        0.2464979088       -0.0077085754
  25 -12        0.1662591077       -0.2085983506
  25 -13        0.2442283387       -0.1561952002
  25 -14        0.0585995706       -0.0923733810
  25 -15        0.1540604749        0.0398110582
  25 -16        0.0233387566        0.1156139550
  25 -17       -0.0807900541       -0.1669892069
  25 -18       -0.0133755817        0.0465205989
  25 -19       -0.0405256101       -0.0563284175
  25 -20        0.0857370236       -0.2182220219
  25 -21       -0.0252092701       -0.1033948038
  25 -22       -0.0016272552       -0.0655207914
  25 -23       -0.2916884361       -0.0040248041
  25 -24        0.0029005917        0.0334021680
  25 -25        0.0041641085       -0.1266330013
  26  26        0.0605681116        0.0988731525
  26  25       -0.0472265326        0.0723857285
  26  24        0.0191398731       -0.1831919654
  26  23        0.0021203228       -0.0107431790
  26  22        0.0728685526       -0.1812113640
  26  21        0.0458673362        0.0202945692
  26  20       -0.1737804078       -0.0388136506
  26  19        0.0919717246       -0.1684164868
  26  18       -0.2157823531       -0.1784555109
  26  17       -0.1297688671        0.1302194832
  26  16        0.0206460975       -0.0065535100
  26  15       -0.0458489205       -0.1747547811
  26  14        0.0603995321        0.0699460065
  26  13        0.0918523244       -0.2826553563
  26  12        0.1658051342        0.0372757111
  26  11       -0.1044299522        0.0290221735
  26  10        0.1639033676       -0.1578532754
  26   9       -0.1771525839        0.2248878061
  26   8        0.0925252461       -0.2443044512
  26   7       -0.0855685033        0.1705584606
  26   6        0.1080450600       -0.2382996236
  26   5        0.0223456412       -0.2038639320
  26   4        0.0204530331       -0.4174306821
  26   3       -0.0143630526       -0.0444152392
  26   2        0.0152124807       -0.0382461335
  26   1        0.1262121311        0.0296585145
  26   0       -0.0062704255        0.0000000000
  26  -1       -0.1262121311        0.0296585145
  26  -2        0.0152124807        0.0382461335
  26  -3        0.0143630526       -0.0444152392
  26  -4        0.0204530331        0.4174306821
  26  -5       -0.0223456412       -0.2038639320
  26  -6        0.1080450600        0.2382996236
  26  -7        0.0855685033        0.1705584606
  26  -8        0.0925252461        0.2443044512
  26  -9        0.1771525839        0.2248878061
  26 -10        0.1639033676        0.1578532754
  26 -11        0.1044299522        0.0290221735
  26 -12        0.1658051342       -0.0372757111
  26 -13       -0.0918523244       -0.2826553563
  26 -14        0.0603995321       -0.0699460065
  26 -15        0.0458489205       -0.1747547811
  26 -16        0.0206460975        0.0065535100
  26 -17        0.1297688671        0.1302194832
  26 -18       -0.2157823531        0.1784555109
  26 -19       -0.0919717246       -0.1684164868
  26 -20       -0.1737804078        0.0388136506
  26 -21       -0.0458673362        0.0202945692
  26 -22        0.0728685526        0.1812113640
  26 -23       -0.0021203228       -0.0107431790
  26 -24        0.0191398731        0.1831919654
  26 -25        0.0472265326        0.0723857285
  26 -26        0.0605681116       -0.0988731525
