   0   0       25.8022991380        0.0000000000
   1   1       -0.2504418258       -0.8279398626
   1   0       -0.1988764535        0.0000000000
   1  -1        0.2504418258       -0.8279398626
   2   2       -2.1157248369        2.7905239064
   2   1       -3.8851774465        2.3324597963
   2   0       -0.9189410295        0.0000000000
   2  -1        3.8851774465        2.3324597963
   2  -2       -2.1157248369       -2.7905239064
   3   3       -0.1542570404       -0.5560559233
   3   2       -0.2850526239       -0.8870932163
   3   1       -0.0051170293        0.7394444253
   3   0       -0.0537278090        0.0000000000
   3  -1        0.0051170293        0.7394444253
   3  -2       -0.2850526239        0.8870932163
   3  -3        0.1542570404       -0.5560559233
   4   4       -0.7609514632       -1.0415686572
   4   3        0.1813007764       -2.1467055734
   4   2        0.1216992686       -0.6909202066
   4   1        0.1071509762        0.2171167625
   4   0       -0.4480565755        0.0000000000
   4  -1       -0.1071509762        0.2171167625
   4  -2        0.1216992686        0.6909202066
   4  -3       -0.1813007764       -2.1467055734
   4  -4       -0.7609514632        1.0415686572
   5   5        0.2777472533       -0.0835411469
   5   4        0.3058140223       -0.1944953742
   5   3        0.3981010470        0.2146993167
   5   2       -0.0724643624        0.0654701351
   5   1       -0.0206812274       -0.4771475096
   5   0       -0.1732245586        0.0000000000
   5  -1        0.0206812274       -0.4771475096
   5  -2       -0.0724643624       -0.0654701351
   5  -3       -0.3981010470        0.2146993167
   5  -4        0.3058140223        0.1944953742
   5  -5       -0.2777472533       -0.0835411469
   6   6        0.4235801011       -0.1860604686
   6   5        0.8828752391        0.2923834373
   6   4        0.4782737190        0.6069273267
   6   3        0.0564746436        0.2263240917
   6   2       -0.1043767910       -0.2266936801
   6   1        0.1523967301       -0.1828158934
   6   0       -0.1715244901        0.0000000000
   6  -1       -0.1523967301       -0.1828158934
   6  -2       -0.1043767910        0.2266936801
   6  -3       -0.0564746436        0.2263240917
   6  -4        0.4782737190       -0.6069273267
   6  -5       -0.8828752391        0.2923834373
   6  -6        0.4235801011        0.1860604686
   7   7        0.0665010939        0.1670239531
   7   6        0.1028725450        0.1523458436
   7   5       -0.1549551760        0.2093957127
   7   4       -0.2245075070        0.2950344572
   7   3       -0.0635494637       -0.1879850938
   7   2        0.1825932670        0.1031965580
   7   1        0.0312713991       -0.0072294818
   7   0        0.0232626113        0.0000000000
   7  -1       -0.0312713991       -0.0072294818
   7  -2        0.1825932670       -0.1031965580
   7  -3        0.0635494637       -0.1879850938
   7  -4       -0.2245075070       -0.2950344572
   7  -5        0.1549551760        0.2093957127
   7  -6        0.1028725450       -0.1523458436
   7  -7       -0.0665010939        0.1670239531
   8   8        0.0708817234        0.0523888085
   8   7       -0.2451391198        0.3874107779
   8   6       -0.4390812890        0.2472424039
   8   5       -0.3326089477        0.0204107111
   8   4       -0.0884272612       -0.0664643714
   8   3        0.2264997983        0.1661501185
   8   2        0.0208822604        0.0704380109
   8   1        0.0111530029       -0.1845456090
   8   0        0.1201102780        0.0000000000
   8  -1       -0.0111530029       -0.1845456090
   8  -2        0.0208822604       -0.0704380109
   8  -3       -0.2264997983        0.1661501185
   8  -4       -0.0884272612        0.0664643714
   8  -5        0.3326089477        0.0204107111
   8  -6       -0.4390812890       -0.2472424039
   8  -7        0.2451391198        0.3874107779
   8  -8        0.0708817234       -0.0523888085
   9   9       -0.0945260274       -0.0672636797
   9   8       -0.1838453162        0.1026268496
   9   7       -0.0794957691       -0.1080376022
   9   6       -0.1411885300       -0.1445986317
   9   5        0.1644742974       -0.1254716460
   9   4        0.0280967723        0.0884191588
   9   3       -0.0195986156        0.1462193955
   9   2       -0.0912635234       -0.1187271365
   9   1       -0.0985707546       -0.0109621224
   9   0        0.1926330208        0.0000000000
   9  -1        0.0985707546       -0.0109621224
   9  -2       -0.0912635234        0.1187271365
   9  -3        0.0195986156        0.1462193955
   9  -4        0.0280967723       -0.0884191588
   9  -5       -0.1644742974       -0.1254716460
   9  -6       -0.1411885300        0.1445986317
   9  -7        0.0794957691       -0.1080376022
   9  -8       -0.1838453162       -0.1026268496
   9  -9        0.0945260274       -0.0672636797
  10  10       -0.0219664073        0.0469330154
  10   9       -0.1837189249       -0.1051846508
  10   8       -0.0732193991       -0.3534474651
  10   7       -0.0125984899       -0.2632213474
  10   6        0.1818144731       -0.0216645625
  10   5       -0.0264769861        0.0740526539
  10   4       -0.1408610481        0.0810860648
  10   3       -0.0299494009       -0.0431495945
  10   2       -0.0044598450       -0.0442518568
  10   1        0.0076491557        0.0607516623
  10   0        0.2579693621        0.0000000000
  10  -1       -0.0076491557        0.0607516623
  10  -2       -0.0044598450        0.0442518568
  10  -3        0.0299494009       -0.0431495945
  10  -4       -0.1408610481       -0.0810860648
  10  -5        0.0264769861        0.0740526539
  10  -6        0.1818144731        0.0216645625
  10  -7        0.0125984899       -0.2632213474
  10  -8       -0.0732193991        0.3534474651
  10  -9        0.1837189249       -0.1051846508
  10 -10       -0.0219664073       -0.0469330154
  11  11        0.0003932535       -0.0684026533
  11  10        0.0002949712       -0.1113404961
  11   9        0.0656878435       -0.0909344994
  11   8        0.0996016227       -0.0231228086
  11   7        0.0983509411        0.1222510349
  11   6       -0.0318302392        0.2116352764
  11   5       -0.0461697805       -0.0009574385
  11   4       -0.0259273568       -0.0808188806
  11   3        0.0845606862       -0.0929655892
  11   2        0.0230983369        0.0289732817
  11   1        0.0517686762        0.0041183661
  11   0        0.0149547695        0.0000000000
  11  -1       -0.0517686762        0.0041183661
  11  -2        0.0230983369       -0.0289732817
  11  -3       -0.0845606862       -0.0929655892
  11  -4       -0.0259273568        0.0808188806
  11  -5        0.0461697805       -0.0009574385
  11  -6       -0.0318302392       -0.2116352764
  11  -7       -0.0983509411        0.1222510349
  11  -8        0.0996016227        0.0231228086
  11  -9       -0.0656878435       -0.0909344994
  11 -10        0.0002949712        0.1113404961
  11 -11       -0.0003932535       -0.0684026533
  12  12       -0.0581679917       -0.0854018893
  12  11        0.0682553456       -0.1115530731
  12  10        0.2064169474       -0.0270591380
  12   9        0.1749619034        0.1421072786
  12   8        0.0400508531        0.1614556931
  12   7       -0.0963612693        0.0497883528
  12   6       -0.0061509485       -0.0699607394
  12   5        0.0812861005       -0.0954058938
  12   4        0.0804034786        0.0375342300
  12   3       -0.0305978386       -0.0267773818
  12   2       -0.0058549919        0.0636234176
  12   1        0.0207669316       -0.0234801931
  12   0       -0.0664995496        0.0000000000
  12  -1       -0.0207669316       -0.0234801931
  12  -2       -0.0058549919       -0.0636234176
  12  -3        0.0305978386       -0.0267773818
  12  -4        0.0804034786       -0.0375342300
  12  -5       -0.0812861005       -0.0954058938
  12  -6       -0.0061509485        0.0699607394
  12  -7        0.0963612693        0.0497883528
  12  -8        0.0400508531       -0.1614556931
  12  -9       -0.1749619034        0.1421072786
  12 -10        0.2064169474        0.0270591380
  12 -11       -0.0682553456       -0.1115530731
  12 -12       -0.0581679917        0.0854018893
  13  13        0.0403493671       -0.0545791133
  13  12        0.0706040504        0.0098988405
  13  11        0.0361675189        0.0681792053
  13  10        0.0248043673        0.0104030825
  13   9       -0.1411965616        0.1469454200
  13   8       -0.1153652896       -0.0159882616
  13   7       -0.0880665383       -0.0581469955
  13   6        0.1139397556        0.0189723630
  13   5        0.0817988889        0.0802820780
  13   4       -0.0075906322        0.0451400696
  13   3       -0.0092384834        0.0314773919
  13   2        0.0025740327       -0.0310109658
  13   1        0.0420902938       -0.0046837314
  13   0       -0.0236258042        0.0000000000
  13  -1       -0.0420902938       -0.0046837314
  13  -2        0.0025740327        0.0310109658
  13  -3        0.0092384834        0.0314773919
  13  -4       -0.0075906322       -0.0451400696
  13  -5       -0.0817988889        0.0802820780
  13  -6        0.1139397556       -0.0189723630
  13  -7        0.0880665383       -0.0581469955
  13  -8       -0.1153652896        0.0159882616
  13  -9        0.1411965616        0.1469454200
  13 -10        0.0248043673       -0.0104030825
  13 -11       -0.0361675189        0.0681792053
  13 -12        0.0706040504       -0.0098988405
  13 -13       -0.0403493671       -0.0545791133
  14  14        0.0761162506       -0.0063825640
  14  13        0.0716617268        0.0589939233
  14  12       -0.0316707484        0.1428826224
  14  11       -0.1703091352        0.0394179328
  14  10       -0.1527907915        0.0176829196
  14   9       -0.0873562570       -0.0311259899
  14   8        0.0858766040       -0.0105186230
  14   7        0.0697553388        0.0429024719
  14   6       -0.0048283931        0.1097778543
  14   5       -0.0553435303        0.0209333217
  14   4        0.0246545813        0.0084989624
  14   3       -0.0010160838        0.0049907546
  14   2        0.0288861722       -0.0248027433
  14   1        0.0307626120        0.0043454955
  14   0       -0.0156394293        0.0000000000
  14  -1       -0.0307626120        0.0043454955
  14  -2        0.0288861722        0.0248027433
  14  -3        0.0010160838        0.0049907546
  14  -4        0.0246545813       -0.0084989624
  14  -5        0.0553435303        0.0209333217
  14  -6       -0.0048283931       -0.1097778543
  14  -7       -0.0697553388        0.0429024719
  14  -8        0.0858766040        0.0105186230
  14  -9        0.0873562570       -0.0311259899
  14 -10       -0.1527907915       -0.0176829196
  14 -11        0.1703091352        0.0394179328
  14 -12       -0.0316707484       -0.1428826224
  14 -13       -0.0716617268        0.0589939233
  14 -14        0.0761162506        0.0063825640
  15  15        0.0277351307        0.0578844741
  15  14       -0.0011595301        0.0392724083
  15  13       -0.0347813273       -0.0321700110
  15  12       -0.0614931456        0.0109949124
  15  11       -0.0539615245       -0.0750213575
  15  10       -0.0067246131       -0.1106790305
  15   9        0.0810694467       -0.0436232294
  15   8        0.0337824857        0.0404389050
  15   7       -0.1011901599        0.0258502321
  15   6       -0.0943754030        0.0238447114
  15   5        0.0063611563        0.0043324607
  15   4        0.0061927824        0.0498558716
  15   3       -0.0005909184        0.0084437938
  15   2        0.0020093265       -0.0178621948
  15   1       -0.0171155600        0.0066918269
  15   0       -0.0247803701        0.0000000000
  15  -1        0.0171155600        0.0066918269
  15  -2        0.0020093265        0.0178621948
  15  -3        0.0005909184        0.0084437938
  15  -4        0.0061927824       -0.0498558716
  15  -5       -0.0063611563        0.0043324607
  15  -6       -0.0943754030       -0.0238447114
  15  -7        0.1011901599        0.0258502321
  15  -8        0.0337824857       -0.0404389050
  15  -9       -0.0810694467       -0.0436232294
  15 -10       -0.0067246131        0.1106790305
  15 -11        0.0539615245       -0.0750213575
  15 -12       -0.0614931456       -0.0109949124
  15 -13        0.0347813273       -0.0321700110
  15 -14       -0.0011595301       -0.0392724083
  15 -15       -0.0277351307        0.0578844741
  16  16       -0.0147239744        0.0538131640
  16  15       -0.0625954876        0.0693097103
  16  14       -0.0958796511       -0.0304778139
  16  13        0.0063257815       -0.1500048033
  16  12       -0.0244593046       -0.0664523292
  16  11        0.0827474947       -0.0349763127
  16  10        0.0270591799       -0.0108929191
  16   9       -0.0573250034        0.0783854463
  16   8       -0.0837958822       -0.0117916587
  16   7        0.0079871048       -0.0617804606
  16   6        0.0046541313       -0.0174326672
  16   5        0.0231086502        0.0788346258
  16   4        0.0262705077        0.0461365678
  16   3        0.0611657404        0.0362892627
  16   2       -0.0418560286       -0.0677991083
  16   1       -0.0133534442        0.0151067989
  16   0        0.0025348134        0.0000000000
  16  -1        0.0133534442        0.0151067989
  16  -2       -0.0418560286        0.0677991083
  16  -3       -0.0611657404        0.0362892627
  16  -4        0.0262705077       -0.0461365678
  16  -5       -0.0231086502        0.0788346258
  16  -6        0.0046541313        0.0174326672
  16  -7       -0.0079871048       -0.0617804606
  16  -8       -0.0837958822        0.0117916587
  16  -9        0.0573250034        0.0783854463
  16 -10        0.0270591799        0.0108929191
  16 -11       -0.0827474947       -0.0349763127
  16 -12       -0.0244593046        0.0664523292
  16 -13       -0.0063257815       -0.1500048033
  16 -14       -0.0958796511        0.0304778139
  16 -15        0.0625954876        0.0693097103
  16 -16       -0.0147239744       -0.0538131640
  17  17       -0.0657711374        0.0104191264
  17  16       -0.0505356987       -0.0349475833
  17  15        0.0429684765       -0.0008996027
  17  14        0.0161005673       -0.0561093689
  17  13        0.0042714219       -0.0425465677
  17  12        0.0310735736        0.0786037423
  17  11        0.0959260703        0.0877180839
  17  10       -0.0121184061        0.0129111754
  17   9       -0.0270524745       -0.0359675538
  17   8        0.0213032696       -0.1428574151
  17   7        0.0199598044       -0.0380129518
  17   6       -0.0118952750        0.0176105391
  17   5       -0.0494119695        0.0406268730
  17   4        0.0351603811        0.0180827886
  17   3       -0.0029431336       -0.0614347630
  17   2       -0.0743093700       -0.0260714108
  17   1        0.0270422728        0.0160323201
  17   0        0.0319164538        0.0000000000
  17  -1       -0.0270422728        0.0160323201
  17  -2       -0.0743093700        0.0260714108
  17  -3        0.0029431336       -0.0614347630
  17  -4        0.0351603811       -0.0180827886
  17  -5        0.0494119695        0.0406268730
  17  -6       -0.0118952750       -0.0176105391
  17  -7       -0.0199598044       -0.0380129518
  17  -8        0.0213032696        0.1428574151
  17  -9        0.0270524745       -0.0359675538
  17 -10       -0.0121184061       -0.0129111754
  17 -11       -0.0959260703        0.0877180839
  17 -12        0.0310735736       -0.0786037423
  17 -13       -0.0042714219       -0.0425465677
  17 -14        0.0161005673        0.0561093689
  17 -15       -0.0429684765       -0.0008996027
  17 -16       -0.0505356987        0.0349475833
  17 -17        0.0657711374        0.0104191264
  18  18       -0.0391037060       -0.0110108316
  18  17       -0.0463497882       -0.0692775789
  18  16        0.0207608081       -0.0710594329
  18  15        0.0766728499        0.0162565840
  18  14        0.0213922184        0.0088099802
  18  13        0.0303998821        0.0527029527
  18  12       -0.0200950651        0.0760606303
  18  11       -0.0250457161       -0.0058984768
  18  10        0.0075344599       -0.0800559135
  18   9        0.0498702450       -0.0755074292
  18   8        0.0329757281        0.0268972753
  18   7        0.0033669915        0.0441774164
  18   6       -0.0815603233        0.0123876427
  18   5       -0.0089830724        0.0474451265
  18   4        0.0049274362       -0.0253639762
  18   3        0.0230194305       -0.0417545698
  18   2       -0.0176134233        0.0652398406
  18   1        0.0558695834        0.0119573264
  18   0        0.0002161226        0.0000000000
  18  -1       -0.0558695834        0.0119573264
  18  -2       -0.0176134233       -0.0652398406
  18  -3       -0.0230194305       -0.0417545698
  18  -4        0.0049274362        0.0253639762
  18  -5        0.0089830724        0.0474451265
  18  -6       -0.0815603233       -0.0123876427
  18  -7       -0.0033669915        0.0441774164
  18  -8        0.0329757281       -0.0268972753
  18  -9       -0.0498702450       -0.0755074292
  18 -10        0.0075344599        0.0800559135
  18 -11        0.0250457161       -0.0058984768
  18 -12       -0.0200950651       -0.0760606303
  18 -13       -0.0303998821        0.0527029527
  18 -14        0.0213922184       -0.0088099802
  18 -15       -0.0766728499        0.0162565840
  18 -16        0.0207608081        0.0710594329
  18 -17        0.0463497882       -0.0692775789
  18 -18       -0.0391037060        0.0110108316
  19  19       -0.0159930457       -0.0428493901
  19  18        0.0534850843       -0.0236331022
  19  17       -0.0191783541        0.0170307072
  19  16       -0.0035116512        0.0248229451
  19  15        0.0158023052        0.0233127910
  19  14       -0.0105948644        0.0037636384
  19  13       -0.0514277863        0.0272359984
  19  12       -0.0871951468        0.0030771099
  19  11        0.0153894838        0.0006943455
  19  10        0.1046206991       -0.0138643583
  19   9        0.0147156660        0.0399092081
  19   8       -0.0036730399        0.0475515281
  19   7       -0.0091675983       -0.0353993917
  19   6        0.0005619296        0.0201762543
  19   5       -0.0139158238        0.0032279511
  19   4        0.0366484084       -0.0660930910
  19   3        0.0060138139        0.0210207916
  19   2        0.0127445231        0.0420606988
  19   1        0.0302016784       -0.0187746912
  19   0        0.0124596763        0.0000000000
  19  -1       -0.0302016784       -0.0187746912
  19  -2        0.0127445231       -0.0420606988
  19  -3       -0.0060138139        0.0210207916
  19  -4        0.0366484084        0.0660930910
  19  -5        0.0139158238        0.0032279511
  19  -6        0.0005619296       -0.0201762543
  19  -7        0.0091675983       -0.0353993917
  19  -8       -0.0036730399       -0.0475515281
  19  -9       -0.0147156660        0.0399092081
  19 -10        0.1046206991        0.0138643583
  19 -11       -0.0153894838        0.0006943455
  19 -12       -0.0871951468       -0.0030771099
  19 -13        0.0514277863        0.0272359984
  19 -14       -0.0105948644       -0.0037636384
  19 -15       -0.0158023052        0.0233127910
  19 -16       -0.0035116512       -0.0248229451
  19 -17        0.0191783541        0.0170307072
  19 -18        0.0534850843        0.0236331022
  19 -19        0.0159930457       -0.0428493901
  20  20       -0.0153336277       -0.0418237703
  20  19        0.0705238253       -0.0085289994
  20  18        0.0473045304        0.0292830816
  20  17       -0.0268708263        0.0601126714
  20  16       -0.0099767057        0.0022389374
  20  15       -0.0323928548        0.0755343901
  20  14       -0.0111274026        0.0068937903
  20  13       -0.0245845838       -0.0446636744
  20  12        0.0147007932        0.0104842452
  20  11        0.0599397872        0.0447015273
  20  10        0.0157843570        0.0416006747
  20   9       -0.0607839821       -0.0326419536
  20   8        0.0161980850       -0.0211518779
  20   7        0.0027076013       -0.0298949663
  20   6       -0.0168638111        0.0325468763
  20   5        0.0133610419       -0.0284314809
  20   4       -0.0001782167       -0.0074992307
  20   3       -0.0340143622        0.0195363717
  20   2        0.0150568927        0.0041356581
  20   1        0.0008758978       -0.0088803102
  20   0       -0.0183286979        0.0000000000
  20  -1       -0.0008758978       -0.0088803102
  20  -2        0.0150568927       -0.0041356581
  20  -3        0.0340143622        0.0195363717
  20  -4       -0.0001782167        0.0074992307
  20  -5       -0.0133610419       -0.0284314809
  20  -6       -0.0168638111       -0.0325468763
  20  -7       -0.0027076013       -0.0298949663
  20  -8        0.0161980850        0.0211518779
  20  -9        0.0607839821       -0.0326419536
  20 -10        0.0157843570       -0.0416006747
  20 -11       -0.0599397872        0.0447015273
  20 -12        0.0147007932       -0.0104842452
  20 -13        0.0245845838       -0.0446636744
  20 -14       -0.0111274026       -0.0068937903
  20 -15        0.0323928548        0.0755343901
  20 -16       -0.0099767057       -0.0022389374
  20 -17        0.0268708263        0.0601126714
  20 -18        0.0473045304       -0.0292830816
  20 -19       -0.0705238253       -0.0085289994
  20 -20       -0.0153336277        0.0418237703
  21  21        0.0119069829       -0.0213793589
  21  20        0.0151698452        0.0650420969
  21  19       -0.0181188982        0.0016831104
  21  18       -0.0135184765        0.0023909532
  21  17       -0.0548586829        0.0019886990
  21  16       -0.0124036791        0.0232793463
  21  15       -0.0189833477        0.0198044249
  21  14        0.0525810241       -0.0304920344
  21  13        0.0202989879       -0.0184090664
  21  12        0.0017265455        0.0379210229
  21  11       -0.0566617035        0.0125194041
  21  10       -0.0496428407       -0.0164167196
  21   9        0.0231312272       -0.0184159758
  21   8       -0.0040925845        0.0349908232
  21   7        0.0114888695       -0.0065504706
  21   6       -0.0003613439        0.0106683943
  21   5       -0.0094465697       -0.0261888483
  21   4        0.0203512377        0.0124326757
  21   3       -0.0098486071        0.0165949573
  21   2        0.0206386980       -0.0000462531
  21   1       -0.0086125633        0.0090861621
  21   0       -0.0333206846        0.0000000000
  21  -1        0.0086125633        0.0090861621
  21  -2        0.0206386980        0.0000462531
  21  -3        0.0098486071        0.0165949573
  21  -4        0.0203512377       -0.0124326757
  21  -5        0.0094465697       -0.0261888483
  21  -6       -0.0003613439       -0.0106683943
  21  -7       -0.0114888695       -0.0065504706
  21  -8       -0.0040925845       -0.0349908232
  21  -9       -0.0231312272       -0.0184159758
  21 -10       -0.0496428407        0.0164167196
  21 -11        0.0566617035        0.0125194041
  21 -12        0.0017265455       -0.0379210229
  21 -13       -0.0202989879       -0.0184090664
  21 -14        0.0525810241        0.0304920344
  21 -15        0.0189833477        0.0198044249
  21 -16       -0.0124036791       -0.0232793463
  21 -17        0.0548586829        0.0019886990
  21 -18       -0.0135184765       -0.0023909532
  21 -19        0.0181188982        0.0016831104
  21 -20        0.0151698452       -0.0650420969
  21 -21       -0.0119069829       -0.0213793589
  22  22        0.0256245068       -0.0148775095
  22  21       -0.0006315989        0.0572101843
  22  20       -0.0297649408        0.0313556374
  22  19       -0.0526148949       -0.0297355033
  22  18       -0.0282902890        0.0055538985
  22  17       -0.0298061783       -0.0325338400
  22  16       -0.0195317502       -0.0075172845
  22  15        0.0126586361        0.0055972735
  22  14        0.0372356357        0.0381087099
  22  13       -0.0260196523        0.0585596298
  22  12       -0.0451619666       -0.0131133818
  22  11       -0.0376047596       -0.0402484765
  22  10        0.0446057170       -0.0055790147
  22   9        0.0504410478        0.0157017538
  22   8       -0.0160134303       -0.0036552846
  22   7       -0.0139630011        0.0008024519
  22   6       -0.0108209721       -0.0413416485
  22   5        0.0009897196       -0.0225201874
  22   4        0.0093858476        0.0199687649
  22   3       -0.0276231173       -0.0217196347
  22   2       -0.0050736138        0.0162023691
  22   1        0.0087906672        0.0233723698
  22   0       -0.0176974520        0.0000000000
  22  -1       -0.0087906672        0.0233723698
  22  -2       -0.0050736138       -0.0162023691
  22  -3        0.0276231173       -0.0217196347
  22  -4        0.0093858476       -0.0199687649
  22  -5       -0.0009897196       -0.0225201874
  22  -6       -0.0108209721        0.0413416485
  22  -7        0.0139630011        0.0008024519
  22  -8       -0.0160134303        0.0036552846
  22  -9       -0.0504410478        0.0157017538
  22 -10        0.0446057170        0.0055790147
  22 -11        0.0376047596       -0.0402484765
  22 -12       -0.0451619666        0.0131133818
  22 -13        0.0260196523        0.0585596298
  22 -14        0.0372356357       -0.0381087099
  22 -15       -0.0126586361        0.0055972735
  22 -16       -0.0195317502        0.0075172845
  22 -17        0.0298061783       -0.0325338400
  22 -18       -0.0282902890       -0.0055538985
  22 -19        0.0526148949       -0.0297355033
  22 -20       -0.0297649408       -0.0313556374
  22 -21        0.0006315989        0.0572101843
  22 -22        0.0256245068        0.0148775095
  23  23        0.0153796770        0.0034974052
  23  22       -0.0507210775        0.0207184800
  23  21       -0.0036967085       -0.0016425166
  23  20       -0.0118267177       -0.0255856180
  23  19       -0.0042382464       -0.0530212903
  23  18       -0.0230136421       -0.0274251395
  23  17       -0.0055164557       -0.0251091673
  23  16       -0.0169158762        0.0269901164
  23  15       -0.0039098397        0.0486499603
  23  14       -0.0242948384        0.0475896015
  23  13       -0.0069439165       -0.0418860076
  23  12        0.0015328483       -0.0831936953
  23  11        0.0214866204        0.0272995606
  23  10        0.0065703204        0.0173672301
  23   9       -0.0141960364        0.0302176675
  23   8        0.0179450428       -0.0264234061
  23   7       -0.0173120076       -0.0158917236
  23   6        0.0001097476       -0.0075770273
  23   5        0.0067933926        0.0424915092
  23   4       -0.0168971677        0.0060865820
  23   3        0.0105517007       -0.0071287239
  23   2       -0.0054144040        0.0112720474
  23   1       -0.0230340502        0.0130984308
  23   0       -0.0105499472        0.0000000000
  23  -1        0.0230340502        0.0130984308
  23  -2       -0.0054144040       -0.0112720474
  23  -3       -0.0105517007       -0.0071287239
  23  -4       -0.0168971677       -0.0060865820
  23  -5       -0.0067933926        0.0424915092
  23  -6        0.0001097476        0.0075770273
  23  -7        0.0173120076       -0.0158917236
  23  -8        0.0179450428        0.0264234061
  23  -9        0.0141960364        0.0302176675
  23 -10        0.0065703204       -0.0173672301
  23 -11       -0.0214866204        0.0272995606
  23 -12        0.0015328483        0.0831936953
  23 -13        0.0069439165       -0.0418860076
  23 -14       -0.0242948384       -0.0475896015
  23 -15        0.0039098397        0.0486499603
  23 -16       -0.0169158762       -0.0269901164
  23 -17        0.0055164557       -0.0251091673
  23 -18       -0.0230136421        0.0274251395
  23 -19        0.0042382464       -0.0530212903
  23 -20       -0.0118267177        0.0255856180
  23 -21        0.0036967085       -0.0016425166
  23 -22       -0.0507210775       -0.0207184800
  23 -23       -0.0153796770        0.0034974052
  24  24        0.0087730784        0.0233689975
  24  23       -0.0398867115       -0.0162869253
  24  22       -0.0244847164       -0.0194601507
  24  21        0.0465054187       -0.0446358738
  24  20       -0.0088455584       -0.0389047301
  24  19        0.0189465345       -0.0277487011
  24  18        0.0156695194        0.0019818545
  24  17        0.0249948251        0.0028438974
  24  16       -0.0185835703        0.0082973627
  24  15       -0.0764223777       -0.0110664994
  24  14       -0.0225097157       -0.0348395416
  24  13        0.0313066000       -0.0344757407
  24  12        0.0312453135        0.0029519662
  24  11       -0.0381097432        0.0429257222
  24  10        0.0049901723        0.0126814535
  24   9        0.0127234278        0.0033502101
  24   8        0.0403904080       -0.0273954558
  24   7        0.0017138445       -0.0205275139
  24   6       -0.0118116588        0.0043796607
  24   5       -0.0171570418        0.0162483492
  24   4        0.0006712598       -0.0272085052
  24   3        0.0169596956        0.0154835224
  24   2       -0.0246725144       -0.0230135734
  24   1        0.0137127754       -0.0361509100
  24   0        0.0067981467        0.0000000000
  24  -1       -0.0137127754       -0.0361509100
  24  -2       -0.0246725144        0.0230135734
  24  -3       -0.0169596956        0.0154835224
  24  -4        0.0006712598        0.0272085052
  24  -5        0.0171570418        0.0162483492
  24  -6       -0.0118116588       -0.0043796607
  24  -7       -0.0017138445       -0.0205275139
  24  -8        0.0403904080        0.0273954558
  24  -9       -0.0127234278        0.0033502101
  24 -10        0.0049901723       -0.0126814535
  24 -11        0.0381097432        0.0429257222
  24 -12        0.0312453135       -0.0029519662
  24 -13       -0.0313066000       -0.0344757407
  24 -14       -0.0225097157        0.0348395416
  24 -15        0.0764223777       -0.0110664994
  24 -16       -0.0185835703       -0.0082973627
  24 -17       -0.0249948251        0.0028438974
  24 -18        0.0156695194       -0.0019818545
  24 -19       -0.0189465345       -0.0277487011
  24 -20       -0.0088455584        0.0389047301
  24 -21       -0.0465054187       -0.0446358738
  24 -22       -0.0244847164        0.0194601507
  24 -23        0.0398867115       -0.0162869253
  24 -24        0.0087730784       -0.0233689975
  25  25       -0.0140831145        0.0061531496
  25  24       -0.0009046171       -0.0363087650
  25  23        0.0081335105        0.0022101747
  25  22        0.0181319516       -0.0016898988
  25  21        0.0298614113        0.0075681598
  25  20        0.0409991730       -0.0058700320
  25  19        0.0199826937       -0.0015147680
  25  18        0.0178541172        0.0248834682
  25  17        0.0299114646       -0.0110813247
  25  16       -0.0585361217       -0.0296208858
  25  15        0.0103532558       -0.0388472649
  25  14        0.0386006540       -0.0028916237
  25  13        0.0013289655        0.0365584188
  25  12       -0.0248594074        0.0058982704
  25  11       -0.0246891400       -0.0207748246
  25  10        0.0149664783       -0.0005740209
  25   9        0.0221720426       -0.0062427445
  25   8        0.0211290632        0.0049960564
  25   7       -0.0208806454        0.0194883096
  25   6       -0.0156429376       -0.0010890949
  25   5       -0.0195381108        0.0155388748
  25   4       -0.0125669595       -0.0353443237
  25   3       -0.0045881701        0.0157175741
  25   2       -0.0216029223        0.0283839870
  25   1        0.0685013481       -0.0082330110
  25   0       -0.0130110660        0.0000000000
  25  -1       -0.0685013481       -0.0082330110
  25  -2       -0.0216029223       -0.0283839870
  25  -3        0.0045881701        0.0157175741
  25  -4       -0.0125669595        0.0353443237
  25  -5        0.0195381108        0.0155388748
  25  -6       -0.0156429376        0.0010890949
  25  -7        0.0208806454        0.0194883096
  25  -8        0.0211290632       -0.0049960564
  25  -9       -0.0221720426       -0.0062427445
  25 -10        0.0149664783        0.0005740209
  25 -11        0.0246891400       -0.0207748246
  25 -12       -0.0248594074       -0.0058982704
  25 -13       -0.0013289655        0.0365584188
  25 -14        0.0386006540        0.0028916237
  25 -15       -0.0103532558       -0.0388472649
  25 -16       -0.0585361217        0.0296208858
  25 -17       -0.0299114646       -0.0110813247
  25 -18        0.0178541172       -0.0248834682
  25 -19       -0.0199826937       -0.0015147680
  25 -20        0.0409991730        0.0058700320
  25 -21       -0.0298614113        0.0075681598
  25 -22        0.0181319516        0.0016898988
  25 -23       -0.0081335105        0.0022101747
  25 -24       -0.0009046171        0.0363087650
  25 -25        0.0140831145        0.0061531496
  26  26       -0.0158325944       -0.0070363836
  26  25        0.0066038617       -0.0060625158
  26  24        0.0157897179       -0.0126948611
  26  23        0.0177329169        0.0279536605
  26  22        0.0076623561        0.0231094377
  26  21        0.0271950080        0.0374346170
  26  20        0.0111332188       -0.0090853958
  26  19       -0.0160610959        0.0319154508
  26  18        0.0044406832        0.0306530885
  26  17        0.0555931959       -0.0283497979
  26  16        0.0279565840       -0.0334827973
  26  15        0.0505985313       -0.0060299050
  26  14       -0.0300592367        0.0401677575
  26  13       -0.0205708464        0.0119122734
  26  12       -0.0227446782       -0.0195997282
  26  11       -0.0167121410        0.0252072775
  26  10        0.0069096237        0.0245255206
  26   9        0.0295547027        0.0177435677
  26   8       -0.0121425940       -0.0049692764
  26   7       -0.0058713049        0.0082712468
  26   6       -0.0065146860        0.0423841408
  26   5        0.0086537540       -0.0097520949
  26   4        0.0469891901       -0.0377183171
  26   3       -0.0061184363        0.0119299696
  26   2        0.0198812666        0.0186882289
  26   1       -0.0114588159        0.0059793362
  26   0       -0.0334692554        0.0000000000
  26  -1        0.0114588159        0.0059793362
  26  -2        0.0198812666       -0.0186882289
  26  -3        0.0061184363        0.0119299696
  26  -4        0.0469891901        0.0377183171
  26  -5       -0.0086537540       -0.0097520949
  26  -6       -0.0065146860       -0.0423841408
  26  -7        0.0058713049        0.0082712468
  26  -8       -0.0121425940        0.0049692764
  26  -9       -0.0295547027        0.0177435677
  26 -10        0.0069096237       -0.0245255206
  26 -11        0.0167121410        0.0252072775
  26 -12       -0.0227446782        0.0195997282
  26 -13        0.0205708464        0.0119122734
  26 -14       -0.0300592367       -0.0401677575
  26 -15       -0.0505985313       -0.0060299050
  26 -16        0.0279565840        0.0334827973
  26 -17       -0.0555931959       -0.0283497979
  26 -18        0.0044406832       -0.0306530885
  26 -19        0.0160610959        0.0319154508
  26 -20        0.0111332188        0.0090853958
  26 -21       -0.0271950080        0.0374346170
  26 -22        0.0076623561       -0.0231094377
  26 -23       -0.0177329169        0.0279536605
  26 -24        0.0157897179        0.0126948611
  26 -25       -0.0066038617       -0.0060625158
  26 -26       -0.0158325944        0.0070363836
  27  27       -0.0012847743       -0.0034614747
  27  26        0.0094790788       -0.0083974181
  27  25       -0.0245031409        0.0026727449
  27  24       -0.0069247118        0.0089278455
  27  23       -0.0229628811        0.0292241971
  27  22       -0.0164086287        0.0267117542
  27  21       -0.0080197165        0.0203688053
  27  20       -0.0231896710       -0.0000505227
  27  19       -0.0153024293        0.0345759612
  27  18        0.0238601071       -0.0048832901
  27  17        0.0576887561        0.0122320806
  27  16        0.0270180884        0.0214632551
  27  15       -0.0239189467       -0.0042615793
  27  14       -0.0270897819       -0.0128245171
  27  13        0.0078829485        0.0107625010
  27  12        0.0014357592        0.0163541508
  27  11        0.0176744635        0.0222192288
  27  10       -0.0306081132        0.0162372240
  27   9        0.0159144505       -0.0116015424
  27   8       -0.0105265205       -0.0084312281
  27   7        0.0036584112       -0.0313292449
  27   6        0.0085460521        0.0028084832
  27   5        0.0026145281       -0.0200467268
  27   4        0.0230569473        0.0009038652
  27   3       -0.0194820521        0.0348812795
  27   2        0.0130482929       -0.0339593787
  27   1       -0.0284771312       -0.0215932621
  27   0       -0.0224681172        0.0000000000
  27  -1        0.0284771312       -0.0215932621
  27  -2        0.0130482929        0.0339593787
  27  -3        0.0194820521        0.0348812795
  27  -4        0.0230569473       -0.0009038652
  27  -5       -0.0026145281       -0.0200467268
  27  -6        0.0085460521       -0.0028084832
  27  -7       -0.0036584112       -0.0313292449
  27  -8       -0.0105265205        0.0084312281
  27  -9       -0.0159144505       -0.0116015424
  27 -10       -0.0306081132       -0.0162372240
  27 -11       -0.0176744635        0.0222192288
  27 -12        0.0014357592       -0.0163541508
  27 -13       -0.0078829485        0.0107625010
  27 -14       -0.0270897819        0.0128245171
  27 -15        0.0239189467       -0.0042615793
  27 -16        0.0270180884       -0.0214632551
  27 -17       -0.0576887561        0.0122320806
  27 -18        0.0238601071        0.0048832901
  27 -19        0.0153024293        0.0345759612
  27 -20       -0.0231896710        0.0000505227
  27 -21        0.0080197165        0.0203688053
  27 -22       -0.0164086287       -0.0267117542
  27 -23        0.0229628811        0.0292241971
  27 -24       -0.0069247118       -0.0089278455
  27 -25        0.0245031409        0.0026727449
  27 -26        0.0094790788        0.0083974181
  27 -27        0.0012847743       -0.0034614747
  28  28       -0.0099550392       -0.0115517003
  28  27        0.0094481104       -0.0034467405
  28  26        0.0010780041        0.0066750971
  28  25       -0.0167074673       -0.0021852653
  28  24       -0.0188954349       -0.0109534399
  28  23       -0.0418702394       -0.0048256645
  28  22       -0.0186026452        0.0040305267
  28  21       -0.0111639860       -0.0029163984
  28  20       -0.0053314674       -0.0184940417
  28  19       -0.0126146920        0.0182769961
  28  18        0.0100394225        0.0360429289
  28  17        0.0019675245        0.0335953373
  28  16       -0.0246190622       -0.0100918140
  28  15        0.0130247758       -0.0411446116
  28  14       -0.0067919616       -0.0293106470
  28  13       -0.0128305796       -0.0107516928
  28  12       -0.0242016604        0.0134312699
  28  11        0.0140573419        0.0043233722
  28  10       -0.0231471087       -0.0102518737
  28   9        0.0028206088       -0.0175233030
  28   8       -0.0411856191        0.0083802677
  28   7        0.0032933749       -0.0018654194
  28   6        0.0221884117        0.0121982122
  28   5        0.0057142361       -0.0115237786
  28   4       -0.0171163080       -0.0027896919
  28   3       -0.0058022348        0.0122682098
  28   2        0.0100021547        0.0204839647
  28   1        0.0069585042       -0.0079077225
  28   0       -0.0009555856        0.0000000000
  28  -1       -0.0069585042       -0.0079077225
  28  -2        0.0100021547       -0.0204839647
  28  -3        0.0058022348        0.0122682098
  28  -4       -0.0171163080        0.0027896919
  28  -5       -0.0057142361       -0.0115237786
  28  -6        0.0221884117       -0.0121982122
  28  -7       -0.0032933749       -0.0018654194
  28  -8       -0.0411856191       -0.0083802677
  28  -9       -0.0028206088       -0.0175233030
  28 -10       -0.0231471087        0.0102518737
  28 -11       -0.0140573419        0.0043233722
  28 -12       -0.0242016604       -0.0134312699
  28 -13        0.0128305796       -0.0107516928
  28 -14       -0.0067919616        0.0293106470
  28 -15       -0.0130247758       -0.0411446116
  28 -16       -0.0246190622        0.0100918140
  28 -17       -0.0019675245        0.0335953373
  28 -18        0.0100394225       -0.0360429289
  28 -19        0.0126146920        0.0182769961
  28 -20       -0.0053314674        0.0184940417
  28 -21        0.0111639860       -0.0029163984
  28 -22       -0.0186026452       -0.0040305267
  28 -23        0.0418702394       -0.0048256645
  28 -24       -0.0188954349        0.0109534399
  28 -25        0.0167074673       -0.0021852653
  28 -26        0.0010780041       -0.0066750971
  28 -27       -0.0094481104       -0.0034467405
  28 -28       -0.0099550392        0.0115517003
  29  29       -0.0110789090       -0.0074584655
  29  28        0.0059963494        0.0169103145
  29  27       -0.0135728175       -0.0142271718
  29  26        0.0040175081       -0.0071117174
  29  25       -0.0305629231       -0.0245710462
  29  24        0.0057387613       -0.0171055116
  29  23       -0.0272790864       -0.0283952246
  29  22       -0.0177124267       -0.0202148440
  29  21       -0.0039192696        0.0040153091
  29  20        0.0179202390       -0.0121924922
  29  19       -0.0350967059        0.0356964567
  29  18       -0.0049224494        0.0392772289
  29  17       -0.0122128011       -0.0292585970
  29  16        0.0057925461       -0.0179221301
  29  15        0.0287675523       -0.0142706790
  29  14       -0.0072747761        0.0101717430
  29  13       -0.0245082652        0.0162039857
  29  12       -0.0088055780        0.0036256676
  29  11       -0.0153389885       -0.0138275176
  29  10        0.0290328564        0.0101481478
  29   9        0.0230534453       -0.0100022701
  29   8       -0.0101152958        0.0056609765
  29   7        0.0000889151        0.0181353937
  29   6       -0.0128919061       -0.0020582879
  29   5        0.0031837772       -0.0320231099
  29   4        0.0126186045       -0.0159314408
  29   3        0.0084126407       -0.0093242480
  29   2        0.0099864853        0.0385509841
  29   1       -0.0085436622       -0.0031136402
  29   0        0.0394086726        0.0000000000
  29  -1        0.0085436622       -0.0031136402
  29  -2        0.0099864853       -0.0385509841
  29  -3       -0.0084126407       -0.0093242480
  29  -4        0.0126186045        0.0159314408
  29  -5       -0.0031837772       -0.0320231099
  29  -6       -0.0128919061        0.0020582879
  29  -7       -0.0000889151        0.0181353937
  29  -8       -0.0101152958       -0.0056609765
  29  -9       -0.0230534453       -0.0100022701
  29 -10        0.0290328564       -0.0101481478
  29 -11        0.0153389885       -0.0138275176
  29 -12       -0.0088055780       -0.0036256676
  29 -13        0.0245082652        0.0162039857
  29 -14       -0.0072747761       -0.0101717430
  29 -15       -0.0287675523       -0.0142706790
  29 -16        0.0057925461        0.0179221301
  29 -17        0.0122128011       -0.0292585970
  29 -18       -0.0049224494       -0.0392772289
  29 -19        0.0350967059        0.0356964567
  29 -20        0.0179202390        0.0121924922
  29 -21        0.0039192696        0.0040153091
  29 -22       -0.0177124267        0.0202148440
  29 -23        0.0272790864       -0.0283952246
  29 -24        0.0057387613        0.0171055116
  29 -25        0.0305629231       -0.0245710462
  29 -26        0.0040175081        0.0071117174
  29 -27        0.0135728175       -0.0142271718
  29 -28        0.0059963494       -0.0169103145
  29 -29        0.0110789090       -0.0074584655
  30  30        0.0141199347       -0.0222443667
  30  29       -0.0035086461        0.0123974920
  30  28       -0.0189076015        0.0065572672
  30  27        0.0097190914        0.0102068578
  30  26        0.0026245440       -0.0076732428
  30  25        0.0062679836       -0.0305801859
  30  24        0.0096007482       -0.0340771835
  30  23        0.0138211405       -0.0058390331
  30  22        0.0051456717        0.0122808868
  30  21       -0.0006558702        0.0134439872
  30  20        0.0032444906        0.0050776035
  30  19       -0.0375512155       -0.0222921326
  30  18       -0.0043872788       -0.0306470344
  30  17        0.0158213096        0.0090767584
  30  16        0.0559502240        0.0228111283
  30  15       -0.0031558429       -0.0096339815
  30  14       -0.0072197876       -0.0001651175
  30  13       -0.0192823222       -0.0064591782
  30  12        0.0090362337       -0.0057891179
  30  11       -0.0061131016       -0.0082783754
  30  10        0.0120598710       -0.0040206697
  30   9       -0.0119851928       -0.0064492393
  30   8        0.0133863325        0.0283449741
  30   7       -0.0295577688       -0.0229542934
  30   6        0.0061670209       -0.0076076912
  30   5       -0.0159622869       -0.0244159452
  30   4        0.0093010109        0.0190228273
  30   3       -0.0135555416        0.0179301255
  30   2       -0.0066673947       -0.0419718009
  30   1       -0.0008405416        0.0009854575
  30   0        0.0126340800        0.0000000000
  30  -1        0.0008405416        0.0009854575
  30  -2       -0.0066673947        0.0419718009
  30  -3        0.0135555416        0.0179301255
  30  -4        0.0093010109       -0.0190228273
  30  -5        0.0159622869       -0.0244159452
  30  -6        0.0061670209        0.0076076912
  30  -7        0.0295577688       -0.0229542934
  30  -8        0.0133863325       -0.0283449741
  30  -9        0.0119851928       -0.0064492393
  30 -10        0.0120598710        0.0040206697
  30 -11        0.0061131016       -0.0082783754
  30 -12        0.0090362337        0.0057891179
  30 -13        0.0192823222       -0.0064591782
  30 -14       -0.0072197876        0.0001651175
  30 -15        0.0031558429       -0.0096339815
  30 -16        0.0559502240       -0.0228111283
  30 -17       -0.0158213096        0.0090767584
  30 -18       -0.0043872788        0.0306470344
  30 -19        0.0375512155       -0.0222921326
  30 -20        0.0032444906       -0.0050776035
  30 -21        0.0006558702        0.0134439872
  30 -22        0.0051456717       -0.0122808868
  30 -23       -0.0138211405       -0.0058390331
  30 -24        0.0096007482        0.0340771835
  30 -25       -0.0062679836       -0.0305801859
  30 -26        0.0026245440        0.0076732428
  30 -27       -0.0097190914        0.0102068578
  30 -28       -0.0189076015       -0.0065572672
  30 -29        0.0035086461        0.0123974920
  30 -30        0.0141199347        0.0222443667
