   0   0       46.3829637977        0.0000000000
   1   1        0.2781647148       -0.7195861049
   1   0       -0.5326468361        0.0000000000
   1  -1       -0.2781647148       -0.7195861049
   2   2        2.7809397280       -2.1286870386
   2   1        7.0185205025        5.0481328452
   2   0        0.9908555565        0.0000000000
   2  -1       -7.0185205025        5.0481328452
   2  -2        2.7809397280        2.1286870386
   3   3        0.1355777539       -0.0216800261
   3   2       -0.5872075391        0.8733678338
   3   1       -0.4023939287        1.6964539435
   3   0        1.4071857543        0.0000000000
   3  -1        0.4023939287        1.6964539435
   3  -2       -0.5872075391       -0.8733678338
   3  -3       -0.1355777539       -0.0216800261
   4   4        0.3951318608        0.3595176621
   4   3        0.7376760526       -0.3134301803
   4   2       -0.2382022630        1.0815386441
   4   1        0.3442178981        0.1295508599
   4   0       -2.4978125602        0.0000000000
   4  -1       -0.3442178981        0.1295508599
   4  -2       -0.2382022630       -1.0815386441
   4  -3       -0.7376760526       -0.3134301803
   4  -4        0.3951318608       -0.3595176621
   5   5       -0.1403370624       -0.3658726323
   5   4       -0.0019622641       -0.5172558705
   5   3        0.0313920786       -0.2882838196
   5   2       -0.3771816675        0.4304005372
   5   1       -0.4271400383        0.4669970304
   5   0       -1.3477266725        0.0000000000
   5  -1        0.4271400383        0.4669970304
   5  -2       -0.3771816675       -0.4304005372
   5  -3       -0.0313920786       -0.2882838196
   5  -4       -0.0019622641        0.5172558705
   5  -5        0.1403370624       -0.3658726323
   6   6        0.1137774514       -0.2175775295
   6   5       -0.0998539684        0.1786940069
   6   4       -0.1173532370        0.5591165641
   6   3       -0.2945097475       -0.2975932212
   6   2        0.1702639392       -0.1307387023
   6   1        0.0108896513       -0.8753567991
   6   0       -0.0524097847        0.0000000000
   6  -1       -0.0108896513       -0.8753567991
   6  -2        0.1702639392        0.1307387023
   6  -3        0.2945097475       -0.2975932212
   6  -4       -0.1173532370       -0.5591165641
   6  -5        0.0998539684        0.1786940069
   6  -6        0.1137774514        0.2175775295
   7   7       -0.2468755782        0.0305680596
   7   6       -0.1264241966       -0.4367515821
   7   5        0.2799445513       -0.0853512689
   7   4        0.4470927232       -0.2722868793
   7   3       -0.0339227275        0.0014182908
   7   2       -0.3577863849       -0.1067745056
   7   1       -0.5477504578       -0.1288141375
   7   0        0.0755825116        0.0000000000
   7  -1        0.5477504578       -0.1288141375
   7  -2       -0.3577863849        0.1067745056
   7  -3        0.0339227275        0.0014182908
   7  -4        0.4470927232        0.2722868793
   7  -5       -0.2799445513       -0.0853512689
   7  -6       -0.1264241966        0.4367515821
   7  -7        0.2468755782        0.0305680596
   8   8        0.0188614733       -0.0353512221
   8   7        0.0430419203       -0.1143434750
   8   6        0.0204877652        0.0379655581
   8   5       -0.1151092700        0.0499276577
   8   4        0.0595208472       -0.1339116039
   8   3        0.1563541119       -0.1376055511
   8   2        0.5086392291       -0.1119500578
   8   1        0.1219641688        0.0753846100
   8   0        0.2873034879        0.0000000000
   8  -1       -0.1219641688        0.0753846100
   8  -2        0.5086392291        0.1119500578
   8  -3       -0.1563541119       -0.1376055511
   8  -4        0.0595208472        0.1339116039
   8  -5        0.1151092700        0.0499276577
   8  -6        0.0204877652       -0.0379655581
   8  -7       -0.0430419203       -0.1143434750
   8  -8        0.0188614733        0.0353512221
   9   9        0.1254304621       -0.0285171138
   9   8       -0.1543727549       -0.0238892046
   9   7        0.1754455705       -0.1237177266
   9   6       -0.0494381119       -0.0553299836
   9   5        0.1611321871       -0.0111818006
   9   4       -0.0618942470        0.1138123252
   9   3        0.0268726009        0.1531007182
   9   2       -0.1438028720       -0.0884759967
   9   1        0.0415048370       -0.0427291767
   9   0        0.2966618560        0.0000000000
   9  -1       -0.0415048370       -0.0427291767
   9  -2       -0.1438028720        0.0884759967
   9  -3       -0.0268726009        0.1531007182
   9  -4       -0.0618942470       -0.1138123252
   9  -5       -0.1611321871       -0.0111818006
   9  -6       -0.0494381119        0.0553299836
   9  -7       -0.1754455705       -0.1237177266
   9  -8       -0.1543727549        0.0238892046
   9  -9       -0.1254304621       -0.0285171138
  10  10       -0.0453290758       -0.0206596509
  10   9       -0.0264507467        0.0568428795
  10   8        0.0788723989       -0.0204794468
  10   7       -0.0681258495       -0.0842514899
  10   6        0.0400270056       -0.1642996789
  10   5        0.0359662410        0.0608262647
  10   4        0.0042869978       -0.0352397665
  10   3        0.0715951980        0.0724915198
  10   2        0.1155914164       -0.1432577087
  10   1        0.0865710382        0.2956484673
  10   0       -0.1704593382        0.0000000000
  10  -1       -0.0865710382        0.2956484673
  10  -2        0.1155914164        0.1432577087
  10  -3       -0.0715951980        0.0724915198
  10  -4        0.0042869978        0.0352397665
  10  -5       -0.0359662410        0.0608262647
  10  -6        0.0400270056        0.1642996789
  10  -7        0.0681258495       -0.0842514899
  10  -8        0.0788723989        0.0204794468
  10  -9        0.0264507467        0.0568428795
  10 -10       -0.0453290758        0.0206596509
  11  11       -0.0217569109        0.0884311343
  11  10        0.0050480727       -0.0527328360
  11   9        0.0114835627       -0.0813772888
  11   8        0.1010653599        0.0648005441
  11   7        0.0668555929       -0.0165241922
  11   6        0.0218478104        0.0775925917
  11   5       -0.0674963409       -0.1286060007
  11   4       -0.1034531907        0.0388344540
  11   3       -0.0572153665       -0.0205165041
  11   2       -0.1215522939        0.0625247769
  11   1        0.0759677599        0.0039409655
  11   0        0.0507714897        0.0000000000
  11  -1       -0.0759677599        0.0039409655
  11  -2       -0.1215522939       -0.0625247769
  11  -3        0.0572153665       -0.0205165041
  11  -4       -0.1034531907       -0.0388344540
  11  -5        0.0674963409       -0.1286060007
  11  -6        0.0218478104       -0.0775925917
  11  -7       -0.0668555929       -0.0165241922
  11  -8        0.1010653599       -0.0648005441
  11  -9       -0.0114835627       -0.0813772888
  11 -10        0.0050480727        0.0527328360
  11 -11        0.0217569109        0.0884311343
  12  12        0.0807953448        0.1051035112
  12  11       -0.0176087580        0.0614838249
  12  10       -0.1039285798        0.0551162159
  12   9       -0.0213392142        0.0886895017
  12   8       -0.0081998286       -0.0586168724
  12   7        0.0060755195       -0.0326009225
  12   6        0.1097571380       -0.0490665813
  12   5        0.0226476042        0.0276873722
  12   4        0.0814588667        0.0709677821
  12   3        0.0433283649        0.0084807458
  12   2       -0.0607055859       -0.0857368520
  12   1       -0.0045270805       -0.0301027816
  12   0       -0.0229987560        0.0000000000
  12  -1        0.0045270805       -0.0301027816
  12  -2       -0.0607055859        0.0857368520
  12  -3       -0.0433283649        0.0084807458
  12  -4        0.0814588667       -0.0709677821
  12  -5       -0.0226476042        0.0276873722
  12  -6        0.1097571380        0.0490665813
  12  -7       -0.0060755195       -0.0326009225
  12  -8       -0.0081998286        0.0586168724
  12  -9        0.0213392142        0.0886895017
  12 -10       -0.1039285798       -0.0551162159
  12 -11        0.0176087580        0.0614838249
  12 -12        0.0807953448       -0.1051035112
  13  13        0.0032542304        0.0302070746
  13  12       -0.0128850207        0.0054371069
  13  11        0.1017280461        0.0551021270
  13  10       -0.0482876523       -0.0371744504
  13   9       -0.0473578420        0.0799759626
  13   8        0.0599724762        0.0286431157
  13   7       -0.0436591746       -0.0168975100
  13   6        0.0116559485        0.0755102877
  13   5       -0.0308532543       -0.0596309625
  13   4       -0.0281207290        0.0253315124
  13   3       -0.0915614958        0.0233236449
  13   2       -0.0377657198        0.0425407093
  13   1        0.0070492175       -0.0786040434
  13   0        0.0364135482        0.0000000000
  13  -1       -0.0070492175       -0.0786040434
  13  -2       -0.0377657198       -0.0425407093
  13  -3        0.0915614958        0.0233236449
  13  -4       -0.0281207290       -0.0253315124
  13  -5        0.0308532543       -0.0596309625
  13  -6        0.0116559485       -0.0755102877
  13  -7        0.0436591746       -0.0168975100
  13  -8        0.0599724762       -0.0286431157
  13  -9        0.0473578420        0.0799759626
  13 -10       -0.0482876523        0.0371744504
  13 -11       -0.1017280461        0.0551021270
  13 -12       -0.0128850207       -0.0054371069
  13 -13       -0.0032542304        0.0302070746
  14  14       -0.1587866799       -0.0512920577
  14  13        0.0154092710        0.1344943921
  14  12       -0.0328542570        0.0217690292
  14  11        0.0063645328        0.0230315069
  14  10       -0.0489815551        0.0059844927
  14   9        0.0504730920        0.0501980494
  14   8       -0.0250514186       -0.0347659463
  14   7        0.0734422574        0.0137949512
  14   6        0.0590985609       -0.0024592228
  14   5       -0.1206464004       -0.0390666152
  14   4        0.0019337802        0.0626362834
  14   3        0.0868439243       -0.0705329634
  14   2        0.0023040387       -0.0547772715
  14   1        0.0242728360       -0.0357638853
  14   0        0.0466832838        0.0000000000
  14  -1       -0.0242728360       -0.0357638853
  14  -2        0.0023040387        0.0547772715
  14  -3       -0.0868439243       -0.0705329634
  14  -4        0.0019337802       -0.0626362834
  14  -5        0.1206464004       -0.0390666152
  14  -6        0.0590985609        0.0024592228
  14  -7       -0.0734422574        0.0137949512
  14  -8       -0.0250514186        0.0347659463
  14  -9       -0.0504730920        0.0501980494
  14 -10       -0.0489815551       -0.0059844927
  14 -11       -0.0063645328        0.0230315069
  14 -12       -0.0328542570       -0.0217690292
  14 -13       -0.0154092710        0.1344943921
  14 -14       -0.1587866799        0.0512920577
  15  15        0.0041135631       -0.0446659694
  15  14       -0.0338134763        0.0690927239
  15  13        0.0166211783       -0.0802023229
  15  12       -0.0366759561       -0.0296149778
  15  11       -0.0293429353        0.0023666332
  15  10       -0.0568495213       -0.0583242476
  15   9        0.0415332218        0.0838307307
  15   8        0.0100116815        0.0124650343
  15   7        0.0074248186       -0.0580683728
  15   6        0.0918909501       -0.0565809612
  15   5        0.0279247330       -0.0334063843
  15   4        0.1244195190        0.0385411267
  15   3       -0.0253009237       -0.0005052168
  15   2       -0.0606702214        0.0766939933
  15   1        0.0176803488       -0.0220574100
  15   0        0.1093482822        0.0000000000
  15  -1       -0.0176803488       -0.0220574100
  15  -2       -0.0606702214       -0.0766939933
  15  -3        0.0253009237       -0.0005052168
  15  -4        0.1244195190       -0.0385411267
  15  -5       -0.0279247330       -0.0334063843
  15  -6        0.0918909501        0.0565809612
  15  -7       -0.0074248186       -0.0580683728
  15  -8        0.0100116815       -0.0124650343
  15  -9       -0.0415332218        0.0838307307
  15 -10       -0.0568495213        0.0583242476
  15 -11        0.0293429353        0.0023666332
  15 -12       -0.0366759561        0.0296149778
  15 -13       -0.0166211783       -0.0802023229
  15 -14       -0.0338134763       -0.0690927239
  15 -15       -0.0041135631       -0.0446659694
  16  16        0.0045195503       -0.0237331972
  16  15       -0.0470615624       -0.0333036339
  16  14        0.0514649128       -0.0066246160
  16  13        0.0045683363        0.0326905899
  16  12       -0.0050788574        0.0156588661
  16  11        0.0643072789       -0.0657629920
  16  10       -0.0337588346        0.0799636063
  16   9        0.0381682397       -0.0514483757
  16   8       -0.0186506079        0.0182330189
  16   7        0.0636195875        0.0030905596
  16   6        0.0415926547        0.0296835882
  16   5        0.0150384878       -0.0165185009
  16   4        0.0254638903        0.0754451778
  16   3       -0.0090733812        0.0679112570
  16   2       -0.0141525615        0.0107856877
  16   1       -0.0341672443        0.0527848849
  16   0        0.0562062612        0.0000000000
  16  -1        0.0341672443        0.0527848849
  16  -2       -0.0141525615       -0.0107856877
  16  -3        0.0090733812        0.0679112570
  16  -4        0.0254638903       -0.0754451778
  16  -5       -0.0150384878       -0.0165185009
  16  -6        0.0415926547       -0.0296835882
  16  -7       -0.0636195875        0.0030905596
  16  -8       -0.0186506079       -0.0182330189
  16  -9       -0.0381682397       -0.0514483757
  16 -10       -0.0337588346       -0.0799636063
  16 -11       -0.0643072789       -0.0657629920
  16 -12       -0.0050788574       -0.0156588661
  16 -13       -0.0045683363        0.0326905899
  16 -14        0.0514649128        0.0066246160
  16 -15        0.0470615624       -0.0333036339
  16 -16        0.0045195503        0.0237331972
  17  17       -0.0190065091        0.0028873633
  17  16       -0.0128732432       -0.0115183297
  17  15       -0.0262875257        0.0803727587
  17  14       -0.0438017347        0.0287604735
  17  13       -0.0511961775        0.0723131954
  17  12       -0.0017048637       -0.0885454082
  17  11       -0.0105967093        0.0024683069
  17  10        0.0864827748       -0.0341071077
  17   9       -0.0089416257        0.0560867932
  17   8        0.0004381305       -0.0300227297
  17   7       -0.0355874184       -0.0111394065
  17   6        0.0408144802        0.0028280082
  17   5        0.0547523340       -0.0115512906
  17   4        0.0099468415       -0.0579501286
  17   3        0.0122367411        0.0131402004
  17   2       -0.0477976820        0.0026485493
  17   1        0.0121924475       -0.0150041210
  17   0       -0.0154681921        0.0000000000
  17  -1       -0.0121924475       -0.0150041210
  17  -2       -0.0477976820       -0.0026485493
  17  -3       -0.0122367411        0.0131402004
  17  -4        0.0099468415        0.0579501286
  17  -5       -0.0547523340       -0.0115512906
  17  -6        0.0408144802       -0.0028280082
  17  -7        0.0355874184       -0.0111394065
  17  -8        0.0004381305        0.0300227297
  17  -9        0.0089416257        0.0560867932
  17 -10        0.0864827748        0.0341071077
  17 -11        0.0105967093        0.0024683069
  17 -12       -0.0017048637        0.0885454082
  17 -13        0.0511961775        0.0723131954
  17 -14       -0.0438017347       -0.0287604735
  17 -15        0.0262875257        0.0803727587
  17 -16       -0.0128732432        0.0115183297
  17 -17        0.0190065091        0.0028873633
  18  18        0.0243911687       -0.0221923010
  18  17        0.0016611611        0.1089959475
  18  16       -0.0504707008       -0.0452913552
  18  15        0.0026038004       -0.0020113951
  18  14       -0.0554216670       -0.0130927964
  18  13       -0.0076271975       -0.0013236806
  18  12       -0.0633591169        0.0054234719
  18  11        0.0866423509        0.0101987159
  18  10       -0.0449749189       -0.0467327203
  18   9        0.0595525079        0.0542356993
  18   8        0.0178287707        0.0151531606
  18   7        0.0100524766       -0.0126475110
  18   6        0.0170985625        0.0896110624
  18   5       -0.0441054838        0.0635271180
  18   4       -0.0568836368        0.0304010370
  18   3        0.0156976105       -0.0148827780
  18   2       -0.0331245194        0.0111178688
  18   1       -0.0429144007       -0.0223165895
  18   0       -0.0470683372        0.0000000000
  18  -1        0.0429144007       -0.0223165895
  18  -2       -0.0331245194       -0.0111178688
  18  -3       -0.0156976105       -0.0148827780
  18  -4       -0.0568836368       -0.0304010370
  18  -5        0.0441054838        0.0635271180
  18  -6        0.0170985625       -0.0896110624
  18  -7       -0.0100524766       -0.0126475110
  18  -8        0.0178287707       -0.0151531606
  18  -9       -0.0595525079        0.0542356993
  18 -10       -0.0449749189        0.0467327203
  18 -11       -0.0866423509        0.0101987159
  18 -12       -0.0633591169       -0.0054234719
  18 -13        0.0076271975       -0.0013236806
  18 -14       -0.0554216670        0.0130927964
  18 -15       -0.0026038004       -0.0020113951
  18 -16       -0.0504707008        0.0452913552
  18 -17       -0.0016611611        0.1089959475
  18 -18        0.0243911687        0.0221923010
  19  19        0.0400630228        0.0065597176
  19  18       -0.0354142922       -0.0110043298
  19  17        0.0311050829       -0.0051567207
  19  16       -0.0897314896       -0.0618248348
  19  15       -0.0595293526       -0.0348959154
  19  14       -0.0198741970        0.0064076037
  19  13       -0.0203767780        0.0250080801
  19  12        0.0482635160       -0.0115859557
  19  11       -0.0396931890        0.0722505606
  19  10        0.0280427835        0.0521197962
  19   9       -0.0067905039        0.0101329252
  19   8       -0.0742035935       -0.0204775804
  19   7       -0.0606958084        0.0328127961
  19   6       -0.0176321222       -0.0511564033
  19   5       -0.0533232012        0.0405137943
  19   4       -0.0052130083        0.0050561130
  19   3        0.0160173872       -0.0485930854
  19   2        0.0227531205       -0.0414716648
  19   1       -0.0212850851        0.0020662425
  19   0       -0.0000235737        0.0000000000
  19  -1        0.0212850851        0.0020662425
  19  -2        0.0227531205        0.0414716648
  19  -3       -0.0160173872       -0.0485930854
  19  -4       -0.0052130083       -0.0050561130
  19  -5        0.0533232012        0.0405137943
  19  -6       -0.0176321222        0.0511564033
  19  -7        0.0606958084        0.0328127961
  19  -8       -0.0742035935        0.0204775804
  19  -9        0.0067905039        0.0101329252
  19 -10        0.0280427835       -0.0521197962
  19 -11        0.0396931890        0.0722505606
  19 -12        0.0482635160        0.0115859557
  19 -13        0.0203767780        0.0250080801
  19 -14       -0.0198741970       -0.0064076037
  19 -15        0.0595293526       -0.0348959154
  19 -16       -0.0897314896        0.0618248348
  19 -17       -0.0311050829       -0.0051567207
  19 -18       -0.0354142922        0.0110043298
  19 -19       -0.0400630228        0.0065597176
  20  20       -0.0151139132       -0.0343975011
  20  19        0.0755158708       -0.0374249326
  20  18        0.0383657695       -0.0042125371
  20  17        0.0110369818        0.0444968062
  20  16       -0.0007186019        0.0615911686
  20  15       -0.0048906971        0.0675370688
  20  14        0.0145585885        0.0240505857
  20  13        0.0052664730        0.0340944087
  20  12        0.0498043796        0.0195601333
  20  11       -0.0634175436        0.0672467902
  20  10       -0.0128016166       -0.0624106629
  20   9       -0.0343362248        0.0091397630
  20   8        0.0025172060       -0.0295716357
  20   7       -0.0214011720       -0.1289246052
  20   6        0.0037672219        0.0162274266
  20   5       -0.0136662132       -0.0251501385
  20   4        0.0289633821        0.0027287494
  20   3        0.0100673920        0.0106167938
  20   2        0.0290319752       -0.0311727284
  20   1       -0.0066307165       -0.0281262795
  20   0       -0.0008195833        0.0000000000
  20  -1        0.0066307165       -0.0281262795
  20  -2        0.0290319752        0.0311727284
  20  -3       -0.0100673920        0.0106167938
  20  -4        0.0289633821       -0.0027287494
  20  -5        0.0136662132       -0.0251501385
  20  -6        0.0037672219       -0.0162274266
  20  -7        0.0214011720       -0.1289246052
  20  -8        0.0025172060        0.0295716357
  20  -9        0.0343362248        0.0091397630
  20 -10       -0.0128016166        0.0624106629
  20 -11        0.0634175436        0.0672467902
  20 -12        0.0498043796       -0.0195601333
  20 -13       -0.0052664730        0.0340944087
  20 -14        0.0145585885       -0.0240505857
  20 -15        0.0048906971        0.0675370688
  20 -16       -0.0007186019       -0.0615911686
  20 -17       -0.0110369818        0.0444968062
  20 -18        0.0383657695        0.0042125371
  20 -19       -0.0755158708       -0.0374249326
  20 -20       -0.0151139132        0.0343975011
  21  21       -0.0137552479       -0.0105722503
  21  20       -0.0682209316       -0.0548906612
  21  19       -0.0694088605        0.0236679611
  21  18        0.0398398364        0.0517350765
  21  17        0.0125909498        0.0542769556
  21  16        0.0586340076        0.0336937306
  21  15        0.0160940200        0.0058444264
  21  14        0.0045982946        0.0204592237
  21  13        0.0436661927       -0.0498291367
  21  12       -0.0471648464       -0.0076842064
  21  11        0.0208518829       -0.0516798777
  21  10       -0.0485821479       -0.0274199853
  21   9        0.0376858098       -0.0770809865
  21   8        0.0643099367       -0.0021769046
  21   7       -0.0404614612       -0.0095502164
  21   6       -0.0038887838        0.0531117148
  21   5       -0.0197492982        0.0222976287
  21   4        0.0037497473        0.0438287467
  21   3       -0.0131515186       -0.0226553970
  21   2       -0.0067159010       -0.0071783281
  21   1        0.0954291916        0.0414105073
  21   0       -0.1011973703        0.0000000000
  21  -1       -0.0954291916        0.0414105073
  21  -2       -0.0067159010        0.0071783281
  21  -3        0.0131515186       -0.0226553970
  21  -4        0.0037497473       -0.0438287467
  21  -5        0.0197492982        0.0222976287
  21  -6       -0.0038887838       -0.0531117148
  21  -7        0.0404614612       -0.0095502164
  21  -8        0.0643099367        0.0021769046
  21  -9       -0.0376858098       -0.0770809865
  21 -10       -0.0485821479        0.0274199853
  21 -11       -0.0208518829       -0.0516798777
  21 -12       -0.0471648464        0.0076842064
  21 -13       -0.0436661927       -0.0498291367
  21 -14        0.0045982946       -0.0204592237
  21 -15       -0.0160940200        0.0058444264
  21 -16        0.0586340076       -0.0336937306
  21 -17       -0.0125909498        0.0542769556
  21 -18        0.0398398364       -0.0517350765
  21 -19        0.0694088605        0.0236679611
  21 -20       -0.0682209316        0.0548906612
  21 -21        0.0137552479       -0.0105722503
  22  22       -0.0026347395        0.0043551439
  22  21       -0.0727334900       -0.0143125283
  22  20       -0.0148606970        0.0255133401
  22  19        0.0167042708        0.0006009164
  22  18       -0.0570230585        0.0101972533
  22  17        0.0239544832        0.0230943883
  22  16        0.0503482364       -0.0545367786
  22  15       -0.0068183961        0.0185757321
  22  14       -0.0517759373        0.0586152268
  22  13       -0.0127988229        0.0256292840
  22  12        0.0480006562        0.0140129852
  22  11       -0.0913768698        0.0008297381
  22  10        0.0312281298       -0.0056145135
  22   9       -0.0200136348        0.0146165376
  22   8        0.0621582600       -0.0122073975
  22   7        0.0365695205       -0.0068926592
  22   6        0.0298327437       -0.0492459669
  22   5       -0.0281334223       -0.0475282312
  22   4        0.0223867710        0.0039617683
  22   3        0.0186181011       -0.0327102845
  22   2        0.0064067699       -0.0530225007
  22   1        0.0527016469       -0.0183769889
  22   0       -0.0272709055        0.0000000000
  22  -1       -0.0527016469       -0.0183769889
  22  -2        0.0064067699        0.0530225007
  22  -3       -0.0186181011       -0.0327102845
  22  -4        0.0223867710       -0.0039617683
  22  -5        0.0281334223       -0.0475282312
  22  -6        0.0298327437        0.0492459669
  22  -7       -0.0365695205       -0.0068926592
  22  -8        0.0621582600        0.0122073975
  22  -9        0.0200136348        0.0146165376
  22 -10        0.0312281298        0.0056145135
  22 -11        0.0913768698        0.0008297381
  22 -12        0.0480006562       -0.0140129852
  22 -13        0.0127988229        0.0256292840
  22 -14       -0.0517759373       -0.0586152268
  22 -15        0.0068183961        0.0185757321
  22 -16        0.0503482364        0.0545367786
  22 -17       -0.0239544832        0.0230943883
  22 -18       -0.0570230585       -0.0101972533
  22 -19       -0.0167042708        0.0006009164
  22 -20       -0.0148606970       -0.0255133401
  22 -21        0.0727334900       -0.0143125283
  22 -22       -0.0026347395       -0.0043551439
  23  23       -0.0498485853       -0.0153681092
  23  22        0.0187314263        0.0317077442
  23  21        0.0710224250        0.0337702346
  23  20        0.0544581895       -0.0517932323
  23  19       -0.0524123700       -0.0083920661
  23  18        0.0287225709        0.0298801151
  23  17       -0.0130550312       -0.0236320224
  23  16       -0.0009231464        0.0317301078
  23  15       -0.0253237347       -0.0544527082
  23  14       -0.0370666789       -0.0243526626
  23  13        0.0060573306       -0.0328381186
  23  12        0.0042181258        0.0422347861
  23  11        0.0686517081        0.0011222185
  23  10       -0.0216012152        0.0355837161
  23   9       -0.0439653562       -0.0056721796
  23   8        0.0290507754        0.0794236978
  23   7        0.0289713191       -0.0081046015
  23   6        0.0328082037       -0.0491329154
  23   5       -0.0067298450       -0.0175948777
  23   4       -0.0163720630        0.0204388509
  23   3        0.1110597896       -0.0181198210
  23   2        0.0696168246       -0.0705814136
  23   1        0.0336051660       -0.0016520069
  23   0        0.1068605559        0.0000000000
  23  -1       -0.0336051660       -0.0016520069
  23  -2        0.0696168246        0.0705814136
  23  -3       -0.1110597896       -0.0181198210
  23  -4       -0.0163720630       -0.0204388509
  23  -5        0.0067298450       -0.0175948777
  23  -6        0.0328082037        0.0491329154
  23  -7       -0.0289713191       -0.0081046015
  23  -8        0.0290507754       -0.0794236978
  23  -9        0.0439653562       -0.0056721796
  23 -10       -0.0216012152       -0.0355837161
  23 -11       -0.0686517081        0.0011222185
  23 -12        0.0042181258       -0.0422347861
  23 -13       -0.0060573306       -0.0328381186
  23 -14       -0.0370666789        0.0243526626
  23 -15        0.0253237347       -0.0544527082
  23 -16       -0.0009231464       -0.0317301078
  23 -17        0.0130550312       -0.0236320224
  23 -18        0.0287225709       -0.0298801151
  23 -19        0.0524123700       -0.0083920661
  23 -20        0.0544581895        0.0517932323
  23 -21       -0.0710224250        0.0337702346
  23 -22        0.0187314263       -0.0317077442
  23 -23        0.0498485853       -0.0153681092
  24  24        0.0071161553        0.0221280037
  24  23        0.0375686638       -0.0231470977
  24  22       -0.0036772717       -0.0164216707
  24  21       -0.0241163058       -0.0352021749
  24  20        0.0070009965       -0.0382506549
  24  19        0.0662690296       -0.0866263002
  24  18       -0.0221849120        0.0130911904
  24  17        0.0235424409        0.0070482249
  24  16        0.0112449571       -0.0303150918
  24  15       -0.0006894368       -0.0058554685
  24  14       -0.0461229783       -0.0178718286
  24  13       -0.0461962835        0.0313680911
  24  12       -0.0549029722        0.0817787041
  24  11        0.0245380947        0.0667490367
  24  10        0.0107717594        0.0638064239
  24   9        0.0071898377       -0.0189250241
  24   8       -0.0480044945       -0.0349850082
  24   7       -0.0156273842        0.0636368147
  24   6        0.0369635138       -0.0198174881
  24   5       -0.0229776566       -0.0177116202
  24   4        0.0282653226       -0.0583580689
  24   3       -0.0655151333        0.0248565389
  24   2        0.0272959516       -0.0335313949
  24   1       -0.0450003400       -0.0496196790
  24   0       -0.0082592241        0.0000000000
  24  -1        0.0450003400       -0.0496196790
  24  -2        0.0272959516        0.0335313949
  24  -3        0.0655151333        0.0248565389
  24  -4        0.0282653226        0.0583580689
  24  -5        0.0229776566       -0.0177116202
  24  -6        0.0369635138        0.0198174881
  24  -7        0.0156273842        0.0636368147
  24  -8       -0.0480044945        0.0349850082
  24  -9       -0.0071898377       -0.0189250241
  24 -10        0.0107717594       -0.0638064239
  24 -11       -0.0245380947        0.0667490367
  24 -12       -0.0549029722       -0.0817787041
  24 -13        0.0461962835        0.0313680911
  24 -14       -0.0461229783        0.0178718286
  24 -15        0.0006894368       -0.0058554685
  24 -16        0.0112449571        0.0303150918
  24 -17       -0.0235424409        0.0070482249
  24 -18       -0.0221849120       -0.0130911904
  24 -19       -0.0662690296       -0.0866263002
  24 -20        0.0070009965        0.0382506549
  24 -21        0.0241163058       -0.0352021749
  24 -22       -0.0036772717        0.0164216707
  24 -23       -0.0375686638       -0.0231470977
  24 -24        0.0071161553       -0.0221280037
  25  25       -0.0110729432        0.0594097481
  25  24        0.0121852219       -0.0303326988
  25  23       -0.0335510335       -0.0144171500
  25  22        0.0017730702       -0.0017416808
  25  21       -0.0057733974       -0.0151415625
  25  20       -0.0481362719        0.0033647318
  25  19       -0.0383275425       -0.0760986091
  25  18       -0.0300413924       -0.0227382359
  25  17       -0.0137465214        0.0654556226
  25  16       -0.0424100297        0.0495660799
  25  15        0.0413832111       -0.0526739490
  25  14       -0.0163018396        0.0293913174
  25  13        0.0371755590        0.0395268920
  25  12        0.0049067885        0.0388894104
  25  11        0.0463245844       -0.0177056930
  25  10        0.0113392109        0.0111579676
  25   9       -0.0446055959       -0.0343140122
  25   8       -0.0797632091        0.0060004324
  25   7        0.0038260190       -0.0286065193
  25   6       -0.0170241977        0.0515617061
  25   5        0.0555225791        0.0008002488
  25   4       -0.0368062913       -0.0274306177
  25   3       -0.0535181111       -0.0109392129
  25   2        0.0563416965        0.0508895631
  25   1       -0.0650798294       -0.0105301522
  25   0        0.0020694549        0.0000000000
  25  -1        0.0650798294       -0.0105301522
  25  -2        0.0563416965       -0.0508895631
  25  -3        0.0535181111       -0.0109392129
  25  -4       -0.0368062913        0.0274306177
  25  -5       -0.0555225791        0.0008002488
  25  -6       -0.0170241977       -0.0515617061
  25  -7       -0.0038260190       -0.0286065193
  25  -8       -0.0797632091       -0.0060004324
  25  -9        0.0446055959       -0.0343140122
  25 -10        0.0113392109       -0.0111579676
  25 -11       -0.0463245844       -0.0177056930
  25 -12        0.0049067885       -0.0388894104
  25 -13       -0.0371755590        0.0395268920
  25 -14       -0.0163018396       -0.0293913174
  25 -15       -0.0413832111       -0.0526739490
  25 -16       -0.0424100297       -0.0495660799
  25 -17        0.0137465214        0.0654556226
  25 -18       -0.0300413924        0.0227382359
  25 -19        0.0383275425       -0.0760986091
  25 -20       -0.0481362719       -0.0033647318
  25 -21        0.0057733974       -0.0151415625
  25 -22        0.0017730702        0.0017416808
  25 -23        0.0335510335       -0.0144171500
  25 -24        0.0121852219        0.0303326988
  25 -25        0.0110729432        0.0594097481
  26  26       -0.0254786354        0.0547200718
  26  25       -0.0301577706       -0.0447593427
  26  24       -0.0135211758       -0.0377671810
  26  23        0.0715786006       -0.0397887721
  26  22        0.0053192149        0.0227631800
  26  21       -0.0350608420        0.0157263703
  26  20        0.0184274364        0.0147316898
  26  19        0.0239267363       -0.0056822971
  26  18       -0.0195225723        0.0156601789
  26  17        0.0055478903       -0.0138263333
  26  16        0.0172076404       -0.0092254877
  26  15        0.0244797431       -0.0257328036
  26  14        0.0111380181       -0.0003206305
  26  13       -0.0211286333       -0.0029446661
  26  12        0.0554364547       -0.0436881309
  26  11       -0.0114759391       -0.0159959467
  26  10       -0.0391842323       -0.0113861834
  26   9        0.0064005876        0.0123341472
  26   8       -0.0412056969       -0.0047189292
  26   7        0.0317431259       -0.0237606703
  26   6       -0.0319983572        0.0868104128
  26   5        0.0200207772        0.0598847129
  26   4        0.0134621775       -0.0257182095
  26   3        0.0401828962       -0.0289487183
  26   2       -0.0652663807        0.0597498967
  26   1        0.0146742735        0.0401414907
  26   0        0.0455427879        0.0000000000
  26  -1       -0.0146742735        0.0401414907
  26  -2       -0.0652663807       -0.0597498967
  26  -3       -0.0401828962       -0.0289487183
  26  -4        0.0134621775        0.0257182095
  26  -5       -0.0200207772        0.0598847129
  26  -6       -0.0319983572       -0.0868104128
  26  -7       -0.0317431259       -0.0237606703
  26  -8       -0.0412056969        0.0047189292
  26  -9       -0.0064005876        0.0123341472
  26 -10       -0.0391842323        0.0113861834
  26 -11        0.0114759391       -0.0159959467
  26 -12        0.0554364547        0.0436881309
  26 -13        0.0211286333       -0.0029446661
  26 -14        0.0111380181        0.0003206305
  26 -15       -0.0244797431       -0.0257328036
  26 -16        0.0172076404        0.0092254877
  26 -17       -0.0055478903       -0.0138263333
  26 -18       -0.0195225723       -0.0156601789
  26 -19       -0.0239267363       -0.0056822971
  26 -20        0.0184274364       -0.0147316898
  26 -21        0.0350608420        0.0157263703
  26 -22        0.0053192149       -0.0227631800
  26 -23       -0.0715786006       -0.0397887721
  26 -24       -0.0135211758        0.0377671810
  26 -25        0.0301577706       -0.0447593427
  26 -26       -0.0254786354       -0.0547200718
