   0   0        0.4980392673        0.0000000000
   1   1        0.0015515829       -0.0004525559
   1   0        0.0034321071        0.0000000000
   1  -1       -0.0015515829       -0.0004525559
   2   2       -0.0075706808        0.0438187272
   2   1        0.0307101471       -0.0311599974
   2   0       -0.0563736833        0.0000000000
   2  -1       -0.0307101471       -0.0311599974
   2  -2       -0.0075706808       -0.0438187272
   3   3        0.0031581395        0.0038423663
   3   2       -0.0001955196        0.0048729325
   3   1       -0.0022540286        0.0016407467
   3   0        0.0139429113        0.0000000000
   3  -1        0.0022540286        0.0016407467
   3  -2       -0.0001955196       -0.0048729325
   3  -3       -0.0031581395        0.0038423663
   4   4       -0.0011770989       -0.0020125693
   4   3        0.0085292077        0.0058148632
   4   2       -0.0016914061       -0.0046055901
   4   1       -0.0093130958        0.0121792677
   4   0        0.0032778220        0.0000000000
   4  -1        0.0093130958        0.0121792677
   4  -2       -0.0016914061        0.0046055901
   4  -3       -0.0085292077        0.0058148632
   4  -4       -0.0011770989        0.0020125693
   5   5        0.0008416215        0.0027936923
   5   4        0.0009204018        0.0029189496
   5   3        0.0008658081        0.0017498344
   5   2        0.0011150890        0.0021021227
   5   1        0.0014423713       -0.0019912513
   5   0       -0.0016395771        0.0000000000
   5  -1       -0.0014423713       -0.0019912513
   5  -2        0.0011150890       -0.0021021227
   5  -3       -0.0008658081        0.0017498344
   5  -4        0.0009204018       -0.0029189496
   5  -5       -0.0008416215        0.0027936923
   6   6        0.0022805824        0.0010102160
   6   5       -0.0034879681       -0.0042011028
   6   4        0.0001023968       -0.0024819197
   6   3       -0.0030051332       -0.0025500990
   6   2       -0.0001919289        0.0067714651
   6   1       -0.0006167292       -0.0002767771
   6   0        0.0096276115        0.0000000000
   6  -1        0.0006167292       -0.0002767771
   6  -2       -0.0001919289       -0.0067714651
   6  -3        0.0030051332       -0.0025500990
   6  -4        0.0001023968        0.0024819197
   6  -5        0.0034879681       -0.0042011028
   6  -6        0.0022805824       -0.0010102160
   7   7       -0.0014553761        0.0020124984
   7   6       -0.0010049341        0.0040758203
   7   5       -0.0020133099        0.0019862304
   7   4       -0.0009257260        0.0001737633
   7   3        0.0001661951       -0.0006130272
   7   2       -0.0009268810        0.0020836715
   7   1       -0.0024530524        0.0007714610
   7   0       -0.0004132573        0.0000000000
   7  -1        0.0024530524        0.0007714610
   7  -2       -0.0009268810       -0.0020836715
   7  -3       -0.0001661951       -0.0006130272
   7  -4       -0.0009257260       -0.0001737633
   7  -5        0.0020133099        0.0019862304
   7  -6       -0.0010049341       -0.0040758203
   7  -7        0.0014553761        0.0020124984
   8   8       -0.0007771143        0.0007506074
   8   7        0.0041961967       -0.0026104776
   8   6        0.0005376030       -0.0021566686
   8   5        0.0001837635        0.0008878261
   8   4       -0.0032551277        0.0008326123
   8   3       -0.0000447152       -0.0019845931
   8   2       -0.0006587730        0.0016152769
   8   1        0.0038775645       -0.0010142306
   8   0       -0.0045501492        0.0000000000
   8  -1       -0.0038775645       -0.0010142306
   8  -2       -0.0006587730       -0.0016152769
   8  -3        0.0000447152       -0.0019845931
   8  -4       -0.0032551277       -0.0008326123
   8  -5       -0.0001837635        0.0008878261
   8  -6        0.0005376030        0.0021566686
   8  -7       -0.0041961967       -0.0026104776
   8  -8       -0.0007771143       -0.0007506074
   9   9       -0.0003667948       -0.0002608096
   9   8       -0.0011921545       -0.0006315206
   9   7       -0.0014381698        0.0004721847
   9   6        0.0002684505       -0.0007415997
   9   5        0.0018462095       -0.0006606626
   9   4       -0.0013764393       -0.0014530515
   9   3       -0.0002993074        0.0023261690
   9   2        0.0013619781       -0.0014698880
   9   1        0.0008758749       -0.0001354825
   9   0        0.0012388040        0.0000000000
   9  -1       -0.0008758749       -0.0001354825
   9  -2        0.0013619781        0.0014698880
   9  -3        0.0002993074        0.0023261690
   9  -4       -0.0013764393        0.0014530515
   9  -5       -0.0018462095       -0.0006606626
   9  -6        0.0002684505        0.0007415997
   9  -7        0.0014381698        0.0004721847
   9  -8       -0.0011921545        0.0006315206
   9  -9        0.0003667948       -0.0002608096
  10  10       -0.0003337295       -0.0014058218
  10   9        0.0015112489        0.0019412352
  10   8        0.0023042290        0.0001245002
  10   7       -0.0015414756       -0.0016388902
  10   6        0.0007775267       -0.0016201074
  10   5        0.0005122842        0.0005729819
  10   4        0.0011242275       -0.0010313299
  10   3        0.0003966951        0.0037399772
  10   2       -0.0000638233       -0.0009660423
  10   1       -0.0022700053       -0.0001472088
  10   0       -0.0006892600        0.0000000000
  10  -1        0.0022700053       -0.0001472088
  10  -2       -0.0000638233        0.0009660423
  10  -3       -0.0003966951        0.0037399772
  10  -4        0.0011242275        0.0010313299
  10  -5       -0.0005122842        0.0005729819
  10  -6        0.0007775267        0.0016201074
  10  -7        0.0015414756       -0.0016388902
  10  -8        0.0023042290       -0.0001245002
  10  -9       -0.0015112489        0.0019412352
  10 -10       -0.0003337295        0.0014058218
  11  11        0.0000820027        0.0019135791
  11  10        0.0012802013       -0.0014442809
  11   9        0.0008323790        0.0013476401
  11   8       -0.0008211405        0.0004584553
  11   7       -0.0011979718        0.0004943576
  11   6       -0.0000791157        0.0007688128
  11   5       -0.0010877041       -0.0001577879
  11   4        0.0014347745        0.0002002252
  11   3       -0.0012246518       -0.0008702422
  11   2        0.0011203806       -0.0009031841
  11   1       -0.0017107082        0.0000219042
  11   0       -0.0010922829        0.0000000000
  11  -1        0.0017107082        0.0000219042
  11  -2        0.0011203806        0.0009031841
  11  -3        0.0012246518       -0.0008702422
  11  -4        0.0014347745       -0.0002002252
  11  -5        0.0010877041       -0.0001577879
  11  -6       -0.0000791157       -0.0007688128
  11  -7        0.0011979718        0.0004943576
  11  -8       -0.0008211405       -0.0004584553
  11  -9       -0.0008323790        0.0013476401
  11 -10        0.0012802013        0.0014442809
  11 -11       -0.0000820027        0.0019135791
  12  12        0.0004159335       -0.0004479136
  12  11        0.0000645907        0.0008921347
  12  10        0.0001056988        0.0014307906
  12   9        0.0005713298       -0.0014249347
  12   8        0.0009104478       -0.0002341930
  12   7        0.0004473556       -0.0001724030
  12   6        0.0006692448        0.0000442843
  12   5       -0.0002665330       -0.0007985215
  12   4        0.0008045791        0.0000149688
  12   3        0.0000186889       -0.0019225200
  12   2       -0.0004326982       -0.0012403385
  12   1        0.0000398861       -0.0003337247
  12   0        0.0028668740        0.0000000000
  12  -1       -0.0000398861       -0.0003337247
  12  -2       -0.0004326982        0.0012403385
  12  -3       -0.0000186889       -0.0019225200
  12  -4        0.0008045791       -0.0000149688
  12  -5        0.0002665330       -0.0007985215
  12  -6        0.0006692448       -0.0000442843
  12  -7       -0.0004473556       -0.0001724030
  12  -8        0.0009104478        0.0002341930
  12  -9       -0.0005713298       -0.0014249347
  12 -10        0.0001056988       -0.0014307906
  12 -11       -0.0000645907        0.0008921347
  12 -12        0.0004159335        0.0004479136
  13  13        0.0008247966       -0.0009058987
  13  12        0.0012354279        0.0010395958
  13  11        0.0000088251       -0.0004030521
  13  10       -0.0002621054       -0.0005551236
  13   9       -0.0008753680       -0.0005699570
  13   8        0.0004169540       -0.0004356206
  13   7       -0.0007257140        0.0004438552
  13   6        0.0009966492        0.0002881173
  13   5        0.0004399338       -0.0008005409
  13   4        0.0016384189        0.0004410088
  13   3        0.0004899083       -0.0000719516
  13   2       -0.0003224437       -0.0004398138
  13   1        0.0005383937        0.0012067450
  13   0       -0.0000571330        0.0000000000
  13  -1       -0.0005383937        0.0012067450
  13  -2       -0.0003224437        0.0004398138
  13  -3       -0.0004899083       -0.0000719516
  13  -4        0.0016384189       -0.0004410088
  13  -5       -0.0004399338       -0.0008005409
  13  -6        0.0009966492       -0.0002881173
  13  -7        0.0007257140        0.0004438552
  13  -8        0.0004169540        0.0004356206
  13  -9        0.0008753680       -0.0005699570
  13 -10       -0.0002621054        0.0005551236
  13 -11       -0.0000088251       -0.0004030521
  13 -12        0.0012354279       -0.0010395958
  13 -13       -0.0008247966       -0.0009058987
  14  14       -0.0004284149       -0.0012660956
  14  13        0.0005105860        0.0000492292
  14  12       -0.0001845491        0.0006157323
  14  11        0.0005844476        0.0003435339
  14  10        0.0004096912       -0.0004444687
  14   9        0.0015887847        0.0000690688
  14   8        0.0007784279        0.0007138650
  14   7        0.0006090596        0.0011159316
  14   6       -0.0000839382        0.0003839479
  14   5        0.0022708269        0.0006009010
  14   4        0.0002237202        0.0002013473
  14   3       -0.0009844379       -0.0018910226
  14   2       -0.0008211555        0.0006560194
  14   1       -0.0003315265        0.0010797162
  14   0       -0.0003555420        0.0000000000
  14  -1        0.0003315265        0.0010797162
  14  -2       -0.0008211555       -0.0006560194
  14  -3        0.0009844379       -0.0018910226
  14  -4        0.0002237202       -0.0002013473
  14  -5       -0.0022708269        0.0006009010
  14  -6       -0.0000839382       -0.0003839479
  14  -7       -0.0006090596        0.0011159316
  14  -8        0.0007784279       -0.0007138650
  14  -9       -0.0015887847        0.0000690688
  14 -10        0.0004096912        0.0004444687
  14 -11       -0.0005844476        0.0003435339
  14 -12       -0.0001845491       -0.0006157323
  14 -13       -0.0005105860        0.0000492292
  14 -14       -0.0004284149        0.0012660956
  15  15       -0.0005275406        0.0003008393
  15  14        0.0004397598        0.0000881634
  15  13        0.0011112686       -0.0004755444
  15  12       -0.0003135750        0.0002894139
  15  11        0.0001165841       -0.0007289149
  15  10       -0.0006098252        0.0001980480
  15   9       -0.0007593641       -0.0001033603
  15   8        0.0002143143       -0.0007280936
  15   7       -0.0000478692       -0.0001527400
  15   6        0.0003606391        0.0009784087
  15   5        0.0009612789       -0.0002333276
  15   4       -0.0005525559        0.0006842278
  15   3       -0.0002094978        0.0003161753
  15   2        0.0003323501       -0.0007342545
  15   1        0.0007601532       -0.0005549828
  15   0       -0.0016991329        0.0000000000
  15  -1       -0.0007601532       -0.0005549828
  15  -2        0.0003323501        0.0007342545
  15  -3        0.0002094978        0.0003161753
  15  -4       -0.0005525559       -0.0006842278
  15  -5       -0.0009612789       -0.0002333276
  15  -6        0.0003606391       -0.0009784087
  15  -7        0.0000478692       -0.0001527400
  15  -8        0.0002143143        0.0007280936
  15  -9        0.0007593641       -0.0001033603
  15 -10       -0.0006098252       -0.0001980480
  15 -11       -0.0001165841       -0.0007289149
  15 -12       -0.0003135750       -0.0002894139
  15 -13       -0.0011112686       -0.0004755444
  15 -14        0.0004397598       -0.0000881634
  15 -15        0.0005275406        0.0003008393
  16  16       -0.0003374465       -0.0001966738
  16  15       -0.0000997364        0.0012356751
  16  14        0.0000005885        0.0007278899
  16  13       -0.0006356495       -0.0001195678
  16  12        0.0003757019        0.0006347810
  16  11        0.0006775705        0.0010639853
  16  10        0.0001958924        0.0006166872
  16   9       -0.0009152471        0.0010058036
  16   8        0.0006862699       -0.0002468668
  16   7       -0.0004596831        0.0013345528
  16   6       -0.0005017600       -0.0001374746
  16   5        0.0005597018        0.0000101592
  16   4        0.0008938311        0.0002768320
  16   3        0.0007634006        0.0001891179
  16   2        0.0009961911        0.0007627495
  16   1        0.0000284534       -0.0004119153
  16   0       -0.0011407036        0.0000000000
  16  -1       -0.0000284534       -0.0004119153
  16  -2        0.0009961911       -0.0007627495
  16  -3       -0.0007634006        0.0001891179
  16  -4        0.0008938311       -0.0002768320
  16  -5       -0.0005597018        0.0000101592
  16  -6       -0.0005017600        0.0001374746
  16  -7        0.0004596831        0.0013345528
  16  -8        0.0006862699        0.0002468668
  16  -9        0.0009152471        0.0010058036
  16 -10        0.0001958924       -0.0006166872
  16 -11       -0.0006775705        0.0010639853
  16 -12        0.0003757019       -0.0006347810
  16 -13        0.0006356495       -0.0001195678
  16 -14        0.0000005885       -0.0007278899
  16 -15        0.0000997364        0.0012356751
  16 -16       -0.0003374465        0.0001966738
  17  17        0.0001714154       -0.0012516636
  17  16        0.0009088093        0.0001290541
  17  15        0.0002855724        0.0002753402
  17  14        0.0006408762        0.0003265828
  17  13        0.0002024584        0.0001711202
  17  12       -0.0007034481        0.0001450684
  17  11       -0.0004783494       -0.0003925024
  17  10        0.0000522385        0.0002404350
  17   9        0.0000943549       -0.0002932219
  17   8       -0.0003545853       -0.0001495660
  17   7       -0.0002822007        0.0001493389
  17   6        0.0001286118       -0.0003298529
  17   5       -0.0004223150       -0.0003130273
  17   4       -0.0008396031        0.0000026060
  17   3        0.0002938871        0.0007194241
  17   2       -0.0007620037        0.0006615522
  17   1       -0.0002938717        0.0008161751
  17   0        0.0004983237        0.0000000000
  17  -1        0.0002938717        0.0008161751
  17  -2       -0.0007620037       -0.0006615522
  17  -3       -0.0002938871        0.0007194241
  17  -4       -0.0008396031       -0.0000026060
  17  -5        0.0004223150       -0.0003130273
  17  -6        0.0001286118        0.0003298529
  17  -7        0.0002822007        0.0001493389
  17  -8       -0.0003545853        0.0001495660
  17  -9       -0.0000943549       -0.0002932219
  17 -10        0.0000522385       -0.0002404350
  17 -11        0.0004783494       -0.0003925024
  17 -12       -0.0007034481       -0.0001450684
  17 -13       -0.0002024584        0.0001711202
  17 -14        0.0006408762       -0.0003265828
  17 -15       -0.0002855724        0.0002753402
  17 -16        0.0009088093       -0.0001290541
  17 -17       -0.0001714154       -0.0012516636
  18  18        0.0003359645       -0.0003099763
  18  17       -0.0007099399        0.0000948891
  18  16        0.0010162641       -0.0000287992
  18  15        0.0005768516       -0.0000468892
  18  14        0.0000671209       -0.0000203559
  18  13       -0.0001941429        0.0002167768
  18  12       -0.0008264740       -0.0003601502
  18  11       -0.0004979283        0.0004958219
  18  10        0.0005472760        0.0009415897
  18   9       -0.0011622705       -0.0008741886
  18   8       -0.0008182638       -0.0003967804
  18   7        0.0004987002       -0.0003484490
  18   6       -0.0005089744        0.0007240248
  18   5       -0.0005971648        0.0007134881
  18   4       -0.0003288677        0.0001325636
  18   3       -0.0000276027        0.0007427386
  18   2        0.0000007743       -0.0001243902
  18   1        0.0005435455        0.0003147396
  18   0       -0.0003622729        0.0000000000
  18  -1       -0.0005435455        0.0003147396
  18  -2        0.0000007743        0.0001243902
  18  -3        0.0000276027        0.0007427386
  18  -4       -0.0003288677       -0.0001325636
  18  -5        0.0005971648        0.0007134881
  18  -6       -0.0005089744       -0.0007240248
  18  -7       -0.0004987002       -0.0003484490
  18  -8       -0.0008182638        0.0003967804
  18  -9        0.0011622705       -0.0008741886
  18 -10        0.0005472760       -0.0009415897
  18 -11        0.0004979283        0.0004958219
  18 -12       -0.0008264740        0.0003601502
  18 -13        0.0001941429        0.0002167768
  18 -14        0.0000671209        0.0000203559
  18 -15       -0.0005768516       -0.0000468892
  18 -16        0.0010162641        0.0000287992
  18 -17        0.0007099399        0.0000948891
  18 -18        0.0003359645        0.0003099763
  19  19       -0.0000353158        0.0005467105
  19  18        0.0005730749        0.0003114739
  19  17       -0.0004141781       -0.0000940184
  19  16       -0.0002091529        0.0001120725
  19  15        0.0003511794       -0.0001802599
  19  14       -0.0008235310       -0.0002363478
  19  13       -0.0001629160       -0.0007946615
  19  12       -0.0000707912        0.0003378407
  19  11        0.0003182420       -0.0000569291
  19  10        0.0001501365       -0.0001667268
  19   9        0.0012597391       -0.0005083387
  19   8        0.0003907474        0.0007362089
  19   7        0.0005335289        0.0001397051
  19   6        0.0009507268       -0.0010507817
  19   5        0.0000042929       -0.0002064741
  19   4       -0.0004356121       -0.0000414149
  19   3       -0.0009909137       -0.0001868690
  19   2        0.0004566166       -0.0008743954
  19   1       -0.0001556246       -0.0009959353
  19   0        0.0008488079        0.0000000000
  19  -1        0.0001556246       -0.0009959353
  19  -2        0.0004566166        0.0008743954
  19  -3        0.0009909137       -0.0001868690
  19  -4       -0.0004356121        0.0000414149
  19  -5       -0.0000042929       -0.0002064741
  19  -6        0.0009507268        0.0010507817
  19  -7       -0.0005335289        0.0001397051
  19  -8        0.0003907474       -0.0007362089
  19  -9       -0.0012597391       -0.0005083387
  19 -10        0.0001501365        0.0001667268
  19 -11       -0.0003182420       -0.0000569291
  19 -12       -0.0000707912       -0.0003378407
  19 -13        0.0001629160       -0.0007946615
  19 -14       -0.0008235310        0.0002363478
  19 -15       -0.0003511794       -0.0001802599
  19 -16       -0.0002091529       -0.0001120725
  19 -17        0.0004141781       -0.0000940184
  19 -18        0.0005730749       -0.0003114739
  19 -19        0.0000353158        0.0005467105
  20  20       -0.0005666637        0.0005451040
  20  19       -0.0006340778        0.0006340437
  20  18        0.0000404455        0.0006549556
  20  17        0.0000302667        0.0011500586
  20  16        0.0006182647       -0.0001823197
  20  15       -0.0000739553       -0.0007254300
  20  14       -0.0002017129       -0.0004625722
  20  13       -0.0000801417       -0.0000915647
  20  12       -0.0003708518        0.0008077361
  20  11       -0.0000960403       -0.0002193536
  20  10       -0.0000283304       -0.0011061329
  20   9        0.0000386302       -0.0000514765
  20   8       -0.0001558011       -0.0004199258
  20   7       -0.0005354663       -0.0012358561
  20   6        0.0010319641       -0.0013027789
  20   5       -0.0003458857        0.0000246985
  20   4       -0.0005550726       -0.0001211295
  20   3       -0.0010406800       -0.0011411265
  20   2       -0.0002898040       -0.0001816477
  20   1       -0.0008470084        0.0002147982
  20   0        0.0010348099        0.0000000000
  20  -1        0.0008470084        0.0002147982
  20  -2       -0.0002898040        0.0001816477
  20  -3        0.0010406800       -0.0011411265
  20  -4       -0.0005550726        0.0001211295
  20  -5        0.0003458857        0.0000246985
  20  -6        0.0010319641        0.0013027789
  20  -7        0.0005354663       -0.0012358561
  20  -8       -0.0001558011        0.0004199258
  20  -9       -0.0000386302       -0.0000514765
  20 -10       -0.0000283304        0.0011061329
  20 -11        0.0000960403       -0.0002193536
  20 -12       -0.0003708518       -0.0008077361
  20 -13        0.0000801417       -0.0000915647
  20 -14       -0.0002017129        0.0004625722
  20 -15        0.0000739553       -0.0007254300
  20 -16        0.0006182647        0.0001823197
  20 -17       -0.0000302667        0.0011500586
  20 -18        0.0000404455       -0.0006549556
  20 -19        0.0006340778        0.0006340437
  20 -20       -0.0005666637       -0.0005451040
  21  21       -0.0002458409        0.0000097793
  21  20       -0.0003917524        0.0012349054
  21  19        0.0001252489       -0.0002504768
  21  18        0.0000304995        0.0000192687
  21  17       -0.0002718810        0.0002205977
  21  16       -0.0003117190       -0.0006080515
  21  15       -0.0001266321       -0.0001655425
  21  14        0.0001310136       -0.0001620221
  21  13        0.0000673236       -0.0005655703
  21  12       -0.0003449508        0.0004831426
  21  11        0.0005540569        0.0004513516
  21  10       -0.0004376066        0.0006660143
  21   9       -0.0010752947       -0.0006131164
  21   8       -0.0002035417       -0.0005347954
  21   7       -0.0000397026       -0.0001816862
  21   6        0.0002009310        0.0001522555
  21   5        0.0006199192       -0.0002436325
  21   4        0.0012529107       -0.0001487649
  21   3        0.0003741508       -0.0004058573
  21   2        0.0000641149        0.0002657587
  21   1       -0.0002768857        0.0000497584
  21   0       -0.0011991047        0.0000000000
  21  -1        0.0002768857        0.0000497584
  21  -2        0.0000641149       -0.0002657587
  21  -3       -0.0003741508       -0.0004058573
  21  -4        0.0012529107        0.0001487649
  21  -5       -0.0006199192       -0.0002436325
  21  -6        0.0002009310       -0.0001522555
  21  -7        0.0000397026       -0.0001816862
  21  -8       -0.0002035417        0.0005347954
  21  -9        0.0010752947       -0.0006131164
  21 -10       -0.0004376066       -0.0006660143
  21 -11       -0.0005540569        0.0004513516
  21 -12       -0.0003449508       -0.0004831426
  21 -13       -0.0000673236       -0.0005655703
  21 -14        0.0001310136        0.0001620221
  21 -15        0.0001266321       -0.0001655425
  21 -16       -0.0003117190        0.0006080515
  21 -17        0.0002718810        0.0002205977
  21 -18        0.0000304995       -0.0000192687
  21 -19       -0.0001252489       -0.0002504768
  21 -20       -0.0003917524       -0.0012349054
  21 -21        0.0002458409        0.0000097793
  22  22       -0.0001029898       -0.0003531835
  22  21       -0.0002292711        0.0004851548
  22  20       -0.0007261116       -0.0005001985
  22  19        0.0004550924       -0.0005037502
  22  18       -0.0002422071       -0.0002647857
  22  17        0.0005674818        0.0005295526
  22  16        0.0002562119        0.0004524711
  22  15       -0.0000637255       -0.0005342511
  22  14       -0.0002561984        0.0004765138
  22  13        0.0009666108       -0.0003698213
  22  12        0.0002055961       -0.0002017645
  22  11        0.0001145226        0.0001904172
  22  10       -0.0000414322        0.0001336586
  22   9        0.0008173939        0.0000357784
  22   8        0.0006602360        0.0001044669
  22   7       -0.0001336738        0.0002583393
  22   6        0.0003966284       -0.0003861090
  22   5        0.0007613509       -0.0010362306
  22   4        0.0005488224        0.0008125170
  22   3        0.0008248196       -0.0007485161
  22   2       -0.0004486206       -0.0002716824
  22   1        0.0001603292       -0.0001006694
  22   0       -0.0007252932        0.0000000000
  22  -1       -0.0001603292       -0.0001006694
  22  -2       -0.0004486206        0.0002716824
  22  -3       -0.0008248196       -0.0007485161
  22  -4        0.0005488224       -0.0008125170
  22  -5       -0.0007613509       -0.0010362306
  22  -6        0.0003966284        0.0003861090
  22  -7        0.0001336738        0.0002583393
  22  -8        0.0006602360       -0.0001044669
  22  -9       -0.0008173939        0.0000357784
  22 -10       -0.0000414322       -0.0001336586
  22 -11       -0.0001145226        0.0001904172
  22 -12        0.0002055961        0.0002017645
  22 -13       -0.0009666108       -0.0003698213
  22 -14       -0.0002561984       -0.0004765138
  22 -15        0.0000637255       -0.0005342511
  22 -16        0.0002562119       -0.0004524711
  22 -17       -0.0005674818        0.0005295526
  22 -18       -0.0002422071        0.0002647857
  22 -19       -0.0004550924       -0.0005037502
  22 -20       -0.0007261116        0.0005001985
  22 -21        0.0002292711        0.0004851548
  22 -22       -0.0001029898        0.0003531835
  23  23        0.0000062333        0.0002889489
  23  22       -0.0004584501       -0.0005005562
  23  21        0.0003908424       -0.0003908194
  23  20        0.0000317772       -0.0006537491
  23  19        0.0003439066       -0.0002556964
  23  18        0.0003722591       -0.0001880245
  23  17       -0.0001214454       -0.0001139695
  23  16       -0.0000309772       -0.0003894076
  23  15       -0.0001739478        0.0006633142
  23  14        0.0001172444       -0.0003714185
  23  13       -0.0000302358       -0.0005212550
  23  12        0.0001191954        0.0003405017
  23  11       -0.0000005011       -0.0003224590
  23  10        0.0002245546        0.0007075292
  23   9        0.0002315862       -0.0002275682
  23   8       -0.0003208629       -0.0002325138
  23   7        0.0000719359       -0.0000627840
  23   6       -0.0004428515        0.0003652293
  23   5       -0.0004817031        0.0000451004
  23   4       -0.0005270545       -0.0009671555
  23   3        0.0002517915        0.0007467200
  23   2        0.0003816597       -0.0001257161
  23   1        0.0001167583        0.0003771637
  23   0        0.0007455933        0.0000000000
  23  -1       -0.0001167583        0.0003771637
  23  -2        0.0003816597        0.0001257161
  23  -3       -0.0002517915        0.0007467200
  23  -4       -0.0005270545        0.0009671555
  23  -5        0.0004817031        0.0000451004
  23  -6       -0.0004428515       -0.0003652293
  23  -7       -0.0000719359       -0.0000627840
  23  -8       -0.0003208629        0.0002325138
  23  -9       -0.0002315862       -0.0002275682
  23 -10        0.0002245546       -0.0007075292
  23 -11        0.0000005011       -0.0003224590
  23 -12        0.0001191954       -0.0003405017
  23 -13        0.0000302358       -0.0005212550
  23 -14        0.0001172444        0.0003714185
  23 -15        0.0001739478        0.0006633142
  23 -16       -0.0000309772        0.0003894076
  23 -17        0.0001214454       -0.0001139695
  23 -18        0.0003722591        0.0001880245
  23 -19       -0.0003439066       -0.0002556964
  23 -20        0.0000317772        0.0006537491
  23 -21       -0.0003908424       -0.0003908194
  23 -22       -0.0004584501        0.0005005562
  23 -23       -0.0000062333        0.0002889489
  24  24       -0.0004244013       -0.0005105739
  24  23        0.0004959491        0.0003565618
  24  22        0.0004215875        0.0003356496
  24  21        0.0005773566       -0.0003668006
  24  20        0.0005460408        0.0002731840
  24  19       -0.0001298904        0.0004418018
  24  18       -0.0002868221        0.0000787412
  24  17        0.0003725988       -0.0002254857
  24  16        0.0001899710        0.0003097221
  24  15        0.0000055601        0.0006067028
  24  14       -0.0001905743        0.0001093980
  24  13       -0.0001048997        0.0001860314
  24  12        0.0005273042       -0.0001007583
  24  11        0.0002041822        0.0001671214
  24  10       -0.0005059223        0.0005100128
  24   9       -0.0010050937        0.0001212925
  24   8        0.0000148062       -0.0004417959
  24   7        0.0005928754        0.0000200494
  24   6       -0.0007881946        0.0004289816
  24   5       -0.0007021245        0.0008266383
  24   4        0.0001228168       -0.0002572397
  24   3        0.0004633230        0.0005875218
  24   2        0.0002513813        0.0003618286
  24   1        0.0007639975        0.0000136206
  24   0        0.0006779422        0.0000000000
  24  -1       -0.0007639975        0.0000136206
  24  -2        0.0002513813       -0.0003618286
  24  -3       -0.0004633230        0.0005875218
  24  -4        0.0001228168        0.0002572397
  24  -5        0.0007021245        0.0008266383
  24  -6       -0.0007881946       -0.0004289816
  24  -7       -0.0005928754        0.0000200494
  24  -8        0.0000148062        0.0004417959
  24  -9        0.0010050937        0.0001212925
  24 -10       -0.0005059223       -0.0005100128
  24 -11       -0.0002041822        0.0001671214
  24 -12        0.0005273042        0.0001007583
  24 -13        0.0001048997        0.0001860314
  24 -14       -0.0001905743       -0.0001093980
  24 -15       -0.0000055601        0.0006067028
  24 -16        0.0001899710       -0.0003097221
  24 -17       -0.0003725988       -0.0002254857
  24 -18       -0.0002868221       -0.0000787412
  24 -19        0.0001298904        0.0004418018
  24 -20        0.0005460408       -0.0002731840
  24 -21       -0.0005773566       -0.0003668006
  24 -22        0.0004215875       -0.0003356496
  24 -23       -0.0004959491        0.0003565618
  24 -24       -0.0004244013        0.0005105739
  25  25        0.0001841556        0.0003740271
  25  24       -0.0000508332        0.0004074305
  25  23        0.0000927119        0.0002458542
  25  22        0.0003294500       -0.0002113556
  25  21        0.0004531013        0.0002755829
  25  20       -0.0000672955       -0.0000255179
  25  19       -0.0002389250       -0.0004038823
  25  18       -0.0001825013        0.0000638886
  25  17       -0.0000878513       -0.0006346877
  25  16        0.0003181384        0.0003537219
  25  15        0.0002564350        0.0002322441
  25  14        0.0001085503        0.0001314887
  25  13       -0.0000941469       -0.0000012555
  25  12       -0.0005003108        0.0003127303
  25  11       -0.0000715326       -0.0000159187
  25  10       -0.0001874212       -0.0001117567
  25   9        0.0002073074        0.0003364199
  25   8       -0.0005649651       -0.0003535547
  25   7       -0.0001162563       -0.0003918657
  25   6        0.0001792750        0.0004907770
  25   5        0.0001142458        0.0003101990
  25   4       -0.0001519672        0.0000558351
  25   3       -0.0004325087        0.0001209942
  25   2       -0.0000299588       -0.0005454488
  25   1       -0.0002226993       -0.0005890122
  25   0       -0.0002496485        0.0000000000
  25  -1        0.0002226993       -0.0005890122
  25  -2       -0.0000299588        0.0005454488
  25  -3        0.0004325087        0.0001209942
  25  -4       -0.0001519672       -0.0000558351
  25  -5       -0.0001142458        0.0003101990
  25  -6        0.0001792750       -0.0004907770
  25  -7        0.0001162563       -0.0003918657
  25  -8       -0.0005649651        0.0003535547
  25  -9       -0.0002073074        0.0003364199
  25 -10       -0.0001874212        0.0001117567
  25 -11        0.0000715326       -0.0000159187
  25 -12       -0.0005003108       -0.0003127303
  25 -13        0.0000941469       -0.0000012555
  25 -14        0.0001085503       -0.0001314887
  25 -15       -0.0002564350        0.0002322441
  25 -16        0.0003181384       -0.0003537219
  25 -17        0.0000878513       -0.0006346877
  25 -18       -0.0001825013       -0.0000638886
  25 -19        0.0002389250       -0.0004038823
  25 -20       -0.0000672955        0.0000255179
  25 -21       -0.0004531013        0.0002755829
  25 -22        0.0003294500        0.0002113556
  25 -23       -0.0000927119        0.0002458542
  25 -24       -0.0000508332       -0.0004074305
  25 -25       -0.0001841556        0.0003740271
  26  26        0.0007785688       -0.0000213241
  26  25        0.0003908038        0.0008874265
  26  24        0.0001984142        0.0009489441
  26  23       -0.0004187946        0.0000222564
  26  22        0.0004635550        0.0001392509
  26  21       -0.0002167483       -0.0001779624
  26  20        0.0005358483       -0.0001077912
  26  19       -0.0001758637        0.0000362961
  26  18       -0.0003504098        0.0007868434
  26  17       -0.0001736681       -0.0002210341
  26  16        0.0000535775        0.0000773517
  26  15        0.0000743126       -0.0000753108
  26  14       -0.0005730641        0.0000503940
  26  13       -0.0001825380        0.0003301091
  26  12       -0.0000206895        0.0002115749
  26  11       -0.0001385935       -0.0006253452
  26  10        0.0000243030       -0.0002314159
  26   9        0.0003471955        0.0000630035
  26   8       -0.0002816692       -0.0000495402
  26   7       -0.0003969108       -0.0009631473
  26   6       -0.0000631592        0.0002603272
  26   5        0.0003347199       -0.0000984037
  26   4       -0.0001567342       -0.0001244604
  26   3       -0.0007909664       -0.0004427137
  26   2       -0.0003289989       -0.0007210293
  26   1       -0.0011943438       -0.0002933454
  26   0       -0.0005323779        0.0000000000
  26  -1        0.0011943438       -0.0002933454
  26  -2       -0.0003289989        0.0007210293
  26  -3        0.0007909664       -0.0004427137
  26  -4       -0.0001567342        0.0001244604
  26  -5       -0.0003347199       -0.0000984037
  26  -6       -0.0000631592       -0.0002603272
  26  -7        0.0003969108       -0.0009631473
  26  -8       -0.0002816692        0.0000495402
  26  -9       -0.0003471955        0.0000630035
  26 -10        0.0000243030        0.0002314159
  26 -11        0.0001385935       -0.0006253452
  26 -12       -0.0000206895       -0.0002115749
  26 -13        0.0001825380        0.0003301091
  26 -14       -0.0005730641       -0.0000503940
  26 -15       -0.0000743126       -0.0000753108
  26 -16        0.0000535775       -0.0000773517
  26 -17        0.0001736681       -0.0002210341
  26 -18       -0.0003504098       -0.0007868434
  26 -19        0.0001758637        0.0000362961
  26 -20        0.0005358483        0.0001077912
  26 -21        0.0002167483       -0.0001779624
  26 -22        0.0004635550       -0.0001392509
  26 -23        0.0004187946        0.0000222564
  26 -24        0.0001984142       -0.0009489441
  26 -25       -0.0003908038        0.0008874265
  26 -26        0.0007785688        0.0000213241
  27  27        0.0008693629        0.0008158399
  27  26       -0.0001589647        0.0009817377
  27  25        0.0004438221       -0.0005613853
  27  24       -0.0000708022       -0.0000763758
  27  23        0.0000030588       -0.0001560310
  27  22       -0.0002756122       -0.0001372506
  27  21       -0.0000957470        0.0002010436
  27  20        0.0000662620        0.0001696705
  27  19        0.0002444976        0.0001312918
  27  18       -0.0002573176        0.0003744142
  27  17        0.0000059697        0.0004626693
  27  16        0.0000821047        0.0002784913
  27  15        0.0000496497       -0.0001343686
  27  14        0.0000422609       -0.0001292425
  27  13       -0.0003593883       -0.0007537903
  27  12       -0.0000831116        0.0001677056
  27  11        0.0002645905       -0.0002061575
  27  10        0.0001416300       -0.0005221182
  27   9        0.0001950472       -0.0001537913
  27   8       -0.0000460778       -0.0001987129
  27   7        0.0003311613       -0.0001177982
  27   6       -0.0000735602       -0.0001263641
  27   5        0.0003831996        0.0005384867
  27   4        0.0003320714       -0.0006024261
  27   3        0.0003995652        0.0007253564
  27   2        0.0002594099        0.0007278368
  27   1        0.0003907268        0.0001033117
  27   0       -0.0007984327        0.0000000000
  27  -1       -0.0003907268        0.0001033117
  27  -2        0.0002594099       -0.0007278368
  27  -3       -0.0003995652        0.0007253564
  27  -4        0.0003320714        0.0006024261
  27  -5       -0.0003831996        0.0005384867
  27  -6       -0.0000735602        0.0001263641
  27  -7       -0.0003311613       -0.0001177982
  27  -8       -0.0000460778        0.0001987129
  27  -9       -0.0001950472       -0.0001537913
  27 -10        0.0001416300        0.0005221182
  27 -11       -0.0002645905       -0.0002061575
  27 -12       -0.0000831116       -0.0001677056
  27 -13        0.0003593883       -0.0007537903
  27 -14        0.0000422609        0.0001292425
  27 -15       -0.0000496497       -0.0001343686
  27 -16        0.0000821047       -0.0002784913
  27 -17       -0.0000059697        0.0004626693
  27 -18       -0.0002573176       -0.0003744142
  27 -19       -0.0002444976        0.0001312918
  27 -20        0.0000662620       -0.0001696705
  27 -21        0.0000957470        0.0002010436
  27 -22       -0.0002756122        0.0001372506
  27 -23       -0.0000030588       -0.0001560310
  27 -24       -0.0000708022        0.0000763758
  27 -25       -0.0004438221       -0.0005613853
  27 -26       -0.0001589647       -0.0009817377
  27 -27       -0.0008693629        0.0008158399
  28  28        0.0001009603       -0.0000963793
  28  27       -0.0003382846        0.0003713071
  28  26        0.0003954956       -0.0002482667
  28  25        0.0008322863       -0.0004179488
  28  24        0.0000928287       -0.0005830730
  28  23        0.0000804637        0.0001800561
  28  22        0.0001031970        0.0000875262
  28  21       -0.0003146227        0.0003902146
  28  20        0.0002669049        0.0004214006
  28  19        0.0002268297       -0.0005842038
  28  18       -0.0002085133        0.0002815913
  28  17        0.0002407383       -0.0003671689
  28  16       -0.0002843307        0.0001125971
  28  15        0.0000098545        0.0002144959
  28  14        0.0001691179       -0.0002909050
  28  13       -0.0001351876       -0.0002920956
  28  12        0.0003872712        0.0004372029
  28  11        0.0002305876       -0.0003396127
  28  10        0.0000538383       -0.0004352962
  28   9       -0.0000435548       -0.0000516749
  28   8        0.0003058913        0.0004196912
  28   7        0.0005135932        0.0005581571
  28   6       -0.0005466731        0.0007712457
  28   5        0.0001915521       -0.0002719691
  28   4        0.0003019916       -0.0001445730
  28   3        0.0006627223        0.0007482989
  28   2        0.0004690242        0.0003138155
  28   1        0.0007528309        0.0002332784
  28   0        0.0002978812        0.0000000000
  28  -1       -0.0007528309        0.0002332784
  28  -2        0.0004690242       -0.0003138155
  28  -3       -0.0006627223        0.0007482989
  28  -4        0.0003019916        0.0001445730
  28  -5       -0.0001915521       -0.0002719691
  28  -6       -0.0005466731       -0.0007712457
  28  -7       -0.0005135932        0.0005581571
  28  -8        0.0003058913       -0.0004196912
  28  -9        0.0000435548       -0.0000516749
  28 -10        0.0000538383        0.0004352962
  28 -11       -0.0002305876       -0.0003396127
  28 -12        0.0003872712       -0.0004372029
  28 -13        0.0001351876       -0.0002920956
  28 -14        0.0001691179        0.0002909050
  28 -15       -0.0000098545        0.0002144959
  28 -16       -0.0002843307       -0.0001125971
  28 -17       -0.0002407383       -0.0003671689
  28 -18       -0.0002085133       -0.0002815913
  28 -19       -0.0002268297       -0.0005842038
  28 -20        0.0002669049       -0.0004214006
  28 -21        0.0003146227        0.0003902146
  28 -22        0.0001031970       -0.0000875262
  28 -23       -0.0000804637        0.0001800561
  28 -24        0.0000928287        0.0005830730
  28 -25       -0.0008322863       -0.0004179488
  28 -26        0.0003954956        0.0002482667
  28 -27        0.0003382846        0.0003713071
  28 -28        0.0001009603        0.0000963793
  29  29        0.0002896861       -0.0004423032
  29  28       -0.0000165733        0.0001045878
  29  27        0.0001428151       -0.0001572111
  29  26        0.0001401053        0.0000434784
  29  25       -0.0001379600       -0.0004047740
  29  24       -0.0000158528        0.0000443043
  29  23        0.0002717654        0.0002124316
  29  22       -0.0005400558       -0.0005806281
  29  21       -0.0003944673       -0.0004682287
  29  20       -0.0004271124       -0.0001596334
  29  19       -0.0003693867       -0.0001050375
  29  18        0.0001062114       -0.0003929798
  29  17        0.0000855713       -0.0004562752
  29  16       -0.0001978890       -0.0001612942
  29  15       -0.0000212336        0.0003040817
  29  14       -0.0002440426       -0.0001575688
  29  13        0.0002202125       -0.0001746104
  29  12        0.0004215832        0.0001878764
  29  11       -0.0001199291       -0.0001141997
  29  10       -0.0001033017        0.0003673074
  29   9       -0.0001321851       -0.0001452492
  29   8       -0.0002729841        0.0004237380
  29   7       -0.0003644859        0.0001569952
  29   6       -0.0003345185        0.0003825018
  29   5       -0.0005631886        0.0000397843
  29   4       -0.0005831165       -0.0001578594
  29   3       -0.0002818102       -0.0002003599
  29   2       -0.0003087922        0.0000045073
  29   1       -0.0000716058        0.0003092712
  29   0        0.0003010440        0.0000000000
  29  -1        0.0000716058        0.0003092712
  29  -2       -0.0003087922       -0.0000045073
  29  -3        0.0002818102       -0.0002003599
  29  -4       -0.0005831165        0.0001578594
  29  -5        0.0005631886        0.0000397843
  29  -6       -0.0003345185       -0.0003825018
  29  -7        0.0003644859        0.0001569952
  29  -8       -0.0002729841       -0.0004237380
  29  -9        0.0001321851       -0.0001452492
  29 -10       -0.0001033017       -0.0003673074
  29 -11        0.0001199291       -0.0001141997
  29 -12        0.0004215832       -0.0001878764
  29 -13       -0.0002202125       -0.0001746104
  29 -14       -0.0002440426        0.0001575688
  29 -15        0.0000212336        0.0003040817
  29 -16       -0.0001978890        0.0001612942
  29 -17       -0.0000855713       -0.0004562752
  29 -18        0.0001062114        0.0003929798
  29 -19        0.0003693867       -0.0001050375
  29 -20       -0.0004271124        0.0001596334
  29 -21        0.0003944673       -0.0004682287
  29 -22       -0.0005400558        0.0005806281
  29 -23       -0.0002717654        0.0002124316
  29 -24       -0.0000158528       -0.0000443043
  29 -25        0.0001379600       -0.0004047740
  29 -26        0.0001401053       -0.0000434784
  29 -27       -0.0001428151       -0.0001572111
  29 -28       -0.0000165733       -0.0001045878
  29 -29       -0.0002896861       -0.0004423032
  30  30        0.0005879709        0.0001600194
  30  29       -0.0001520307       -0.0000101077
  30  28       -0.0000411534        0.0001433627
  30  27        0.0002678724       -0.0003440540
  30  26       -0.0006524314        0.0004699999
  30  25       -0.0000011186        0.0001808970
  30  24        0.0000151925        0.0006422276
  30  23        0.0001979545       -0.0000780796
  30  22        0.0001328065        0.0001789989
  30  21       -0.0005412591        0.0000999158
  30  20       -0.0004128770        0.0000140339
  30  19        0.0002508910        0.0001879216
  30  18        0.0003394581        0.0000369705
  30  17       -0.0001481516       -0.0000632368
  30  16        0.0000443504        0.0005853096
  30  15        0.0001849697        0.0003050275
  30  14        0.0001590521        0.0002335658
  30  13       -0.0005553820       -0.0005896247
  30  12       -0.0001109571        0.0004679175
  30  11        0.0002716887        0.0000432648
  30  10       -0.0003346087        0.0004740843
  30   9       -0.0007647670       -0.0001628802
  30   8       -0.0003627561        0.0001732529
  30   7        0.0003089212       -0.0005370245
  30   6       -0.0000684795       -0.0005639409
  30   5       -0.0004629752        0.0006641335
  30   4       -0.0005138401        0.0002974308
  30   3       -0.0000637778       -0.0001843921
  30   2       -0.0003974906        0.0002869635
  30   1       -0.0002822292        0.0002788715
  30   0        0.0002794794        0.0000000000
  30  -1        0.0002822292        0.0002788715
  30  -2       -0.0003974906       -0.0002869635
  30  -3        0.0000637778       -0.0001843921
  30  -4       -0.0005138401       -0.0002974308
  30  -5        0.0004629752        0.0006641335
  30  -6       -0.0000684795        0.0005639409
  30  -7       -0.0003089212       -0.0005370245
  30  -8       -0.0003627561       -0.0001732529
  30  -9        0.0007647670       -0.0001628802
  30 -10       -0.0003346087       -0.0004740843
  30 -11       -0.0002716887        0.0000432648
  30 -12       -0.0001109571       -0.0004679175
  30 -13        0.0005553820       -0.0005896247
  30 -14        0.0001590521       -0.0002335658
  30 -15       -0.0001849697        0.0003050275
  30 -16        0.0000443504       -0.0005853096
  30 -17        0.0001481516       -0.0000632368
  30 -18        0.0003394581       -0.0000369705
  30 -19       -0.0002508910        0.0001879216
  30 -20       -0.0004128770       -0.0000140339
  30 -21        0.0005412591        0.0000999158
  30 -22        0.0001328065       -0.0001789989
  30 -23       -0.0001979545       -0.0000780796
  30 -24        0.0000151925       -0.0006422276
  30 -25        0.0000011186        0.0001808970
  30 -26       -0.0006524314       -0.0004699999
  30 -27       -0.0002678724       -0.0003440540
  30 -28       -0.0000411534       -0.0001433627
  30 -29        0.0001520307       -0.0000101077
  30 -30        0.0005879709       -0.0001600194
