   0   0        3.3739274465        0.0000000000
   1   1        0.0219262052       -0.0065659334
   1   0        0.0435142628        0.0000000000
   1  -1       -0.0219262052       -0.0065659334
   2   2        0.2660842156        0.0568861980
   2   1       -0.0672721584        0.0218198682
   2   0       -0.0534027420        0.0000000000
   2  -1        0.0672721584        0.0218198682
   2  -2        0.2660842156       -0.0568861980
   3   3       -0.0374533048        0.0166513059
   3   2       -0.0946735480       -0.0860015237
   3   1       -0.0086346041       -0.0022900380
   3   0        0.0148343268        0.0000000000
   3  -1        0.0086346041       -0.0022900380
   3  -2       -0.0946735480        0.0860015237
   3  -3        0.0374533048        0.0166513059
   4   4        0.0319712133        0.0427333999
   4   3        0.0074914132        0.0802845847
   4   2       -0.0335349173        0.0248262444
   4   1        0.0030602275       -0.0340146616
   4   0       -0.0988395615        0.0000000000
   4  -1       -0.0030602275       -0.0340146616
   4  -2       -0.0335349173       -0.0248262444
   4  -3       -0.0074914132        0.0802845847
   4  -4        0.0319712133       -0.0427333999
   5   5        0.0019046229        0.0102021675
   5   4        0.0043753971       -0.0185383585
   5   3        0.0140607324        0.0089818698
   5   2        0.0556919805        0.0151016451
   5   1       -0.0050786574       -0.0095049509
   5   0        0.0129063821        0.0000000000
   5  -1        0.0050786574       -0.0095049509
   5  -2        0.0556919805       -0.0151016451
   5  -3       -0.0140607324        0.0089818698
   5  -4        0.0043753971        0.0185383585
   5  -5       -0.0019046229        0.0102021675
   6   6        0.0292828776        0.0110030823
   6   5       -0.0076950226        0.0383587240
   6   4        0.0039748757       -0.0152644787
   6   3        0.0031805663       -0.0247860646
   6   2        0.0118894991       -0.0216716184
   6   1        0.0143124748        0.0260130032
   6   0        0.0064566372        0.0000000000
   6  -1       -0.0143124748        0.0260130032
   6  -2        0.0118894991        0.0216716184
   6  -3       -0.0031805663       -0.0247860646
   6  -4        0.0039748757        0.0152644787
   6  -5        0.0076950226        0.0383587240
   6  -6        0.0292828776       -0.0110030823
   7   7       -0.0134886868        0.0288840074
   7   6       -0.0043080777       -0.0207780980
   7   5        0.0099471703       -0.0104875467
   7   4       -0.0121870530        0.0241610249
   7   3       -0.0168145047       -0.0084029117
   7   2       -0.0198512838       -0.0120307393
   7   1       -0.0074845691       -0.0128237272
   7   0       -0.0070878558        0.0000000000
   7  -1        0.0074845691       -0.0128237272
   7  -2       -0.0198512838        0.0120307393
   7  -3        0.0168145047       -0.0084029117
   7  -4       -0.0121870530       -0.0241610249
   7  -5       -0.0099471703       -0.0104875467
   7  -6       -0.0043080777        0.0207780980
   7  -7        0.0134886868        0.0288840074
   8   8        0.0045410563       -0.0221648490
   8   7        0.0143889694       -0.0089090063
   8   6        0.0056581850        0.0046712549
   8   5        0.0173585824       -0.0242500453
   8   4        0.0073186737       -0.0042766013
   8   3        0.0026027476        0.0064386495
   8   2        0.0047128646       -0.0101491388
   8   1        0.0005230397       -0.0098397698
   8   0        0.0112074635        0.0000000000
   8  -1       -0.0005230397       -0.0098397698
   8  -2        0.0047128646        0.0101491388
   8  -3       -0.0026027476        0.0064386495
   8  -4        0.0073186737        0.0042766013
   8  -5       -0.0173585824       -0.0242500453
   8  -6        0.0056581850       -0.0046712549
   8  -7       -0.0143889694       -0.0089090063
   8  -8        0.0045410563        0.0221648490
   9   9        0.0007840832        0.0212151228
   9   8       -0.0075503419        0.0160943278
   9   7       -0.0140345204        0.0101856313
   9   6       -0.0137186978        0.0082343540
   9   5       -0.0003815107        0.0048117906
   9   4        0.0119120716       -0.0024554515
   9   3        0.0008343290       -0.0023426814
   9   2       -0.0007377825        0.0071944893
   9   1       -0.0125382606        0.0045202686
   9   0       -0.0169156040        0.0000000000
   9  -1        0.0125382606        0.0045202686
   9  -2       -0.0007377825       -0.0071944893
   9  -3       -0.0008343290       -0.0023426814
   9  -4        0.0119120716        0.0024554515
   9  -5        0.0003815107        0.0048117906
   9  -6       -0.0137186978       -0.0082343540
   9  -7        0.0140345204        0.0101856313
   9  -8       -0.0075503419       -0.0160943278
   9  -9       -0.0007840832        0.0212151228
  10  10       -0.0025974293       -0.0060996208
  10   9        0.0088731785       -0.0121065406
  10   8        0.0036815085       -0.0044219557
  10   7        0.0072467733        0.0073986510
  10   6       -0.0069601913       -0.0019287126
  10   5       -0.0088521072       -0.0075639352
  10   4       -0.0014297397       -0.0057788825
  10   3        0.0086317930       -0.0011019116
  10   2        0.0026867546       -0.0016877839
  10   1        0.0029860031       -0.0061340508
  10   0       -0.0142158266        0.0000000000
  10  -1       -0.0029860031       -0.0061340508
  10  -2        0.0026867546        0.0016877839
  10  -3       -0.0086317930       -0.0011019116
  10  -4       -0.0014297397        0.0057788825
  10  -5        0.0088521072       -0.0075639352
  10  -6       -0.0069601913        0.0019287126
  10  -7       -0.0072467733        0.0073986510
  10  -8        0.0036815085        0.0044219557
  10  -9       -0.0088731785       -0.0121065406
  10 -10       -0.0025974293        0.0060996208
  11  11        0.0006205574        0.0049251754
  11  10       -0.0047781405        0.0068127323
  11   9       -0.0025197715        0.0075511924
  11   8       -0.0022888564       -0.0060293301
  11   7        0.0122621549       -0.0034485310
  11   6        0.0102550133        0.0078652488
  11   5       -0.0016656801        0.0068620449
  11   4       -0.0025078788        0.0042528642
  11   3        0.0010788499       -0.0093630754
  11   2        0.0018488501       -0.0004989398
  11   1        0.0082707645        0.0011632020
  11   0        0.0083819147        0.0000000000
  11  -1       -0.0082707645        0.0011632020
  11  -2        0.0018488501        0.0004989398
  11  -3       -0.0010788499       -0.0093630754
  11  -4       -0.0025078788       -0.0042528642
  11  -5        0.0016656801        0.0068620449
  11  -6        0.0102550133       -0.0078652488
  11  -7       -0.0122621549       -0.0034485310
  11  -8       -0.0022888564        0.0060293301
  11  -9        0.0025197715        0.0075511924
  11 -10       -0.0047781405       -0.0068127323
  11 -11       -0.0006205574        0.0049251754
  12  12        0.0065579653       -0.0046010357
  12  11        0.0008232089        0.0026369412
  12  10       -0.0041231845       -0.0035341575
  12   9        0.0016617829        0.0073734056
  12   8       -0.0029191065        0.0001021454
  12   7       -0.0066331836       -0.0026379827
  12   6        0.0020118766       -0.0018376893
  12   5        0.0061366046        0.0029905942
  12   4       -0.0008009592        0.0078847671
  12   3       -0.0046218819        0.0059562076
  12   2       -0.0047816586       -0.0120611100
  12   1       -0.0036259684        0.0015194103
  12   0        0.0006664167        0.0000000000
  12  -1        0.0036259684        0.0015194103
  12  -2       -0.0047816586        0.0120611100
  12  -3        0.0046218819        0.0059562076
  12  -4       -0.0008009592       -0.0078847671
  12  -5       -0.0061366046        0.0029905942
  12  -6        0.0020118766        0.0018376893
  12  -7        0.0066331836       -0.0026379827
  12  -8       -0.0029191065       -0.0001021454
  12  -9       -0.0016617829        0.0073734056
  12 -10       -0.0041231845        0.0035341575
  12 -11       -0.0008232089        0.0026369412
  12 -12        0.0065579653        0.0046010357
  13  13       -0.0022448257        0.0061567232
  13  12        0.0009075454       -0.0014603199
  13  11       -0.0010656489        0.0025975463
  13  10        0.0038445674       -0.0002473293
  13   9        0.0059904288        0.0009365037
  13   8        0.0030238771        0.0017869137
  13   7       -0.0037151703        0.0026624891
  13   6       -0.0029133178       -0.0033904036
  13   5        0.0019765355       -0.0042250827
  13   4       -0.0004748927       -0.0049640468
  13   3        0.0027453473        0.0006384226
  13   2        0.0020390924        0.0036082311
  13   1       -0.0032346216       -0.0063342417
  13   0       -0.0061613649        0.0000000000
  13  -1        0.0032346216       -0.0063342417
  13  -2        0.0020390924       -0.0036082311
  13  -3       -0.0027453473        0.0006384226
  13  -4       -0.0004748927        0.0049640468
  13  -5       -0.0019765355       -0.0042250827
  13  -6       -0.0029133178        0.0033904036
  13  -7        0.0037151703        0.0026624891
  13  -8        0.0030238771       -0.0017869137
  13  -9       -0.0059904288        0.0009365037
  13 -10        0.0038445674        0.0002473293
  13 -11        0.0010656489        0.0025975463
  13 -12        0.0009075454        0.0014603199
  13 -13        0.0022448257        0.0061567232
  14  14        0.0013159017       -0.0040989534
  14  13       -0.0048642517       -0.0000943516
  14  12       -0.0049152184       -0.0031672143
  14  11        0.0013449767       -0.0007100762
  14  10        0.0005017294        0.0008116113
  14   9       -0.0023769905       -0.0007271995
  14   8        0.0026492541        0.0043718872
  14   7        0.0003921719        0.0052155625
  14   6       -0.0020217359        0.0003328499
  14   5       -0.0028898657       -0.0017853762
  14   4        0.0043776471       -0.0005568235
  14   3       -0.0011926695       -0.0023076164
  14   2       -0.0012650660        0.0009435120
  14   1        0.0020907792        0.0027387203
  14   0        0.0039892337        0.0000000000
  14  -1       -0.0020907792        0.0027387203
  14  -2       -0.0012650660       -0.0009435120
  14  -3        0.0011926695       -0.0023076164
  14  -4        0.0043776471        0.0005568235
  14  -5        0.0028898657       -0.0017853762
  14  -6       -0.0020217359       -0.0003328499
  14  -7       -0.0003921719        0.0052155625
  14  -8        0.0026492541       -0.0043718872
  14  -9        0.0023769905       -0.0007271995
  14 -10        0.0005017294       -0.0008116113
  14 -11       -0.0013449767       -0.0007100762
  14 -12       -0.0049152184        0.0031672143
  14 -13        0.0048642517       -0.0000943516
  14 -14        0.0013159017        0.0040989534
  15  15       -0.0049086221       -0.0006988190
  15  14        0.0090107124        0.0006145670
  15  13        0.0002000088        0.0066000606
  15  12        0.0006503073        0.0023023759
  15  11       -0.0002866074        0.0000814198
  15  10       -0.0027914625        0.0007409592
  15   9       -0.0044879770       -0.0028367360
  15   8        0.0033850244       -0.0041215576
  15   7        0.0040534092        0.0008708095
  15   6        0.0014101277        0.0002734211
  15   5       -0.0045761313        0.0036020994
  15   4        0.0004651911        0.0001743955
  15   3        0.0014810306        0.0018048336
  15   2       -0.0007010428       -0.0010636907
  15   1        0.0011930134        0.0008790358
  15   0       -0.0035403887        0.0000000000
  15  -1       -0.0011930134        0.0008790358
  15  -2       -0.0007010428        0.0010636907
  15  -3       -0.0014810306        0.0018048336
  15  -4        0.0004651911       -0.0001743955
  15  -5        0.0045761313        0.0036020994
  15  -6        0.0014101277       -0.0002734211
  15  -7       -0.0040534092        0.0008708095
  15  -8        0.0033850244        0.0041215576
  15  -9        0.0044879770       -0.0028367360
  15 -10       -0.0027914625       -0.0007409592
  15 -11        0.0002866074        0.0000814198
  15 -12        0.0006503073       -0.0023023759
  15 -13       -0.0002000088        0.0066000606
  15 -14        0.0090107124       -0.0006145670
  15 -15        0.0049086221       -0.0006988190
  16  16        0.0041610017        0.0004597081
  16  15       -0.0068785036        0.0026756042
  16  14       -0.0051471333       -0.0026103257
  16  13        0.0035421877       -0.0015239099
  16  12       -0.0013186472       -0.0006517607
  16  11       -0.0001754867       -0.0021607659
  16  10        0.0000284983        0.0025580024
  16   9        0.0021783718        0.0031779229
  16   8        0.0002643263       -0.0031706882
  16   7        0.0005374171        0.0014797682
  16   6        0.0003179874        0.0013918007
  16   5        0.0001752952       -0.0026633030
  16   4       -0.0044742910        0.0006386931
  16   3       -0.0015888961        0.0007579273
  16   2       -0.0012953035       -0.0004101365
  16   1        0.0017324980       -0.0020117950
  16   0        0.0009974009        0.0000000000
  16  -1       -0.0017324980       -0.0020117950
  16  -2       -0.0012953035        0.0004101365
  16  -3        0.0015888961        0.0007579273
  16  -4       -0.0044742910       -0.0006386931
  16  -5       -0.0001752952       -0.0026633030
  16  -6        0.0003179874       -0.0013918007
  16  -7       -0.0005374171        0.0014797682
  16  -8        0.0002643263        0.0031706882
  16  -9       -0.0021783718        0.0031779229
  16 -10        0.0000284983       -0.0025580024
  16 -11        0.0001754867       -0.0021607659
  16 -12       -0.0013186472        0.0006517607
  16 -13       -0.0035421877       -0.0015239099
  16 -14       -0.0051471333        0.0026103257
  16 -15        0.0068785036        0.0026756042
  16 -16        0.0041610017       -0.0004597081
  17  17       -0.0029501105       -0.0014943920
  17  16        0.0038932736       -0.0004317427
  17  15        0.0008878918        0.0003582051
  17  14        0.0005344797        0.0000277302
  17  13        0.0024937479       -0.0018255484
  17  12       -0.0005723560        0.0007149964
  17  11        0.0014261348       -0.0002080651
  17  10        0.0017898300       -0.0006852065
  17   9       -0.0005750289        0.0011081503
  17   8       -0.0015721260        0.0016453499
  17   7       -0.0033491792       -0.0032087988
  17   6        0.0037497988       -0.0012989484
  17   5        0.0016393949        0.0018589810
  17   4        0.0027134078        0.0024328876
  17   3       -0.0020242772        0.0000984515
  17   2        0.0005278700       -0.0012257044
  17   1       -0.0020727710        0.0004928782
  17   0        0.0029239565        0.0000000000
  17  -1        0.0020727710        0.0004928782
  17  -2        0.0005278700        0.0012257044
  17  -3        0.0020242772        0.0000984515
  17  -4        0.0027134078       -0.0024328876
  17  -5       -0.0016393949        0.0018589810
  17  -6        0.0037497988        0.0012989484
  17  -7        0.0033491792       -0.0032087988
  17  -8       -0.0015721260       -0.0016453499
  17  -9        0.0005750289        0.0011081503
  17 -10        0.0017898300        0.0006852065
  17 -11       -0.0014261348       -0.0002080651
  17 -12       -0.0005723560       -0.0007149964
  17 -13       -0.0024937479       -0.0018255484
  17 -14        0.0005344797       -0.0000277302
  17 -15       -0.0008878918        0.0003582051
  17 -16        0.0038932736        0.0004317427
  17 -17        0.0029501105       -0.0014943920
  18  18        0.0013971727        0.0021442837
  18  17       -0.0033526883        0.0009865549
  18  16       -0.0001196169        0.0011572399
  18  15        0.0001984515        0.0003123831
  18  14       -0.0044337615        0.0017623172
  18  13       -0.0022555567        0.0004506858
  18  12       -0.0010099010        0.0007176310
  18  11       -0.0028723546        0.0002482144
  18  10        0.0006238286       -0.0014796025
  18   9       -0.0010105255       -0.0004717897
  18   8        0.0012743306        0.0026550795
  18   7       -0.0016986373        0.0021767789
  18   6       -0.0045520057       -0.0034817499
  18   5        0.0004680692       -0.0012742017
  18   4        0.0004640522       -0.0004986660
  18   3        0.0016171199        0.0044806779
  18   2       -0.0004889988        0.0010892050
  18   1       -0.0015675112        0.0005600260
  18   0       -0.0039850988        0.0000000000
  18  -1        0.0015675112        0.0005600260
  18  -2       -0.0004889988       -0.0010892050
  18  -3       -0.0016171199        0.0044806779
  18  -4        0.0004640522        0.0004986660
  18  -5       -0.0004680692       -0.0012742017
  18  -6       -0.0045520057        0.0034817499
  18  -7        0.0016986373        0.0021767789
  18  -8        0.0012743306       -0.0026550795
  18  -9        0.0010105255       -0.0004717897
  18 -10        0.0006238286        0.0014796025
  18 -11        0.0028723546        0.0002482144
  18 -12       -0.0010099010       -0.0007176310
  18 -13        0.0022555567        0.0004506858
  18 -14       -0.0044337615       -0.0017623172
  18 -15       -0.0001984515        0.0003123831
  18 -16       -0.0001196169       -0.0011572399
  18 -17        0.0033526883        0.0009865549
  18 -18        0.0013971727       -0.0021442837
  19  19       -0.0011804419       -0.0041840136
  19  18        0.0024785606       -0.0008171638
  19  17        0.0003700239       -0.0004197066
  19  16        0.0001691124       -0.0027764107
  19  15        0.0030413328       -0.0035603377
  19  14       -0.0002155315       -0.0012514072
  19  13        0.0003663310        0.0004348674
  19  12        0.0012239774       -0.0009392918
  19  11       -0.0001815495       -0.0008935411
  19  10       -0.0001792580       -0.0013424860
  19   9        0.0028889772       -0.0025871020
  19   8        0.0008515181       -0.0004688514
  19   7        0.0047709839        0.0007428234
  19   6       -0.0001136004        0.0009988614
  19   5       -0.0017978995       -0.0013660158
  19   4       -0.0016677288       -0.0008644158
  19   3        0.0000337214       -0.0036845495
  19   2       -0.0012344309        0.0002618107
  19   1        0.0036319256       -0.0004207891
  19   0       -0.0016923561        0.0000000000
  19  -1       -0.0036319256       -0.0004207891
  19  -2       -0.0012344309       -0.0002618107
  19  -3       -0.0000337214       -0.0036845495
  19  -4       -0.0016677288        0.0008644158
  19  -5        0.0017978995       -0.0013660158
  19  -6       -0.0001136004       -0.0009988614
  19  -7       -0.0047709839        0.0007428234
  19  -8        0.0008515181        0.0004688514
  19  -9       -0.0028889772       -0.0025871020
  19 -10       -0.0001792580        0.0013424860
  19 -11        0.0001815495       -0.0008935411
  19 -12        0.0012239774        0.0009392918
  19 -13       -0.0003663310        0.0004348674
  19 -14       -0.0002155315        0.0012514072
  19 -15       -0.0030413328       -0.0035603377
  19 -16        0.0001691124        0.0027764107
  19 -17       -0.0003700239       -0.0004197066
  19 -18        0.0024785606        0.0008171638
  19 -19        0.0011804419       -0.0041840136
  20  20       -0.0018795047        0.0040001883
  20  19        0.0005712532        0.0003662669
  20  18       -0.0040407496        0.0014609030
  20  17        0.0022629549        0.0012557820
  20  16       -0.0006630678        0.0007379788
  20  15       -0.0019814545        0.0031198957
  20  14        0.0022266022       -0.0021553946
  20  13        0.0002991521        0.0000667069
  20  12        0.0017910885        0.0016055916
  20  11        0.0011978791        0.0007485516
  20  10       -0.0010897909        0.0021565284
  20   9        0.0007297864       -0.0014117746
  20   8        0.0007565320       -0.0010464533
  20   7       -0.0000091586        0.0007638319
  20   6        0.0022772300        0.0016539119
  20   5       -0.0002915751        0.0022326695
  20   4        0.0005753582        0.0014062646
  20   3        0.0008343962       -0.0006933092
  20   2        0.0016722090       -0.0020729776
  20   1       -0.0016052233       -0.0014489709
  20   0        0.0009523706        0.0000000000
  20  -1        0.0016052233       -0.0014489709
  20  -2        0.0016722090        0.0020729776
  20  -3       -0.0008343962       -0.0006933092
  20  -4        0.0005753582       -0.0014062646
  20  -5        0.0002915751        0.0022326695
  20  -6        0.0022772300       -0.0016539119
  20  -7        0.0000091586        0.0007638319
  20  -8        0.0007565320        0.0010464533
  20  -9       -0.0007297864       -0.0014117746
  20 -10       -0.0010897909       -0.0021565284
  20 -11       -0.0011978791        0.0007485516
  20 -12        0.0017910885       -0.0016055916
  20 -13       -0.0002991521        0.0000667069
  20 -14        0.0022266022        0.0021553946
  20 -15        0.0019814545        0.0031198957
  20 -16       -0.0006630678       -0.0007379788
  20 -17       -0.0022629549        0.0012557820
  20 -18       -0.0040407496       -0.0014609030
  20 -19       -0.0005712532        0.0003662669
  20 -20       -0.0018795047       -0.0040001883
  21  21        0.0011084437       -0.0030167650
  21  20        0.0007156454        0.0020211268
  21  19        0.0012086876       -0.0026021281
  21  18        0.0021164384       -0.0022986445
  21  17       -0.0009176228        0.0016070554
  21  16       -0.0000717318       -0.0008900018
  21  15       -0.0013021733       -0.0002478470
  21  14       -0.0018611822        0.0013016051
  21  13       -0.0002184882       -0.0010242232
  21  12       -0.0013921882        0.0008998484
  21  11        0.0006415573        0.0002699187
  21  10       -0.0009521780        0.0002830151
  21   9       -0.0033515669        0.0020748058
  21   8       -0.0007097485       -0.0006025406
  21   7       -0.0015624717       -0.0025422818
  21   6        0.0002492695       -0.0005165139
  21   5        0.0008048157       -0.0003359017
  21   4       -0.0008267040        0.0005240207
  21   3        0.0005318629        0.0007576997
  21   2       -0.0001391185       -0.0000911669
  21   1       -0.0006850044       -0.0008488927
  21   0        0.0006198244        0.0000000000
  21  -1        0.0006850044       -0.0008488927
  21  -2       -0.0001391185        0.0000911669
  21  -3       -0.0005318629        0.0007576997
  21  -4       -0.0008267040       -0.0005240207
  21  -5       -0.0008048157       -0.0003359017
  21  -6        0.0002492695        0.0005165139
  21  -7        0.0015624717       -0.0025422818
  21  -8       -0.0007097485        0.0006025406
  21  -9        0.0033515669        0.0020748058
  21 -10       -0.0009521780       -0.0002830151
  21 -11       -0.0006415573        0.0002699187
  21 -12       -0.0013921882       -0.0008998484
  21 -13        0.0002184882       -0.0010242232
  21 -14       -0.0018611822       -0.0013016051
  21 -15        0.0013021733       -0.0002478470
  21 -16       -0.0000717318        0.0008900018
  21 -17        0.0009176228        0.0016070554
  21 -18        0.0021164384        0.0022986445
  21 -19       -0.0012086876       -0.0026021281
  21 -20        0.0007156454       -0.0020211268
  21 -21       -0.0011084437       -0.0030167650
  22  22       -0.0015782982        0.0036295304
  22  21       -0.0003093515       -0.0014586383
  22  20       -0.0007245074        0.0001244551
  22  19        0.0017954322        0.0022810853
  22  18       -0.0015047206       -0.0009504879
  22  17        0.0009880017        0.0012198661
  22  16        0.0010655714        0.0013063390
  22  15       -0.0005089990       -0.0028289091
  22  14        0.0013687652       -0.0001991494
  22  13        0.0019375047        0.0002378020
  22  12       -0.0010742979       -0.0016592010
  22  11        0.0000393104       -0.0005702964
  22  10        0.0013778447       -0.0025866895
  22   9        0.0011051444       -0.0006056888
  22   8        0.0001346626        0.0020981600
  22   7        0.0012469165        0.0005080635
  22   6       -0.0001109739       -0.0007925234
  22   5        0.0016380129        0.0001524452
  22   4        0.0001749181       -0.0015861466
  22   3       -0.0010722113        0.0004387924
  22   2       -0.0006300395       -0.0000254575
  22   1       -0.0000721036       -0.0023661672
  22   0        0.0001775180        0.0000000000
  22  -1        0.0000721036       -0.0023661672
  22  -2       -0.0006300395        0.0000254575
  22  -3        0.0010722113        0.0004387924
  22  -4        0.0001749181        0.0015861466
  22  -5       -0.0016380129        0.0001524452
  22  -6       -0.0001109739        0.0007925234
  22  -7       -0.0012469165        0.0005080635
  22  -8        0.0001346626       -0.0020981600
  22  -9       -0.0011051444       -0.0006056888
  22 -10        0.0013778447        0.0025866895
  22 -11       -0.0000393104       -0.0005702964
  22 -12       -0.0010742979        0.0016592010
  22 -13       -0.0019375047        0.0002378020
  22 -14        0.0013687652        0.0001991494
  22 -15        0.0005089990       -0.0028289091
  22 -16        0.0010655714       -0.0013063390
  22 -17       -0.0009880017        0.0012198661
  22 -18       -0.0015047206        0.0009504879
  22 -19       -0.0017954322        0.0022810853
  22 -20       -0.0007245074       -0.0001244551
  22 -21        0.0003093515       -0.0014586383
  22 -22       -0.0015782982       -0.0036295304
  23  23       -0.0002809668       -0.0020399298
  23  22       -0.0009127673       -0.0008551902
  23  21        0.0013724603        0.0004841560
  23  20        0.0002932586       -0.0015711463
  23  19       -0.0015345930        0.0003728335
  23  18       -0.0007968978        0.0009778595
  23  17       -0.0004239111       -0.0030223435
  23  16       -0.0001799778        0.0020410105
  23  15        0.0002540992        0.0013067422
  23  14       -0.0004128098        0.0004950505
  23  13        0.0010327611        0.0018419731
  23  12        0.0016005090        0.0004147736
  23  11       -0.0012984184        0.0003098494
  23  10       -0.0001127319        0.0013765352
  23   9        0.0003914128       -0.0015190485
  23   8       -0.0006362378        0.0009197276
  23   7       -0.0004841069       -0.0004190115
  23   6       -0.0007001999        0.0001423234
  23   5       -0.0024164381        0.0000575311
  23   4        0.0018384743        0.0016474389
  23   3        0.0000924568       -0.0004241666
  23   2       -0.0007008951        0.0005756943
  23   1       -0.0002074998        0.0003262589
  23   0        0.0005556770        0.0000000000
  23  -1        0.0002074998        0.0003262589
  23  -2       -0.0007008951       -0.0005756943
  23  -3       -0.0000924568       -0.0004241666
  23  -4        0.0018384743       -0.0016474389
  23  -5        0.0024164381        0.0000575311
  23  -6       -0.0007001999       -0.0001423234
  23  -7        0.0004841069       -0.0004190115
  23  -8       -0.0006362378       -0.0009197276
  23  -9       -0.0003914128       -0.0015190485
  23 -10       -0.0001127319       -0.0013765352
  23 -11        0.0012984184        0.0003098494
  23 -12        0.0016005090       -0.0004147736
  23 -13       -0.0010327611        0.0018419731
  23 -14       -0.0004128098       -0.0004950505
  23 -15       -0.0002540992        0.0013067422
  23 -16       -0.0001799778       -0.0020410105
  23 -17        0.0004239111       -0.0030223435
  23 -18       -0.0007968978       -0.0009778595
  23 -19        0.0015345930        0.0003728335
  23 -20        0.0002932586        0.0015711463
  23 -21       -0.0013724603        0.0004841560
  23 -22       -0.0009127673        0.0008551902
  23 -23        0.0002809668       -0.0020399298
  24  24       -0.0010489702        0.0016466471
  24  23        0.0033822493       -0.0003570082
  24  22        0.0001328650        0.0006469383
  24  21       -0.0002688564        0.0016375663
  24  20        0.0008908297        0.0011952244
  24  19        0.0003713164       -0.0005862172
  24  18        0.0001721114        0.0013160874
  24  17       -0.0003624455       -0.0012753826
  24  16       -0.0004359243       -0.0004056241
  24  15       -0.0001380989        0.0010757788
  24  14       -0.0018793303       -0.0018347578
  24  13       -0.0010831841       -0.0000272701
  24  12        0.0022661876       -0.0010144931
  24  11       -0.0005542642       -0.0001827298
  24  10       -0.0008421272        0.0009105277
  24   9       -0.0002244848        0.0001383128
  24   8        0.0003679735       -0.0021688501
  24   7        0.0002849189        0.0009095527
  24   6        0.0007351189       -0.0008650216
  24   5       -0.0015003400       -0.0002399865
  24   4       -0.0001727237       -0.0001234973
  24   3        0.0005491496       -0.0011797049
  24   2        0.0003341134        0.0005943571
  24   1        0.0022447045        0.0010542668
  24   0       -0.0012167907        0.0000000000
  24  -1       -0.0022447045        0.0010542668
  24  -2        0.0003341134       -0.0005943571
  24  -3       -0.0005491496       -0.0011797049
  24  -4       -0.0001727237        0.0001234973
  24  -5        0.0015003400       -0.0002399865
  24  -6        0.0007351189        0.0008650216
  24  -7       -0.0002849189        0.0009095527
  24  -8        0.0003679735        0.0021688501
  24  -9        0.0002244848        0.0001383128
  24 -10       -0.0008421272       -0.0009105277
  24 -11        0.0005542642       -0.0001827298
  24 -12        0.0022661876        0.0010144931
  24 -13        0.0010831841       -0.0000272701
  24 -14       -0.0018793303        0.0018347578
  24 -15        0.0001380989        0.0010757788
  24 -16       -0.0004359243        0.0004056241
  24 -17        0.0003624455       -0.0012753826
  24 -18        0.0001721114       -0.0013160874
  24 -19       -0.0003713164       -0.0005862172
  24 -20        0.0008908297       -0.0011952244
  24 -21        0.0002688564        0.0016375663
  24 -22        0.0001328650       -0.0006469383
  24 -23       -0.0033822493       -0.0003570082
  24 -24       -0.0010489702       -0.0016466471
  25  25        0.0002641308        0.0001514733
  25  24       -0.0022947410        0.0003380451
  25  23       -0.0028007013       -0.0015427042
  25  22        0.0004416440       -0.0035501175
  25  21       -0.0006960240       -0.0008313748
  25  20        0.0007823839       -0.0000830676
  25  19        0.0006152177       -0.0012870962
  25  18       -0.0015362214       -0.0002535121
  25  17       -0.0000149432        0.0013565738
  25  16        0.0000900184        0.0001093741
  25  15       -0.0004815530        0.0001656640
  25  14        0.0014672968       -0.0004713927
  25  13       -0.0014420965       -0.0001758159
  25  12       -0.0007889511       -0.0002350132
  25  11        0.0017383741       -0.0002388117
  25  10       -0.0001807521       -0.0001701302
  25   9       -0.0002083521        0.0010141363
  25   8       -0.0000946474       -0.0001141102
  25   7        0.0000041750       -0.0006052511
  25   6        0.0014842410        0.0014802560
  25   5        0.0008041767       -0.0026273333
  25   4       -0.0017211545        0.0009206430
  25   3        0.0006541586        0.0012099857
  25   2       -0.0006467589       -0.0008343661
  25   1       -0.0009208315       -0.0003650130
  25   0        0.0028515072        0.0000000000
  25  -1        0.0009208315       -0.0003650130
  25  -2       -0.0006467589        0.0008343661
  25  -3       -0.0006541586        0.0012099857
  25  -4       -0.0017211545       -0.0009206430
  25  -5       -0.0008041767       -0.0026273333
  25  -6        0.0014842410       -0.0014802560
  25  -7       -0.0000041750       -0.0006052511
  25  -8       -0.0000946474        0.0001141102
  25  -9        0.0002083521        0.0010141363
  25 -10       -0.0001807521        0.0001701302
  25 -11       -0.0017383741       -0.0002388117
  25 -12       -0.0007889511        0.0002350132
  25 -13        0.0014420965       -0.0001758159
  25 -14        0.0014672968        0.0004713927
  25 -15        0.0004815530        0.0001656640
  25 -16        0.0000900184       -0.0001093741
  25 -17        0.0000149432        0.0013565738
  25 -18       -0.0015362214        0.0002535121
  25 -19       -0.0006152177       -0.0012870962
  25 -20        0.0007823839        0.0000830676
  25 -21        0.0006960240       -0.0008313748
  25 -22        0.0004416440        0.0035501175
  25 -23        0.0028007013       -0.0015427042
  25 -24       -0.0022947410       -0.0003380451
  25 -25       -0.0002641308        0.0001514733
  26  26       -0.0006168283       -0.0005018564
  26  25        0.0014143028       -0.0000345245
  26  24        0.0025441255        0.0004138466
  26  23        0.0009194733        0.0024926388
  26  22        0.0005678441        0.0004736458
  26  21        0.0019499165        0.0004259324
  26  20       -0.0000809668        0.0017968702
  26  19       -0.0002485337       -0.0013822058
  26  18        0.0001714893       -0.0001727370
  26  17       -0.0003259811        0.0000686324
  26  16        0.0013962335       -0.0009850386
  26  15       -0.0004570036       -0.0005884956
  26  14        0.0008711601        0.0008756517
  26  13       -0.0001937019        0.0000543052
  26  12       -0.0021581356        0.0000629662
  26  11       -0.0002791035       -0.0005582779
  26  10        0.0003451864       -0.0008421994
  26   9        0.0002296316        0.0009572625
  26   8        0.0007657778        0.0009022295
  26   7       -0.0017469897       -0.0008308827
  26   6       -0.0004498166       -0.0007231646
  26   5       -0.0006181682        0.0004030050
  26   4       -0.0003338529       -0.0002246491
  26   3        0.0001008999        0.0016446809
  26   2        0.0003988183       -0.0002820547
  26   1       -0.0011495146       -0.0000939598
  26   0       -0.0011697935        0.0000000000
  26  -1        0.0011495146       -0.0000939598
  26  -2        0.0003988183        0.0002820547
  26  -3       -0.0001008999        0.0016446809
  26  -4       -0.0003338529        0.0002246491
  26  -5        0.0006181682        0.0004030050
  26  -6       -0.0004498166        0.0007231646
  26  -7        0.0017469897       -0.0008308827
  26  -8        0.0007657778       -0.0009022295
  26  -9       -0.0002296316        0.0009572625
  26 -10        0.0003451864        0.0008421994
  26 -11        0.0002791035       -0.0005582779
  26 -12       -0.0021581356       -0.0000629662
  26 -13        0.0001937019        0.0000543052
  26 -14        0.0008711601       -0.0008756517
  26 -15        0.0004570036       -0.0005884956
  26 -16        0.0013962335        0.0009850386
  26 -17        0.0003259811        0.0000686324
  26 -18        0.0001714893        0.0001727370
  26 -19        0.0002485337       -0.0013822058
  26 -20       -0.0000809668       -0.0017968702
  26 -21       -0.0019499165        0.0004259324
  26 -22        0.0005678441       -0.0004736458
  26 -23       -0.0009194733        0.0024926388
  26 -24        0.0025441255       -0.0004138466
  26 -25       -0.0014143028       -0.0000345245
  26 -26       -0.0006168283        0.0005018564
  27  27        0.0000065633        0.0017920573
  27  26       -0.0007316023       -0.0012161435
  27  25       -0.0016527885       -0.0007427502
  27  24        0.0007326009       -0.0007661199
  27  23       -0.0007704422       -0.0003739396
  27  22       -0.0013293387        0.0016216522
  27  21       -0.0012916170       -0.0005416824
  27  20       -0.0009658250       -0.0006645462
  27  19        0.0006908115        0.0014984549
  27  18        0.0009066007       -0.0007519313
  27  17       -0.0005087752        0.0002963004
  27  16       -0.0000529278        0.0009408139
  27  15       -0.0004440010       -0.0010476858
  27  14       -0.0005265035       -0.0008630123
  27  13        0.0009878300        0.0003808185
  27  12        0.0006808024       -0.0006302287
  27  11       -0.0016327209        0.0004295510
  27  10        0.0001365811       -0.0010398447
  27   9        0.0003619449        0.0000676085
  27   8       -0.0000560016        0.0010909492
  27   7        0.0013201079        0.0004394079
  27   6       -0.0013473424       -0.0001569402
  27   5        0.0000631706        0.0005113908
  27   4       -0.0000270664       -0.0011840633
  27   3        0.0004372504        0.0000959707
  27   2       -0.0004275045        0.0002341472
  27   1        0.0009836859        0.0004990051
  27   0       -0.0021846320        0.0000000000
  27  -1       -0.0009836859        0.0004990051
  27  -2       -0.0004275045       -0.0002341472
  27  -3       -0.0004372504        0.0000959707
  27  -4       -0.0000270664        0.0011840633
  27  -5       -0.0000631706        0.0005113908
  27  -6       -0.0013473424        0.0001569402
  27  -7       -0.0013201079        0.0004394079
  27  -8       -0.0000560016       -0.0010909492
  27  -9       -0.0003619449        0.0000676085
  27 -10        0.0001365811        0.0010398447
  27 -11        0.0016327209        0.0004295510
  27 -12        0.0006808024        0.0006302287
  27 -13       -0.0009878300        0.0003808185
  27 -14       -0.0005265035        0.0008630123
  27 -15        0.0004440010       -0.0010476858
  27 -16       -0.0000529278       -0.0009408139
  27 -17        0.0005087752        0.0002963004
  27 -18        0.0009066007        0.0007519313
  27 -19       -0.0006908115        0.0014984549
  27 -20       -0.0009658250        0.0006645462
  27 -21        0.0012916170       -0.0005416824
  27 -22       -0.0013293387       -0.0016216522
  27 -23        0.0007704422       -0.0003739396
  27 -24        0.0007326009        0.0007661199
  27 -25        0.0016527885       -0.0007427502
  27 -26       -0.0007316023        0.0012161435
  27 -27       -0.0000065633        0.0017920573
  28  28        0.0000031891       -0.0008860087
  28  27        0.0016215811        0.0001692757
  28  26        0.0003200451        0.0002068503
  28  25       -0.0005420427       -0.0002837314
  28  24        0.0009110178       -0.0001463445
  28  23        0.0022732803       -0.0005520847
  28  22        0.0003194096       -0.0007317732
  28  21       -0.0001160836       -0.0003608131
  28  20        0.0001415494       -0.0012245651
  28  19        0.0006794336        0.0009766114
  28  18        0.0000516246       -0.0002320088
  28  17       -0.0003772530       -0.0008266285
  28  16        0.0001728140        0.0005474232
  28  15        0.0002693983       -0.0004356886
  28  14       -0.0001701507       -0.0004734661
  28  13        0.0013045372        0.0003281324
  28  12        0.0006875854        0.0001608511
  28  11        0.0001135013        0.0004554246
  28  10       -0.0000425047        0.0005795389
  28   9        0.0002862571       -0.0007911474
  28   8       -0.0004120382       -0.0015755820
  28   7        0.0009525126        0.0007321595
  28   6        0.0001168898        0.0003121797
  28   5        0.0008482896       -0.0003329475
  28   4        0.0000015124       -0.0000822859
  28   3        0.0004371956       -0.0006255397
  28   2        0.0003688421        0.0003936363
  28   1        0.0007546304       -0.0001616351
  28   0       -0.0005166712        0.0000000000
  28  -1       -0.0007546304       -0.0001616351
  28  -2        0.0003688421       -0.0003936363
  28  -3       -0.0004371956       -0.0006255397
  28  -4        0.0000015124        0.0000822859
  28  -5       -0.0008482896       -0.0003329475
  28  -6        0.0001168898       -0.0003121797
  28  -7       -0.0009525126        0.0007321595
  28  -8       -0.0004120382        0.0015755820
  28  -9       -0.0002862571       -0.0007911474
  28 -10       -0.0000425047       -0.0005795389
  28 -11       -0.0001135013        0.0004554246
  28 -12        0.0006875854       -0.0001608511
  28 -13       -0.0013045372        0.0003281324
  28 -14       -0.0001701507        0.0004734661
  28 -15       -0.0002693983       -0.0004356886
  28 -16        0.0001728140       -0.0005474232
  28 -17        0.0003772530       -0.0008266285
  28 -18        0.0000516246        0.0002320088
  28 -19       -0.0006794336        0.0009766114
  28 -20        0.0001415494        0.0012245651
  28 -21        0.0001160836       -0.0003608131
  28 -22        0.0003194096        0.0007317732
  28 -23       -0.0022732803       -0.0005520847
  28 -24        0.0009110178        0.0001463445
  28 -25        0.0005420427       -0.0002837314
  28 -26        0.0003200451       -0.0002068503
  28 -27       -0.0016215811        0.0001692757
  28 -28        0.0000031891        0.0008860087
  29  29       -0.0003547101        0.0012037659
  29  28       -0.0009368566       -0.0001588374
  29  27       -0.0012414462        0.0004777842
  29  26        0.0001667183        0.0007845105
  29  25       -0.0007851997        0.0009804841
  29  24       -0.0013496706        0.0014418839
  29  23        0.0000146630       -0.0003285882
  29  22       -0.0002930863        0.0010440089
  29  21       -0.0007211211        0.0008384546
  29  20       -0.0004606367        0.0010020445
  29  19       -0.0008487334       -0.0003214684
  29  18       -0.0006172926        0.0014909453
  29  17       -0.0001324559        0.0001841489
  29  16        0.0006146621       -0.0003103772
  29  15        0.0002950215        0.0015948359
  29  14       -0.0004745396        0.0002287646
  29  13       -0.0013851720       -0.0000255931
  29  12        0.0003714926       -0.0002778594
  29  11        0.0009729476        0.0001424988
  29  10        0.0002149146        0.0015999458
  29   9        0.0001719220        0.0010422433
  29   8       -0.0002071904        0.0006084852
  29   7       -0.0006700256       -0.0004623859
  29   6        0.0012867897        0.0000122714
  29   5       -0.0006907651        0.0000435807
  29   4       -0.0001552044        0.0006448920
  29   3        0.0008580384        0.0002906901
  29   2        0.0002973166       -0.0000617592
  29   1       -0.0004427846        0.0003326616
  29   0        0.0016137972        0.0000000000
  29  -1        0.0004427846        0.0003326616
  29  -2        0.0002973166        0.0000617592
  29  -3       -0.0008580384        0.0002906901
  29  -4       -0.0001552044       -0.0006448920
  29  -5        0.0006907651        0.0000435807
  29  -6        0.0012867897       -0.0000122714
  29  -7        0.0006700256       -0.0004623859
  29  -8       -0.0002071904       -0.0006084852
  29  -9       -0.0001719220        0.0010422433
  29 -10        0.0002149146       -0.0015999458
  29 -11       -0.0009729476        0.0001424988
  29 -12        0.0003714926        0.0002778594
  29 -13        0.0013851720       -0.0000255931
  29 -14       -0.0004745396       -0.0002287646
  29 -15       -0.0002950215        0.0015948359
  29 -16        0.0006146621        0.0003103772
  29 -17        0.0001324559        0.0001841489
  29 -18       -0.0006172926       -0.0014909453
  29 -19        0.0008487334       -0.0003214684
  29 -20       -0.0004606367       -0.0010020445
  29 -21        0.0007211211        0.0008384546
  29 -22       -0.0002930863       -0.0010440089
  29 -23       -0.0000146630       -0.0003285882
  29 -24       -0.0013496706       -0.0014418839
  29 -25        0.0007851997        0.0009804841
  29 -26        0.0001667183       -0.0007845105
  29 -27        0.0012414462        0.0004777842
  29 -28       -0.0009368566        0.0001588374
  29 -29        0.0003547101        0.0012037659
  30  30        0.0004736444       -0.0008549189
  30  29        0.0011283729       -0.0004671566
  30  28       -0.0002486240       -0.0006265242
  30  27        0.0008626012       -0.0017799297
  30  26        0.0016415064        0.0003418200
  30  25        0.0014671555       -0.0003752441
  30  24       -0.0012305596       -0.0002403583
  30  23       -0.0006038239       -0.0000985885
  30  22        0.0008256269       -0.0016772271
  30  21       -0.0004120229       -0.0003678781
  30  20        0.0000260457        0.0003448687
  30  19        0.0004954531       -0.0009062219
  30  18       -0.0014784393       -0.0009014439
  30  17        0.0000295134        0.0001141145
  30  16        0.0001070018       -0.0005102227
  30  15       -0.0000245552        0.0000481474
  30  14        0.0005013952        0.0008486334
  30  13       -0.0010747694       -0.0001415396
  30  12       -0.0004882957       -0.0009101519
  30  11       -0.0007750631       -0.0010297183
  30  10        0.0004639994       -0.0020398838
  30   9        0.0000325974        0.0014167297
  30   8        0.0001096592       -0.0007591222
  30   7       -0.0004416495        0.0005787925
  30   6        0.0000567282       -0.0011243825
  30   5        0.0002473070       -0.0001257607
  30   4       -0.0004675216        0.0000796380
  30   3       -0.0001107341        0.0007948149
  30   2       -0.0007159460        0.0001600743
  30   1        0.0002658388        0.0004269937
  30   0       -0.0004681458        0.0000000000
  30  -1       -0.0002658388        0.0004269937
  30  -2       -0.0007159460       -0.0001600743
  30  -3        0.0001107341        0.0007948149
  30  -4       -0.0004675216       -0.0000796380
  30  -5       -0.0002473070       -0.0001257607
  30  -6        0.0000567282        0.0011243825
  30  -7        0.0004416495        0.0005787925
  30  -8        0.0001096592        0.0007591222
  30  -9       -0.0000325974        0.0014167297
  30 -10        0.0004639994        0.0020398838
  30 -11        0.0007750631       -0.0010297183
  30 -12       -0.0004882957        0.0009101519
  30 -13        0.0010747694       -0.0001415396
  30 -14        0.0005013952       -0.0008486334
  30 -15        0.0000245552        0.0000481474
  30 -16        0.0001070018        0.0005102227
  30 -17       -0.0000295134        0.0001141145
  30 -18       -0.0014784393        0.0009014439
  30 -19       -0.0004954531       -0.0009062219
  30 -20        0.0000260457       -0.0003448687
  30 -21        0.0004120229       -0.0003678781
  30 -22        0.0008256269        0.0016772271
  30 -23        0.0006038239       -0.0000985885
  30 -24       -0.0012305596        0.0002403583
  30 -25       -0.0014671555       -0.0003752441
  30 -26        0.0016415064       -0.0003418200
  30 -27       -0.0008626012       -0.0017799297
  30 -28       -0.0002486240        0.0006265242
  30 -29       -0.0011283729       -0.0004671566
  30 -30        0.0004736444        0.0008549189
