   0   0       19.6953459883        0.0000000000
   1   1        0.1428095846        0.5676304959
   1   0        0.3964029451        0.0000000000
   1  -1       -0.1428095846        0.5676304959
   2   2        1.6142105538        2.5171175766
   2   1        0.1470129040        1.2276254120
   2   0        3.4592996319        0.0000000000
   2  -1       -0.1470129040        1.2276254120
   2  -2        1.6142105538       -2.5171175766
   3   3       -0.2778290921       -0.2029757659
   3   2        0.4763336384       -0.0740847923
   3   1       -0.1438469405       -0.3867023306
   3   0       -0.2547061668        0.0000000000
   3  -1        0.1438469405       -0.3867023306
   3  -2        0.4763336384        0.0740847923
   3  -3        0.2778290921       -0.2029757659
   4   4       -0.3453410889        0.5726564491
   4   3       -0.1931615707        0.2704743409
   4   2        0.0838838834        0.7748922888
   4   1        0.3915727384        0.4223778620
   4   0        0.5641017037        0.0000000000
   4  -1       -0.3915727384        0.4223778620
   4  -2        0.0838838834       -0.7748922888
   4  -3        0.1931615707        0.2704743409
   4  -4       -0.3453410889       -0.5726564491
   5   5        0.0313656478       -0.1915169407
   5   4        0.2322100426        0.3490948040
   5   3        0.3425356880       -0.1244437829
   5   2        0.2278138515       -0.3570659574
   5   1        0.0566974953       -0.2031508974
   5   0        0.1489497655        0.0000000000
   5  -1       -0.0566974953       -0.2031508974
   5  -2        0.2278138515        0.3570659574
   5  -3       -0.3425356880       -0.1244437829
   5  -4        0.2322100426       -0.3490948040
   5  -5       -0.0313656478       -0.1915169407
   6   6       -0.1973772746        0.1705499372
   6   5       -0.1371377824        0.0956910537
   6   4       -0.2988659603        0.1129880306
   6   3        0.0132913162        0.1187673746
   6   2       -0.2238751961        0.3089539248
   6   1        0.1058326557        0.0041711443
   6   0        0.0554411796        0.0000000000
   6  -1       -0.1058326557        0.0041711443
   6  -2       -0.2238751961       -0.3089539248
   6  -3       -0.0132913162        0.1187673746
   6  -4       -0.2988659603       -0.1129880306
   6  -5        0.1371377824        0.0956910537
   6  -6       -0.1973772746       -0.1705499372
   7   7        0.1604568901        0.0117313067
   7   6        0.0018589602        0.1694776982
   7   5        0.1711449081        0.1270857818
   7   4        0.1852387501        0.0738318828
   7   3        0.2481042080        0.0259084566
   7   2        0.0448768108       -0.0709094979
   7   1        0.1015254794       -0.0288397760
   7   0       -0.0223675323        0.0000000000
   7  -1       -0.1015254794       -0.0288397760
   7  -2        0.0448768108        0.0709094979
   7  -3       -0.2481042080        0.0259084566
   7  -4        0.1852387501       -0.0738318828
   7  -5       -0.1711449081        0.1270857818
   7  -6        0.0018589602       -0.1694776982
   7  -7       -0.1604568901        0.0117313067
   8   8       -0.1151960499       -0.0157999813
   8   7       -0.0532118307       -0.1355858264
   8   6       -0.0974068835       -0.1877275669
   8   5        0.0271726611        0.0095739919
   8   4       -0.1136333352       -0.0337782038
   8   3       -0.0118878754       -0.0095671253
   8   2       -0.0743388046        0.0744551221
   8   1       -0.0056779201       -0.1295984984
   8   0       -0.0420827562        0.0000000000
   8  -1        0.0056779201       -0.1295984984
   8  -2       -0.0743388046       -0.0744551221
   8  -3        0.0118878754       -0.0095671253
   8  -4       -0.1136333352        0.0337782038
   8  -5       -0.0271726611        0.0095739919
   8  -6       -0.0974068835        0.1877275669
   8  -7        0.0532118307       -0.1355858264
   8  -8       -0.1151960499        0.0157999813
   9   9       -0.0144578422        0.0513994382
   9   8       -0.2129993143       -0.0393668701
   9   7       -0.1021729619        0.0041716884
   9   6       -0.0062246490        0.1066518162
   9   5        0.0861814303        0.1771754651
   9   4        0.0878536306        0.0735526292
   9   3        0.0506181615        0.0638823624
   9   2        0.0082321723        0.0400943263
   9   1        0.0753245235       -0.0265361390
   9   0       -0.0501456652        0.0000000000
   9  -1       -0.0753245235       -0.0265361390
   9  -2        0.0082321723       -0.0400943263
   9  -3       -0.0506181615        0.0638823624
   9  -4        0.0878536306       -0.0735526292
   9  -5       -0.0861814303        0.1771754651
   9  -6       -0.0062246490       -0.1066518162
   9  -7        0.1021729619        0.0041716884
   9  -8       -0.2129993143        0.0393668701
   9  -9        0.0144578422        0.0513994382
  10  10       -0.0536948838       -0.0682899617
  10   9        0.0334664919       -0.0540195430
  10   8       -0.0062715868        0.0326551721
  10   7        0.0264520231       -0.0592372011
  10   6        0.1048341323       -0.0415173915
  10   5       -0.0019720661       -0.0557591917
  10   4       -0.0411616764       -0.0674702804
  10   3       -0.0009396275       -0.0208402348
  10   2       -0.0462712049       -0.0696330835
  10   1       -0.0233891559       -0.1038801273
  10   0        0.0284212526        0.0000000000
  10  -1        0.0233891559       -0.1038801273
  10  -2       -0.0462712049        0.0696330835
  10  -3        0.0009396275       -0.0208402348
  10  -4       -0.0411616764        0.0674702804
  10  -5        0.0019720661       -0.0557591917
  10  -6        0.1048341323        0.0415173915
  10  -7       -0.0264520231       -0.0592372011
  10  -8       -0.0062715868       -0.0326551721
  10  -9       -0.0334664919       -0.0540195430
  10 -10       -0.0536948838        0.0682899617
  11  11       -0.0153674285        0.0652130916
  11  10       -0.0780778164       -0.0345081885
  11   9       -0.1272603795       -0.0134365421
  11   8       -0.0214589865       -0.0230406700
  11   7       -0.1123422647        0.0771261720
  11   6       -0.0831053415        0.0352630854
  11   5        0.0577242978        0.1058624481
  11   4        0.0226774053        0.1097257114
  11   3        0.0437671664        0.0485971900
  11   2        0.0107324558       -0.0400171418
  11   1        0.0077766316        0.0353535691
  11   0       -0.0865142458        0.0000000000
  11  -1       -0.0077766316        0.0353535691
  11  -2        0.0107324558        0.0400171418
  11  -3       -0.0437671664        0.0485971900
  11  -4        0.0226774053       -0.1097257114
  11  -5       -0.0577242978        0.1058624481
  11  -6       -0.0831053415       -0.0352630854
  11  -7        0.1123422647        0.0771261720
  11  -8       -0.0214589865        0.0230406700
  11  -9        0.1272603795       -0.0134365421
  11 -10       -0.0780778164        0.0345081885
  11 -11        0.0153674285        0.0652130916
  12  12       -0.0330687695       -0.0846198948
  12  11       -0.0404569163        0.0346112090
  12  10       -0.0205715874       -0.0786225590
  12   9       -0.0337088589        0.0641037782
  12   8        0.0518430713       -0.0025449504
  12   7       -0.0332330512        0.0352859016
  12   6        0.1014571156       -0.0319239282
  12   5        0.0402464522       -0.0075337819
  12   4       -0.0128759743       -0.0264885927
  12   3        0.0151458772        0.0295918550
  12   2        0.0066288849        0.0159451788
  12   1        0.0074502970        0.0210238503
  12   0       -0.0376486760        0.0000000000
  12  -1       -0.0074502970        0.0210238503
  12  -2        0.0066288849       -0.0159451788
  12  -3       -0.0151458772        0.0295918550
  12  -4       -0.0128759743        0.0264885927
  12  -5       -0.0402464522       -0.0075337819
  12  -6        0.1014571156        0.0319239282
  12  -7        0.0332330512        0.0352859016
  12  -8        0.0518430713        0.0025449504
  12  -9        0.0337088589        0.0641037782
  12 -10       -0.0205715874        0.0786225590
  12 -11        0.0404569163        0.0346112090
  12 -12       -0.0330687695        0.0846198948
  13  13       -0.0261293038        0.0413743013
  13  12        0.0357290583       -0.0049942902
  13  11       -0.0209499885       -0.0492302048
  13  10       -0.0574463422       -0.0178646815
  13   9       -0.0394624714        0.0467629199
  13   8       -0.0140578930       -0.0200550412
  13   7       -0.0553419890       -0.0166989032
  13   6       -0.0564398758        0.0805369633
  13   5        0.0251619435        0.0592317669
  13   4       -0.0234727053        0.0128217398
  13   3       -0.0178915329        0.0128395565
  13   2        0.0024381570        0.0458490013
  13   1       -0.0163011335        0.0235885269
  13   0        0.0053710841        0.0000000000
  13  -1        0.0163011335        0.0235885269
  13  -2        0.0024381570       -0.0458490013
  13  -3        0.0178915329        0.0128395565
  13  -4       -0.0234727053       -0.0128217398
  13  -5       -0.0251619435        0.0592317669
  13  -6       -0.0564398758       -0.0805369633
  13  -7        0.0553419890       -0.0166989032
  13  -8       -0.0140578930        0.0200550412
  13  -9        0.0394624714        0.0467629199
  13 -10       -0.0574463422        0.0178646815
  13 -11        0.0209499885       -0.0492302048
  13 -12        0.0357290583        0.0049942902
  13 -13        0.0261293038        0.0413743013
  14  14        0.0015177780        0.0113544052
  14  13       -0.0163271241        0.0364526612
  14  12        0.0006443597        0.0951192436
  14  11       -0.0359524212        0.0011686064
  14  10       -0.0244656667       -0.0189108155
  14   9       -0.0122027393        0.0550033124
  14   8        0.0349841830        0.0397766451
  14   7        0.0399041074       -0.0073708877
  14   6        0.0583725153       -0.0234608472
  14   5       -0.0129886147        0.0109446053
  14   4        0.0210640151        0.0051294164
  14   3        0.0328327317        0.0227457608
  14   2        0.0040436202       -0.0341401598
  14   1       -0.0078744527       -0.0315888111
  14   0       -0.0478059702        0.0000000000
  14  -1        0.0078744527       -0.0315888111
  14  -2        0.0040436202        0.0341401598
  14  -3       -0.0328327317        0.0227457608
  14  -4        0.0210640151       -0.0051294164
  14  -5        0.0129886147        0.0109446053
  14  -6        0.0583725153        0.0234608472
  14  -7       -0.0399041074       -0.0073708877
  14  -8        0.0349841830       -0.0397766451
  14  -9        0.0122027393        0.0550033124
  14 -10       -0.0244656667        0.0189108155
  14 -11        0.0359524212        0.0011686064
  14 -12        0.0006443597       -0.0951192436
  14 -13        0.0163271241        0.0364526612
  14 -14        0.0015177780       -0.0113544052
  15  15        0.0212138420        0.0100008545
  15  14        0.0079694240       -0.0748073522
  15  13       -0.0015968223       -0.0365187574
  15  12        0.0674715364        0.0145498571
  15  11       -0.0202021903       -0.0153933374
  15  10       -0.0013661203       -0.0297593249
  15   9       -0.0346517925        0.0096789786
  15   8       -0.0499325556        0.0630743656
  15   7       -0.0593941808        0.0325134775
  15   6        0.0033948537        0.0479238574
  15   5       -0.0356802192        0.0638498788
  15   4        0.0116844800       -0.0114883352
  15   3       -0.0309855249       -0.0268490597
  15   2       -0.0251885281        0.0532632027
  15   1        0.0475055637        0.0502496347
  15   0        0.0044452910        0.0000000000
  15  -1       -0.0475055637        0.0502496347
  15  -2       -0.0251885281       -0.0532632027
  15  -3        0.0309855249       -0.0268490597
  15  -4        0.0116844800        0.0114883352
  15  -5        0.0356802192        0.0638498788
  15  -6        0.0033948537       -0.0479238574
  15  -7        0.0593941808        0.0325134775
  15  -8       -0.0499325556       -0.0630743656
  15  -9        0.0346517925        0.0096789786
  15 -10       -0.0013661203        0.0297593249
  15 -11        0.0202021903       -0.0153933374
  15 -12        0.0674715364       -0.0145498571
  15 -13        0.0015968223       -0.0365187574
  15 -14        0.0079694240        0.0748073522
  15 -15       -0.0212138420        0.0100008545
  16  16        0.0413802605        0.0393518966
  16  15        0.0479375419       -0.0050161750
  16  14        0.0031258927       -0.0479868420
  16  13        0.0220930759        0.0035574161
  16  12        0.0183748674        0.0479859383
  16  11       -0.0351836976        0.0416730268
  16  10       -0.0378380592        0.0793483123
  16   9        0.0260023853        0.0465958178
  16   8       -0.0034816391        0.0232298452
  16   7       -0.0103777406        0.0644980211
  16   6        0.0177008577        0.0244876116
  16   5        0.0181980583        0.0306178866
  16   4        0.0428689289       -0.0137932325
  16   3       -0.0146047051       -0.0511914684
  16   2        0.0125925145       -0.0295244101
  16   1        0.0222074355       -0.0447832229
  16   0        0.0231183063        0.0000000000
  16  -1       -0.0222074355       -0.0447832229
  16  -2        0.0125925145        0.0295244101
  16  -3        0.0146047051       -0.0511914684
  16  -4        0.0428689289        0.0137932325
  16  -5       -0.0181980583        0.0306178866
  16  -6        0.0177008577       -0.0244876116
  16  -7        0.0103777406        0.0644980211
  16  -8       -0.0034816391       -0.0232298452
  16  -9       -0.0260023853        0.0465958178
  16 -10       -0.0378380592       -0.0793483123
  16 -11        0.0351836976        0.0416730268
  16 -12        0.0183748674       -0.0479859383
  16 -13       -0.0220930759        0.0035574161
  16 -14        0.0031258927        0.0479868420
  16 -15       -0.0479375419       -0.0050161750
  16 -16        0.0413802605       -0.0393518966
  17  17       -0.0349542308       -0.0484509257
  17  16        0.0314478982       -0.0000809515
  17  15        0.0430998490        0.0034265594
  17  14        0.0343208456        0.0190511431
  17  13       -0.0211462953       -0.0251700689
  17  12       -0.0104292721       -0.0071210204
  17  11        0.0185970996       -0.0323937597
  17  10        0.0133939750       -0.0376111566
  17   9        0.0044604005       -0.0060263730
  17   8       -0.0497234559       -0.0008188176
  17   7       -0.0006564869       -0.0126028849
  17   6       -0.0091041700       -0.0227623824
  17   5       -0.0198079973        0.0093903097
  17   4        0.0111807710       -0.0294200964
  17   3       -0.0073349801        0.0293528742
  17   2       -0.0245750080       -0.0242386768
  17   1       -0.0107337156        0.0000074262
  17   0       -0.0180523140        0.0000000000
  17  -1        0.0107337156        0.0000074262
  17  -2       -0.0245750080        0.0242386768
  17  -3        0.0073349801        0.0293528742
  17  -4        0.0111807710        0.0294200964
  17  -5        0.0198079973        0.0093903097
  17  -6       -0.0091041700        0.0227623824
  17  -7        0.0006564869       -0.0126028849
  17  -8       -0.0497234559        0.0008188176
  17  -9       -0.0044604005       -0.0060263730
  17 -10        0.0133939750        0.0376111566
  17 -11       -0.0185970996       -0.0323937597
  17 -12       -0.0104292721        0.0071210204
  17 -13        0.0211462953       -0.0251700689
  17 -14        0.0343208456       -0.0190511431
  17 -15       -0.0430998490        0.0034265594
  17 -16        0.0314478982        0.0000809515
  17 -17        0.0349542308       -0.0484509257
  18  18        0.0498059376        0.0716933209
  18  17        0.0074887575       -0.0282590974
  18  16       -0.0199953850        0.0012852304
  18  15        0.0257386678        0.0244413365
  18  14        0.0239126581        0.0073747886
  18  13       -0.0315245003       -0.0059725998
  18  12       -0.0170291941        0.0711418996
  18  11       -0.0116828843        0.0363183791
  18  10       -0.0347701364        0.0501252558
  18   9       -0.0573362124        0.0612006942
  18   8        0.0164633197        0.0451867135
  18   7        0.0172981436       -0.0423627902
  18   6        0.0085136942       -0.0237501721
  18   5        0.0288194800       -0.0087340984
  18   4        0.0474062787       -0.0212410026
  18   3       -0.0125939254       -0.0161906280
  18   2        0.0165670660       -0.0048574685
  18   1        0.0354983033        0.0105046194
  18   0        0.0038116757        0.0000000000
  18  -1       -0.0354983033        0.0105046194
  18  -2        0.0165670660        0.0048574685
  18  -3        0.0125939254       -0.0161906280
  18  -4        0.0474062787        0.0212410026
  18  -5       -0.0288194800       -0.0087340984
  18  -6        0.0085136942        0.0237501721
  18  -7       -0.0172981436       -0.0423627902
  18  -8        0.0164633197       -0.0451867135
  18  -9        0.0573362124        0.0612006942
  18 -10       -0.0347701364       -0.0501252558
  18 -11        0.0116828843        0.0363183791
  18 -12       -0.0170291941       -0.0711418996
  18 -13        0.0315245003       -0.0059725998
  18 -14        0.0239126581       -0.0073747886
  18 -15       -0.0257386678        0.0244413365
  18 -16       -0.0199953850       -0.0012852304
  18 -17       -0.0074887575       -0.0282590974
  18 -18        0.0498059376       -0.0716933209
  19  19       -0.0191127022       -0.0432421439
  19  18        0.0012746253       -0.0422947553
  19  17       -0.0138673373       -0.0025318118
  19  16        0.0345913209       -0.0120098924
  19  15        0.0186831314        0.0048642470
  19  14       -0.0045659756       -0.0129350628
  19  13       -0.0336169861       -0.0073584636
  19  12        0.0064136664        0.0330327205
  19  11        0.0247926629       -0.0155901520
  19  10        0.0110909755       -0.0579019109
  19   9        0.0422136004        0.0112644657
  19   8        0.0111708104       -0.0282200891
  19   7        0.0254607227       -0.0165188214
  19   6       -0.0002140690        0.0020962242
  19   5        0.0298995410       -0.0158872161
  19   4        0.0156016697        0.0185257323
  19   3       -0.0244736055        0.0066267515
  19   2       -0.0152439054       -0.0331685037
  19   1        0.0176501814       -0.0482879226
  19   0       -0.0261546069        0.0000000000
  19  -1       -0.0176501814       -0.0482879226
  19  -2       -0.0152439054        0.0331685037
  19  -3        0.0244736055        0.0066267515
  19  -4        0.0156016697       -0.0185257323
  19  -5       -0.0298995410       -0.0158872161
  19  -6       -0.0002140690       -0.0020962242
  19  -7       -0.0254607227       -0.0165188214
  19  -8        0.0111708104        0.0282200891
  19  -9       -0.0422136004        0.0112644657
  19 -10        0.0110909755        0.0579019109
  19 -11       -0.0247926629       -0.0155901520
  19 -12        0.0064136664       -0.0330327205
  19 -13        0.0336169861       -0.0073584636
  19 -14       -0.0045659756        0.0129350628
  19 -15       -0.0186831314        0.0048642470
  19 -16        0.0345913209        0.0120098924
  19 -17        0.0138673373       -0.0025318118
  19 -18        0.0012746253        0.0422947553
  19 -19        0.0191127022       -0.0432421439
  20  20        0.0215649509       -0.0444923709
  20  19        0.0287427477       -0.0186327051
  20  18       -0.0126708228        0.0190817282
  20  17        0.0427315241       -0.0312450076
  20  16       -0.0148400594       -0.0097496774
  20  15       -0.0092684527       -0.0251461676
  20  14       -0.0116357473        0.0210779090
  20  13        0.0053776900        0.0208624846
  20  12       -0.0163577336       -0.0032273236
  20  11       -0.0376960130       -0.0139895890
  20  10       -0.0258701113        0.0297810040
  20   9        0.0194818057        0.0467787337
  20   8       -0.0419762531        0.0385157609
  20   7       -0.0060687562        0.0100803840
  20   6       -0.0055822819       -0.0167156548
  20   5        0.0119765022       -0.0204390078
  20   4        0.0198008194       -0.0132991668
  20   3       -0.0481635784       -0.0051965000
  20   2        0.0038883313       -0.0062944950
  20   1        0.0068553321        0.0378229176
  20   0       -0.0254710807        0.0000000000
  20  -1       -0.0068553321        0.0378229176
  20  -2        0.0038883313        0.0062944950
  20  -3        0.0481635784       -0.0051965000
  20  -4        0.0198008194        0.0132991668
  20  -5       -0.0119765022       -0.0204390078
  20  -6       -0.0055822819        0.0167156548
  20  -7        0.0060687562        0.0100803840
  20  -8       -0.0419762531       -0.0385157609
  20  -9       -0.0194818057        0.0467787337
  20 -10       -0.0258701113       -0.0297810040
  20 -11        0.0376960130       -0.0139895890
  20 -12       -0.0163577336        0.0032273236
  20 -13       -0.0053776900        0.0208624846
  20 -14       -0.0116357473       -0.0210779090
  20 -15        0.0092684527       -0.0251461676
  20 -16       -0.0148400594        0.0097496774
  20 -17       -0.0427315241       -0.0312450076
  20 -18       -0.0126708228       -0.0190817282
  20 -19       -0.0287427477       -0.0186327051
  20 -20        0.0215649509        0.0444923709
  21  21       -0.0045202034       -0.0357512229
  21  20        0.0144041414        0.0250675301
  21  19        0.0022701668        0.0114683172
  21  18        0.0033303942       -0.0059855452
  21  17       -0.0079634222        0.0099543627
  21  16        0.0197175251       -0.0089218119
  21  15       -0.0210874193        0.0251246553
  21  14        0.0145063014       -0.0150733928
  21  13       -0.0006263356       -0.0022112216
  21  12        0.0002517534        0.0166359038
  21  11        0.0233120873        0.0322010616
  21  10        0.0355560314       -0.0085756112
  21   9        0.0155283695       -0.0181167579
  21   8       -0.0152296543       -0.0456708884
  21   7        0.0547017727       -0.0157671548
  21   6       -0.0122025388       -0.0305317720
  21   5       -0.0029277352       -0.0130236918
  21   4       -0.0008374839        0.0051981790
  21   3       -0.0143387372       -0.0192879085
  21   2        0.0206491007       -0.0247321978
  21   1        0.0175925000        0.0290603863
  21   0       -0.0238006820        0.0000000000
  21  -1       -0.0175925000        0.0290603863
  21  -2        0.0206491007        0.0247321978
  21  -3        0.0143387372       -0.0192879085
  21  -4       -0.0008374839       -0.0051981790
  21  -5        0.0029277352       -0.0130236918
  21  -6       -0.0122025388        0.0305317720
  21  -7       -0.0547017727       -0.0157671548
  21  -8       -0.0152296543        0.0456708884
  21  -9       -0.0155283695       -0.0181167579
  21 -10        0.0355560314        0.0085756112
  21 -11       -0.0233120873        0.0322010616
  21 -12        0.0002517534       -0.0166359038
  21 -13        0.0006263356       -0.0022112216
  21 -14        0.0145063014        0.0150733928
  21 -15        0.0210874193        0.0251246553
  21 -16        0.0197175251        0.0089218119
  21 -17        0.0079634222        0.0099543627
  21 -18        0.0033303942        0.0059855452
  21 -19       -0.0022701668        0.0114683172
  21 -20        0.0144041414       -0.0250675301
  21 -21        0.0045202034       -0.0357512229
  22  22       -0.0174791107        0.0063445955
  22  21       -0.0139404472       -0.0308249312
  22  20        0.0007851954       -0.0022163049
  22  19        0.0291523015        0.0079562714
  22  18        0.0048079619       -0.0110099950
  22  17       -0.0006389600       -0.0445716887
  22  16       -0.0050686331       -0.0442372912
  22  15        0.0212557606       -0.0128565851
  22  14        0.0048664103       -0.0267170633
  22  13        0.0041060703       -0.0032409715
  22  12        0.0197131587       -0.0285706965
  22  11       -0.0120441222        0.0189828487
  22  10       -0.0231728660       -0.0013139464
  22   9        0.0002262817        0.0256650040
  22   8        0.0127940635        0.0280070076
  22   7       -0.0092898432        0.0152544978
  22   6       -0.0089549520        0.0095920690
  22   5       -0.0020583338        0.0161893881
  22   4       -0.0232498577       -0.0375116128
  22   3       -0.0260050691        0.0041055451
  22   2        0.0246398804       -0.0298499129
  22   1       -0.0234550974        0.0240989192
  22   0       -0.0366318901        0.0000000000
  22  -1        0.0234550974        0.0240989192
  22  -2        0.0246398804        0.0298499129
  22  -3        0.0260050691        0.0041055451
  22  -4       -0.0232498577        0.0375116128
  22  -5        0.0020583338        0.0161893881
  22  -6       -0.0089549520       -0.0095920690
  22  -7        0.0092898432        0.0152544978
  22  -8        0.0127940635       -0.0280070076
  22  -9       -0.0002262817        0.0256650040
  22 -10       -0.0231728660        0.0013139464
  22 -11        0.0120441222        0.0189828487
  22 -12        0.0197131587        0.0285706965
  22 -13       -0.0041060703       -0.0032409715
  22 -14        0.0048664103        0.0267170633
  22 -15       -0.0212557606       -0.0128565851
  22 -16       -0.0050686331        0.0442372912
  22 -17        0.0006389600       -0.0445716887
  22 -18        0.0048079619        0.0110099950
  22 -19       -0.0291523015        0.0079562714
  22 -20        0.0007851954        0.0022163049
  22 -21        0.0139404472       -0.0308249312
  22 -22       -0.0174791107       -0.0063445955
  23  23       -0.0211289144       -0.0198731819
  23  22       -0.0060909882        0.0336405084
  23  21        0.0079778929        0.0052153988
  23  20       -0.0265015427        0.0027362883
  23  19        0.0061191187       -0.0044904773
  23  18        0.0067562669        0.0230273510
  23  17        0.0263431908       -0.0089768787
  23  16       -0.0217242427        0.0070623284
  23  15       -0.0116485353        0.0448654926
  23  14       -0.0066632744       -0.0017013849
  23  13       -0.0040023988       -0.0112295337
  23  12        0.0021334384        0.0559740945
  23  11       -0.0230724890        0.0260555218
  23  10        0.0251965401       -0.0034725953
  23   9        0.0309462385       -0.0133541931
  23   8        0.0105790962        0.0092412704
  23   7        0.0045886851       -0.0161397009
  23   6       -0.0123171094       -0.0244342046
  23   5        0.0063479661       -0.0133939784
  23   4       -0.0385586666        0.0125954522
  23   3        0.0084826197       -0.0078674427
  23   2        0.0150736785       -0.0082794992
  23   1        0.0043828649       -0.0137082074
  23   0        0.0060943304        0.0000000000
  23  -1       -0.0043828649       -0.0137082074
  23  -2        0.0150736785        0.0082794992
  23  -3       -0.0084826197       -0.0078674427
  23  -4       -0.0385586666       -0.0125954522
  23  -5       -0.0063479661       -0.0133939784
  23  -6       -0.0123171094        0.0244342046
  23  -7       -0.0045886851       -0.0161397009
  23  -8        0.0105790962       -0.0092412704
  23  -9       -0.0309462385       -0.0133541931
  23 -10        0.0251965401        0.0034725953
  23 -11        0.0230724890        0.0260555218
  23 -12        0.0021334384       -0.0559740945
  23 -13        0.0040023988       -0.0112295337
  23 -14       -0.0066632744        0.0017013849
  23 -15        0.0116485353        0.0448654926
  23 -16       -0.0217242427       -0.0070623284
  23 -17       -0.0263431908       -0.0089768787
  23 -18        0.0067562669       -0.0230273510
  23 -19       -0.0061191187       -0.0044904773
  23 -20       -0.0265015427       -0.0027362883
  23 -21       -0.0079778929        0.0052153988
  23 -22       -0.0060909882       -0.0336405084
  23 -23        0.0211289144       -0.0198731819
  24  24        0.0008587740       -0.0646578408
  24  23       -0.0258856417       -0.0367922182
  24  22       -0.0053041670        0.0129016390
  24  21       -0.0068664553       -0.0306148203
  24  20        0.0356835923       -0.0015987894
  24  19        0.0134083472       -0.0204140891
  24  18       -0.0031651841        0.0042572905
  24  17        0.0102023094       -0.0346260969
  24  16        0.0213356533       -0.0232878602
  24  15        0.0379106325       -0.0124863084
  24  14        0.0235949757        0.0377080130
  24  13       -0.0248512009        0.0157781847
  24  12        0.0236542534       -0.0114030396
  24  11       -0.0223362731        0.0197237072
  24  10        0.0195823954       -0.0055878559
  24   9       -0.0116844088        0.0189052325
  24   8       -0.0084942954        0.0218493199
  24   7       -0.0347243525        0.0020102028
  24   6        0.0052736546        0.0197593465
  24   5       -0.0313244985        0.0117174360
  24   4       -0.0455118030       -0.0298620204
  24   3       -0.0280197695       -0.0218321005
  24   2        0.0100016967       -0.0070813233
  24   1        0.0316317899       -0.0082536134
  24   0        0.0217202785        0.0000000000
  24  -1       -0.0316317899       -0.0082536134
  24  -2        0.0100016967        0.0070813233
  24  -3        0.0280197695       -0.0218321005
  24  -4       -0.0455118030        0.0298620204
  24  -5        0.0313244985        0.0117174360
  24  -6        0.0052736546       -0.0197593465
  24  -7        0.0347243525        0.0020102028
  24  -8       -0.0084942954       -0.0218493199
  24  -9        0.0116844088        0.0189052325
  24 -10        0.0195823954        0.0055878559
  24 -11        0.0223362731        0.0197237072
  24 -12        0.0236542534        0.0114030396
  24 -13        0.0248512009        0.0157781847
  24 -14        0.0235949757       -0.0377080130
  24 -15       -0.0379106325       -0.0124863084
  24 -16        0.0213356533        0.0232878602
  24 -17       -0.0102023094       -0.0346260969
  24 -18       -0.0031651841       -0.0042572905
  24 -19       -0.0134083472       -0.0204140891
  24 -20        0.0356835923        0.0015987894
  24 -21        0.0068664553       -0.0306148203
  24 -22       -0.0053041670       -0.0129016390
  24 -23        0.0258856417       -0.0367922182
  24 -24        0.0008587740        0.0646578408
  25  25       -0.0337008518        0.0138129045
  25  24       -0.0175007063        0.0121890339
  25  23       -0.0049198151        0.0140847080
  25  22        0.0153730251       -0.0039541246
  25  21       -0.0056823593       -0.0018144353
  25  20       -0.0222782033        0.0276016300
  25  19        0.0199434769       -0.0081686373
  25  18       -0.0027065253       -0.0251569390
  25  17       -0.0053067524        0.0017271804
  25  16       -0.0058688750        0.0215785345
  25  15       -0.0119317425        0.0231975913
  25  14       -0.0303743194        0.0220260386
  25  13       -0.0076377468       -0.0076107465
  25  12        0.0013851355       -0.0060664788
  25  11       -0.0322073573        0.0276872485
  25  10        0.0229476621        0.0331026266
  25   9       -0.0116276890       -0.0282998542
  25   8       -0.0087780469        0.0141333728
  25   7       -0.0131919191        0.0086844673
  25   6       -0.0040132595       -0.0007123537
  25   5        0.0186380797       -0.0022884868
  25   4       -0.0293507951        0.0010591111
  25   3        0.0172013681        0.0002570304
  25   2        0.0322807956       -0.0007061329
  25   1       -0.0276321562        0.0217556368
  25   0       -0.0028407866        0.0000000000
  25  -1        0.0276321562        0.0217556368
  25  -2        0.0322807956        0.0007061329
  25  -3       -0.0172013681        0.0002570304
  25  -4       -0.0293507951       -0.0010591111
  25  -5       -0.0186380797       -0.0022884868
  25  -6       -0.0040132595        0.0007123537
  25  -7        0.0131919191        0.0086844673
  25  -8       -0.0087780469       -0.0141333728
  25  -9        0.0116276890       -0.0282998542
  25 -10        0.0229476621       -0.0331026266
  25 -11        0.0322073573        0.0276872485
  25 -12        0.0013851355        0.0060664788
  25 -13        0.0076377468       -0.0076107465
  25 -14       -0.0303743194       -0.0220260386
  25 -15        0.0119317425        0.0231975913
  25 -16       -0.0058688750       -0.0215785345
  25 -17        0.0053067524        0.0017271804
  25 -18       -0.0027065253        0.0251569390
  25 -19       -0.0199434769       -0.0081686373
  25 -20       -0.0222782033       -0.0276016300
  25 -21        0.0056823593       -0.0018144353
  25 -22        0.0153730251        0.0039541246
  25 -23        0.0049198151        0.0140847080
  25 -24       -0.0175007063       -0.0121890339
  25 -25        0.0337008518        0.0138129045
  26  26       -0.0282188754       -0.0089687159
  26  25       -0.0043883019        0.0017602668
  26  24        0.0082330766       -0.0456492020
  26  23       -0.0183454012       -0.0089661456
  26  22        0.0145597079        0.0410937228
  26  21       -0.0093948899       -0.0241358290
  26  20       -0.0166995195       -0.0316931659
  26  19        0.0246324315       -0.0001852536
  26  18        0.0060659417       -0.0102999947
  26  17        0.0028996479        0.0033803069
  26  16        0.0029370923       -0.0016837067
  26  15       -0.0107151797       -0.0118006260
  26  14        0.0075491854        0.0090531139
  26  13       -0.0118750460       -0.0112140404
  26  12       -0.0021525361        0.0234502867
  26  11       -0.0189142209       -0.0042703735
  26  10        0.0088162226       -0.0355658051
  26   9        0.0081469590        0.0023970629
  26   8        0.0390159738        0.0504531291
  26   7       -0.0025645966        0.0022060068
  26   6       -0.0025697164       -0.0079216236
  26   5       -0.0063720703        0.0279289725
  26   4        0.0003837448        0.0108737334
  26   3       -0.0179322510       -0.0341481045
  26   2       -0.0499047524        0.0331845537
  26   1        0.0171936720       -0.0216746855
  26   0       -0.0322262127        0.0000000000
  26  -1       -0.0171936720       -0.0216746855
  26  -2       -0.0499047524       -0.0331845537
  26  -3        0.0179322510       -0.0341481045
  26  -4        0.0003837448       -0.0108737334
  26  -5        0.0063720703        0.0279289725
  26  -6       -0.0025697164        0.0079216236
  26  -7        0.0025645966        0.0022060068
  26  -8        0.0390159738       -0.0504531291
  26  -9       -0.0081469590        0.0023970629
  26 -10        0.0088162226        0.0355658051
  26 -11        0.0189142209       -0.0042703735
  26 -12       -0.0021525361       -0.0234502867
  26 -13        0.0118750460       -0.0112140404
  26 -14        0.0075491854       -0.0090531139
  26 -15        0.0107151797       -0.0118006260
  26 -16        0.0029370923        0.0016837067
  26 -17       -0.0028996479        0.0033803069
  26 -18        0.0060659417        0.0102999947
  26 -19       -0.0246324315       -0.0001852536
  26 -20       -0.0166995195        0.0316931659
  26 -21        0.0093948899       -0.0241358290
  26 -22        0.0145597079       -0.0410937228
  26 -23        0.0183454012       -0.0089661456
  26 -24        0.0082330766        0.0456492020
  26 -25        0.0043883019        0.0017602668
  26 -26       -0.0282188754        0.0089687159
  27  27       -0.0330995938       -0.0094425995
  27  26       -0.0104003036        0.0108698112
  27  25       -0.0222839209        0.0225648101
  27  24       -0.0141843802        0.0093378665
  27  23       -0.0169822317       -0.0040278298
  27  22        0.0173024087        0.0074964816
  27  21        0.0056690844       -0.0134789502
  27  20        0.0177661554        0.0266532221
  27  19        0.0068096100        0.0027382145
  27  18       -0.0238915844        0.0042524119
  27  17       -0.0111093539       -0.0049926024
  27  16       -0.0311687528        0.0094968674
  27  15       -0.0087990337       -0.0108420925
  27  14       -0.0091596928       -0.0007329078
  27  13        0.0268558459        0.0058807940
  27  12        0.0200272514        0.0059977110
  27  11       -0.0315210085        0.0058103275
  27  10       -0.0113770674        0.0047284578
  27   9       -0.0074336490       -0.0119944196
  27   8       -0.0061355585        0.0116745796
  27   7       -0.0158789673        0.0151834308
  27   6       -0.0003939383       -0.0033370420
  27   5        0.0112986170       -0.0173087920
  27   4       -0.0186366578       -0.0100623691
  27   3       -0.0126037327       -0.0037969818
  27   2        0.0141202346        0.0013471623
  27   1        0.0221942101       -0.0174426066
  27   0        0.0341371195        0.0000000000
  27  -1       -0.0221942101       -0.0174426066
  27  -2        0.0141202346       -0.0013471623
  27  -3        0.0126037327       -0.0037969818
  27  -4       -0.0186366578        0.0100623691
  27  -5       -0.0112986170       -0.0173087920
  27  -6       -0.0003939383        0.0033370420
  27  -7        0.0158789673        0.0151834308
  27  -8       -0.0061355585       -0.0116745796
  27  -9        0.0074336490       -0.0119944196
  27 -10       -0.0113770674       -0.0047284578
  27 -11        0.0315210085        0.0058103275
  27 -12        0.0200272514       -0.0059977110
  27 -13       -0.0268558459        0.0058807940
  27 -14       -0.0091596928        0.0007329078
  27 -15        0.0087990337       -0.0108420925
  27 -16       -0.0311687528       -0.0094968674
  27 -17        0.0111093539       -0.0049926024
  27 -18       -0.0238915844       -0.0042524119
  27 -19       -0.0068096100        0.0027382145
  27 -20        0.0177661554       -0.0266532221
  27 -21       -0.0056690844       -0.0134789502
  27 -22        0.0173024087       -0.0074964816
  27 -23        0.0169822317       -0.0040278298
  27 -24       -0.0141843802       -0.0093378665
  27 -25        0.0222839209        0.0225648101
  27 -26       -0.0104003036       -0.0108698112
  27 -27        0.0330995938       -0.0094425995
  28  28       -0.0113096427       -0.0698770960
  28  27       -0.0200317743        0.0166513732
  28  26        0.0009661955       -0.0284871602
  28  25       -0.0303018542        0.0208485635
  28  24       -0.0067001723        0.0006144096
  28  23       -0.0096357833       -0.0101034755
  28  22        0.0064613046       -0.0129428478
  28  21       -0.0236320579       -0.0089604036
  28  20       -0.0036920955       -0.0081812691
  28  19       -0.0236304821       -0.0019788370
  28  18        0.0055628693       -0.0258426927
  28  17       -0.0009492327       -0.0127860854
  28  16        0.0194749896       -0.0319898088
  28  15       -0.0074183394       -0.0104984207
  28  14        0.0039704087        0.0161119046
  28  13        0.0143723824       -0.0382816457
  28  12       -0.0043799751        0.0070707430
  28  11       -0.0009368648        0.0041193751
  28  10        0.0238711942       -0.0154938056
  28   9        0.0118587315       -0.0110506023
  28   8        0.0278093432        0.0195726386
  28   7        0.0079507769        0.0108062531
  28   6       -0.0124121354        0.0144784334
  28   5        0.0047067647        0.0025331039
  28   4        0.0222509448        0.0107133881
  28   3       -0.0249007198        0.0098669176
  28   2       -0.0302147473        0.0196005033
  28   1        0.0121219647       -0.0298786313
  28   0       -0.0184575054        0.0000000000
  28  -1       -0.0121219647       -0.0298786313
  28  -2       -0.0302147473       -0.0196005033
  28  -3        0.0249007198        0.0098669176
  28  -4        0.0222509448       -0.0107133881
  28  -5       -0.0047067647        0.0025331039
  28  -6       -0.0124121354       -0.0144784334
  28  -7       -0.0079507769        0.0108062531
  28  -8        0.0278093432       -0.0195726386
  28  -9       -0.0118587315       -0.0110506023
  28 -10        0.0238711942        0.0154938056
  28 -11        0.0009368648        0.0041193751
  28 -12       -0.0043799751       -0.0070707430
  28 -13       -0.0143723824       -0.0382816457
  28 -14        0.0039704087       -0.0161119046
  28 -15        0.0074183394       -0.0104984207
  28 -16        0.0194749896        0.0319898088
  28 -17        0.0009492327       -0.0127860854
  28 -18        0.0055628693        0.0258426927
  28 -19        0.0236304821       -0.0019788370
  28 -20       -0.0036920955        0.0081812691
  28 -21        0.0236320579       -0.0089604036
  28 -22        0.0064613046        0.0129428478
  28 -23        0.0096357833       -0.0101034755
  28 -24       -0.0067001723       -0.0006144096
  28 -25        0.0303018542        0.0208485635
  28 -26        0.0009661955        0.0284871602
  28 -27        0.0200317743        0.0166513732
  28 -28       -0.0113096427        0.0698770960
  29  29       -0.0005408071       -0.0060138404
  29  28       -0.0078430552       -0.0139404273
  29  27       -0.0229998185       -0.0046556605
  29  26       -0.0146118614        0.0087207715
  29  25       -0.0092156716        0.0202307462
  29  24       -0.0132976741        0.0031452485
  29  23       -0.0146277098        0.0077872874
  29  22        0.0217527574        0.0167355409
  29  21       -0.0100587050       -0.0001627959
  29  20       -0.0006525318        0.0096873613
  29  19       -0.0008655050       -0.0101527246
  29  18       -0.0223369928       -0.0152854465
  29  17       -0.0147972429       -0.0208850629
  29  16       -0.0001619441        0.0220840264
  29  15        0.0015824390       -0.0085136543
  29  14       -0.0507066513        0.0169536874
  29  13        0.0168867785        0.0092058151
  29  12        0.0273019398        0.0069954849
  29  11        0.0030618038       -0.0113596851
  29  10       -0.0240625430        0.0136853491
  29   9       -0.0017736309       -0.0027714734
  29   8        0.0074518812        0.0177064717
  29   7        0.0154832942       -0.0093101369
  29   6        0.0057451399        0.0089998967
  29   5       -0.0011507163       -0.0074818632
  29   4       -0.0098132935       -0.0135208754
  29   3        0.0092820811       -0.0002400151
  29   2        0.0069782999        0.0095434784
  29   1        0.0007148646       -0.0077155683
  29   0        0.0435527484        0.0000000000
  29  -1       -0.0007148646       -0.0077155683
  29  -2        0.0069782999       -0.0095434784
  29  -3       -0.0092820811       -0.0002400151
  29  -4       -0.0098132935        0.0135208754
  29  -5        0.0011507163       -0.0074818632
  29  -6        0.0057451399       -0.0089998967
  29  -7       -0.0154832942       -0.0093101369
  29  -8        0.0074518812       -0.0177064717
  29  -9        0.0017736309       -0.0027714734
  29 -10       -0.0240625430       -0.0136853491
  29 -11       -0.0030618038       -0.0113596851
  29 -12        0.0273019398       -0.0069954849
  29 -13       -0.0168867785        0.0092058151
  29 -14       -0.0507066513       -0.0169536874
  29 -15       -0.0015824390       -0.0085136543
  29 -16       -0.0001619441       -0.0220840264
  29 -17        0.0147972429       -0.0208850629
  29 -18       -0.0223369928        0.0152854465
  29 -19        0.0008655050       -0.0101527246
  29 -20       -0.0006525318       -0.0096873613
  29 -21        0.0100587050       -0.0001627959
  29 -22        0.0217527574       -0.0167355409
  29 -23        0.0146277098        0.0077872874
  29 -24       -0.0132976741       -0.0031452485
  29 -25        0.0092156716        0.0202307462
  29 -26       -0.0146118614       -0.0087207715
  29 -27        0.0229998185       -0.0046556605
  29 -28       -0.0078430552        0.0139404273
  29 -29        0.0005408071       -0.0060138404
  30  30       -0.0014729792        0.0040993296
  30  29       -0.0030385516        0.0098947699
  30  28       -0.0029235699       -0.0243659400
  30  27       -0.0360643364       -0.0029107441
  30  26       -0.0220287805       -0.0209364021
  30  25       -0.0146194943        0.0105678551
  30  24       -0.0019848783       -0.0224113676
  30  23       -0.0172590295       -0.0244535298
  30  22       -0.0034978342        0.0006921592
  30  21       -0.0039269265       -0.0314068151
  30  20        0.0165455892       -0.0263992347
  30  19       -0.0199639506        0.0092016009
  30  18        0.0066677807        0.0060391520
  30  17        0.0152889575       -0.0319891033
  30  16        0.0068387919       -0.0308782834
  30  15        0.0248232750        0.0113991374
  30  14       -0.0026103799       -0.0080641397
  30  13        0.0110742588       -0.0254982409
  30  12        0.0197939363       -0.0025407206
  30  11        0.0331413084       -0.0064955082
  30  10        0.0305955525        0.0041517164
  30   9        0.0163691923        0.0153108978
  30   8       -0.0009012217        0.0074423328
  30   7        0.0082149659        0.0241565810
  30   6       -0.0247417484        0.0069176408
  30   5        0.0118137416       -0.0169575414
  30   4        0.0227718403       -0.0095952342
  30   3        0.0075245631        0.0255740118
  30   2       -0.0206052590        0.0145990767
  30   1       -0.0053379299       -0.0039415732
  30   0       -0.0290564989        0.0000000000
  30  -1        0.0053379299       -0.0039415732
  30  -2       -0.0206052590       -0.0145990767
  30  -3       -0.0075245631        0.0255740118
  30  -4        0.0227718403        0.0095952342
  30  -5       -0.0118137416       -0.0169575414
  30  -6       -0.0247417484       -0.0069176408
  30  -7       -0.0082149659        0.0241565810
  30  -8       -0.0009012217       -0.0074423328
  30  -9       -0.0163691923        0.0153108978
  30 -10        0.0305955525       -0.0041517164
  30 -11       -0.0331413084       -0.0064955082
  30 -12        0.0197939363        0.0025407206
  30 -13       -0.0110742588       -0.0254982409
  30 -14       -0.0026103799        0.0080641397
  30 -15       -0.0248232750        0.0113991374
  30 -16        0.0068387919        0.0308782834
  30 -17       -0.0152889575       -0.0319891033
  30 -18        0.0066677807       -0.0060391520
  30 -19        0.0199639506        0.0092016009
  30 -20        0.0165455892        0.0263992347
  30 -21        0.0039269265       -0.0314068151
  30 -22       -0.0034978342       -0.0006921592
  30 -23        0.0172590295       -0.0244535298
  30 -24       -0.0019848783        0.0224113676
  30 -25        0.0146194943        0.0105678551
  30 -26       -0.0220287805        0.0209364021
  30 -27        0.0360643364       -0.0029107441
  30 -28       -0.0029235699        0.0243659400
  30 -29        0.0030385516        0.0098947699
  30 -30       -0.0014729792       -0.0040993296
