   0   0       30.9453219456        0.0000000000
   1   1        0.2592326303        0.0496986506
   1   0        0.2862994784        0.0000000000
   1  -1       -0.2592326303        0.0496986506
   2   2       -0.9521267028        1.3266489178
   2   1       -0.2619161216        0.9635408385
   2   0       -0.9602444066        0.0000000000
   2  -1        0.2619161216        0.9635408385
   2  -2       -0.9521267028       -1.3266489178
   3   3        0.1182246517       -0.7682997746
   3   2        1.1445277774        1.0715141857
   3   1        1.0363289728       -0.6272478377
   3   0        1.1347578380        0.0000000000
   3  -1       -1.0363289728       -0.6272478377
   3  -2        1.1445277774       -1.0715141857
   3  -3       -0.1182246517       -0.7682997746
   4   4        0.1668605636       -0.4109444696
   4   3       -0.0972972736       -0.6562234686
   4   2       -0.7089333013        0.2565027844
   4   1       -0.4011501805        0.3092203968
   4   0        0.8804980545        0.0000000000
   4  -1        0.4011501805        0.3092203968
   4  -2       -0.7089333013       -0.2565027844
   4  -3        0.0972972736       -0.6562234686
   4  -4        0.1668605636        0.4109444696
   5   5       -0.0509025652       -0.0782625325
   5   4       -0.0720368300        0.0362979769
   5   3       -0.2844196845        0.1997069781
   5   2        0.0540906107       -0.2209354275
   5   1       -0.3329173782        0.3252782044
   5   0        0.0501856083        0.0000000000
   5  -1        0.3329173782        0.3252782044
   5  -2        0.0540906107        0.2209354275
   5  -3        0.2844196845        0.1997069781
   5  -4       -0.0720368300       -0.0362979769
   5  -5        0.0509025652       -0.0782625325
   6   6        0.1157231412        0.1050878385
   6   5        0.2344284834       -0.1246095350
   6   4        0.0548814317        0.1588433037
   6   3        0.2384650862       -0.0833908810
   6   2        0.1385066571       -0.0672539133
   6   1       -0.1879898746        0.0713201279
   6   0       -0.1283162384        0.0000000000
   6  -1        0.1879898746        0.0713201279
   6  -2        0.1385066571        0.0672539133
   6  -3       -0.2384650862       -0.0833908810
   6  -4        0.0548814317       -0.1588433037
   6  -5       -0.2344284834       -0.1246095350
   6  -6        0.1157231412       -0.1050878385
   7   7       -0.0854800236       -0.0063067138
   7   6       -0.0360880776       -0.0391679388
   7   5        0.0566142790        0.0761897171
   7   4       -0.0623051755        0.0513217584
   7   3       -0.0994451255        0.0848444609
   7   2       -0.0270538462        0.2000908039
   7   1        0.1689413887        0.0536957392
   7   0       -0.0679654711        0.0000000000
   7  -1       -0.1689413887        0.0536957392
   7  -2       -0.0270538462       -0.2000908039
   7  -3        0.0994451255        0.0848444609
   7  -4       -0.0623051755       -0.0513217584
   7  -5       -0.0566142790        0.0761897171
   7  -6       -0.0360880776        0.0391679388
   7  -7        0.0854800236       -0.0063067138
   8   8        0.0443239382        0.0311934281
   8   7        0.0052792012        0.0115526763
   8   6       -0.0718350332        0.0424191579
   8   5       -0.1743841555        0.0801846282
   8   4       -0.0249897964        0.0626003826
   8   3       -0.1620525277       -0.0264908710
   8   2       -0.1434531277        0.0263130848
   8   1       -0.0452847420        0.0926432642
   8   0        0.0182264329        0.0000000000
   8  -1        0.0452847420        0.0926432642
   8  -2       -0.1434531277       -0.0263130848
   8  -3        0.1620525277       -0.0264908710
   8  -4       -0.0249897964       -0.0626003826
   8  -5        0.1743841555        0.0801846282
   8  -6       -0.0718350332       -0.0424191579
   8  -7       -0.0052792012        0.0115526763
   8  -8        0.0443239382       -0.0311934281
   9   9       -0.0396460007       -0.0481038825
   9   8       -0.0401591170       -0.0377793156
   9   7        0.1155861274       -0.0588429091
   9   6       -0.0789869760       -0.0301730145
   9   5        0.0637860067       -0.0924850459
   9   4        0.0202096351        0.0972034638
   9   3       -0.0135100238       -0.0782538854
   9   2        0.0304603378       -0.0264757912
   9   1        0.0174592746       -0.0334143891
   9   0        0.0284456698        0.0000000000
   9  -1       -0.0174592746       -0.0334143891
   9  -2        0.0304603378        0.0264757912
   9  -3        0.0135100238       -0.0782538854
   9  -4        0.0202096351       -0.0972034638
   9  -5       -0.0637860067       -0.0924850459
   9  -6       -0.0789869760        0.0301730145
   9  -7       -0.1155861274       -0.0588429091
   9  -8       -0.0401591170        0.0377793156
   9  -9        0.0396460007       -0.0481038825
  10  10        0.0166788337        0.0641029200
  10   9       -0.0148921427        0.0588790752
  10   8        0.1158856974        0.0726839633
  10   7       -0.0040262407       -0.0527251985
  10   6       -0.0381652232       -0.0722610883
  10   5        0.0203152523        0.0355426176
  10   4        0.0443951373       -0.0005479179
  10   3        0.0087524850        0.0449035671
  10   2        0.0328317638        0.0469714056
  10   1       -0.0696940398       -0.0509624051
  10   0       -0.0408558851        0.0000000000
  10  -1        0.0696940398       -0.0509624051
  10  -2        0.0328317638       -0.0469714056
  10  -3       -0.0087524850        0.0449035671
  10  -4        0.0443951373        0.0005479179
  10  -5       -0.0203152523        0.0355426176
  10  -6       -0.0381652232        0.0722610883
  10  -7        0.0040262407       -0.0527251985
  10  -8        0.1158856974       -0.0726839633
  10  -9        0.0148921427        0.0588790752
  10 -10        0.0166788337       -0.0641029200
  11  11       -0.0401509212       -0.0089875931
  11  10       -0.0450740442        0.0107945573
  11   9       -0.0084606582        0.0786353257
  11   8       -0.0249919428        0.0081569457
  11   7        0.0042290885        0.0258652032
  11   6       -0.0967678548       -0.0149235735
  11   5       -0.0505483260        0.0093362225
  11   4       -0.0047527565       -0.0000374311
  11   3       -0.0143580810        0.0001518697
  11   2       -0.0730348064        0.0326241426
  11   1        0.0043167917        0.0507475233
  11   0       -0.0278747774        0.0000000000
  11  -1       -0.0043167917        0.0507475233
  11  -2       -0.0730348064       -0.0326241426
  11  -3        0.0143580810        0.0001518697
  11  -4       -0.0047527565        0.0000374311
  11  -5        0.0505483260        0.0093362225
  11  -6       -0.0967678548        0.0149235735
  11  -7       -0.0042290885        0.0258652032
  11  -8       -0.0249919428       -0.0081569457
  11  -9        0.0084606582        0.0786353257
  11 -10       -0.0450740442       -0.0107945573
  11 -11        0.0401509212       -0.0089875931
  12  12        0.0068827440       -0.0068205835
  12  11       -0.0222054958       -0.0540718982
  12  10       -0.0696162791       -0.0428608027
  12   9        0.0621870673        0.0816294539
  12   8       -0.0498981761       -0.0825843342
  12   7        0.0605309154        0.0290688352
  12   6       -0.0046340670        0.0357384240
  12   5       -0.0422513430       -0.0806329539
  12   4       -0.0603818676        0.0490177820
  12   3        0.0025484441       -0.0555101994
  12   2        0.0266231015       -0.0272101334
  12   1       -0.0098675324       -0.0064663990
  12   0       -0.0104274680        0.0000000000
  12  -1        0.0098675324       -0.0064663990
  12  -2        0.0266231015        0.0272101334
  12  -3       -0.0025484441       -0.0555101994
  12  -4       -0.0603818676       -0.0490177820
  12  -5        0.0422513430       -0.0806329539
  12  -6       -0.0046340670       -0.0357384240
  12  -7       -0.0605309154        0.0290688352
  12  -8       -0.0498981761        0.0825843342
  12  -9       -0.0621870673        0.0816294539
  12 -10       -0.0696162791        0.0428608027
  12 -11        0.0222054958       -0.0540718982
  12 -12        0.0068827440        0.0068205835
  13  13        0.0084163582        0.0255798788
  13  12       -0.0136161650        0.0197092338
  13  11        0.0145916563       -0.0048471004
  13  10        0.0269582789        0.0186217013
  13   9       -0.0135512972        0.0280942331
  13   8        0.0587134731        0.0251667841
  13   7       -0.0136312695        0.0003202168
  13   6        0.0326144666       -0.0255212153
  13   5        0.0862492790       -0.0552279512
  13   4        0.0233365745       -0.0365919151
  13   3        0.0251189155        0.0078037398
  13   2        0.0049406357       -0.0379566564
  13   1       -0.0213803084       -0.0467654641
  13   0        0.0113211849        0.0000000000
  13  -1        0.0213803084       -0.0467654641
  13  -2        0.0049406357        0.0379566564
  13  -3       -0.0251189155        0.0078037398
  13  -4        0.0233365745        0.0365919151
  13  -5       -0.0862492790       -0.0552279512
  13  -6        0.0326144666        0.0255212153
  13  -7        0.0136312695        0.0003202168
  13  -8        0.0587134731       -0.0251667841
  13  -9        0.0135512972        0.0280942331
  13 -10        0.0269582789       -0.0186217013
  13 -11       -0.0145916563       -0.0048471004
  13 -12       -0.0136161650       -0.0197092338
  13 -13       -0.0084163582        0.0255798788
  14  14        0.0002396299        0.0440864003
  14  13       -0.0039760995       -0.0189286073
  14  12        0.0720732638       -0.0527631340
  14  11       -0.0171022249        0.0089358121
  14  10       -0.0043053033       -0.0284338491
  14   9        0.0164223118        0.0086488644
  14   8       -0.0282210520        0.0827636415
  14   7       -0.0324859724       -0.0025122662
  14   6       -0.0908021636       -0.0049381668
  14   5       -0.0300923854        0.0713368776
  14   4       -0.0087193660       -0.0122051581
  14   3       -0.0185876625        0.0194367943
  14   2       -0.0038470253        0.0225752167
  14   1       -0.0449247643        0.0270212524
  14   0        0.0263073516        0.0000000000
  14  -1        0.0449247643        0.0270212524
  14  -2       -0.0038470253       -0.0225752167
  14  -3        0.0185876625        0.0194367943
  14  -4       -0.0087193660        0.0122051581
  14  -5        0.0300923854        0.0713368776
  14  -6       -0.0908021636        0.0049381668
  14  -7        0.0324859724       -0.0025122662
  14  -8       -0.0282210520       -0.0827636415
  14  -9       -0.0164223118        0.0086488644
  14 -10       -0.0043053033        0.0284338491
  14 -11        0.0171022249        0.0089358121
  14 -12        0.0720732638        0.0527631340
  14 -13        0.0039760995       -0.0189286073
  14 -14        0.0002396299       -0.0440864003
  15  15        0.0153667093        0.0139593403
  15  14       -0.0195726182       -0.0101996888
  15  13        0.0177394357       -0.0156399011
  15  12       -0.0128221442        0.0072671012
  15  11       -0.0515305125        0.0214402676
  15  10       -0.0086408284        0.0010845793
  15   9       -0.0069567712        0.0000554283
  15   8        0.0345956139        0.0131045213
  15   7        0.0139712025        0.0368983092
  15   6        0.0086814483        0.0037222977
  15   5       -0.0008309258       -0.0213209898
  15   4       -0.0034120186       -0.0047425700
  15   3       -0.0257744273        0.0306124594
  15   2       -0.0148515051        0.0419343146
  15   1        0.0254056974        0.0100174907
  15   0       -0.0321374377        0.0000000000
  15  -1       -0.0254056974        0.0100174907
  15  -2       -0.0148515051       -0.0419343146
  15  -3        0.0257744273        0.0306124594
  15  -4       -0.0034120186        0.0047425700
  15  -5        0.0008309258       -0.0213209898
  15  -6        0.0086814483       -0.0037222977
  15  -7       -0.0139712025        0.0368983092
  15  -8        0.0345956139       -0.0131045213
  15  -9        0.0069567712        0.0000554283
  15 -10       -0.0086408284       -0.0010845793
  15 -11        0.0515305125        0.0214402676
  15 -12       -0.0128221442       -0.0072671012
  15 -13       -0.0177394357       -0.0156399011
  15 -14       -0.0195726182        0.0101996888
  15 -15       -0.0153667093        0.0139593403
  16  16       -0.0036243412        0.0075748125
  16  15       -0.0093454312        0.0348785520
  16  14       -0.0085010370        0.0017769366
  16  13        0.0072744599       -0.0116544016
  16  12        0.0580943853        0.0221441604
  16  11        0.0358282695       -0.0065643392
  16  10        0.0065732606       -0.0002660795
  16   9        0.0037152313       -0.0380715321
  16   8        0.0132608162        0.0102645603
  16   7        0.0390290835       -0.0577569016
  16   6        0.0626547071        0.0060782245
  16   5        0.0222981762        0.0109767326
  16   4        0.0043585113        0.0206489210
  16   3       -0.0052489014       -0.0025398402
  16   2        0.0310768917       -0.0430205172
  16   1        0.0098623250       -0.0109424947
  16   0       -0.0435321634        0.0000000000
  16  -1       -0.0098623250       -0.0109424947
  16  -2        0.0310768917        0.0430205172
  16  -3        0.0052489014       -0.0025398402
  16  -4        0.0043585113       -0.0206489210
  16  -5       -0.0222981762        0.0109767326
  16  -6        0.0626547071       -0.0060782245
  16  -7       -0.0390290835       -0.0577569016
  16  -8        0.0132608162       -0.0102645603
  16  -9       -0.0037152313       -0.0380715321
  16 -10        0.0065732606        0.0002660795
  16 -11       -0.0358282695       -0.0065643392
  16 -12        0.0580943853       -0.0221441604
  16 -13       -0.0072744599       -0.0116544016
  16 -14       -0.0085010370       -0.0017769366
  16 -15        0.0093454312        0.0348785520
  16 -16       -0.0036243412       -0.0075748125
  17  17        0.0249621372        0.0301076726
  17  16       -0.0017666913        0.0303045940
  17  15       -0.0071078820        0.0071280252
  17  14        0.0267567024       -0.0173402101
  17  13       -0.0165408823        0.0038965305
  17  12        0.0047015755        0.0035493676
  17  11       -0.0180248622       -0.0165619145
  17  10       -0.0440548692       -0.0027689113
  17   9       -0.0044556504       -0.0047523906
  17   8        0.0266879740       -0.0324637858
  17   7       -0.0260483518        0.0259046351
  17   6        0.0016960530       -0.0000286299
  17   5        0.0121727580       -0.0026800715
  17   4       -0.0152348172        0.0123984830
  17   3        0.0129386991        0.0523456088
  17   2        0.0281266712       -0.0485344891
  17   1       -0.0080924564       -0.0091183814
  17   0        0.0402850586        0.0000000000
  17  -1        0.0080924564       -0.0091183814
  17  -2        0.0281266712        0.0485344891
  17  -3       -0.0129386991        0.0523456088
  17  -4       -0.0152348172       -0.0123984830
  17  -5       -0.0121727580       -0.0026800715
  17  -6        0.0016960530        0.0000286299
  17  -7        0.0260483518        0.0259046351
  17  -8        0.0266879740        0.0324637858
  17  -9        0.0044556504       -0.0047523906
  17 -10       -0.0440548692        0.0027689113
  17 -11        0.0180248622       -0.0165619145
  17 -12        0.0047015755       -0.0035493676
  17 -13        0.0165408823        0.0038965305
  17 -14        0.0267567024        0.0173402101
  17 -15        0.0071078820        0.0071280252
  17 -16       -0.0017666913       -0.0303045940
  17 -17       -0.0249621372        0.0301076726
  18  18       -0.0064224426       -0.0085468619
  18  17       -0.0431234945        0.0124141637
  18  16        0.0583722919       -0.0045643213
  18  15       -0.0153601004       -0.0428393670
  18  14       -0.0472271268        0.0046372242
  18  13       -0.0111297998       -0.0023100231
  18  12       -0.0072360868        0.0146061485
  18  11        0.0078281219        0.0022010401
  18  10        0.0527713191       -0.0064108817
  18   9        0.0152186649        0.0362130875
  18   8       -0.0059578200       -0.0015128296
  18   7       -0.0024222758        0.0105113867
  18   6       -0.0211251484       -0.0247725140
  18   5       -0.0197198858       -0.0053957811
  18   4       -0.0163478683        0.0352462229
  18   3        0.0286377220        0.0035427170
  18   2       -0.0017182911        0.0444493102
  18   1       -0.0101421787        0.0112877486
  18   0       -0.0227999727        0.0000000000
  18  -1        0.0101421787        0.0112877486
  18  -2       -0.0017182911       -0.0444493102
  18  -3       -0.0286377220        0.0035427170
  18  -4       -0.0163478683       -0.0352462229
  18  -5        0.0197198858       -0.0053957811
  18  -6       -0.0211251484        0.0247725140
  18  -7        0.0024222758        0.0105113867
  18  -8       -0.0059578200        0.0015128296
  18  -9       -0.0152186649        0.0362130875
  18 -10        0.0527713191        0.0064108817
  18 -11       -0.0078281219        0.0022010401
  18 -12       -0.0072360868       -0.0146061485
  18 -13        0.0111297998       -0.0023100231
  18 -14       -0.0472271268       -0.0046372242
  18 -15        0.0153601004       -0.0428393670
  18 -16        0.0583722919        0.0045643213
  18 -17        0.0431234945        0.0124141637
  18 -18       -0.0064224426        0.0085468619
  19  19       -0.0001520988       -0.0262032236
  19  18       -0.0378122631       -0.0275964811
  19  17        0.0076276720       -0.0043699394
  19  16        0.0203481524        0.0563152252
  19  15       -0.0201560959       -0.0011358201
  19  14       -0.0281942024       -0.0067827904
  19  13       -0.0152126577       -0.0060288523
  19  12       -0.0145821318       -0.0165390199
  19  11        0.0002866270       -0.0176902241
  19  10       -0.0218592314       -0.0097149571
  19   9        0.0046589721       -0.0351535294
  19   8        0.0095294786       -0.0130694591
  19   7        0.0214693612       -0.0424718880
  19   6        0.0190194082       -0.0126597132
  19   5       -0.0222955763       -0.0036901255
  19   4       -0.0404732579       -0.0244035982
  19   3        0.0199450183        0.0299759698
  19   2        0.0326259741        0.0100378901
  19   1       -0.0296274712        0.0224498709
  19   0       -0.0014519749        0.0000000000
  19  -1        0.0296274712        0.0224498709
  19  -2        0.0326259741       -0.0100378901
  19  -3       -0.0199450183        0.0299759698
  19  -4       -0.0404732579        0.0244035982
  19  -5        0.0222955763       -0.0036901255
  19  -6        0.0190194082        0.0126597132
  19  -7       -0.0214693612       -0.0424718880
  19  -8        0.0095294786        0.0130694591
  19  -9       -0.0046589721       -0.0351535294
  19 -10       -0.0218592314        0.0097149571
  19 -11       -0.0002866270       -0.0176902241
  19 -12       -0.0145821318        0.0165390199
  19 -13        0.0152126577       -0.0060288523
  19 -14       -0.0281942024        0.0067827904
  19 -15        0.0201560959       -0.0011358201
  19 -16        0.0203481524       -0.0563152252
  19 -17       -0.0076276720       -0.0043699394
  19 -18       -0.0378122631        0.0275964811
  19 -19        0.0001520988       -0.0262032236
  20  20       -0.0245201721       -0.0005913066
  20  19        0.0144274708        0.0285066492
  20  18       -0.0185841883        0.0518800839
  20  17        0.0035942671        0.0424005738
  20  16        0.0333725477       -0.0312667906
  20  15        0.0257341672       -0.0275848218
  20  14        0.0296546050        0.0195887870
  20  13       -0.0133077052        0.0102357149
  20  12        0.0454206022        0.0150444880
  20  11       -0.0247328291        0.0347219438
  20  10        0.0137074876        0.0236055764
  20   9       -0.0012480279        0.0135835022
  20   8       -0.0034296729       -0.0091304226
  20   7       -0.0177651409        0.0105950038
  20   6       -0.0030844035       -0.0195543084
  20   5        0.0346052405        0.0012886410
  20   4        0.0026514438        0.0192341924
  20   3        0.0192630473       -0.0009165442
  20   2       -0.0162261293       -0.0219636763
  20   1        0.0021902995       -0.0044863822
  20   0        0.0141730707        0.0000000000
  20  -1       -0.0021902995       -0.0044863822
  20  -2       -0.0162261293        0.0219636763
  20  -3       -0.0192630473       -0.0009165442
  20  -4        0.0026514438       -0.0192341924
  20  -5       -0.0346052405        0.0012886410
  20  -6       -0.0030844035        0.0195543084
  20  -7        0.0177651409        0.0105950038
  20  -8       -0.0034296729        0.0091304226
  20  -9        0.0012480279        0.0135835022
  20 -10        0.0137074876       -0.0236055764
  20 -11        0.0247328291        0.0347219438
  20 -12        0.0454206022       -0.0150444880
  20 -13        0.0133077052        0.0102357149
  20 -14        0.0296546050       -0.0195887870
  20 -15       -0.0257341672       -0.0275848218
  20 -16        0.0333725477        0.0312667906
  20 -17       -0.0035942671        0.0424005738
  20 -18       -0.0185841883       -0.0518800839
  20 -19       -0.0144274708        0.0285066492
  20 -20       -0.0245201721        0.0005913066
  21  21        0.0026273482       -0.0063516209
  21  20       -0.0011528549       -0.0273416865
  21  19       -0.0031698369        0.0058987050
  21  18        0.0019202210        0.0103913022
  21  17       -0.0133009087        0.0367262529
  21  16       -0.0001691813       -0.0394873645
  21  15       -0.0027171474       -0.0062212562
  21  14        0.0084873384        0.0413837592
  21  13        0.0780894094        0.0066832790
  21  12        0.0077338094        0.0138634512
  21  11       -0.0168031970        0.0100437456
  21  10       -0.0055888267       -0.0107618272
  21   9        0.0444892956        0.0751438370
  21   8       -0.0015474908       -0.0216503580
  21   7        0.0175043563        0.0362754927
  21   6       -0.0506249503        0.0131100846
  21   5       -0.0210682693       -0.0010631978
  21   4        0.0327482338        0.0136820783
  21   3        0.0171671463       -0.0136656879
  21   2        0.0070101802       -0.0302894518
  21   1        0.0073380342       -0.0051750674
  21   0        0.0272852042        0.0000000000
  21  -1       -0.0073380342       -0.0051750674
  21  -2        0.0070101802        0.0302894518
  21  -3       -0.0171671463       -0.0136656879
  21  -4        0.0327482338       -0.0136820783
  21  -5        0.0210682693       -0.0010631978
  21  -6       -0.0506249503       -0.0131100846
  21  -7       -0.0175043563        0.0362754927
  21  -8       -0.0015474908        0.0216503580
  21  -9       -0.0444892956        0.0751438370
  21 -10       -0.0055888267        0.0107618272
  21 -11        0.0168031970        0.0100437456
  21 -12        0.0077338094       -0.0138634512
  21 -13       -0.0780894094        0.0066832790
  21 -14        0.0084873384       -0.0413837592
  21 -15        0.0027171474       -0.0062212562
  21 -16       -0.0001691813        0.0394873645
  21 -17        0.0133009087        0.0367262529
  21 -18        0.0019202210       -0.0103913022
  21 -19        0.0031698369        0.0058987050
  21 -20       -0.0011528549        0.0273416865
  21 -21       -0.0026273482       -0.0063516209
  22  22        0.0092991421       -0.0162812696
  22  21       -0.0095806013       -0.0107518294
  22  20        0.0129215195       -0.0009143278
  22  19        0.0199900470       -0.0392104121
  22  18       -0.0152747745        0.0168571680
  22  17        0.0233316305       -0.0207212353
  22  16        0.0192861909       -0.0181323818
  22  15        0.0331425268        0.0008881492
  22  14       -0.0126067036       -0.0275398072
  22  13        0.0037876671       -0.0314556104
  22  12       -0.0410900596       -0.0000471622
  22  11       -0.0089512816        0.0209563221
  22  10       -0.0200553100       -0.0011803600
  22   9        0.0560437427       -0.0246416927
  22   8       -0.0291213272        0.0107975267
  22   7       -0.0067337849       -0.0432601162
  22   6       -0.0064522204       -0.0299574778
  22   5       -0.0057509173       -0.0169895135
  22   4       -0.0278384349        0.0334121671
  22   3       -0.0289207768       -0.0079796751
  22   2        0.0168474440        0.0097866822
  22   1        0.0198232496        0.0038190300
  22   0       -0.0462911094        0.0000000000
  22  -1       -0.0198232496        0.0038190300
  22  -2        0.0168474440       -0.0097866822
  22  -3        0.0289207768       -0.0079796751
  22  -4       -0.0278384349       -0.0334121671
  22  -5        0.0057509173       -0.0169895135
  22  -6       -0.0064522204        0.0299574778
  22  -7        0.0067337849       -0.0432601162
  22  -8       -0.0291213272       -0.0107975267
  22  -9       -0.0560437427       -0.0246416927
  22 -10       -0.0200553100        0.0011803600
  22 -11        0.0089512816        0.0209563221
  22 -12       -0.0410900596        0.0000471622
  22 -13       -0.0037876671       -0.0314556104
  22 -14       -0.0126067036        0.0275398072
  22 -15       -0.0331425268        0.0008881492
  22 -16        0.0192861909        0.0181323818
  22 -17       -0.0233316305       -0.0207212353
  22 -18       -0.0152747745       -0.0168571680
  22 -19       -0.0199900470       -0.0392104121
  22 -20        0.0129215195        0.0009143278
  22 -21        0.0095806013       -0.0107518294
  22 -22        0.0092991421        0.0162812696
  23  23        0.0114819647       -0.0199179434
  23  22        0.0127134261       -0.0169213668
  23  21        0.0217976132       -0.0180729618
  23  20        0.0232800223       -0.0133134895
  23  19        0.0351276336        0.0123699747
  23  18        0.0149439163       -0.0182166517
  23  17        0.0178326577       -0.0334555256
  23  16       -0.0143753197       -0.0399916546
  23  15        0.0003506635       -0.0171882739
  23  14        0.0073818971       -0.0229068843
  23  13        0.0015050990        0.0175556895
  23  12        0.0034965878        0.0453424162
  23  11       -0.0080480532        0.0033150508
  23  10        0.0187780214        0.0335242786
  23   9       -0.0160875322        0.0192792724
  23   8        0.0179860903       -0.0344204071
  23   7        0.0075970630       -0.0137246701
  23   6       -0.0057357978        0.0298248523
  23   5       -0.0020071730        0.0113252582
  23   4        0.0406323689       -0.0180121816
  23   3       -0.0189883284       -0.0097598041
  23   2       -0.0035409243        0.0161626452
  23   1        0.0507041048        0.0032654805
  23   0       -0.0024204674        0.0000000000
  23  -1       -0.0507041048        0.0032654805
  23  -2       -0.0035409243       -0.0161626452
  23  -3        0.0189883284       -0.0097598041
  23  -4        0.0406323689        0.0180121816
  23  -5        0.0020071730        0.0113252582
  23  -6       -0.0057357978       -0.0298248523
  23  -7       -0.0075970630       -0.0137246701
  23  -8        0.0179860903        0.0344204071
  23  -9        0.0160875322        0.0192792724
  23 -10        0.0187780214       -0.0335242786
  23 -11        0.0080480532        0.0033150508
  23 -12        0.0034965878       -0.0453424162
  23 -13       -0.0015050990        0.0175556895
  23 -14        0.0073818971        0.0229068843
  23 -15       -0.0003506635       -0.0171882739
  23 -16       -0.0143753197        0.0399916546
  23 -17       -0.0178326577       -0.0334555256
  23 -18        0.0149439163        0.0182166517
  23 -19       -0.0351276336        0.0123699747
  23 -20        0.0232800223        0.0133134895
  23 -21       -0.0217976132       -0.0180729618
  23 -22        0.0127134261        0.0169213668
  23 -23       -0.0114819647       -0.0199179434
  24  24        0.0148549783        0.0048074921
  24  23        0.0128610430        0.0177566135
  24  22       -0.0136312466        0.0132400330
  24  21        0.0047823296        0.0211761883
  24  20       -0.0247122781        0.0133285477
  24  19       -0.0272498818       -0.0290674909
  24  18       -0.0092022245       -0.0153418727
  24  17       -0.0004266159        0.0344252045
  24  16       -0.0058883064       -0.0066153339
  24  15        0.0115146770       -0.0364624032
  24  14       -0.0000086412        0.0011811991
  24  13       -0.0249934264       -0.0318267696
  24  12       -0.0038355395        0.0137811002
  24  11        0.0079771833        0.0237227202
  24  10        0.0148609932       -0.0011052654
  24   9        0.0260907556        0.0126085809
  24   8       -0.0459679299       -0.0096850706
  24   7        0.0191344921        0.0067205318
  24   6       -0.0182546797        0.0067981147
  24   5       -0.0104767417        0.0253468109
  24   4       -0.0322552443        0.0079813196
  24   3        0.0104462918       -0.0001805662
  24   2       -0.0415784880        0.0144852716
  24   1       -0.0177764796       -0.0054147653
  24   0        0.0291374916        0.0000000000
  24  -1        0.0177764796       -0.0054147653
  24  -2       -0.0415784880       -0.0144852716
  24  -3       -0.0104462918       -0.0001805662
  24  -4       -0.0322552443       -0.0079813196
  24  -5        0.0104767417        0.0253468109
  24  -6       -0.0182546797       -0.0067981147
  24  -7       -0.0191344921        0.0067205318
  24  -8       -0.0459679299        0.0096850706
  24  -9       -0.0260907556        0.0126085809
  24 -10        0.0148609932        0.0011052654
  24 -11       -0.0079771833        0.0237227202
  24 -12       -0.0038355395       -0.0137811002
  24 -13        0.0249934264       -0.0318267696
  24 -14       -0.0000086412       -0.0011811991
  24 -15       -0.0115146770       -0.0364624032
  24 -16       -0.0058883064        0.0066153339
  24 -17        0.0004266159        0.0344252045
  24 -18       -0.0092022245        0.0153418727
  24 -19        0.0272498818       -0.0290674909
  24 -20       -0.0247122781       -0.0133285477
  24 -21       -0.0047823296        0.0211761883
  24 -22       -0.0136312466       -0.0132400330
  24 -23       -0.0128610430        0.0177566135
  24 -24        0.0148549783       -0.0048074921
  25  25       -0.0109311231        0.0107686034
  25  24        0.0002372755        0.0190732244
  25  23        0.0113847876       -0.0087002883
  25  22       -0.0284487739        0.0063919807
  25  21        0.0065363533        0.0068589931
  25  20       -0.0270253299       -0.0066357337
  25  19        0.0152190301       -0.0412705980
  25  18       -0.0468561034        0.0323922087
  25  17       -0.0382855697       -0.0012637593
  25  16       -0.0032035562       -0.0052280142
  25  15       -0.0040464105        0.0108468596
  25  14        0.0280593414        0.0136814627
  25  13       -0.0182033245        0.0091430100
  25  12       -0.0053598487       -0.0134173574
  25  11        0.0202827446        0.0155370717
  25  10       -0.0283031160       -0.0063529279
  25   9       -0.0177562400       -0.0302639967
  25   8       -0.0045911537        0.0015425531
  25   7       -0.0152578972        0.0054189574
  25   6        0.0187505745       -0.0026302528
  25   5        0.0126971159       -0.0171893812
  25   4       -0.0063214402       -0.0106535218
  25   3       -0.0254492828        0.0042899657
  25   2        0.0503093972        0.0029634670
  25   1       -0.0309505184        0.0055541274
  25   0        0.0577404548        0.0000000000
  25  -1        0.0309505184        0.0055541274
  25  -2        0.0503093972       -0.0029634670
  25  -3        0.0254492828        0.0042899657
  25  -4       -0.0063214402        0.0106535218
  25  -5       -0.0126971159       -0.0171893812
  25  -6        0.0187505745        0.0026302528
  25  -7        0.0152578972        0.0054189574
  25  -8       -0.0045911537       -0.0015425531
  25  -9        0.0177562400       -0.0302639967
  25 -10       -0.0283031160        0.0063529279
  25 -11       -0.0202827446        0.0155370717
  25 -12       -0.0053598487        0.0134173574
  25 -13        0.0182033245        0.0091430100
  25 -14        0.0280593414       -0.0136814627
  25 -15        0.0040464105        0.0108468596
  25 -16       -0.0032035562        0.0052280142
  25 -17        0.0382855697       -0.0012637593
  25 -18       -0.0468561034       -0.0323922087
  25 -19       -0.0152190301       -0.0412705980
  25 -20       -0.0270253299        0.0066357337
  25 -21       -0.0065363533        0.0068589931
  25 -22       -0.0284487739       -0.0063919807
  25 -23       -0.0113847876       -0.0087002883
  25 -24        0.0002372755       -0.0190732244
  25 -25        0.0109311231        0.0107686034
  26  26        0.0052939749       -0.0419204790
  26  25        0.0076480899       -0.0164466707
  26  24        0.0334493930       -0.0379924748
  26  23       -0.0336480812       -0.0194498374
  26  22        0.0007321204        0.0180982387
  26  21        0.0163446562        0.0098376047
  26  20        0.0055293944        0.0532881579
  26  19        0.0121955058       -0.0120457902
  26  18       -0.0099029050       -0.0244416263
  26  17        0.0327795989        0.0165683598
  26  16        0.0365368913        0.0135252741
  26  15       -0.0182902320       -0.0031030853
  26  14       -0.0150943402       -0.0032041787
  26  13       -0.0176888809        0.0087854583
  26  12        0.0185433000       -0.0060428529
  26  11        0.0203473644       -0.0465977460
  26  10        0.0164381769       -0.0118906463
  26   9       -0.0079799605        0.0068809373
  26   8       -0.0078152967       -0.0045154280
  26   7       -0.0278382857        0.0215321232
  26   6       -0.0030028353        0.0148458385
  26   5       -0.0278055369        0.0004453074
  26   4        0.0331310837        0.0000215898
  26   3       -0.0287788804        0.0103332203
  26   2        0.0115177071       -0.0115487205
  26   1        0.0206795682        0.0158226040
  26   0       -0.0464059712        0.0000000000
  26  -1       -0.0206795682        0.0158226040
  26  -2        0.0115177071        0.0115487205
  26  -3        0.0287788804        0.0103332203
  26  -4        0.0331310837       -0.0000215898
  26  -5        0.0278055369        0.0004453074
  26  -6       -0.0030028353       -0.0148458385
  26  -7        0.0278382857        0.0215321232
  26  -8       -0.0078152967        0.0045154280
  26  -9        0.0079799605        0.0068809373
  26 -10        0.0164381769        0.0118906463
  26 -11       -0.0203473644       -0.0465977460
  26 -12        0.0185433000        0.0060428529
  26 -13        0.0176888809        0.0087854583
  26 -14       -0.0150943402        0.0032041787
  26 -15        0.0182902320       -0.0031030853
  26 -16        0.0365368913       -0.0135252741
  26 -17       -0.0327795989        0.0165683598
  26 -18       -0.0099029050        0.0244416263
  26 -19       -0.0121955058       -0.0120457902
  26 -20        0.0055293944       -0.0532881579
  26 -21       -0.0163446562        0.0098376047
  26 -22        0.0007321204       -0.0180982387
  26 -23        0.0336480812       -0.0194498374
  26 -24        0.0334493930        0.0379924748
  26 -25       -0.0076480899       -0.0164466707
  26 -26        0.0052939749        0.0419204790
  27  27       -0.0046721761        0.0068734221
  27  26       -0.0414815743       -0.0183698150
  27  25        0.0065349037       -0.0235184455
  27  24        0.0209803564        0.0254169310
  27  23        0.0078448218        0.0433662926
  27  22       -0.0023867339       -0.0055668400
  27  21       -0.0271804776        0.0128614445
  27  20       -0.0175035095        0.0117627174
  27  19        0.0059872685        0.0124651233
  27  18       -0.0123805861       -0.0399708928
  27  17       -0.0264764919        0.0337840422
  27  16        0.0104707690        0.0161440818
  27  15       -0.0127388606        0.0057338518
  27  14        0.0175388270        0.0071259926
  27  13        0.0125002004        0.0373006761
  27  12       -0.0543480198       -0.0104681249
  27  11       -0.0200594382        0.0025911157
  27  10        0.0049510616       -0.0022649958
  27   9        0.0144370744       -0.0168826153
  27   8        0.0200504925        0.0097376339
  27   7       -0.0171571262        0.0115375621
  27   6       -0.0166239699        0.0102074308
  27   5        0.0116570001        0.0263670788
  27   4        0.0272954586       -0.0037465385
  27   3        0.0036238736        0.0138732027
  27   2       -0.0206276490       -0.0049419577
  27   1        0.0039016119        0.0009947171
  27   0       -0.0248418089        0.0000000000
  27  -1       -0.0039016119        0.0009947171
  27  -2       -0.0206276490        0.0049419577
  27  -3       -0.0036238736        0.0138732027
  27  -4        0.0272954586        0.0037465385
  27  -5       -0.0116570001        0.0263670788
  27  -6       -0.0166239699       -0.0102074308
  27  -7        0.0171571262        0.0115375621
  27  -8        0.0200504925       -0.0097376339
  27  -9       -0.0144370744       -0.0168826153
  27 -10        0.0049510616        0.0022649958
  27 -11        0.0200594382        0.0025911157
  27 -12       -0.0543480198        0.0104681249
  27 -13       -0.0125002004        0.0373006761
  27 -14        0.0175388270       -0.0071259926
  27 -15        0.0127388606        0.0057338518
  27 -16        0.0104707690       -0.0161440818
  27 -17        0.0264764919        0.0337840422
  27 -18       -0.0123805861        0.0399708928
  27 -19       -0.0059872685        0.0124651233
  27 -20       -0.0175035095       -0.0117627174
  27 -21        0.0271804776        0.0128614445
  27 -22       -0.0023867339        0.0055668400
  27 -23       -0.0078448218        0.0433662926
  27 -24        0.0209803564       -0.0254169310
  27 -25       -0.0065349037       -0.0235184455
  27 -26       -0.0414815743        0.0183698150
  27 -27        0.0046721761        0.0068734221
  28  28       -0.0168730749        0.0154462857
  28  27        0.0303766502       -0.0040284555
  28  26        0.0200734008        0.0308666821
  28  25        0.0099048161        0.0347055689
  28  24        0.0135542655        0.0119511156
  28  23       -0.0029858115        0.0286850705
  28  22       -0.0069699205       -0.0154302662
  28  21        0.0064243569        0.0117442730
  28  20        0.0068848364        0.0102112853
  28  19        0.0309065975       -0.0036761744
  28  18       -0.0232178230       -0.0096942066
  28  17       -0.0138777502        0.0306675767
  28  16        0.0217803485       -0.0105545686
  28  15       -0.0105298574        0.0166590168
  28  14       -0.0248724516        0.0136941000
  28  13        0.0169376885        0.0030274129
  28  12       -0.0158194085        0.0025486718
  28  11       -0.0078364013       -0.0060123952
  28  10       -0.0178692586       -0.0048795842
  28   9       -0.0127878089       -0.0189066056
  28   8        0.0003329124       -0.0198033299
  28   7        0.0100505630        0.0038332134
  28   6        0.0016771993       -0.0030092342
  28   5       -0.0131595918       -0.0464754999
  28   4       -0.0437663517        0.0274714028
  28   3       -0.0026246025       -0.0061755511
  28   2        0.0349474978        0.0034733393
  28   1        0.0251875718        0.0007680630
  28   0       -0.0147467268        0.0000000000
  28  -1       -0.0251875718        0.0007680630
  28  -2        0.0349474978       -0.0034733393
  28  -3        0.0026246025       -0.0061755511
  28  -4       -0.0437663517       -0.0274714028
  28  -5        0.0131595918       -0.0464754999
  28  -6        0.0016771993        0.0030092342
  28  -7       -0.0100505630        0.0038332134
  28  -8        0.0003329124        0.0198033299
  28  -9        0.0127878089       -0.0189066056
  28 -10       -0.0178692586        0.0048795842
  28 -11        0.0078364013       -0.0060123952
  28 -12       -0.0158194085       -0.0025486718
  28 -13       -0.0169376885        0.0030274129
  28 -14       -0.0248724516       -0.0136941000
  28 -15        0.0105298574        0.0166590168
  28 -16        0.0217803485        0.0105545686
  28 -17        0.0138777502        0.0306675767
  28 -18       -0.0232178230        0.0096942066
  28 -19       -0.0309065975       -0.0036761744
  28 -20        0.0068848364       -0.0102112853
  28 -21       -0.0064243569        0.0117442730
  28 -22       -0.0069699205        0.0154302662
  28 -23        0.0029858115        0.0286850705
  28 -24        0.0135542655       -0.0119511156
  28 -25       -0.0099048161        0.0347055689
  28 -26        0.0200734008       -0.0308666821
  28 -27       -0.0303766502       -0.0040284555
  28 -28       -0.0168730749       -0.0154462857
  29  29       -0.0364220796        0.0231033862
  29  28        0.0213060304       -0.0042249977
  29  27       -0.0210950677       -0.0175994782
  29  26        0.0146032535       -0.0014893714
  29  25        0.0006520723       -0.0290477267
  29  24       -0.0118179484        0.0237722690
  29  23        0.0126696154       -0.0229769569
  29  22        0.0397355490       -0.0025031566
  29  21       -0.0065181590       -0.0226046959
  29  20       -0.0301408550        0.0199953064
  29  19        0.0190643136       -0.0054323933
  29  18        0.0321981122        0.0087604815
  29  17        0.0049160131       -0.0318818964
  29  16        0.0141225846        0.0109782723
  29  15       -0.0111364889       -0.0048793312
  29  14        0.0031534333        0.0340414802
  29  13        0.0181869235       -0.0221477687
  29  12        0.0240988901        0.0000291246
  29  11       -0.0064110355        0.0136690940
  29  10        0.0039074337        0.0053745645
  29   9        0.0179489834        0.0259439390
  29   8        0.0029183271        0.0065473082
  29   7       -0.0167194632       -0.0192817099
  29   6       -0.0400756710       -0.0170831417
  29   5        0.0193035108        0.0097230026
  29   4       -0.0061041447       -0.0080259563
  29   3       -0.0264216230        0.0168643800
  29   2       -0.0203243931       -0.0248069969
  29   1       -0.0100832722        0.0246960849
  29   0        0.0460008630        0.0000000000
  29  -1        0.0100832722        0.0246960849
  29  -2       -0.0203243931        0.0248069969
  29  -3        0.0264216230        0.0168643800
  29  -4       -0.0061041447        0.0080259563
  29  -5       -0.0193035108        0.0097230026
  29  -6       -0.0400756710        0.0170831417
  29  -7        0.0167194632       -0.0192817099
  29  -8        0.0029183271       -0.0065473082
  29  -9       -0.0179489834        0.0259439390
  29 -10        0.0039074337       -0.0053745645
  29 -11        0.0064110355        0.0136690940
  29 -12        0.0240988901       -0.0000291246
  29 -13       -0.0181869235       -0.0221477687
  29 -14        0.0031534333       -0.0340414802
  29 -15        0.0111364889       -0.0048793312
  29 -16        0.0141225846       -0.0109782723
  29 -17       -0.0049160131       -0.0318818964
  29 -18        0.0321981122       -0.0087604815
  29 -19       -0.0190643136       -0.0054323933
  29 -20       -0.0301408550       -0.0199953064
  29 -21        0.0065181590       -0.0226046959
  29 -22        0.0397355490        0.0025031566
  29 -23       -0.0126696154       -0.0229769569
  29 -24       -0.0118179484       -0.0237722690
  29 -25       -0.0006520723       -0.0290477267
  29 -26        0.0146032535        0.0014893714
  29 -27        0.0210950677       -0.0175994782
  29 -28        0.0213060304        0.0042249977
  29 -29        0.0364220796        0.0231033862
  30  30       -0.0062193077        0.0082066660
  30  29       -0.0118150461        0.0259892852
  30  28        0.0028110027        0.0312843932
  30  27        0.0368361408       -0.0041250727
  30  26        0.0097404556        0.0001748376
  30  25       -0.0082509706       -0.0063778193
  30  24        0.0060532736       -0.0244522833
  30  23       -0.0084905071        0.0027599620
  30  22        0.0167566875        0.0133607586
  30  21        0.0047682377        0.0149220967
  30  20       -0.0100035513        0.0170641592
  30  19        0.0123242537        0.0344147119
  30  18        0.0090996802       -0.0163298225
  30  17       -0.0362350570       -0.0360940144
  30  16        0.0050325598        0.0078961974
  30  15        0.0236665149        0.0230840222
  30  14       -0.0161393203       -0.0016009472
  30  13       -0.0157858394        0.0088803811
  30  12       -0.0246838361       -0.0288603784
  30  11        0.0262522453        0.0144450301
  30  10        0.0043503945        0.0094196580
  30   9        0.0225811213       -0.0024166606
  30   8       -0.0321187945        0.0301648176
  30   7       -0.0175793415       -0.0074176939
  30   6        0.0132606716        0.0127661624
  30   5        0.0272650056        0.0221595556
  30   4        0.0000871911       -0.0366859008
  30   3       -0.0158384921       -0.0306006071
  30   2       -0.0502440787        0.0025813456
  30   1       -0.0259960439        0.0117546286
  30   0        0.0096287135        0.0000000000
  30  -1        0.0259960439        0.0117546286
  30  -2       -0.0502440787       -0.0025813456
  30  -3        0.0158384921       -0.0306006071
  30  -4        0.0000871911        0.0366859008
  30  -5       -0.0272650056        0.0221595556
  30  -6        0.0132606716       -0.0127661624
  30  -7        0.0175793415       -0.0074176939
  30  -8       -0.0321187945       -0.0301648176
  30  -9       -0.0225811213       -0.0024166606
  30 -10        0.0043503945       -0.0094196580
  30 -11       -0.0262522453        0.0144450301
  30 -12       -0.0246838361        0.0288603784
  30 -13        0.0157858394        0.0088803811
  30 -14       -0.0161393203        0.0016009472
  30 -15       -0.0236665149        0.0230840222
  30 -16        0.0050325598       -0.0078961974
  30 -17        0.0362350570       -0.0360940144
  30 -18        0.0090996802        0.0163298225
  30 -19       -0.0123242537        0.0344147119
  30 -20       -0.0100035513       -0.0170641592
  30 -21       -0.0047682377        0.0149220967
  30 -22        0.0167566875       -0.0133607586
  30 -23        0.0084905071        0.0027599620
  30 -24        0.0060532736        0.0244522833
  30 -25        0.0082509706       -0.0063778193
  30 -26        0.0097404556       -0.0001748376
  30 -27       -0.0368361408       -0.0041250727
  30 -28        0.0028110027       -0.0312843932
  30 -29        0.0118150461        0.0259892852
  30 -30       -0.0062193077       -0.0082066660
