   0   0       30.2050151825        0.0000000000
   1   1       -0.0178316776        0.3233799040
   1   0       -0.4393672943        0.0000000000
   1  -1        0.0178316776        0.3233799040
   2   2       -1.5342195034        0.5741921663
   2   1       -1.5244231224       -1.2512340546
   2   0        0.3522168994        0.0000000000
   2  -1        1.5244231224       -1.2512340546
   2  -2       -1.5342195034       -0.5741921663
   3   3       -0.2561433017        1.3302142620
   3   2       -0.2282954901        0.4268626571
   3   1       -1.1373239756        0.4364417493
   3   0        0.2467124462        0.0000000000
   3  -1        1.1373239756        0.4364417493
   3  -2       -0.2282954901       -0.4268626571
   3  -3        0.2561433017        1.3302142620
   4   4        0.2884702086       -0.5375552773
   4   3        0.2073583156        0.1145790145
   4   2       -0.1123533845       -0.2482687235
   4   1       -0.3420893848        0.6594432592
   4   0        0.1695622802        0.0000000000
   4  -1        0.3420893848        0.6594432592
   4  -2       -0.1123533845        0.2482687235
   4  -3       -0.2073583156        0.1145790145
   4  -4        0.2884702086        0.5375552773
   5   5       -0.2410136908       -0.2550676167
   5   4        0.1052856967       -0.4257037044
   5   3        0.2380227447        0.0238106176
   5   2        0.1017542779       -0.0163334925
   5   1        0.1521669030        0.0397599116
   5   0        0.1117449477        0.0000000000
   5  -1       -0.1521669030        0.0397599116
   5  -2        0.1017542779        0.0163334925
   5  -3       -0.2380227447        0.0238106176
   5  -4        0.1052856967        0.4257037044
   5  -5        0.2410136908       -0.2550676167
   6   6       -0.1301633418        0.1249287352
   6   5       -0.1584329307       -0.0025118038
   6   4        0.0504638031       -0.1701254547
   6   3       -0.0502141602        0.0365759991
   6   2        0.0992558077       -0.1501777321
   6   1       -0.3219341934        0.0523063466
   6   0       -0.2366427332        0.0000000000
   6  -1        0.3219341934        0.0523063466
   6  -2        0.0992558077        0.1501777321
   6  -3        0.0502141602        0.0365759991
   6  -4        0.0504638031        0.1701254547
   6  -5        0.1584329307       -0.0025118038
   6  -6       -0.1301633418       -0.1249287352
   7   7        0.0105224876        0.1461776197
   7   6        0.0234384667        0.1590245217
   7   5        0.0103819622       -0.1250759065
   7   4       -0.0986469239        0.0107967462
   7   3        0.1052198932        0.1128318235
   7   2       -0.1676137298       -0.0907596424
   7   1       -0.1592452675        0.0491925329
   7   0       -0.1378568858        0.0000000000
   7  -1        0.1592452675        0.0491925329
   7  -2       -0.1676137298        0.0907596424
   7  -3       -0.1052198932        0.1128318235
   7  -4       -0.0986469239       -0.0107967462
   7  -5       -0.0103819622       -0.1250759065
   7  -6        0.0234384667       -0.1590245217
   7  -7       -0.0105224876        0.1461776197
   8   8        0.0612810627       -0.0985429212
   8   7        0.1857950091        0.0068636416
   8   6        0.1167110652        0.0933992639
   8   5        0.1185520962       -0.0065791733
   8   4        0.0416276604        0.0120475413
   8   3        0.0914008021        0.0264464933
   8   2       -0.1033074111        0.0408445187
   8   1        0.0103554027        0.0047524776
   8   0       -0.1901421100        0.0000000000
   8  -1       -0.0103554027        0.0047524776
   8  -2       -0.1033074111       -0.0408445187
   8  -3       -0.0914008021        0.0264464933
   8  -4        0.0416276604       -0.0120475413
   8  -5       -0.1185520962       -0.0065791733
   8  -6        0.1167110652       -0.0933992639
   8  -7       -0.1857950091        0.0068636416
   8  -8        0.0612810627        0.0985429212
   9   9       -0.0510743000       -0.0319044888
   9   8        0.0036509316       -0.0431354232
   9   7        0.0266348254        0.0548718609
   9   6       -0.0264146198        0.0468603745
   9   5        0.0830701515        0.0341967866
   9   4       -0.0516103990        0.0365218520
   9   3        0.0834131539        0.0048645064
   9   2        0.0779207796        0.0112352064
   9   1       -0.0067998655       -0.0382713117
   9   0       -0.1472908556        0.0000000000
   9  -1        0.0067998655       -0.0382713117
   9  -2        0.0779207796       -0.0112352064
   9  -3       -0.0834131539        0.0048645064
   9  -4       -0.0516103990       -0.0365218520
   9  -5       -0.0830701515        0.0341967866
   9  -6       -0.0264146198       -0.0468603745
   9  -7       -0.0266348254        0.0548718609
   9  -8        0.0036509316        0.0431354232
   9  -9        0.0510743000       -0.0319044888
  10  10       -0.0663614124        0.0795190781
  10   9       -0.1116395295        0.0733685941
  10   8        0.0206029098        0.0006439970
  10   7       -0.0229640864        0.0594559014
  10   6       -0.0315924920       -0.0623447374
  10   5        0.0691075772       -0.0468083769
  10   4        0.0268608741       -0.1526923180
  10   3        0.0558700338        0.0061601843
  10   2        0.0142990444       -0.0698604137
  10   1       -0.0688107163       -0.0231223926
  10   0       -0.1080897376        0.0000000000
  10  -1        0.0688107163       -0.0231223926
  10  -2        0.0142990444        0.0698604137
  10  -3       -0.0558700338        0.0061601843
  10  -4        0.0268608741        0.1526923180
  10  -5       -0.0691075772       -0.0468083769
  10  -6       -0.0315924920        0.0623447374
  10  -7        0.0229640864        0.0594559014
  10  -8        0.0206029098       -0.0006439970
  10  -9        0.1116395295        0.0733685941
  10 -10       -0.0663614124       -0.0795190781
  11  11        0.0009315979        0.0155388173
  11  10        0.0115693929        0.0623070970
  11   9       -0.0562661700       -0.0587103516
  11   8        0.0450313725       -0.0011398648
  11   7        0.0175262224        0.0074402061
  11   6       -0.0702925622        0.0956866667
  11   5       -0.0172433201        0.0167018287
  11   4        0.0359327570        0.0294106528
  11   3        0.0473528318        0.0035319556
  11   2       -0.0299961455       -0.0691612437
  11   1       -0.0351345725        0.0216357205
  11   0        0.0284699425        0.0000000000
  11  -1        0.0351345725        0.0216357205
  11  -2       -0.0299961455        0.0691612437
  11  -3       -0.0473528318        0.0035319556
  11  -4        0.0359327570       -0.0294106528
  11  -5        0.0172433201        0.0167018287
  11  -6       -0.0702925622       -0.0956866667
  11  -7       -0.0175262224        0.0074402061
  11  -8        0.0450313725        0.0011398648
  11  -9        0.0562661700       -0.0587103516
  11 -10        0.0115693929       -0.0623070970
  11 -11       -0.0009315979        0.0155388173
  12  12       -0.0580308437        0.0159151796
  12  11        0.0717482567       -0.0064725052
  12  10        0.0385947339        0.0480177812
  12   9        0.0214629527       -0.0408567227
  12   8       -0.0124325883        0.0264620874
  12   7        0.0135089010       -0.0270543508
  12   6        0.0654252544        0.0139114279
  12   5       -0.0288283248        0.0459755845
  12   4       -0.0171231665        0.0307102297
  12   3        0.0056374958        0.0240212213
  12   2       -0.0379009657        0.0391652398
  12   1        0.0306183659        0.0222151037
  12   0       -0.0000818386        0.0000000000
  12  -1       -0.0306183659        0.0222151037
  12  -2       -0.0379009657       -0.0391652398
  12  -3       -0.0056374958        0.0240212213
  12  -4       -0.0171231665       -0.0307102297
  12  -5        0.0288283248        0.0459755845
  12  -6        0.0654252544       -0.0139114279
  12  -7       -0.0135089010       -0.0270543508
  12  -8       -0.0124325883       -0.0264620874
  12  -9       -0.0214629527       -0.0408567227
  12 -10        0.0385947339       -0.0480177812
  12 -11       -0.0717482567       -0.0064725052
  12 -12       -0.0580308437       -0.0159151796
  13  13       -0.0500096269        0.0091503579
  13  12       -0.0332225189       -0.0321682952
  13  11        0.0430724323       -0.0099084424
  13  10       -0.0120473113       -0.0218310393
  13   9        0.0414146781        0.0336534865
  13   8       -0.0511629321        0.0311615281
  13   7       -0.0183119252       -0.0033284442
  13   6       -0.0124032563       -0.0046328250
  13   5       -0.0080814483       -0.0648419634
  13   4       -0.0085844770        0.0153401420
  13   3       -0.0019273064       -0.0004551514
  13   2       -0.0171592347       -0.0223180540
  13   1       -0.0005234617       -0.0171646196
  13   0       -0.0532398485        0.0000000000
  13  -1        0.0005234617       -0.0171646196
  13  -2       -0.0171592347        0.0223180540
  13  -3        0.0019273064       -0.0004551514
  13  -4       -0.0085844770       -0.0153401420
  13  -5        0.0080814483       -0.0648419634
  13  -6       -0.0124032563        0.0046328250
  13  -7        0.0183119252       -0.0033284442
  13  -8       -0.0511629321       -0.0311615281
  13  -9       -0.0414146781        0.0336534865
  13 -10       -0.0120473113        0.0218310393
  13 -11       -0.0430724323       -0.0099084424
  13 -12       -0.0332225189        0.0321682952
  13 -13        0.0500096269        0.0091503579
  14  14       -0.0183729157       -0.0042149634
  14  13       -0.0583822019        0.0255926251
  14  12       -0.0172911063       -0.0370783359
  14  11        0.0284202285       -0.0190112833
  14  10       -0.0313059613        0.0044679199
  14   9        0.0496331044        0.0317265280
  14   8       -0.0014635522        0.0227896795
  14   7        0.0134740928       -0.0220774859
  14   6       -0.0147757474       -0.0469066352
  14   5        0.0051935585       -0.0246425420
  14   4       -0.0543946885        0.0083039878
  14   3        0.0163706560        0.0375947841
  14   2        0.0136327296       -0.0063971379
  14   1        0.0457763299       -0.0381414592
  14   0       -0.0509010330        0.0000000000
  14  -1       -0.0457763299       -0.0381414592
  14  -2        0.0136327296        0.0063971379
  14  -3       -0.0163706560        0.0375947841
  14  -4       -0.0543946885       -0.0083039878
  14  -5       -0.0051935585       -0.0246425420
  14  -6       -0.0147757474        0.0469066352
  14  -7       -0.0134740928       -0.0220774859
  14  -8       -0.0014635522       -0.0227896795
  14  -9       -0.0496331044        0.0317265280
  14 -10       -0.0313059613       -0.0044679199
  14 -11       -0.0284202285       -0.0190112833
  14 -12       -0.0172911063        0.0370783359
  14 -13        0.0583822019        0.0255926251
  14 -14       -0.0183729157        0.0042149634
  15  15        0.0492949225        0.0105281314
  15  14       -0.0012527007        0.0522433184
  15  13       -0.0057354434        0.0213264171
  15  12       -0.0010037197        0.0105250403
  15  11       -0.0268848613        0.0428464748
  15  10        0.0284989253       -0.0073984186
  15   9       -0.0466331653       -0.0083184326
  15   8       -0.0670692250       -0.0168916378
  15   7        0.0130637465       -0.0657456666
  15   6       -0.0378299393        0.0161169060
  15   5        0.0105832769       -0.0174010154
  15   4        0.0194478091        0.0171731785
  15   3       -0.0153027428        0.0388273410
  15   2        0.0210168213        0.0139983101
  15   1       -0.0512063950        0.0420478098
  15   0        0.0015890357        0.0000000000
  15  -1        0.0512063950        0.0420478098
  15  -2        0.0210168213       -0.0139983101
  15  -3        0.0153027428        0.0388273410
  15  -4        0.0194478091       -0.0171731785
  15  -5       -0.0105832769       -0.0174010154
  15  -6       -0.0378299393       -0.0161169060
  15  -7       -0.0130637465       -0.0657456666
  15  -8       -0.0670692250        0.0168916378
  15  -9        0.0466331653       -0.0083184326
  15 -10        0.0284989253        0.0073984186
  15 -11        0.0268848613        0.0428464748
  15 -12       -0.0010037197       -0.0105250403
  15 -13        0.0057354434        0.0213264171
  15 -14       -0.0012527007       -0.0522433184
  15 -15       -0.0492949225        0.0105281314
  16  16       -0.0389375351        0.0055356543
  16  15        0.0287654269        0.0052116965
  16  14        0.0017470809       -0.0521964394
  16  13       -0.0220555384       -0.0017569024
  16  12       -0.0074928710        0.0174878351
  16  11        0.0283901542       -0.0205447655
  16  10        0.0030325402        0.0255944710
  16   9       -0.0053549241       -0.0249207765
  16   8        0.0312708504       -0.0094738668
  16   7        0.0049939523       -0.0066544893
  16   6        0.0148413824        0.0395954996
  16   5       -0.0711354315       -0.0202213023
  16   4       -0.0013881894       -0.0008819516
  16   3       -0.0153594250        0.0062082661
  16   2        0.0227637365       -0.0009442925
  16   1       -0.0265919939        0.0110963145
  16   0       -0.0006962464        0.0000000000
  16  -1        0.0265919939        0.0110963145
  16  -2        0.0227637365        0.0009442925
  16  -3        0.0153594250        0.0062082661
  16  -4       -0.0013881894        0.0008819516
  16  -5        0.0711354315       -0.0202213023
  16  -6        0.0148413824       -0.0395954996
  16  -7       -0.0049939523       -0.0066544893
  16  -8        0.0312708504        0.0094738668
  16  -9        0.0053549241       -0.0249207765
  16 -10        0.0030325402       -0.0255944710
  16 -11       -0.0283901542       -0.0205447655
  16 -12       -0.0074928710       -0.0174878351
  16 -13        0.0220555384       -0.0017569024
  16 -14        0.0017470809        0.0521964394
  16 -15       -0.0287654269        0.0052116965
  16 -16       -0.0389375351       -0.0055356543
  17  17       -0.0233269613       -0.0085940044
  17  16       -0.0344546922       -0.0524281226
  17  15        0.0110303424        0.0253912341
  17  14        0.0392142311        0.0060337619
  17  13       -0.0303190071       -0.0232713223
  17  12        0.0133029455        0.0155066242
  17  11        0.0080753556       -0.0462419391
  17  10        0.0194126032       -0.0269228406
  17   9       -0.0011733533       -0.0621791705
  17   8       -0.0010015310       -0.0086892983
  17   7        0.0080691222       -0.0083403029
  17   6        0.0170832295       -0.0156243406
  17   5        0.0267489851       -0.0374301188
  17   4        0.0323945992        0.0493736453
  17   3       -0.0850796029        0.0195560697
  17   2        0.0007945480        0.0138112018
  17   1       -0.0159716699        0.0113892211
  17   0        0.0294138510        0.0000000000
  17  -1        0.0159716699        0.0113892211
  17  -2        0.0007945480       -0.0138112018
  17  -3        0.0850796029        0.0195560697
  17  -4        0.0323945992       -0.0493736453
  17  -5       -0.0267489851       -0.0374301188
  17  -6        0.0170832295        0.0156243406
  17  -7       -0.0080691222       -0.0083403029
  17  -8       -0.0010015310        0.0086892983
  17  -9        0.0011733533       -0.0621791705
  17 -10        0.0194126032        0.0269228406
  17 -11       -0.0080753556       -0.0462419391
  17 -12        0.0133029455       -0.0155066242
  17 -13        0.0303190071       -0.0232713223
  17 -14        0.0392142311       -0.0060337619
  17 -15       -0.0110303424        0.0253912341
  17 -16       -0.0344546922        0.0524281226
  17 -17        0.0233269613       -0.0085940044
  18  18        0.0000000000        0.0000000000
  18  17       -0.0194767583       -0.0188296661
  18  16        0.0087393234        0.0115369782
  18  15       -0.0053909677        0.0305751190
  18  14        0.0332477503        0.0126238717
  18  13       -0.0240835231        0.0209814142
  18  12       -0.0194102209        0.0119095873
  18  11       -0.0103956508       -0.0402759761
  18  10       -0.0254929420        0.0011901533
  18   9        0.0104359882        0.0142894415
  18   8        0.0008427555       -0.0506904982
  18   7        0.0216437168        0.0011592845
  18   6       -0.0043182182        0.0014662163
  18   5       -0.0181482080       -0.0104071768
  18   4        0.0526643805        0.0098730344
  18   3       -0.0279485993       -0.0133126536
  18   2       -0.0024629813        0.0734405071
  18   1       -0.0053686253        0.0433477648
  18   0       -0.0006306431        0.0000000000
  18  -1        0.0053686253        0.0433477648
  18  -2       -0.0024629813       -0.0734405071
  18  -3        0.0279485993       -0.0133126536
  18  -4        0.0526643805       -0.0098730344
  18  -5        0.0181482080       -0.0104071768
  18  -6       -0.0043182182       -0.0014662163
  18  -7       -0.0216437168        0.0011592845
  18  -8        0.0008427555        0.0506904982
  18  -9       -0.0104359882        0.0142894415
  18 -10       -0.0254929420       -0.0011901533
  18 -11        0.0103956508       -0.0402759761
  18 -12       -0.0194102209       -0.0119095873
  18 -13        0.0240835231        0.0209814142
  18 -14        0.0332477503       -0.0126238717
  18 -15        0.0053909677        0.0305751190
  18 -16        0.0087393234       -0.0115369782
  18 -17        0.0194767583       -0.0188296661
  18 -18        0.0000000000        0.0000000000
  19  19        0.0000000000        0.0000000000
  19  18       -0.0288361516        0.0938493907
  19  17        0.0111677470       -0.0061604311
  19  16        0.0292916875        0.0049665640
  19  15       -0.0076991869       -0.0045755175
  19  14        0.0139537482       -0.0145365261
  19  13        0.0333326720        0.0423959196
  19  12        0.0222512297       -0.0174687859
  19  11       -0.0462038778       -0.0207109544
  19  10       -0.0631896853       -0.0249045976
  19   9       -0.0246667154        0.0111502251
  19   8        0.0134066576        0.0060765822
  19   7       -0.0148169817        0.0148373544
  19   6        0.0350886211       -0.0107857035
  19   5        0.0269757640       -0.0269835256
  19   4       -0.0300783794        0.0130960392
  19   3       -0.0243011266        0.0242300332
  19   2        0.0051606898       -0.0607220009
  19   1        0.0280917417        0.0171584226
  19   0       -0.0168209523        0.0000000000
  19  -1       -0.0280917417        0.0171584226
  19  -2        0.0051606898        0.0607220009
  19  -3        0.0243011266        0.0242300332
  19  -4       -0.0300783794       -0.0130960392
  19  -5       -0.0269757640       -0.0269835256
  19  -6        0.0350886211        0.0107857035
  19  -7        0.0148169817        0.0148373544
  19  -8        0.0134066576       -0.0060765822
  19  -9        0.0246667154        0.0111502251
  19 -10       -0.0631896853        0.0249045976
  19 -11        0.0462038778       -0.0207109544
  19 -12        0.0222512297        0.0174687859
  19 -13       -0.0333326720        0.0423959196
  19 -14        0.0139537482        0.0145365261
  19 -15        0.0076991869       -0.0045755175
  19 -16        0.0292916875       -0.0049665640
  19 -17       -0.0111677470       -0.0061604311
  19 -18       -0.0288361516       -0.0938493907
  19 -19        0.0000000000        0.0000000000
  20  20        0.0000000000        0.0000000000
  20  19        0.0355353877        0.0151023315
  20  18        0.0217045341        0.0594605021
  20  17       -0.0161124971       -0.0205139406
  20  16       -0.0053163571       -0.0104442043
  20  15        0.0005361556       -0.0123636164
  20  14        0.0184184257       -0.0021963222
  20  13        0.0208861027        0.0203575864
  20  12       -0.0007529671        0.0156914480
  20  11        0.0158049334       -0.0273553412
  20  10       -0.0040492895       -0.0068982663
  20   9        0.0009518790       -0.0009784553
  20   8        0.0111894011        0.0148169966
  20   7        0.0028596006        0.0332978405
  20   6        0.0182321165        0.0023238226
  20   5       -0.0117586954        0.0014874495
  20   4       -0.0177103560       -0.0139545873
  20   3       -0.0301751550       -0.0162015297
  20   2        0.0076939501       -0.0162781123
  20   1        0.0171626974        0.0107442420
  20   0        0.0059365984        0.0000000000
  20  -1       -0.0171626974        0.0107442420
  20  -2        0.0076939501        0.0162781123
  20  -3        0.0301751550       -0.0162015297
  20  -4       -0.0177103560        0.0139545873
  20  -5        0.0117586954        0.0014874495
  20  -6        0.0182321165       -0.0023238226
  20  -7       -0.0028596006        0.0332978405
  20  -8        0.0111894011       -0.0148169966
  20  -9       -0.0009518790       -0.0009784553
  20 -10       -0.0040492895        0.0068982663
  20 -11       -0.0158049334       -0.0273553412
  20 -12       -0.0007529671       -0.0156914480
  20 -13       -0.0208861027        0.0203575864
  20 -14        0.0184184257        0.0021963222
  20 -15       -0.0005361556       -0.0123636164
  20 -16       -0.0053163571        0.0104442043
  20 -17        0.0161124971       -0.0205139406
  20 -18        0.0217045341       -0.0594605021
  20 -19       -0.0355353877        0.0151023315
  20 -20        0.0000000000        0.0000000000
  21  21        0.0000000000        0.0000000000
  21  20        0.0118792150       -0.0082146693
  21  19        0.0322460644        0.0080320574
  21  18        0.0171625130       -0.0471805222
  21  17       -0.0403992683       -0.0187001843
  21  16       -0.0258292649       -0.0245792381
  21  15       -0.0024068479       -0.0085819457
  21  14        0.0131269367        0.0014881503
  21  13        0.0040561245        0.0067363740
  21  12       -0.0031740961       -0.0103941355
  21  11        0.0265120566        0.0261209700
  21  10        0.0276670530        0.0234980211
  21   9       -0.0042059748        0.0198566038
  21   8       -0.0237212330        0.0257675909
  21   7       -0.0272011254       -0.0082684569
  21   6       -0.0168775637        0.0066798842
  21   5        0.0229802988       -0.0374611467
  21   4       -0.0258053187       -0.0095901024
  21   3       -0.0232865196        0.0190544501
  21   2        0.0115215005        0.0002280702
  21   1       -0.0277000535       -0.0058854711
  21   0        0.0049600429        0.0000000000
  21  -1        0.0277000535       -0.0058854711
  21  -2        0.0115215005       -0.0002280702
  21  -3        0.0232865196        0.0190544501
  21  -4       -0.0258053187        0.0095901024
  21  -5       -0.0229802988       -0.0374611467
  21  -6       -0.0168775637       -0.0066798842
  21  -7        0.0272011254       -0.0082684569
  21  -8       -0.0237212330       -0.0257675909
  21  -9        0.0042059748        0.0198566038
  21 -10        0.0276670530       -0.0234980211
  21 -11       -0.0265120566        0.0261209700
  21 -12       -0.0031740961        0.0103941355
  21 -13       -0.0040561245        0.0067363740
  21 -14        0.0131269367       -0.0014881503
  21 -15        0.0024068479       -0.0085819457
  21 -16       -0.0258292649        0.0245792381
  21 -17        0.0403992683       -0.0187001843
  21 -18        0.0171625130        0.0471805222
  21 -19       -0.0322460644        0.0080320574
  21 -20        0.0118792150        0.0082146693
  21 -21        0.0000000000        0.0000000000
  22  22        0.0000000000        0.0000000000
  22  21        0.0065710992       -0.0271743778
  22  20        0.0170858074        0.0098765865
  22  19       -0.0082402546       -0.0110757761
  22  18       -0.0719938651       -0.0386206806
  22  17       -0.0141290864       -0.0027858471
  22  16       -0.0066272509       -0.0503182039
  22  15       -0.0150904320       -0.0152585478
  22  14       -0.0023520507        0.0313010402
  22  13       -0.0032826893        0.0136733539
  22  12        0.0224009641       -0.0233573392
  22  11       -0.0079667978       -0.0083640497
  22  10       -0.0275162142        0.0290321000
  22   9        0.0557243377       -0.0093023973
  22   8       -0.0395371206        0.0004389632
  22   7       -0.0064493720       -0.0289389417
  22   6       -0.0116148600       -0.0127517954
  22   5        0.0127640115       -0.0048176469
  22   4        0.0190525036        0.0232105330
  22   3       -0.0077536055       -0.0183589831
  22   2       -0.0109539330        0.0051674019
  22   1        0.0310647190       -0.0055949502
  22   0       -0.0285003968        0.0000000000
  22  -1       -0.0310647190       -0.0055949502
  22  -2       -0.0109539330       -0.0051674019
  22  -3        0.0077536055       -0.0183589831
  22  -4        0.0190525036       -0.0232105330
  22  -5       -0.0127640115       -0.0048176469
  22  -6       -0.0116148600        0.0127517954
  22  -7        0.0064493720       -0.0289389417
  22  -8       -0.0395371206       -0.0004389632
  22  -9       -0.0557243377       -0.0093023973
  22 -10       -0.0275162142       -0.0290321000
  22 -11        0.0079667978       -0.0083640497
  22 -12        0.0224009641        0.0233573392
  22 -13        0.0032826893        0.0136733539
  22 -14       -0.0023520507       -0.0313010402
  22 -15        0.0150904320       -0.0152585478
  22 -16       -0.0066272509        0.0503182039
  22 -17        0.0141290864       -0.0027858471
  22 -18       -0.0719938651        0.0386206806
  22 -19        0.0082402546       -0.0110757761
  22 -20        0.0170858074       -0.0098765865
  22 -21       -0.0065710992       -0.0271743778
  22 -22        0.0000000000        0.0000000000
  23  23        0.0000000000        0.0000000000
  23  22        0.0022249273        0.0204631370
  23  21        0.0354204886       -0.0264358614
  23  20        0.0010110127       -0.0016013887
  23  19       -0.0002440336        0.0207021199
  23  18       -0.0136709167        0.0499188676
  23  17       -0.0306668356        0.0223839059
  23  16       -0.0070516304       -0.0146544445
  23  15        0.0153319025        0.0013528459
  23  14       -0.0044478760        0.0178614184
  23  13       -0.0226708986        0.0039633228
  23  12       -0.0087651713       -0.0343589634
  23  11        0.0003147632        0.0428970866
  23  10        0.0217201747        0.0054105464
  23   9       -0.0146581838       -0.0376066752
  23   8       -0.0352107324       -0.0205172915
  23   7        0.0203136448        0.0010731876
  23   6        0.0098607019        0.0186854061
  23   5       -0.0050108270       -0.0268833656
  23   4       -0.0203565024       -0.0070683435
  23   3        0.0177304987       -0.0208572280
  23   2       -0.0456471443       -0.0001170036
  23   1       -0.0018085918        0.0001696497
  23   0       -0.0370554775        0.0000000000
  23  -1        0.0018085918        0.0001696497
  23  -2       -0.0456471443        0.0001170036
  23  -3       -0.0177304987       -0.0208572280
  23  -4       -0.0203565024        0.0070683435
  23  -5        0.0050108270       -0.0268833656
  23  -6        0.0098607019       -0.0186854061
  23  -7       -0.0203136448        0.0010731876
  23  -8       -0.0352107324        0.0205172915
  23  -9        0.0146581838       -0.0376066752
  23 -10        0.0217201747       -0.0054105464
  23 -11       -0.0003147632        0.0428970866
  23 -12       -0.0087651713        0.0343589634
  23 -13        0.0226708986        0.0039633228
  23 -14       -0.0044478760       -0.0178614184
  23 -15       -0.0153319025        0.0013528459
  23 -16       -0.0070516304        0.0146544445
  23 -17        0.0306668356        0.0223839059
  23 -18       -0.0136709167       -0.0499188676
  23 -19        0.0002440336        0.0207021199
  23 -20        0.0010110127        0.0016013887
  23 -21       -0.0354204886       -0.0264358614
  23 -22        0.0022249273       -0.0204631370
  23 -23        0.0000000000        0.0000000000
  24  24        0.0000000000        0.0000000000
  24  23        0.0470257029        0.1046700180
  24  22        0.0384569168        0.0331564024
  24  21        0.0111315893        0.0064981226
  24  20       -0.0041657658       -0.0099031096
  24  19        0.0351284854       -0.0006722084
  24  18        0.0684970841        0.0720504969
  24  17       -0.0279812720       -0.0006173591
  24  16       -0.0145600652        0.0211962406
  24  15        0.0286141187        0.0155516127
  24  14       -0.0083611291        0.0140867541
  24  13       -0.0080954162        0.0055640284
  24  12       -0.0192946959        0.0062717972
  24  11        0.0218089297       -0.0067601781
  24  10       -0.0163347833        0.0130409244
  24   9       -0.0072208727        0.0151585145
  24   8       -0.0121861715       -0.0272975825
  24   7       -0.0302584264       -0.0025506734
  24   6       -0.0426882356        0.0210106242
  24   5        0.0105891088        0.0139080351
  24   4       -0.0198030993       -0.0063330866
  24   3       -0.0175767522       -0.0166708902
  24   2        0.0076487656       -0.0069296220
  24   1        0.0027220794       -0.0103428951
  24   0       -0.0376086086        0.0000000000
  24  -1       -0.0027220794       -0.0103428951
  24  -2        0.0076487656        0.0069296220
  24  -3        0.0175767522       -0.0166708902
  24  -4       -0.0198030993        0.0063330866
  24  -5       -0.0105891088        0.0139080351
  24  -6       -0.0426882356       -0.0210106242
  24  -7        0.0302584264       -0.0025506734
  24  -8       -0.0121861715        0.0272975825
  24  -9        0.0072208727        0.0151585145
  24 -10       -0.0163347833       -0.0130409244
  24 -11       -0.0218089297       -0.0067601781
  24 -12       -0.0192946959       -0.0062717972
  24 -13        0.0080954162        0.0055640284
  24 -14       -0.0083611291       -0.0140867541
  24 -15       -0.0286141187        0.0155516127
  24 -16       -0.0145600652       -0.0211962406
  24 -17        0.0279812720       -0.0006173591
  24 -18        0.0684970841       -0.0720504969
  24 -19       -0.0351284854       -0.0006722084
  24 -20       -0.0041657658        0.0099031096
  24 -21       -0.0111315893        0.0064981226
  24 -22        0.0384569168       -0.0331564024
  24 -23       -0.0470257029        0.1046700180
  24 -24        0.0000000000        0.0000000000
  25  25        0.0000000000        0.0000000000
  25  24       -0.0345431268        0.0454701781
  25  23       -0.0890171900        0.0079666758
  25  22        0.0128900111       -0.0239913333
  25  21       -0.0936931372        0.0048922729
  25  20        0.0171428472       -0.0107202958
  25  19        0.0544617474        0.0080117770
  25  18        0.0203186106       -0.0259819683
  25  17       -0.0283973906       -0.0199193303
  25  16        0.0005180045        0.0240486246
  25  15       -0.0107004112       -0.0060948338
  25  14       -0.0146672837        0.0158307217
  25  13       -0.0005687284       -0.0084341569
  25  12        0.0036184434        0.0217728820
  25  11       -0.0189595334        0.0042143045
  25  10        0.0092331422       -0.0074274684
  25   9       -0.0211251602       -0.0006726723
  25   8       -0.0006733392        0.0085266614
  25   7        0.0266773626        0.0016037372
  25   6        0.0059350608       -0.0083272131
  25   5        0.0218437985       -0.0272436719
  25   4        0.0164562538        0.0226235278
  25   3       -0.0138445040       -0.0114324186
  25   2        0.0320605785       -0.0195483193
  25   1        0.0081124110       -0.0027855111
  25   0       -0.0113114174        0.0000000000
  25  -1       -0.0081124110       -0.0027855111
  25  -2        0.0320605785        0.0195483193
  25  -3        0.0138445040       -0.0114324186
  25  -4        0.0164562538       -0.0226235278
  25  -5       -0.0218437985       -0.0272436719
  25  -6        0.0059350608        0.0083272131
  25  -7       -0.0266773626        0.0016037372
  25  -8       -0.0006733392       -0.0085266614
  25  -9        0.0211251602       -0.0006726723
  25 -10        0.0092331422        0.0074274684
  25 -11        0.0189595334        0.0042143045
  25 -12        0.0036184434       -0.0217728820
  25 -13        0.0005687284       -0.0084341569
  25 -14       -0.0146672837       -0.0158307217
  25 -15        0.0107004112       -0.0060948338
  25 -16        0.0005180045       -0.0240486246
  25 -17        0.0283973906       -0.0199193303
  25 -18        0.0203186106        0.0259819683
  25 -19       -0.0544617474        0.0080117770
  25 -20        0.0171428472        0.0107202958
  25 -21        0.0936931372        0.0048922729
  25 -22        0.0128900111        0.0239913333
  25 -23        0.0890171900        0.0079666758
  25 -24       -0.0345431268       -0.0454701781
  25 -25        0.0000000000        0.0000000000
  26  26        0.0000000000        0.0000000000
  26  25       -0.0522609614       -0.0180919077
  26  24       -0.0414542519       -0.0431228764
  26  23       -0.0166199952       -0.0553549007
  26  22       -0.0237765666       -0.0012706204
  26  21        0.0310698804       -0.0062053637
  26  20        0.0313339233       -0.0152087081
  26  19       -0.0348528884        0.0052739228
  26  18       -0.0894533694       -0.0669048727
  26  17       -0.0073580150       -0.0221901573
  26  16        0.0204150341        0.0098688379
  26  15       -0.0092521431        0.0012123638
  26  14        0.0300071537       -0.0169164967
  26  13       -0.0088223414       -0.0178066306
  26  12       -0.0272997823        0.0359442420
  26  11        0.0190982092       -0.0117889801
  26  10        0.0218486786       -0.0005447504
  26   9       -0.0107820584       -0.0027024639
  26   8        0.0200920571       -0.0015227861
  26   7       -0.0189052895       -0.0103506567
  26   6        0.0257054362       -0.0007300467
  26   5       -0.0100065330        0.0241153352
  26   4       -0.0359514430        0.0062355204
  26   3        0.0400094502       -0.0076510035
  26   2        0.0148479454        0.0129209645
  26   1       -0.0223185942        0.0058245258
  26   0        0.0047658039        0.0000000000
  26  -1        0.0223185942        0.0058245258
  26  -2        0.0148479454       -0.0129209645
  26  -3       -0.0400094502       -0.0076510035
  26  -4       -0.0359514430       -0.0062355204
  26  -5        0.0100065330        0.0241153352
  26  -6        0.0257054362        0.0007300467
  26  -7        0.0189052895       -0.0103506567
  26  -8        0.0200920571        0.0015227861
  26  -9        0.0107820584       -0.0027024639
  26 -10        0.0218486786        0.0005447504
  26 -11       -0.0190982092       -0.0117889801
  26 -12       -0.0272997823       -0.0359442420
  26 -13        0.0088223414       -0.0178066306
  26 -14        0.0300071537        0.0169164967
  26 -15        0.0092521431        0.0012123638
  26 -16        0.0204150341       -0.0098688379
  26 -17        0.0073580150       -0.0221901573
  26 -18       -0.0894533694        0.0669048727
  26 -19        0.0348528884        0.0052739228
  26 -20        0.0313339233        0.0152087081
  26 -21       -0.0310698804       -0.0062053637
  26 -22       -0.0237765666        0.0012706204
  26 -23        0.0166199952       -0.0553549007
  26 -24       -0.0414542519        0.0431228764
  26 -25        0.0522609614       -0.0180919077
  26 -26        0.0000000000        0.0000000000
  27  27        0.0000000000        0.0000000000
  27  26       -0.0578899980       -0.0948098227
  27  25       -0.0132733127        0.0379891545
  27  24        0.0403417423       -0.0275788344
  27  23        0.1247830689       -0.0449636206
  27  22       -0.0044544111        0.0131583782
  27  21        0.0784155652        0.0194871742
  27  20        0.0132374438       -0.0031876587
  27  19        0.0125233410        0.0177462567
  27  18        0.0077906763        0.0148383509
  27  17        0.0026006799        0.0127197430
  27  16        0.0129899811        0.0045404136
  27  15        0.0088960230        0.0145208454
  27  14       -0.0222254898       -0.0119326459
  27  13       -0.0051441039       -0.0048451140
  27  12       -0.0017922147        0.0000245132
  27  11        0.0129133267        0.0031793530
  27  10       -0.0239420235       -0.0021084759
  27   9        0.0002442701       -0.0048627257
  27   8        0.0377292559        0.0002445914
  27   7       -0.0135033447       -0.0048541687
  27   6       -0.0149167888        0.0030721789
  27   5       -0.0030578559        0.0199923571
  27   4        0.0278170146        0.0137431659
  27   3       -0.0119285081        0.0010689077
  27   2        0.0381087437       -0.0078912973
  27   1        0.0026009118        0.0158723891
  27   0       -0.0181450192        0.0000000000
  27  -1       -0.0026009118        0.0158723891
  27  -2        0.0381087437        0.0078912973
  27  -3        0.0119285081        0.0010689077
  27  -4        0.0278170146       -0.0137431659
  27  -5        0.0030578559        0.0199923571
  27  -6       -0.0149167888       -0.0030721789
  27  -7        0.0135033447       -0.0048541687
  27  -8        0.0377292559       -0.0002445914
  27  -9       -0.0002442701       -0.0048627257
  27 -10       -0.0239420235        0.0021084759
  27 -11       -0.0129133267        0.0031793530
  27 -12       -0.0017922147       -0.0000245132
  27 -13        0.0051441039       -0.0048451140
  27 -14       -0.0222254898        0.0119326459
  27 -15       -0.0088960230        0.0145208454
  27 -16        0.0129899811       -0.0045404136
  27 -17       -0.0026006799        0.0127197430
  27 -18        0.0077906763       -0.0148383509
  27 -19       -0.0125233410        0.0177462567
  27 -20        0.0132374438        0.0031876587
  27 -21       -0.0784155652        0.0194871742
  27 -22       -0.0044544111       -0.0131583782
  27 -23       -0.1247830689       -0.0449636206
  27 -24        0.0403417423        0.0275788344
  27 -25        0.0132733127        0.0379891545
  27 -26       -0.0578899980        0.0948098227
  27 -27        0.0000000000        0.0000000000
  28  28        0.0000000000        0.0000000000
  28  27       -0.0388694741        0.0168687738
  28  26        0.0517710969        0.0241193473
  28  25        0.0171440728        0.0236743521
  28  24        0.0059316233        0.0322227515
  28  23        0.0506240875        0.0356865972
  28  22        0.0652374104        0.0073522725
  28  21        0.0268904697        0.0208822098
  28  20       -0.0017543560       -0.0244321767
  28  19        0.0159627665       -0.0006135853
  28  18        0.0898309126        0.0875960141
  28  17       -0.0140581829       -0.0049472265
  28  16       -0.0060267067       -0.0060681254
  28  15       -0.0030904349        0.0038631351
  28  14       -0.0292880442       -0.0326902345
  28  13        0.0028926709       -0.0166278612
  28  12       -0.0152465384       -0.0029179885
  28  11       -0.0032561470        0.0115113389
  28  10        0.0056713750        0.0012356590
  28   9        0.0245301351       -0.0034497718
  28   8        0.0099899992       -0.0015865319
  28   7       -0.0147052780        0.0003593373
  28   6        0.0085449982       -0.0170209091
  28   5       -0.0041068057        0.0082489159
  28   4       -0.0097343074        0.0180556811
  28   3       -0.0152715286        0.0171510633
  28   2       -0.0008861509       -0.0157263950
  28   1       -0.0326664783       -0.0233818647
  28   0       -0.0167647954        0.0000000000
  28  -1        0.0326664783       -0.0233818647
  28  -2       -0.0008861509        0.0157263950
  28  -3        0.0152715286        0.0171510633
  28  -4       -0.0097343074       -0.0180556811
  28  -5        0.0041068057        0.0082489159
  28  -6        0.0085449982        0.0170209091
  28  -7        0.0147052780        0.0003593373
  28  -8        0.0099899992        0.0015865319
  28  -9       -0.0245301351       -0.0034497718
  28 -10        0.0056713750       -0.0012356590
  28 -11        0.0032561470        0.0115113389
  28 -12       -0.0152465384        0.0029179885
  28 -13       -0.0028926709       -0.0166278612
  28 -14       -0.0292880442        0.0326902345
  28 -15        0.0030904349        0.0038631351
  28 -16       -0.0060267067        0.0060681254
  28 -17        0.0140581829       -0.0049472265
  28 -18        0.0898309126       -0.0875960141
  28 -19       -0.0159627665       -0.0006135853
  28 -20       -0.0017543560        0.0244321767
  28 -21       -0.0268904697        0.0208822098
  28 -22        0.0652374104       -0.0073522725
  28 -23       -0.0506240875        0.0356865972
  28 -24        0.0059316233       -0.0322227515
  28 -25       -0.0171440728        0.0236743521
  28 -26        0.0517710969       -0.0241193473
  28 -27        0.0388694741        0.0168687738
  28 -28        0.0000000000        0.0000000000
  29  29                 NaN                 NaN
  29  28                 NaN                 NaN
  29  27       -0.0203223042        0.0039571943
  29  26        0.0283169933        0.0499344617
  29  25        0.0383556187       -0.0366643593
  29  24       -0.0145511590        0.0060902969
  29  23       -0.1399213374        0.0372218825
  29  22        0.0122618256        0.0130341500
  29  21       -0.1122846976        0.0011435417
  29  20        0.0548616424       -0.0400932096
  29  19        0.0027223222        0.0255256128
  29  18        0.0232925266        0.0237049684
  29  17       -0.0212499574       -0.0101867933
  29  16       -0.0095520280        0.0062918360
  29  15       -0.0067379694        0.0109260762
  29  14       -0.0045296885        0.0006896635
  29  13        0.0303922184        0.0163180325
  29  12       -0.0079268189        0.0001126578
  29  11       -0.0124664893       -0.0124141974
  29  10       -0.0188651960        0.0047647976
  29   9        0.0147117991       -0.0068351710
  29   8        0.0187990852        0.0458824001
  29   7       -0.0141073875       -0.0389581658
  29   6        0.0114759291       -0.0079366425
  29   5       -0.0037270605       -0.0036141106
  29   4        0.0188459475       -0.0294407960
  29   3       -0.0159172751       -0.0140438173
  29   2        0.0124066547       -0.0198428351
  29   1        0.0080043394       -0.0078325728
  29   0        0.0279655568        0.0000000000
  29  -1       -0.0080043394       -0.0078325728
  29  -2        0.0124066547        0.0198428351
  29  -3        0.0159172751       -0.0140438173
  29  -4        0.0188459475        0.0294407960
  29  -5        0.0037270605       -0.0036141106
  29  -6        0.0114759291        0.0079366425
  29  -7        0.0141073875       -0.0389581658
  29  -8        0.0187990852       -0.0458824001
  29  -9       -0.0147117991       -0.0068351710
  29 -10       -0.0188651960       -0.0047647976
  29 -11        0.0124664893       -0.0124141974
  29 -12       -0.0079268189       -0.0001126578
  29 -13       -0.0303922184        0.0163180325
  29 -14       -0.0045296885       -0.0006896635
  29 -15        0.0067379694        0.0109260762
  29 -16       -0.0095520280       -0.0062918360
  29 -17        0.0212499574       -0.0101867933
  29 -18        0.0232925266       -0.0237049684
  29 -19       -0.0027223222        0.0255256128
  29 -20        0.0548616424        0.0400932096
  29 -21        0.1122846976        0.0011435417
  29 -22        0.0122618256       -0.0130341500
  29 -23        0.1399213374        0.0372218825
  29 -24       -0.0145511590       -0.0060902969
  29 -25       -0.0383556187       -0.0366643593
  29 -26        0.0283169933       -0.0499344617
  29 -27        0.0203223042        0.0039571943
  29 -28                 NaN                 NaN
  29 -29                 NaN                 NaN
  30  30                 NaN                 NaN
  30  29                 NaN                 NaN
  30  28                 NaN                 NaN
  30  27        0.0285519734       -0.0351325311
  30  26       -0.1018121839       -0.0416347310
  30  25       -0.0515500419       -0.0056521688
  30  24       -0.0371116623       -0.0349635109
  30  23        0.0073070251        0.0118408632
  30  22       -0.0614982657       -0.0215337779
  30  21       -0.0391787738       -0.0066620130
  30  20        0.0100465314        0.0082939118
  30  19       -0.0298946779       -0.0007720990
  30  18       -0.0864454731       -0.0937313661
  30  17       -0.0050880946       -0.0061590625
  30  16        0.0068033687       -0.0253453944
  30  15        0.0070577785        0.0287471246
  30  14        0.0221287012        0.0120476279
  30  13       -0.0043688198       -0.0010104518
  30  12        0.0109966993       -0.0052079195
  30  11       -0.0008082591        0.0216340180
  30  10        0.0070262919       -0.0234360304
  30   9        0.0023293870        0.0254296549
  30   8       -0.0164448135        0.0194362979
  30   7       -0.0100375013       -0.0159370452
  30   6       -0.0126743782       -0.0174697433
  30   5        0.0183654781       -0.0106928749
  30   4       -0.0122016612        0.0172696691
  30   3        0.0172250215       -0.0111862561
  30   2       -0.0527705774       -0.0108534424
  30   1        0.0119351158       -0.0068927961
  30   0       -0.0217660163        0.0000000000
  30  -1       -0.0119351158       -0.0068927961
  30  -2       -0.0527705774        0.0108534424
  30  -3       -0.0172250215       -0.0111862561
  30  -4       -0.0122016612       -0.0172696691
  30  -5       -0.0183654781       -0.0106928749
  30  -6       -0.0126743782        0.0174697433
  30  -7        0.0100375013       -0.0159370452
  30  -8       -0.0164448135       -0.0194362979
  30  -9       -0.0023293870        0.0254296549
  30 -10        0.0070262919        0.0234360304
  30 -11        0.0008082591        0.0216340180
  30 -12        0.0109966993        0.0052079195
  30 -13        0.0043688198       -0.0010104518
  30 -14        0.0221287012       -0.0120476279
  30 -15       -0.0070577785        0.0287471246
  30 -16        0.0068033687        0.0253453944
  30 -17        0.0050880946       -0.0061590625
  30 -18       -0.0864454731        0.0937313661
  30 -19        0.0298946779       -0.0007720990
  30 -20        0.0100465314       -0.0082939118
  30 -21        0.0391787738       -0.0066620130
  30 -22       -0.0614982657        0.0215337779
  30 -23       -0.0073070251        0.0118408632
  30 -24       -0.0371116623        0.0349635109
  30 -25        0.0515500419       -0.0056521688
  30 -26       -0.1018121839        0.0416347310
  30 -27       -0.0285519734       -0.0351325311
  30 -28                 NaN                 NaN
  30 -29                 NaN                 NaN
  30 -30                 NaN                 NaN
