   0   0       50.2159294104        0.0000000000
   1   1        0.5852418877        0.4230107785
   1   0       -1.0629321846        0.0000000000
   1  -1       -0.5852418877        0.4230107785
   2   2       -1.8869301743       -1.5059449393
   2   1        4.7269099719        0.6239953270
   2   0       -0.9888719463        0.0000000000
   2  -1       -4.7269099719        0.6239953270
   2  -2       -1.8869301743        1.5059449393
   3   3        0.7560716727       -0.2903623220
   3   2       -2.2610506191       -1.6006820297
   3   1        0.5921347538        1.2815585104
   3   0       -0.7928795900        0.0000000000
   3  -1       -0.5921347538        1.2815585104
   3  -2       -2.2610506191        1.6006820297
   3  -3       -0.7560716727       -0.2903623220
   4   4        0.9309408967        0.1960010530
   4   3       -1.0009618593        0.7557112579
   4   2        1.0182782063        0.5620471503
   4   1        0.7059371469        0.6403013414
   4   0       -0.7333634005        0.0000000000
   4  -1       -0.7059371469        0.6403013414
   4  -2        1.0182782063       -0.5620471503
   4  -3        1.0009618593        0.7557112579
   4  -4        0.9309408967       -0.1960010530
   5   5       -0.2977895541       -0.0195863938
   5   4        0.0082255608        0.2098972873
   5   3       -0.4542014925        0.5495851422
   5   2        0.0256967774       -0.4054651198
   5   1        0.2410227632        1.0102679650
   5   0       -0.4110045551        0.0000000000
   5  -1       -0.2410227632        1.0102679650
   5  -2        0.0256967774        0.4054651198
   5  -3        0.4542014925        0.5495851422
   5  -4        0.0082255608       -0.2098972873
   5  -5        0.2977895541       -0.0195863938
   6   6       -0.1680313216       -0.3819053890
   6   5       -0.2342207852       -0.0022800405
   6   4       -0.3318456926        0.1692763301
   6   3       -0.0130937852        0.2002623069
   6   2        0.2584633315        0.5793495949
   6   1        0.1693242962        0.1608044087
   6   0       -0.4204186779        0.0000000000
   6  -1       -0.1693242962        0.1608044087
   6  -2        0.2584633315       -0.5793495949
   6  -3        0.0130937852        0.2002623069
   6  -4       -0.3318456926       -0.1692763301
   6  -5        0.2342207852       -0.0022800405
   6  -6       -0.1680313216        0.3819053890
   7   7        0.2937219111        0.1372839098
   7   6       -0.1966692116       -0.2162561364
   7   5        0.1002263080        0.0147509850
   7   4        0.1124556240        0.1532781982
   7   3       -0.1221796133       -0.3631718209
   7   2        0.2882119402        0.2838831848
   7   1       -0.0141097491        0.2857660264
   7   0       -0.1721384305        0.0000000000
   7  -1        0.0141097491        0.2857660264
   7  -2        0.2882119402       -0.2838831848
   7  -3        0.1221796133       -0.3631718209
   7  -4        0.1124556240       -0.1532781982
   7  -5       -0.1002263080        0.0147509850
   7  -6       -0.1966692116        0.2162561364
   7  -7       -0.2937219111        0.1372839098
   8   8        0.0911439548        0.0674214238
   8   7        0.0435408780        0.2312350372
   8   6        0.0392963819        0.1238874733
   8   5        0.0690221709        0.1200686787
   8   4       -0.2482263822        0.1886790767
   8   3        0.1002057968        0.3016982742
   8   2        0.0178702209        0.2125995979
   8   1        0.0491392697        0.0401858782
   8   0       -0.2266553403        0.0000000000
   8  -1       -0.0491392697        0.0401858782
   8  -2        0.0178702209       -0.2125995979
   8  -3       -0.1002057968        0.3016982742
   8  -4       -0.2482263822       -0.1886790767
   8  -5       -0.0690221709        0.1200686787
   8  -6        0.0392963819       -0.1238874733
   8  -7       -0.0435408780        0.2312350372
   8  -8        0.0911439548       -0.0674214238
   9   9       -0.0863603503       -0.0965874670
   9   8       -0.0142493151        0.0990809779
   9   7        0.0384506705       -0.1577400720
   9   6       -0.0608140121        0.0489262654
   9   5        0.1728553216        0.1580325044
   9   4       -0.0530101538       -0.0545909664
   9   3        0.1090163534       -0.0591827901
   9   2       -0.0260411074        0.3378559490
   9   1       -0.1588973722       -0.0206080129
   9   0       -0.1004002914        0.0000000000
   9  -1        0.1588973722       -0.0206080129
   9  -2       -0.0260411074       -0.3378559490
   9  -3       -0.1090163534       -0.0591827901
   9  -4       -0.0530101538        0.0545909664
   9  -5       -0.1728553216        0.1580325044
   9  -6       -0.0608140121       -0.0489262654
   9  -7       -0.0384506705       -0.1577400720
   9  -8       -0.0142493151       -0.0990809779
   9  -9        0.0863603503       -0.0965874670
  10  10       -0.1057138324        0.0173339245
  10   9       -0.0547902814       -0.0866637054
  10   8        0.0314107351       -0.0388709338
  10   7        0.1161757443       -0.0718780001
  10   6       -0.0452927935       -0.0499247489
  10   5       -0.0981242810        0.0539674260
  10   4       -0.1586037996        0.1387325203
  10   3        0.0830940290        0.0173349257
  10   2        0.2181608536        0.1165951706
  10   1       -0.1014875864       -0.1935570796
  10   0        0.0083761320        0.0000000000
  10  -1        0.1014875864       -0.1935570796
  10  -2        0.2181608536       -0.1165951706
  10  -3       -0.0830940290        0.0173349257
  10  -4       -0.1586037996       -0.1387325203
  10  -5        0.0981242810        0.0539674260
  10  -6       -0.0452927935        0.0499247489
  10  -7       -0.1161757443       -0.0718780001
  10  -8        0.0314107351        0.0388709338
  10  -9        0.0547902814       -0.0866637054
  10 -10       -0.1057138324       -0.0173339245
  11  11        0.0936618152        0.0905488437
  11  10        0.0027274212       -0.0156886655
  11   9        0.0420342204        0.0122039310
  11   8       -0.0538791351       -0.0918868072
  11   7        0.0128390844       -0.1093231210
  11   6       -0.0388115812       -0.0238967418
  11   5        0.0981875209       -0.0189744141
  11   4       -0.0341556220       -0.0222789679
  11   3        0.1182209283        0.1440377149
  11   2        0.0082483651        0.0635349039
  11   1        0.0422970996       -0.1684081011
  11   0       -0.0606950984        0.0000000000
  11  -1       -0.0422970996       -0.1684081011
  11  -2        0.0082483651       -0.0635349039
  11  -3       -0.1182209283        0.1440377149
  11  -4       -0.0341556220        0.0222789679
  11  -5       -0.0981875209       -0.0189744141
  11  -6       -0.0388115812        0.0238967418
  11  -7       -0.0128390844       -0.1093231210
  11  -8       -0.0538791351        0.0918868072
  11  -9       -0.0420342204        0.0122039310
  11 -10        0.0027274212        0.0156886655
  11 -11       -0.0936618152        0.0905488437
  12  12       -0.0424662407       -0.0039673066
  12  11        0.0769522732        0.0411966061
  12  10       -0.0008800411        0.0122133139
  12   9       -0.0205349236        0.0128155360
  12   8       -0.0593212310       -0.0028344702
  12   7        0.0305276396       -0.0161174177
  12   6        0.0525142175        0.0639708177
  12   5       -0.0846315226       -0.0436545222
  12   4       -0.0250654652        0.0283760829
  12   3        0.0412308655       -0.0044865205
  12   2       -0.0632674787       -0.0419062181
  12   1        0.0376399863       -0.1326890530
  12   0       -0.0298882207        0.0000000000
  12  -1       -0.0376399863       -0.1326890530
  12  -2       -0.0632674787        0.0419062181
  12  -3       -0.0412308655       -0.0044865205
  12  -4       -0.0250654652       -0.0283760829
  12  -5        0.0846315226       -0.0436545222
  12  -6        0.0525142175       -0.0639708177
  12  -7       -0.0305276396       -0.0161174177
  12  -8       -0.0593212310        0.0028344702
  12  -9        0.0205349236        0.0128155360
  12 -10       -0.0008800411       -0.0122133139
  12 -11       -0.0769522732        0.0411966061
  12 -12       -0.0424662407        0.0039673066
  13  13       -0.0236150689       -0.1062400539
  13  12       -0.0364866095        0.0091334227
  13  11       -0.0248924927        0.0261415028
  13  10       -0.0026342019        0.0576483051
  13   9        0.0213808681       -0.0129717735
  13   8       -0.0196328987       -0.0931479035
  13   7       -0.0146326442       -0.1052270219
  13   6       -0.0114478572        0.0219174296
  13   5       -0.0170841241       -0.0081552635
  13   4        0.0224430233       -0.0589366906
  13   3        0.0082094401       -0.0444093877
  13   2        0.0014684470       -0.1671628852
  13   1       -0.0833948637       -0.1173484543
  13   0       -0.0532609449        0.0000000000
  13  -1        0.0833948637       -0.1173484543
  13  -2        0.0014684470        0.1671628852
  13  -3       -0.0082094401       -0.0444093877
  13  -4        0.0224430233        0.0589366906
  13  -5        0.0170841241       -0.0081552635
  13  -6       -0.0114478572       -0.0219174296
  13  -7        0.0146326442       -0.1052270219
  13  -8       -0.0196328987        0.0931479035
  13  -9       -0.0213808681       -0.0129717735
  13 -10       -0.0026342019       -0.0576483051
  13 -11        0.0248924927        0.0261415028
  13 -12       -0.0364866095       -0.0091334227
  13 -13        0.0236150689       -0.1062400539
  14  14       -0.0172531456        0.0998752014
  14  13        0.0112701097        0.0040860973
  14  12        0.0182000135        0.0089334649
  14  11       -0.0399717364       -0.0140241141
  14  10       -0.0663282127       -0.0204823740
  14   9       -0.0860418751        0.0394228849
  14   8       -0.0181438809        0.0305137857
  14   7        0.0881122330       -0.0365837743
  14   6       -0.0387891982        0.0380286121
  14   5       -0.0128773759       -0.0258604889
  14   4       -0.0740734482        0.1170678213
  14   3       -0.0326606442        0.0079184234
  14   2       -0.0017103516        0.0589009518
  14   1       -0.1176635819        0.0267124236
  14   0       -0.0494487516        0.0000000000
  14  -1        0.1176635819        0.0267124236
  14  -2       -0.0017103516       -0.0589009518
  14  -3        0.0326606442        0.0079184234
  14  -4       -0.0740734482       -0.1170678213
  14  -5        0.0128773759       -0.0258604889
  14  -6       -0.0387891982       -0.0380286121
  14  -7       -0.0881122330       -0.0365837743
  14  -8       -0.0181438809       -0.0305137857
  14  -9        0.0860418751        0.0394228849
  14 -10       -0.0663282127        0.0204823740
  14 -11        0.0399717364       -0.0140241141
  14 -12        0.0182000135       -0.0089334649
  14 -13       -0.0112701097        0.0040860973
  14 -14       -0.0172531456       -0.0998752014
  15  15        0.0038078816       -0.0642111337
  15  14        0.0146801644        0.0529590038
  15  13        0.0528520618        0.0365942870
  15  12       -0.0078079606        0.0032432095
  15  11       -0.0085914278        0.0537504975
  15  10        0.0319512797        0.0682548162
  15   9       -0.0350566716       -0.0349790140
  15   8        0.0100668755       -0.0420088461
  15   7       -0.0537102302       -0.0154047927
  15   6       -0.0545674575       -0.0266234178
  15   5       -0.0282255188       -0.0465874574
  15   4       -0.0457104019       -0.0133941823
  15   3       -0.0386135111        0.0056541280
  15   2       -0.0171989313       -0.0770096829
  15   1       -0.0555123453       -0.0498740214
  15   0        0.0155177245        0.0000000000
  15  -1        0.0555123453       -0.0498740214
  15  -2       -0.0171989313        0.0770096829
  15  -3        0.0386135111        0.0056541280
  15  -4       -0.0457104019        0.0133941823
  15  -5        0.0282255188       -0.0465874574
  15  -6       -0.0545674575        0.0266234178
  15  -7        0.0537102302       -0.0154047927
  15  -8        0.0100668755        0.0420088461
  15  -9        0.0350566716       -0.0349790140
  15 -10        0.0319512797       -0.0682548162
  15 -11        0.0085914278        0.0537504975
  15 -12       -0.0078079606       -0.0032432095
  15 -13       -0.0528520618        0.0365942870
  15 -14        0.0146801644       -0.0529590038
  15 -15       -0.0038078816       -0.0642111337
  16  16        0.0314820174       -0.0144485829
  16  15        0.0425613481       -0.0161098174
  16  14        0.0174257032       -0.0443663766
  16  13       -0.0164292487       -0.0046152016
  16  12        0.0460619711        0.0630666202
  16  11        0.0570077891       -0.0309968601
  16  10       -0.0517291966        0.0305141390
  16   9       -0.0564861952        0.0133860512
  16   8        0.0568427310       -0.0360919683
  16   7       -0.0539134615       -0.0190770074
  16   6       -0.0014287350       -0.0530949698
  16   5       -0.0150529727        0.0257705377
  16   4       -0.0044306532       -0.0172299812
  16   3        0.0495944253        0.0659368055
  16   2        0.0297009290       -0.0093427119
  16   1        0.0231856716       -0.0277983169
  16   0        0.1003854220        0.0000000000
  16  -1       -0.0231856716       -0.0277983169
  16  -2        0.0297009290        0.0093427119
  16  -3       -0.0495944253        0.0659368055
  16  -4       -0.0044306532        0.0172299812
  16  -5        0.0150529727        0.0257705377
  16  -6       -0.0014287350        0.0530949698
  16  -7        0.0539134615       -0.0190770074
  16  -8        0.0568427310        0.0360919683
  16  -9        0.0564861952        0.0133860512
  16 -10       -0.0517291966       -0.0305141390
  16 -11       -0.0570077891       -0.0309968601
  16 -12        0.0460619711       -0.0630666202
  16 -13        0.0164292487       -0.0046152016
  16 -14        0.0174257032        0.0443663766
  16 -15       -0.0425613481       -0.0161098174
  16 -16        0.0314820174        0.0144485829
  17  17       -0.0295701660       -0.0077559633
  17  16       -0.0041115807       -0.0237549974
  17  15       -0.0331019031       -0.0215129666
  17  14        0.0568062264       -0.0333955634
  17  13        0.0084877955       -0.0636802808
  17  12       -0.0371150151        0.0318205553
  17  11       -0.0185696064        0.0159721857
  17  10        0.0139398609        0.0408467602
  17   9       -0.0073939633       -0.0227321745
  17   8       -0.0193193017       -0.0052720583
  17   7       -0.0907865658        0.0060903766
  17   6       -0.0288200739        0.0524759922
  17   5        0.0033064244       -0.0132021301
  17   4        0.0120577331       -0.0156867714
  17   3        0.0142354117       -0.0123327226
  17   2       -0.0474052153       -0.0048776272
  17   1       -0.0149555012        0.0145421806
  17   0        0.0372266858        0.0000000000
  17  -1        0.0149555012        0.0145421806
  17  -2       -0.0474052153        0.0048776272
  17  -3       -0.0142354117       -0.0123327226
  17  -4        0.0120577331        0.0156867714
  17  -5       -0.0033064244       -0.0132021301
  17  -6       -0.0288200739       -0.0524759922
  17  -7        0.0907865658        0.0060903766
  17  -8       -0.0193193017        0.0052720583
  17  -9        0.0073939633       -0.0227321745
  17 -10        0.0139398609       -0.0408467602
  17 -11        0.0185696064        0.0159721857
  17 -12       -0.0371150151       -0.0318205553
  17 -13       -0.0084877955       -0.0636802808
  17 -14        0.0568062264        0.0333955634
  17 -15        0.0331019031       -0.0215129666
  17 -16       -0.0041115807        0.0237549974
  17 -17        0.0295701660       -0.0077559633
  18  18        0.0631550176        0.0559751829
  18  17        0.0017286233        0.0070837531
  18  16       -0.0465911342        0.0155705289
  18  15       -0.0168111897        0.0267553867
  18  14       -0.0223992280       -0.0086071309
  18  13        0.0188911267        0.0091613138
  18  12        0.0286558160        0.0007776311
  18  11        0.0012611748       -0.0234902816
  18  10       -0.0350285133        0.0251361421
  18   9       -0.0256904819        0.0236768425
  18   8        0.0311331054        0.0000944549
  18   7        0.0042523473       -0.0374739648
  18   6       -0.0098856750        0.0194580592
  18   5       -0.0028103075        0.0346671627
  18   4       -0.0045687502        0.0083951084
  18   3        0.0116472755       -0.0152876491
  18   2        0.0411859397       -0.0401988711
  18   1       -0.0118385188        0.0243839032
  18   0        0.0311056738        0.0000000000
  18  -1        0.0118385188        0.0243839032
  18  -2        0.0411859397        0.0401988711
  18  -3       -0.0116472755       -0.0152876491
  18  -4       -0.0045687502       -0.0083951084
  18  -5        0.0028103075        0.0346671627
  18  -6       -0.0098856750       -0.0194580592
  18  -7       -0.0042523473       -0.0374739648
  18  -8        0.0311331054       -0.0000944549
  18  -9        0.0256904819        0.0236768425
  18 -10       -0.0350285133       -0.0251361421
  18 -11       -0.0012611748       -0.0234902816
  18 -12        0.0286558160       -0.0007776311
  18 -13       -0.0188911267        0.0091613138
  18 -14       -0.0223992280        0.0086071309
  18 -15        0.0168111897        0.0267553867
  18 -16       -0.0465911342       -0.0155705289
  18 -17       -0.0017286233        0.0070837531
  18 -18        0.0631550176       -0.0559751829
  19  19       -0.0249168701       -0.0429551319
  19  18       -0.0128754866        0.0500237067
  19  17        0.0215127364       -0.0042449144
  19  16       -0.0116617979        0.0076993662
  19  15       -0.0098462056       -0.0235974928
  19  14       -0.0083155626       -0.0204996948
  19  13       -0.0169695889        0.0163253518
  19  12        0.0002048624       -0.0491094580
  19  11       -0.0155850749        0.0054035091
  19  10       -0.0702247740        0.0059153616
  19   9        0.0150965833       -0.0367889768
  19   8       -0.0006796559        0.0131264694
  19   7       -0.0254091364       -0.0331183516
  19   6       -0.0289968984       -0.0371933171
  19   5        0.0544793356        0.0261429016
  19   4        0.0108740596       -0.0143679704
  19   3       -0.0323531667        0.0293759233
  19   2       -0.0003903238       -0.0138842151
  19   1        0.0183249895        0.0304460073
  19   0       -0.0364243653        0.0000000000
  19  -1       -0.0183249895        0.0304460073
  19  -2       -0.0003903238        0.0138842151
  19  -3        0.0323531667        0.0293759233
  19  -4        0.0108740596        0.0143679704
  19  -5       -0.0544793356        0.0261429016
  19  -6       -0.0289968984        0.0371933171
  19  -7        0.0254091364       -0.0331183516
  19  -8       -0.0006796559       -0.0131264694
  19  -9       -0.0150965833       -0.0367889768
  19 -10       -0.0702247740       -0.0059153616
  19 -11        0.0155850749        0.0054035091
  19 -12        0.0002048624        0.0491094580
  19 -13        0.0169695889        0.0163253518
  19 -14       -0.0083155626        0.0204996948
  19 -15        0.0098462056       -0.0235974928
  19 -16       -0.0116617979       -0.0076993662
  19 -17       -0.0215127364       -0.0042449144
  19 -18       -0.0128754866       -0.0500237067
  19 -19        0.0249168701       -0.0429551319
  20  20        0.0435808615       -0.0189087152
  20  19       -0.0145259246       -0.0309899297
  20  18       -0.0205813697       -0.0372260560
  20  17       -0.0442504746       -0.0108535070
  20  16        0.0005391530       -0.0089064103
  20  15       -0.0214694532       -0.0365641023
  20  14        0.0082609650        0.0040759533
  20  13       -0.0169788076        0.0023472445
  20  12        0.0040842753       -0.0163975133
  20  11        0.0191616887        0.0182102360
  20  10       -0.0307640449       -0.0209685914
  20   9        0.0231352946        0.0107746933
  20   8        0.0445021864       -0.0027077403
  20   7        0.0011676162       -0.0088309906
  20   6        0.0257392046       -0.0312350493
  20   5        0.0182769886        0.0101406177
  20   4        0.0034926120       -0.0144650700
  20   3       -0.0321506992        0.0371611931
  20   2        0.0125429378        0.0190391497
  20   1        0.0270257159        0.0279892827
  20   0       -0.0130165269        0.0000000000
  20  -1       -0.0270257159        0.0279892827
  20  -2        0.0125429378       -0.0190391497
  20  -3        0.0321506992        0.0371611931
  20  -4        0.0034926120        0.0144650700
  20  -5       -0.0182769886        0.0101406177
  20  -6        0.0257392046        0.0312350493
  20  -7       -0.0011676162       -0.0088309906
  20  -8        0.0445021864        0.0027077403
  20  -9       -0.0231352946        0.0107746933
  20 -10       -0.0307640449        0.0209685914
  20 -11       -0.0191616887        0.0182102360
  20 -12        0.0040842753        0.0163975133
  20 -13        0.0169788076        0.0023472445
  20 -14        0.0082609650       -0.0040759533
  20 -15        0.0214694532       -0.0365641023
  20 -16        0.0005391530        0.0089064103
  20 -17        0.0442504746       -0.0108535070
  20 -18       -0.0205813697        0.0372260560
  20 -19        0.0145259246       -0.0309899297
  20 -20        0.0435808615        0.0189087152
  21  21       -0.0106512393        0.0696376123
  21  20        0.0092526960       -0.0023972329
  21  19        0.0028211537       -0.0366911712
  21  18        0.0032760455       -0.0248056602
  21  17       -0.0073446525       -0.0202175680
  21  16       -0.0021721402        0.0201293208
  21  15        0.0100059284       -0.0056179278
  21  14        0.0427114556       -0.0230485629
  21  13       -0.0378996816       -0.0133796542
  21  12        0.0112134970        0.0260425514
  21  11       -0.0062882141        0.0501822953
  21  10        0.0153154889        0.0138984061
  21   9        0.0403377316       -0.0372181246
  21   8       -0.0426075533       -0.0356302714
  21   7       -0.0473638159        0.0201856608
  21   6       -0.0174027939        0.0435058451
  21   5        0.0081994063        0.0260832409
  21   4        0.0408940774        0.0159491960
  21   3       -0.0084857775       -0.0073247074
  21   2        0.0096656156        0.0193375382
  21   1        0.0104690307       -0.0050672218
  21   0        0.0101533198        0.0000000000
  21  -1       -0.0104690307       -0.0050672218
  21  -2        0.0096656156       -0.0193375382
  21  -3        0.0084857775       -0.0073247074
  21  -4        0.0408940774       -0.0159491960
  21  -5       -0.0081994063        0.0260832409
  21  -6       -0.0174027939       -0.0435058451
  21  -7        0.0473638159        0.0201856608
  21  -8       -0.0426075533        0.0356302714
  21  -9       -0.0403377316       -0.0372181246
  21 -10        0.0153154889       -0.0138984061
  21 -11        0.0062882141        0.0501822953
  21 -12        0.0112134970       -0.0260425514
  21 -13        0.0378996816       -0.0133796542
  21 -14        0.0427114556        0.0230485629
  21 -15       -0.0100059284       -0.0056179278
  21 -16       -0.0021721402       -0.0201293208
  21 -17        0.0073446525       -0.0202175680
  21 -18        0.0032760455        0.0248056602
  21 -19       -0.0028211537       -0.0366911712
  21 -20        0.0092526960        0.0023972329
  21 -21        0.0106512393        0.0696376123
  22  22        0.0357436300       -0.0016890406
  22  21       -0.0534828719       -0.0030753520
  22  20       -0.0260759984        0.0131011362
  22  19        0.0080160612        0.0355500684
  22  18       -0.0371897921       -0.0097207985
  22  17       -0.0099409754       -0.0092970244
  22  16        0.0186217659        0.0288941032
  22  15       -0.0345053661        0.0119507984
  22  14       -0.0031843677        0.0179035163
  22  13        0.0467485404       -0.0021514088
  22  12        0.0405832610        0.0134896734
  22  11       -0.0374100571       -0.0218158409
  22  10       -0.0114444228        0.0259017573
  22   9       -0.0105955481        0.0211566945
  22   8       -0.0104908245       -0.0319354229
  22   7       -0.0253683680       -0.0368162634
  22   6        0.0130858260        0.0035388965
  22   5        0.0134752520       -0.0044433933
  22   4        0.0246447806        0.0064834874
  22   3        0.0089661841       -0.0184394037
  22   2       -0.0139664969       -0.0346723323
  22   1       -0.0181588924        0.0091506058
  22   0       -0.0298595727        0.0000000000
  22  -1        0.0181588924        0.0091506058
  22  -2       -0.0139664969        0.0346723323
  22  -3       -0.0089661841       -0.0184394037
  22  -4        0.0246447806       -0.0064834874
  22  -5       -0.0134752520       -0.0044433933
  22  -6        0.0130858260       -0.0035388965
  22  -7        0.0253683680       -0.0368162634
  22  -8       -0.0104908245        0.0319354229
  22  -9        0.0105955481        0.0211566945
  22 -10       -0.0114444228       -0.0259017573
  22 -11        0.0374100571       -0.0218158409
  22 -12        0.0405832610       -0.0134896734
  22 -13       -0.0467485404       -0.0021514088
  22 -14       -0.0031843677       -0.0179035163
  22 -15        0.0345053661        0.0119507984
  22 -16        0.0186217659       -0.0288941032
  22 -17        0.0099409754       -0.0092970244
  22 -18       -0.0371897921        0.0097207985
  22 -19       -0.0080160612        0.0355500684
  22 -20       -0.0260759984       -0.0131011362
  22 -21        0.0534828719       -0.0030753520
  22 -22        0.0357436300        0.0016890406
  23  23       -0.0001927104       -0.0190526479
  23  22        0.0402217611       -0.0104262814
  23  21        0.0316818106       -0.0002320287
  23  20        0.0029210705       -0.0267843765
  23  19       -0.0240877429        0.0255287854
  23  18        0.0070957667        0.0071346030
  23  17       -0.0046100961       -0.0012672452
  23  16        0.0172815134       -0.0053371640
  23  15        0.0041525292       -0.0045537937
  23  14       -0.0128782870       -0.0205149233
  23  13        0.0107554712        0.0021839435
  23  12        0.0259476484       -0.0158518233
  23  11        0.0047507441       -0.0234028239
  23  10       -0.0248920361       -0.0249899482
  23   9       -0.0332529570        0.0361244015
  23   8        0.0142278654        0.0015730571
  23   7        0.0071127141       -0.0288270376
  23   6       -0.0258078235        0.0126640344
  23   5        0.0303970017        0.0025281039
  23   4        0.0016619401       -0.0262594461
  23   3       -0.0097882313        0.0003272611
  23   2       -0.0060121253        0.0111634912
  23   1       -0.0149134771        0.0063739656
  23   0       -0.0153398132        0.0000000000
  23  -1        0.0149134771        0.0063739656
  23  -2       -0.0060121253       -0.0111634912
  23  -3        0.0097882313        0.0003272611
  23  -4        0.0016619401        0.0262594461
  23  -5       -0.0303970017        0.0025281039
  23  -6       -0.0258078235       -0.0126640344
  23  -7       -0.0071127141       -0.0288270376
  23  -8        0.0142278654       -0.0015730571
  23  -9        0.0332529570        0.0361244015
  23 -10       -0.0248920361        0.0249899482
  23 -11       -0.0047507441       -0.0234028239
  23 -12        0.0259476484        0.0158518233
  23 -13       -0.0107554712        0.0021839435
  23 -14       -0.0128782870        0.0205149233
  23 -15       -0.0041525292       -0.0045537937
  23 -16        0.0172815134        0.0053371640
  23 -17        0.0046100961       -0.0012672452
  23 -18        0.0070957667       -0.0071346030
  23 -19        0.0240877429        0.0255287854
  23 -20        0.0029210705        0.0267843765
  23 -21       -0.0316818106       -0.0002320287
  23 -22        0.0402217611        0.0104262814
  23 -23        0.0001927104       -0.0190526479
  24  24       -0.0065197193       -0.0015107079
  24  23       -0.0162242721       -0.0067739446
  24  22       -0.0073145143       -0.0177209265
  24  21        0.0272517407        0.0372054459
  24  20        0.0020296033       -0.0039935324
  24  19       -0.0023180673        0.0298289147
  24  18       -0.0041961989        0.0315814485
  24  17        0.0047140197        0.0124655780
  24  16       -0.0241433109       -0.0231995192
  24  15       -0.0164459654        0.0035577507
  24  14       -0.0175649674        0.0006252912
  24  13       -0.0335697176       -0.0130720422
  24  12        0.0064403343       -0.0204040039
  24  11       -0.0023294392       -0.0174849242
  24  10       -0.0280322013       -0.0304381914
  24   9       -0.0215219261        0.0075598443
  24   8        0.0228520161        0.0038272577
  24   7        0.0127220277       -0.0016595161
  24   6       -0.0312770502       -0.0349090908
  24   5        0.0140575872        0.0143245958
  24   4       -0.0280722329       -0.0095002558
  24   3       -0.0064243832        0.0212201586
  24   2        0.0207281036        0.0070974457
  24   1       -0.0011444731       -0.0097823636
  24   0       -0.0122486318        0.0000000000
  24  -1        0.0011444731       -0.0097823636
  24  -2        0.0207281036       -0.0070974457
  24  -3        0.0064243832        0.0212201586
  24  -4       -0.0280722329        0.0095002558
  24  -5       -0.0140575872        0.0143245958
  24  -6       -0.0312770502        0.0349090908
  24  -7       -0.0127220277       -0.0016595161
  24  -8        0.0228520161       -0.0038272577
  24  -9        0.0215219261        0.0075598443
  24 -10       -0.0280322013        0.0304381914
  24 -11        0.0023294392       -0.0174849242
  24 -12        0.0064403343        0.0204040039
  24 -13        0.0335697176       -0.0130720422
  24 -14       -0.0175649674       -0.0006252912
  24 -15        0.0164459654        0.0035577507
  24 -16       -0.0241433109        0.0231995192
  24 -17       -0.0047140197        0.0124655780
  24 -18       -0.0041961989       -0.0315814485
  24 -19        0.0023180673        0.0298289147
  24 -20        0.0020296033        0.0039935324
  24 -21       -0.0272517407        0.0372054459
  24 -22       -0.0073145143        0.0177209265
  24 -23        0.0162242721       -0.0067739446
  24 -24       -0.0065197193        0.0015107079
  25  25       -0.0236994498        0.0314681437
  25  24        0.0053896365        0.0244326892
  25  23       -0.0172988018        0.0134856776
  25  22       -0.0079012731        0.0146781794
  25  21        0.0004343938       -0.0102521005
  25  20        0.0192776207       -0.0019687598
  25  19        0.0017492600       -0.0230780687
  25  18       -0.0018669963        0.0051335316
  25  17       -0.0098166572        0.0110094434
  25  16       -0.0067515991       -0.0009753437
  25  15       -0.0130746763       -0.0164460915
  25  14       -0.0343029563       -0.0060595154
  25  13       -0.0250061101        0.0058083146
  25  12        0.0267053999        0.0014889000
  25  11        0.0051033154       -0.0023914195
  25  10        0.0096510696        0.0035849131
  25   9        0.0414534723       -0.0071221968
  25   8        0.0124907598       -0.0119470897
  25   7       -0.0190353342        0.0055000721
  25   6        0.0159479445        0.0275412312
  25   5        0.0465037360        0.0112558238
  25   4       -0.0109477534        0.0037199533
  25   3        0.0100869695        0.0201535471
  25   2       -0.0502206933       -0.0103786013
  25   1       -0.0117229270        0.0042181389
  25   0        0.0016572143        0.0000000000
  25  -1        0.0117229270        0.0042181389
  25  -2       -0.0502206933        0.0103786013
  25  -3       -0.0100869695        0.0201535471
  25  -4       -0.0109477534       -0.0037199533
  25  -5       -0.0465037360        0.0112558238
  25  -6        0.0159479445       -0.0275412312
  25  -7        0.0190353342        0.0055000721
  25  -8        0.0124907598        0.0119470897
  25  -9       -0.0414534723       -0.0071221968
  25 -10        0.0096510696       -0.0035849131
  25 -11       -0.0051033154       -0.0023914195
  25 -12        0.0267053999       -0.0014889000
  25 -13        0.0250061101        0.0058083146
  25 -14       -0.0343029563        0.0060595154
  25 -15        0.0130746763       -0.0164460915
  25 -16       -0.0067515991        0.0009753437
  25 -17        0.0098166572        0.0110094434
  25 -18       -0.0018669963       -0.0051335316
  25 -19       -0.0017492600       -0.0230780687
  25 -20        0.0192776207        0.0019687598
  25 -21       -0.0004343938       -0.0102521005
  25 -22       -0.0079012731       -0.0146781794
  25 -23        0.0172988018        0.0134856776
  25 -24        0.0053896365       -0.0244326892
  25 -25        0.0236994498        0.0314681437
  26  26       -0.0036202166        0.0124803560
  26  25       -0.0107365234       -0.0021538428
  26  24        0.0457991405       -0.0023326711
  26  23       -0.0016747868        0.0199867814
  26  22        0.0219632594       -0.0235011877
  26  21       -0.0274933968       -0.0123356736
  26  20       -0.0157561966       -0.0122334015
  26  19        0.0278891492        0.0325381879
  26  18        0.0371988940       -0.0203126572
  26  17       -0.0135526073        0.0050244084
  26  16       -0.0206352623        0.0043395997
  26  15       -0.0133200262       -0.0217409569
  26  14        0.0197192753        0.0081430260
  26  13        0.0343703063        0.0058606057
  26  12       -0.0000986042       -0.0275189979
  26  11       -0.0237030975       -0.0197512461
  26  10       -0.0258771378       -0.0076604622
  26   9       -0.0160546980       -0.0041258197
  26   8        0.0295319753       -0.0027810811
  26   7       -0.0471849023       -0.0292956518
  26   6       -0.0284478279        0.0034508016
  26   5       -0.0098809390        0.0340571202
  26   4       -0.0138213713       -0.0051923861
  26   3       -0.0016338611       -0.0158308592
  26   2        0.0181005853       -0.0182778736
  26   1       -0.0244802577       -0.0174973677
  26   0        0.0094610157        0.0000000000
  26  -1        0.0244802577       -0.0174973677
  26  -2        0.0181005853        0.0182778736
  26  -3        0.0016338611       -0.0158308592
  26  -4       -0.0138213713        0.0051923861
  26  -5        0.0098809390        0.0340571202
  26  -6       -0.0284478279       -0.0034508016
  26  -7        0.0471849023       -0.0292956518
  26  -8        0.0295319753        0.0027810811
  26  -9        0.0160546980       -0.0041258197
  26 -10       -0.0258771378        0.0076604622
  26 -11        0.0237030975       -0.0197512461
  26 -12       -0.0000986042        0.0275189979
  26 -13       -0.0343703063        0.0058606057
  26 -14        0.0197192753       -0.0081430260
  26 -15        0.0133200262       -0.0217409569
  26 -16       -0.0206352623       -0.0043395997
  26 -17        0.0135526073        0.0050244084
  26 -18        0.0371988940        0.0203126572
  26 -19       -0.0278891492        0.0325381879
  26 -20       -0.0157561966        0.0122334015
  26 -21        0.0274933968       -0.0123356736
  26 -22        0.0219632594        0.0235011877
  26 -23        0.0016747868        0.0199867814
  26 -24        0.0457991405        0.0023326711
  26 -25        0.0107365234       -0.0021538428
  26 -26       -0.0036202166       -0.0124803560
  27  27        0.0102494814        0.0329641851
  27  26        0.0192180283       -0.0383571632
  27  25        0.0160117746       -0.0025237747
  27  24        0.0112148794       -0.0086589831
  27  23        0.0008470413       -0.0116517589
  27  22        0.0190748792        0.0110102026
  27  21       -0.0135072928        0.0187555779
  27  20        0.0027179796       -0.0274792567
  27  19        0.0148185972        0.0145468636
  27  18        0.0226424773       -0.0068289961
  27  17       -0.0139913250        0.0106736368
  27  16       -0.0059479552        0.0306921240
  27  15       -0.0041478513        0.0027892075
  27  14       -0.0244250968       -0.0086788467
  27  13       -0.0012225334        0.0028902195
  27  12        0.0244059910        0.0308435554
  27  11       -0.0060838854        0.0012812217
  27  10       -0.0168750688       -0.0360682655
  27   9       -0.0041524885        0.0024852815
  27   8        0.0019765684       -0.0108018508
  27   7       -0.0186436725       -0.0013000853
  27   6        0.0043716354        0.0010539984
  27   5       -0.0176008065        0.0184824458
  27   4       -0.0092727987        0.0126573707
  27   3       -0.0013670061        0.0090316196
  27   2        0.0008527133        0.0128665828
  27   1       -0.0102804661       -0.0139488811
  27   0       -0.0197045765        0.0000000000
  27  -1        0.0102804661       -0.0139488811
  27  -2        0.0008527133       -0.0128665828
  27  -3        0.0013670061        0.0090316196
  27  -4       -0.0092727987       -0.0126573707
  27  -5        0.0176008065        0.0184824458
  27  -6        0.0043716354       -0.0010539984
  27  -7        0.0186436725       -0.0013000853
  27  -8        0.0019765684        0.0108018508
  27  -9        0.0041524885        0.0024852815
  27 -10       -0.0168750688        0.0360682655
  27 -11        0.0060838854        0.0012812217
  27 -12        0.0244059910       -0.0308435554
  27 -13        0.0012225334        0.0028902195
  27 -14       -0.0244250968        0.0086788467
  27 -15        0.0041478513        0.0027892075
  27 -16       -0.0059479552       -0.0306921240
  27 -17        0.0139913250        0.0106736368
  27 -18        0.0226424773        0.0068289961
  27 -19       -0.0148185972        0.0145468636
  27 -20        0.0027179796        0.0274792567
  27 -21        0.0135072928        0.0187555779
  27 -22        0.0190748792       -0.0110102026
  27 -23       -0.0008470413       -0.0116517589
  27 -24        0.0112148794        0.0086589831
  27 -25       -0.0160117746       -0.0025237747
  27 -26        0.0192180283        0.0383571632
  27 -27       -0.0102494814        0.0329641851
  28  28        0.0138966494        0.0291000582
  28  27        0.0054566320        0.0091837635
  28  26       -0.0124350204        0.0095828922
  28  25        0.0051483201        0.0060276987
  28  24       -0.0097763102        0.0003156751
  28  23       -0.0095847733       -0.0289051675
  28  22       -0.0023860650       -0.0023237591
  28  21       -0.0175041076        0.0341792605
  28  20       -0.0099763757       -0.0291513592
  28  19        0.0077312492       -0.0106341719
  28  18       -0.0175449432        0.0133196401
  28  17       -0.0107613743       -0.0068741748
  28  16       -0.0016109236       -0.0057198830
  28  15        0.0279671797        0.0069214276
  28  14       -0.0122673640       -0.0193469034
  28  13       -0.0107922066       -0.0046171283
  28  12       -0.0039698339        0.0033670565
  28  11       -0.0118782448        0.0143877909
  28  10       -0.0175834311       -0.0064175315
  28   9       -0.0329771338       -0.0172129777
  28   8        0.0185786247        0.0150224012
  28   7        0.0006752788       -0.0106250226
  28   6        0.0301558412        0.0206328033
  28   5        0.0059041606       -0.0112238313
  28   4       -0.0239275355       -0.0101761505
  28   3       -0.0053333175        0.0125383355
  28   2       -0.0002265473       -0.0046276810
  28   1       -0.0070153791       -0.0348240512
  28   0       -0.0391037158        0.0000000000
  28  -1        0.0070153791       -0.0348240512
  28  -2       -0.0002265473        0.0046276810
  28  -3        0.0053333175        0.0125383355
  28  -4       -0.0239275355        0.0101761505
  28  -5       -0.0059041606       -0.0112238313
  28  -6        0.0301558412       -0.0206328033
  28  -7       -0.0006752788       -0.0106250226
  28  -8        0.0185786247       -0.0150224012
  28  -9        0.0329771338       -0.0172129777
  28 -10       -0.0175834311        0.0064175315
  28 -11        0.0118782448        0.0143877909
  28 -12       -0.0039698339       -0.0033670565
  28 -13        0.0107922066       -0.0046171283
  28 -14       -0.0122673640        0.0193469034
  28 -15       -0.0279671797        0.0069214276
  28 -16       -0.0016109236        0.0057198830
  28 -17        0.0107613743       -0.0068741748
  28 -18       -0.0175449432       -0.0133196401
  28 -19       -0.0077312492       -0.0106341719
  28 -20       -0.0099763757        0.0291513592
  28 -21        0.0175041076        0.0341792605
  28 -22       -0.0023860650        0.0023237591
  28 -23        0.0095847733       -0.0289051675
  28 -24       -0.0097763102       -0.0003156751
  28 -25       -0.0051483201        0.0060276987
  28 -26       -0.0124350204       -0.0095828922
  28 -27       -0.0054566320        0.0091837635
  28 -28        0.0138966494       -0.0291000582
  29  29        0.0143468560       -0.0086487902
  29  28        0.0194904012       -0.0171441367
  29  27        0.0123907935        0.0076789351
  29  26       -0.0159898720        0.0265967135
  29  25        0.0113548025       -0.0273669631
  29  24        0.0073323685        0.0082513301
  29  23        0.0157526787       -0.0220064229
  29  22        0.0233588626       -0.0014536969
  29  21       -0.0337338362       -0.0023374815
  29  20       -0.0035636609       -0.0190424739
  29  19        0.0167174123       -0.0047896875
  29  18       -0.0046964701       -0.0253497043
  29  17       -0.0210378933       -0.0117267511
  29  16       -0.0191504999       -0.0077146989
  29  15       -0.0094088791       -0.0359448978
  29  14       -0.0037594210       -0.0291456613
  29  13       -0.0005887171       -0.0052529815
  29  12       -0.0061575081        0.0078077332
  29  11        0.0028961231       -0.0097806348
  29  10        0.0111059266       -0.0153275459
  29   9       -0.0017422244       -0.0492678193
  29   8        0.0109883616       -0.0101826913
  29   7       -0.0037454263        0.0158622314
  29   6       -0.0028553137        0.0249287336
  29   5       -0.0380854414       -0.0156049785
  29   4        0.0067553252        0.0139506506
  29   3       -0.0191601482       -0.0240983760
  29   2        0.0118824667       -0.0208331724
  29   1       -0.0312406390        0.0142958831
  29   0       -0.0156950883        0.0000000000
  29  -1        0.0312406390        0.0142958831
  29  -2        0.0118824667        0.0208331724
  29  -3        0.0191601482       -0.0240983760
  29  -4        0.0067553252       -0.0139506506
  29  -5        0.0380854414       -0.0156049785
  29  -6       -0.0028553137       -0.0249287336
  29  -7        0.0037454263        0.0158622314
  29  -8        0.0109883616        0.0101826913
  29  -9        0.0017422244       -0.0492678193
  29 -10        0.0111059266        0.0153275459
  29 -11       -0.0028961231       -0.0097806348
  29 -12       -0.0061575081       -0.0078077332
  29 -13        0.0005887171       -0.0052529815
  29 -14       -0.0037594210        0.0291456613
  29 -15        0.0094088791       -0.0359448978
  29 -16       -0.0191504999        0.0077146989
  29 -17        0.0210378933       -0.0117267511
  29 -18       -0.0046964701        0.0253497043
  29 -19       -0.0167174123       -0.0047896875
  29 -20       -0.0035636609        0.0190424739
  29 -21        0.0337338362       -0.0023374815
  29 -22        0.0233588626        0.0014536969
  29 -23       -0.0157526787       -0.0220064229
  29 -24        0.0073323685       -0.0082513301
  29 -25       -0.0113548025       -0.0273669631
  29 -26       -0.0159898720       -0.0265967135
  29 -27       -0.0123907935        0.0076789351
  29 -28        0.0194904012        0.0171441367
  29 -29       -0.0143468560       -0.0086487902
  30  30       -0.0094368093       -0.0170259362
  30  29        0.0152442116        0.0336466668
  30  28       -0.0003271592       -0.0312674311
  30  27        0.0286900804        0.0124119576
  30  26       -0.0069298971       -0.0020629194
  30  25       -0.0105679806       -0.0067412542
  30  24        0.0283622546        0.0274237625
  30  23        0.0143329915        0.0160430199
  30  22       -0.0023536178        0.0098232438
  30  21        0.0034456086       -0.0146275538
  30  20       -0.0108332268        0.0181199852
  30  19        0.0066684504        0.0115055500
  30  18        0.0258373806       -0.0132633672
  30  17       -0.0125789849        0.0038593462
  30  16       -0.0193192912        0.0081145231
  30  15       -0.0149406913        0.0007101245
  30  14        0.0032229847        0.0081598941
  30  13       -0.0201771348       -0.0067794388
  30  12       -0.0083399287        0.0112708554
  30  11       -0.0246254148        0.0113009653
  30  10       -0.0181817115        0.0136855546
  30   9        0.0063065952        0.0575936328
  30   8        0.0236626349       -0.0121802841
  30   7        0.0040178963        0.0103751989
  30   6       -0.0308863440        0.0017856980
  30   5       -0.0040466207       -0.0294786474
  30   4       -0.0201428975        0.0231349733
  30   3        0.0262221084        0.0128577515
  30   2       -0.0244640961       -0.0017873133
  30   1       -0.0114201343        0.0212430286
  30   0       -0.0061544598        0.0000000000
  30  -1        0.0114201343        0.0212430286
  30  -2       -0.0244640961        0.0017873133
  30  -3       -0.0262221084        0.0128577515
  30  -4       -0.0201428975       -0.0231349733
  30  -5        0.0040466207       -0.0294786474
  30  -6       -0.0308863440       -0.0017856980
  30  -7       -0.0040178963        0.0103751989
  30  -8        0.0236626349        0.0121802841
  30  -9       -0.0063065952        0.0575936328
  30 -10       -0.0181817115       -0.0136855546
  30 -11        0.0246254148        0.0113009653
  30 -12       -0.0083399287       -0.0112708554
  30 -13        0.0201771348       -0.0067794388
  30 -14        0.0032229847       -0.0081598941
  30 -15        0.0149406913        0.0007101245
  30 -16       -0.0193192912       -0.0081145231
  30 -17        0.0125789849        0.0038593462
  30 -18        0.0258373806        0.0132633672
  30 -19       -0.0066684504        0.0115055500
  30 -20       -0.0108332268       -0.0181199852
  30 -21       -0.0034456086       -0.0146275538
  30 -22       -0.0023536178       -0.0098232438
  30 -23       -0.0143329915        0.0160430199
  30 -24        0.0283622546       -0.0274237625
  30 -25        0.0105679806       -0.0067412542
  30 -26       -0.0069298971        0.0020629194
  30 -27       -0.0286900804        0.0124119576
  30 -28       -0.0003271592        0.0312674311
  30 -29       -0.0152442116        0.0336466668
  30 -30       -0.0094368093        0.0170259362
