   0   0       50.5812863491        0.0000000000
   1   1        0.1574677803       -0.0818824402
   1   0       -0.0718529010        0.0000000000
   1  -1       -0.1574677803       -0.0818824402
   2   2        0.2810931411       -1.0300926459
   2   1       -3.2030449464       -0.6825869016
   2   0        0.8700676438        0.0000000000
   2  -1        3.2030449464       -0.6825869016
   2  -2        0.2810931411        1.0300926459
   3   3       -0.4313057382        0.4686640342
   3   2        0.2354636379       -0.6301674754
   3   1        0.2899669609       -0.7398506923
   3   0       -1.1901099140        0.0000000000
   3  -1       -0.2899669609       -0.7398506923
   3  -2        0.2354636379        0.6301674754
   3  -3        0.4313057382        0.4686640342
   4   4       -0.2080009504       -0.0297540263
   4   3        0.4009417255       -0.4606128419
   4   2        0.8060409681       -0.1448830430
   4   1        0.1308966166       -0.6876381213
   4   0       -1.3579619519        0.0000000000
   4  -1       -0.1308966166       -0.6876381213
   4  -2        0.8060409681        0.1448830430
   4  -3       -0.4009417255       -0.4606128419
   4  -4       -0.2080009504        0.0297540263
   5   5       -0.3274866385        0.5625629862
   5   4        0.5584583733       -0.2820275804
   5   3       -0.2162398516       -0.1815234039
   5   2       -0.1384086353        0.2665727611
   5   1        0.4345910789       -0.0625299463
   5   0       -0.0222333327        0.0000000000
   5  -1       -0.4345910789       -0.0625299463
   5  -2       -0.1384086353       -0.2665727611
   5  -3        0.2162398516       -0.1815234039
   5  -4        0.5584583733        0.2820275804
   5  -5        0.3274866385        0.5625629862
   6   6       -0.1673568151        0.2103263263
   6   5        0.3282478684       -0.2426687490
   6   4       -0.4708475525        0.3898831049
   6   3       -0.2243798473       -0.0607096365
   6   2       -0.3079277976       -0.0998803390
   6   1       -0.1369320390        0.2064589838
   6   0        0.2211158210        0.0000000000
   6  -1        0.1369320390        0.2064589838
   6  -2       -0.3079277976        0.0998803390
   6  -3        0.2243798473       -0.0607096365
   6  -4       -0.4708475525       -0.3898831049
   6  -5       -0.3282478684       -0.2426687490
   6  -6       -0.1673568151       -0.2103263263
   7   7       -0.1780396853       -0.0042718143
   7   6        0.1549907938       -0.0575664222
   7   5       -0.1012686718       -0.0022468470
   7   4       -0.0457170749        0.0904881505
   7   3        0.0538297005       -0.0084600445
   7   2       -0.3865161272       -0.0825888254
   7   1       -0.3462625357        0.2548181301
   7   0        0.0918625759        0.0000000000
   7  -1        0.3462625357        0.2548181301
   7  -2       -0.3865161272        0.0825888254
   7  -3       -0.0538297005       -0.0084600445
   7  -4       -0.0457170749       -0.0904881505
   7  -5        0.1012686718       -0.0022468470
   7  -6        0.1549907938        0.0575664222
   7  -7        0.1780396853       -0.0042718143
   8   8       -0.0561726278       -0.2237753058
   8   7       -0.0035047429        0.0872590792
   8   6       -0.0773221094       -0.0267136410
   8   5        0.1647076416       -0.1133403978
   8   4       -0.0013513376       -0.0054265526
   8   3        0.0480436745       -0.0265119830
   8   2       -0.2456613557       -0.0562107378
   8   1       -0.1353881241        0.1837864345
   8   0       -0.0179099008        0.0000000000
   8  -1        0.1353881241        0.1837864345
   8  -2       -0.2456613557        0.0562107378
   8  -3       -0.0480436745       -0.0265119830
   8  -4       -0.0013513376        0.0054265526
   8  -5       -0.1647076416       -0.1133403978
   8  -6       -0.0773221094        0.0267136410
   8  -7        0.0035047429        0.0872590792
   8  -8       -0.0561726278        0.2237753058
   9   9       -0.0088548009       -0.0940672635
   9   8        0.0628783448        0.1621294601
   9   7        0.0655865414       -0.1124755083
   9   6        0.0449381642        0.0343544078
   9   5        0.0996472317       -0.0035137307
   9   4       -0.0749139044       -0.0897576046
   9   3        0.0721509340        0.1150819354
   9   2        0.0116262493       -0.0574398773
   9   1       -0.1526483856       -0.0673474085
   9   0        0.0052945215        0.0000000000
   9  -1        0.1526483856       -0.0673474085
   9  -2        0.0116262493        0.0574398773
   9  -3       -0.0721509340        0.1150819354
   9  -4       -0.0749139044        0.0897576046
   9  -5       -0.0996472317       -0.0035137307
   9  -6        0.0449381642       -0.0343544078
   9  -7       -0.0655865414       -0.1124755083
   9  -8        0.0628783448       -0.1621294601
   9  -9        0.0088548009       -0.0940672635
  10  10        0.0601832457       -0.1025001538
  10   9       -0.0149434729        0.1267420154
  10   8       -0.0277902098       -0.0609569676
  10   7       -0.0299021057       -0.0180713605
  10   6       -0.0892172350        0.1476639909
  10   5        0.0554144671        0.0665969510
  10   4       -0.0366445982       -0.1307129808
  10   3        0.0666000278        0.0900375996
  10   2       -0.0161730571        0.0856918349
  10   1        0.1159634208        0.0588612300
  10   0        0.1398690611        0.0000000000
  10  -1       -0.1159634208        0.0588612300
  10  -2       -0.0161730571       -0.0856918349
  10  -3       -0.0666000278        0.0900375996
  10  -4       -0.0366445982        0.1307129808
  10  -5       -0.0554144671        0.0665969510
  10  -6       -0.0892172350       -0.1476639909
  10  -7        0.0299021057       -0.0180713605
  10  -8       -0.0277902098        0.0609569676
  10  -9        0.0149434729        0.1267420154
  10 -10        0.0601832457        0.1025001538
  11  11        0.0063871717        0.0392329238
  11  10       -0.0214908101        0.0235970527
  11   9        0.0025613005       -0.0244489230
  11   8       -0.0789032286       -0.0084539774
  11   7        0.0479773777        0.0084988069
  11   6       -0.0785735805       -0.0803494541
  11   5        0.0054849897        0.1081579286
  11   4       -0.0624386425       -0.0497330140
  11   3       -0.0483173927        0.1032865779
  11   2        0.0436249453        0.0935898776
  11   1        0.1109884598        0.0352520835
  11   0        0.0041620789        0.0000000000
  11  -1       -0.1109884598        0.0352520835
  11  -2        0.0436249453       -0.0935898776
  11  -3        0.0483173927        0.1032865779
  11  -4       -0.0624386425        0.0497330140
  11  -5       -0.0054849897        0.1081579286
  11  -6       -0.0785735805        0.0803494541
  11  -7       -0.0479773777        0.0084988069
  11  -8       -0.0789032286        0.0084539774
  11  -9       -0.0025613005       -0.0244489230
  11 -10       -0.0214908101       -0.0235970527
  11 -11       -0.0063871717        0.0392329238
  12  12       -0.0273586171        0.0109178966
  12  11        0.0043128960        0.0219812941
  12  10       -0.0427324192       -0.0050603900
  12   9       -0.0235752908        0.0043964747
  12   8       -0.0218200582        0.0642596021
  12   7        0.0323975714        0.0061057640
  12   6        0.0282955421       -0.0159884985
  12   5        0.0353740598        0.0650282310
  12   4        0.0338019895        0.0002493930
  12   3       -0.0737440421       -0.0263052403
  12   2       -0.0416741262       -0.0077172507
  12   1       -0.0010585001        0.0648098274
  12   0        0.0755720193        0.0000000000
  12  -1        0.0010585001        0.0648098274
  12  -2       -0.0416741262        0.0077172507
  12  -3        0.0737440421       -0.0263052403
  12  -4        0.0338019895       -0.0002493930
  12  -5       -0.0353740598        0.0650282310
  12  -6        0.0282955421        0.0159884985
  12  -7       -0.0323975714        0.0061057640
  12  -8       -0.0218200582       -0.0642596021
  12  -9        0.0235752908        0.0043964747
  12 -10       -0.0427324192        0.0050603900
  12 -11       -0.0043128960        0.0219812941
  12 -12       -0.0273586171       -0.0109178966
  13  13        0.0072801414        0.0499185154
  13  12       -0.0499006723       -0.0700108881
  13  11        0.0247004680        0.0273382180
  13  10        0.0029948887       -0.0670045642
  13   9        0.0220688290        0.0042882250
  13   8       -0.0033536362        0.0205819327
  13   7       -0.0155866294        0.0203838403
  13   6        0.0151636759       -0.0325574061
  13   5       -0.0043234766        0.0179833266
  13   4        0.0141376260       -0.0200608045
  13   3       -0.0292737014       -0.0121871352
  13   2       -0.0533385702       -0.0074688804
  13   1        0.0488095414        0.0006652195
  13   0        0.0055729301        0.0000000000
  13  -1       -0.0488095414        0.0006652195
  13  -2       -0.0533385702        0.0074688804
  13  -3        0.0292737014       -0.0121871352
  13  -4        0.0141376260        0.0200608045
  13  -5        0.0043234766        0.0179833266
  13  -6        0.0151636759        0.0325574061
  13  -7        0.0155866294        0.0203838403
  13  -8       -0.0033536362       -0.0205819327
  13  -9       -0.0220688290        0.0042882250
  13 -10        0.0029948887        0.0670045642
  13 -11       -0.0247004680        0.0273382180
  13 -12       -0.0499006723        0.0700108881
  13 -13       -0.0072801414        0.0499185154
  14  14        0.0356852497        0.0118721188
  14  13       -0.0296602118       -0.0104817779
  14  12        0.0068242371       -0.0293634812
  14  11        0.0442659156       -0.0097980396
  14  10       -0.0202827199       -0.0262788938
  14   9        0.0513702097        0.0153610794
  14   8        0.0287692705       -0.0330561530
  14   7       -0.0572266125        0.0287404992
  14   6        0.0085752056       -0.0387301854
  14   5       -0.0546781535       -0.0259599587
  14   4        0.0628489711        0.0461189860
  14   3        0.0357242883        0.0134524628
  14   2       -0.0093995319       -0.0972630774
  14   1       -0.0180761955       -0.0181757030
  14   0        0.0004832078        0.0000000000
  14  -1        0.0180761955       -0.0181757030
  14  -2       -0.0093995319        0.0972630774
  14  -3       -0.0357242883        0.0134524628
  14  -4        0.0628489711       -0.0461189860
  14  -5        0.0546781535       -0.0259599587
  14  -6        0.0085752056        0.0387301854
  14  -7        0.0572266125        0.0287404992
  14  -8        0.0287692705        0.0330561530
  14  -9       -0.0513702097        0.0153610794
  14 -10       -0.0202827199        0.0262788938
  14 -11       -0.0442659156       -0.0097980396
  14 -12        0.0068242371        0.0293634812
  14 -13        0.0296602118       -0.0104817779
  14 -14        0.0356852497       -0.0118721188
  15  15        0.0049466726        0.0504898596
  15  14        0.0383110700       -0.0349267490
  15  13        0.0036033735        0.0299292099
  15  12        0.0177277469       -0.0108201619
  15  11       -0.0278248999        0.0303731172
  15  10        0.0039232017        0.0136519048
  15   9       -0.0423540832       -0.0083516801
  15   8        0.0082772941       -0.0001880325
  15   7       -0.0420102769        0.0595150495
  15   6        0.0181164763       -0.0154570041
  15   5        0.0099257434       -0.0094121319
  15   4        0.0149622963        0.0262045609
  15   3        0.1020093956        0.0096098329
  15   2       -0.0257961141       -0.0012022569
  15   1       -0.0417415719       -0.0210066256
  15   0       -0.0048501018        0.0000000000
  15  -1        0.0417415719       -0.0210066256
  15  -2       -0.0257961141        0.0012022569
  15  -3       -0.1020093956        0.0096098329
  15  -4        0.0149622963       -0.0262045609
  15  -5       -0.0099257434       -0.0094121319
  15  -6        0.0181164763        0.0154570041
  15  -7        0.0420102769        0.0595150495
  15  -8        0.0082772941        0.0001880325
  15  -9        0.0423540832       -0.0083516801
  15 -10        0.0039232017       -0.0136519048
  15 -11        0.0278248999        0.0303731172
  15 -12        0.0177277469        0.0108201619
  15 -13       -0.0036033735        0.0299292099
  15 -14        0.0383110700        0.0349267490
  15 -15       -0.0049466726        0.0504898596
  16  16        0.0075960767        0.0550511823
  16  15        0.0064736836        0.0195908578
  16  14        0.0297215659       -0.0097954478
  16  13       -0.0245590458        0.0305197369
  16  12       -0.0081043401       -0.0219102710
  16  11        0.0317270574        0.0297078931
  16  10        0.0043073255       -0.0220497509
  16   9       -0.0290026239        0.0118713127
  16   8        0.0663873320        0.0355980798
  16   7       -0.0286980204       -0.0275123508
  16   6        0.0162483936        0.0442361851
  16   5       -0.0039039508       -0.0296069384
  16   4       -0.0209794627       -0.0166283848
  16   3        0.0083285435        0.0093474661
  16   2        0.0344510545       -0.0191974795
  16   1       -0.0238779219        0.0219757250
  16   0        0.0014014164        0.0000000000
  16  -1        0.0238779219        0.0219757250
  16  -2        0.0344510545        0.0191974795
  16  -3       -0.0083285435        0.0093474661
  16  -4       -0.0209794627        0.0166283848
  16  -5        0.0039039508       -0.0296069384
  16  -6        0.0162483936       -0.0442361851
  16  -7        0.0286980204       -0.0275123508
  16  -8        0.0663873320       -0.0355980798
  16  -9        0.0290026239        0.0118713127
  16 -10        0.0043073255        0.0220497509
  16 -11       -0.0317270574        0.0297078931
  16 -12       -0.0081043401        0.0219102710
  16 -13        0.0245590458        0.0305197369
  16 -14        0.0297215659        0.0097954478
  16 -15       -0.0064736836        0.0195908578
  16 -16        0.0075960767       -0.0550511823
  17  17        0.0079048646        0.0405319105
  17  16        0.0088208123        0.0230999170
  17  15       -0.0052848393        0.0048641422
  17  14       -0.0093557172       -0.0046169902
  17  13       -0.0204589081        0.0076821915
  17  12       -0.0056569197        0.0082223595
  17  11        0.0184816798        0.0147756934
  17  10        0.0534413578        0.0077267145
  17   9       -0.0096970233       -0.0105399538
  17   8        0.0114028333       -0.0106521924
  17   7       -0.0059699145       -0.0269973805
  17   6        0.0231979406        0.0377351784
  17   5        0.0201701851       -0.0220000145
  17   4       -0.0314643284       -0.0348923002
  17   3       -0.0216232153       -0.0247513826
  17   2        0.0273392443        0.0464606113
  17   1       -0.0291085524        0.0313068440
  17   0       -0.0426613426        0.0000000000
  17  -1        0.0291085524        0.0313068440
  17  -2        0.0273392443       -0.0464606113
  17  -3        0.0216232153       -0.0247513826
  17  -4       -0.0314643284        0.0348923002
  17  -5       -0.0201701851       -0.0220000145
  17  -6        0.0231979406       -0.0377351784
  17  -7        0.0059699145       -0.0269973805
  17  -8        0.0114028333        0.0106521924
  17  -9        0.0096970233       -0.0105399538
  17 -10        0.0534413578       -0.0077267145
  17 -11       -0.0184816798        0.0147756934
  17 -12       -0.0056569197       -0.0082223595
  17 -13        0.0204589081        0.0076821915
  17 -14       -0.0093557172        0.0046169902
  17 -15        0.0052848393        0.0048641422
  17 -16        0.0088208123       -0.0230999170
  17 -17       -0.0079048646        0.0405319105
  18  18        0.0088079059        0.0084736308
  18  17        0.0054433257        0.0000853181
  18  16       -0.0143848623       -0.0015166887
  18  15       -0.0207077776       -0.0088459413
  18  14       -0.0017184369        0.0009402635
  18  13       -0.0025769303        0.0021679233
  18  12        0.0195331214       -0.0272243931
  18  11        0.0078203876       -0.0189727526
  18  10        0.0204060417        0.0135878603
  18   9       -0.0280415605       -0.0238282169
  18   8        0.0249033347        0.0313012097
  18   7        0.0155266130       -0.0282226306
  18   6        0.0213872664       -0.0159416625
  18   5       -0.0172872404       -0.0055928506
  18   4       -0.0065214484       -0.0038626941
  18   3       -0.0160830814       -0.0809944787
  18   2        0.0086900869       -0.0076681979
  18   1        0.0153277402        0.0197518384
  18   0       -0.0440846575        0.0000000000
  18  -1       -0.0153277402        0.0197518384
  18  -2        0.0086900869        0.0076681979
  18  -3        0.0160830814       -0.0809944787
  18  -4       -0.0065214484        0.0038626941
  18  -5        0.0172872404       -0.0055928506
  18  -6        0.0213872664        0.0159416625
  18  -7       -0.0155266130       -0.0282226306
  18  -8        0.0249033347       -0.0313012097
  18  -9        0.0280415605       -0.0238282169
  18 -10        0.0204060417       -0.0135878603
  18 -11       -0.0078203876       -0.0189727526
  18 -12        0.0195331214        0.0272243931
  18 -13        0.0025769303        0.0021679233
  18 -14       -0.0017184369       -0.0009402635
  18 -15        0.0207077776       -0.0088459413
  18 -16       -0.0143848623        0.0015166887
  18 -17       -0.0054433257        0.0000853181
  18 -18        0.0088079059       -0.0084736308
  19  19       -0.0151327859        0.0067683170
  19  18       -0.0232822827        0.0124271191
  19  17        0.0101258980        0.0104534812
  19  16        0.0190502463        0.0093933056
  19  15        0.0024561396       -0.0080099599
  19  14       -0.0088005496       -0.0141551072
  19  13       -0.0314660180        0.0143537704
  19  12       -0.0201375086       -0.0173896727
  19  11       -0.0193989837       -0.0174051838
  19  10       -0.0118296373        0.0507123007
  19   9        0.0082781587       -0.0153448037
  19   8        0.0104956123        0.0020709776
  19   7        0.0244559580       -0.0349574655
  19   6        0.0196215578        0.0047954111
  19   5        0.0187466140        0.0284462800
  19   4        0.0083587543       -0.0013694419
  19   3       -0.0127824050       -0.0553862009
  19   2       -0.0337740141       -0.0053570818
  19   1        0.0426587794        0.0243994698
  19   0        0.0189556700        0.0000000000
  19  -1       -0.0426587794        0.0243994698
  19  -2       -0.0337740141        0.0053570818
  19  -3        0.0127824050       -0.0553862009
  19  -4        0.0083587543        0.0013694419
  19  -5       -0.0187466140        0.0284462800
  19  -6        0.0196215578       -0.0047954111
  19  -7       -0.0244559580       -0.0349574655
  19  -8        0.0104956123       -0.0020709776
  19  -9       -0.0082781587       -0.0153448037
  19 -10       -0.0118296373       -0.0507123007
  19 -11        0.0193989837       -0.0174051838
  19 -12       -0.0201375086        0.0173896727
  19 -13        0.0314660180        0.0143537704
  19 -14       -0.0088005496        0.0141551072
  19 -15       -0.0024561396       -0.0080099599
  19 -16        0.0190502463       -0.0093933056
  19 -17       -0.0101258980        0.0104534812
  19 -18       -0.0232822827       -0.0124271191
  19 -19        0.0151327859        0.0067683170
  20  20       -0.0136749782       -0.0185614171
  20  19        0.0150410955        0.0041982075
  20  18        0.0171950761       -0.0044611181
  20  17       -0.0275125233        0.0173498511
  20  16        0.0490806577        0.0185370975
  20  15        0.0020747779       -0.0043071598
  20  14        0.0053289791        0.0112798398
  20  13       -0.0090977981       -0.0002206805
  20  12       -0.0268947626        0.0050544282
  20  11        0.0104900812       -0.0167526757
  20  10        0.0143979229        0.0187907408
  20   9       -0.0122924593       -0.0274978203
  20   8       -0.0336643266        0.0039494309
  20   7       -0.0077655933        0.0184950417
  20   6        0.0055037590       -0.0234230546
  20   5        0.0014178331       -0.0038192758
  20   4       -0.0042615566        0.0265866353
  20   3       -0.0129635995        0.0231539269
  20   2       -0.0241581601       -0.0046420137
  20   1        0.0305481584       -0.0078093046
  20   0        0.0388776648        0.0000000000
  20  -1       -0.0305481584       -0.0078093046
  20  -2       -0.0241581601        0.0046420137
  20  -3        0.0129635995        0.0231539269
  20  -4       -0.0042615566       -0.0265866353
  20  -5       -0.0014178331       -0.0038192758
  20  -6        0.0055037590        0.0234230546
  20  -7        0.0077655933        0.0184950417
  20  -8       -0.0336643266       -0.0039494309
  20  -9        0.0122924593       -0.0274978203
  20 -10        0.0143979229       -0.0187907408
  20 -11       -0.0104900812       -0.0167526757
  20 -12       -0.0268947626       -0.0050544282
  20 -13        0.0090977981       -0.0002206805
  20 -14        0.0053289791       -0.0112798398
  20 -15       -0.0020747779       -0.0043071598
  20 -16        0.0490806577       -0.0185370975
  20 -17        0.0275125233        0.0173498511
  20 -18        0.0171950761        0.0044611181
  20 -19       -0.0150410955        0.0041982075
  20 -20       -0.0136749782        0.0185614171
  21  21        0.0011323319       -0.0367977728
  21  20        0.0204929373        0.0034988067
  21  19        0.0016776083       -0.0173628325
  21  18       -0.0246571133       -0.0034021502
  21  17        0.0113655713        0.0017691369
  21  16        0.0015791604       -0.0137897344
  21  15       -0.0187778385        0.0037973329
  21  14        0.0002977814       -0.0074200443
  21  13        0.0033633053       -0.0036366986
  21  12        0.0181654742       -0.0036479833
  21  11        0.0082375018       -0.0284136282
  21  10       -0.0375343024        0.0196385786
  21   9        0.0191569301       -0.0085401419
  21   8       -0.0199485512        0.0216862193
  21   7       -0.0035230864        0.0099688432
  21   6       -0.0186433770        0.0011435025
  21   5       -0.0067836154       -0.0163038717
  21   4        0.0063214391        0.0220003476
  21   3        0.0033100308        0.0139406162
  21   2        0.0010997567        0.0025800883
  21   1       -0.0005192393       -0.0156706003
  21   0        0.0416521402        0.0000000000
  21  -1        0.0005192393       -0.0156706003
  21  -2        0.0010997567       -0.0025800883
  21  -3       -0.0033100308        0.0139406162
  21  -4        0.0063214391       -0.0220003476
  21  -5        0.0067836154       -0.0163038717
  21  -6       -0.0186433770       -0.0011435025
  21  -7        0.0035230864        0.0099688432
  21  -8       -0.0199485512       -0.0216862193
  21  -9       -0.0191569301       -0.0085401419
  21 -10       -0.0375343024       -0.0196385786
  21 -11       -0.0082375018       -0.0284136282
  21 -12        0.0181654742        0.0036479833
  21 -13       -0.0033633053       -0.0036366986
  21 -14        0.0002977814        0.0074200443
  21 -15        0.0187778385        0.0037973329
  21 -16        0.0015791604        0.0137897344
  21 -17       -0.0113655713        0.0017691369
  21 -18       -0.0246571133        0.0034021502
  21 -19       -0.0016776083       -0.0173628325
  21 -20        0.0204929373       -0.0034988067
  21 -21       -0.0011323319       -0.0367977728
  22  22       -0.0241952683       -0.0019702689
  22  21        0.0066030678        0.0042159674
  22  20       -0.0046027994        0.0090332727
  22  19       -0.0002124642       -0.0024933730
  22  18        0.0023042115       -0.0046081388
  22  17       -0.0324612956       -0.0237650434
  22  16        0.0233592307        0.0021457872
  22  15       -0.0355039448       -0.0063312906
  22  14       -0.0045691189       -0.0175006120
  22  13        0.0141706526        0.0042675865
  22  12       -0.0180642219        0.0042408653
  22  11        0.0066700441        0.0057218191
  22  10       -0.0076263626        0.0113710798
  22   9       -0.0014277580       -0.0003219844
  22   8        0.0036612489       -0.0253818064
  22   7       -0.0123798159        0.0043329407
  22   6        0.0086071290       -0.0074319673
  22   5        0.0169022861       -0.0284693561
  22   4       -0.0272560023       -0.0126497577
  22   3       -0.0202543801        0.0181378730
  22   2        0.0093121074        0.0171399954
  22   1       -0.0120189276       -0.0181070692
  22   0        0.0085379924        0.0000000000
  22  -1        0.0120189276       -0.0181070692
  22  -2        0.0093121074       -0.0171399954
  22  -3        0.0202543801        0.0181378730
  22  -4       -0.0272560023        0.0126497577
  22  -5       -0.0169022861       -0.0284693561
  22  -6        0.0086071290        0.0074319673
  22  -7        0.0123798159        0.0043329407
  22  -8        0.0036612489        0.0253818064
  22  -9        0.0014277580       -0.0003219844
  22 -10       -0.0076263626       -0.0113710798
  22 -11       -0.0066700441        0.0057218191
  22 -12       -0.0180642219       -0.0042408653
  22 -13       -0.0141706526        0.0042675865
  22 -14       -0.0045691189        0.0175006120
  22 -15        0.0355039448       -0.0063312906
  22 -16        0.0233592307       -0.0021457872
  22 -17        0.0324612956       -0.0237650434
  22 -18        0.0023042115        0.0046081388
  22 -19        0.0002124642       -0.0024933730
  22 -20       -0.0046027994       -0.0090332727
  22 -21       -0.0066030678        0.0042159674
  22 -22       -0.0241952683        0.0019702689
  23  23       -0.0197192584       -0.0070907479
  23  22       -0.0012406593        0.0107607433
  23  21        0.0206960052        0.0122278127
  23  20        0.0305806275        0.0061326867
  23  19        0.0143818369       -0.0197842175
  23  18        0.0144492418        0.0092475839
  23  17       -0.0304070031        0.0100507303
  23  16        0.0173858577        0.0358241789
  23  15       -0.0009414787       -0.0053912368
  23  14        0.0099435854       -0.0003958089
  23  13       -0.0087724243        0.0106719065
  23  12       -0.0111040771        0.0178658145
  23  11        0.0141183734        0.0010486436
  23  10        0.0053239014       -0.0209089648
  23   9        0.0034600514       -0.0116592754
  23   8       -0.0149405316        0.0000717339
  23   7       -0.0128534243        0.0052237993
  23   6       -0.0085903374       -0.0025998791
  23   5       -0.0015027967       -0.0248433724
  23   4       -0.0185465920       -0.0029660494
  23   3       -0.0068823395        0.0234911542
  23   2        0.0119020851        0.0395061273
  23   1       -0.0011876002       -0.0027149290
  23   0       -0.0304353363        0.0000000000
  23  -1        0.0011876002       -0.0027149290
  23  -2        0.0119020851       -0.0395061273
  23  -3        0.0068823395        0.0234911542
  23  -4       -0.0185465920        0.0029660494
  23  -5        0.0015027967       -0.0248433724
  23  -6       -0.0085903374        0.0025998791
  23  -7        0.0128534243        0.0052237993
  23  -8       -0.0149405316       -0.0000717339
  23  -9       -0.0034600514       -0.0116592754
  23 -10        0.0053239014        0.0209089648
  23 -11       -0.0141183734        0.0010486436
  23 -12       -0.0111040771       -0.0178658145
  23 -13        0.0087724243        0.0106719065
  23 -14        0.0099435854        0.0003958089
  23 -15        0.0009414787       -0.0053912368
  23 -16        0.0173858577       -0.0358241789
  23 -17        0.0304070031        0.0100507303
  23 -18        0.0144492418       -0.0092475839
  23 -19       -0.0143818369       -0.0197842175
  23 -20        0.0305806275       -0.0061326867
  23 -21       -0.0206960052        0.0122278127
  23 -22       -0.0012406593       -0.0107607433
  23 -23        0.0197192584       -0.0070907479
  24  24       -0.0398602278        0.0145061161
  24  23       -0.0118124089       -0.0265749776
  24  22       -0.0179365339       -0.0145273949
  24  21       -0.0030163997        0.0059639012
  24  20       -0.0020414331       -0.0113440729
  24  19        0.0100070259       -0.0220817815
  24  18        0.0175827128        0.0338533370
  24  17        0.0139965665       -0.0168469176
  24  16        0.0150802978        0.0075231776
  24  15        0.0149089001       -0.0008547801
  24  14       -0.0017049517        0.0161994549
  24  13        0.0316549955        0.0133830955
  24  12       -0.0179338972        0.0153506381
  24  11       -0.0116326318        0.0023655953
  24  10       -0.0221667661        0.0045838788
  24   9        0.0013295796        0.0392171093
  24   8        0.0312377839       -0.0018419501
  24   7       -0.0053784285       -0.0054775909
  24   6        0.0081541869        0.0004727243
  24   5       -0.0026044025        0.0115540865
  24   4        0.0057965709       -0.0271548357
  24   3        0.0082706460        0.0009501501
  24   2       -0.0016932819        0.0027036883
  24   1        0.0113165244        0.0134089675
  24   0       -0.0051036279        0.0000000000
  24  -1       -0.0113165244        0.0134089675
  24  -2       -0.0016932819       -0.0027036883
  24  -3       -0.0082706460        0.0009501501
  24  -4        0.0057965709        0.0271548357
  24  -5        0.0026044025        0.0115540865
  24  -6        0.0081541869       -0.0004727243
  24  -7        0.0053784285       -0.0054775909
  24  -8        0.0312377839        0.0018419501
  24  -9       -0.0013295796        0.0392171093
  24 -10       -0.0221667661       -0.0045838788
  24 -11        0.0116326318        0.0023655953
  24 -12       -0.0179338972       -0.0153506381
  24 -13       -0.0316549955        0.0133830955
  24 -14       -0.0017049517       -0.0161994549
  24 -15       -0.0149089001       -0.0008547801
  24 -16        0.0150802978       -0.0075231776
  24 -17       -0.0139965665       -0.0168469176
  24 -18        0.0175827128       -0.0338533370
  24 -19       -0.0100070259       -0.0220817815
  24 -20       -0.0020414331        0.0113440729
  24 -21        0.0030163997        0.0059639012
  24 -22       -0.0179365339        0.0145273949
  24 -23        0.0118124089       -0.0265749776
  24 -24       -0.0398602278       -0.0145061161
  25  25       -0.0268329973        0.0073718929
  25  24       -0.0189524416       -0.0037141702
  25  23        0.0081134845       -0.0211195935
  25  22       -0.0107603997       -0.0150614915
  25  21        0.0024280368        0.0078848499
  25  20        0.0093962049       -0.0054855365
  25  19        0.0164596386       -0.0155633126
  25  18        0.0165884575        0.0061372422
  25  17       -0.0202374123       -0.0072772232
  25  16       -0.0030546739        0.0089631218
  25  15        0.0289725448       -0.0088627949
  25  14       -0.0131776949       -0.0203154737
  25  13       -0.0018839701        0.0036971275
  25  12       -0.0441054127       -0.0143116040
  25  11       -0.0031312762       -0.0161843226
  25  10       -0.0015454893        0.0054215654
  25   9       -0.0122220693        0.0143429990
  25   8       -0.0008804217        0.0098508376
  25   7        0.0265826051       -0.0211316803
  25   6        0.0200059627        0.0047534896
  25   5        0.0015136581        0.0298028652
  25   4        0.0136101058       -0.0085112037
  25   3       -0.0254790378       -0.0167388195
  25   2        0.0368893771        0.0303201813
  25   1       -0.0018391558       -0.0116418132
  25   0        0.0002855152        0.0000000000
  25  -1        0.0018391558       -0.0116418132
  25  -2        0.0368893771       -0.0303201813
  25  -3        0.0254790378       -0.0167388195
  25  -4        0.0136101058        0.0085112037
  25  -5       -0.0015136581        0.0298028652
  25  -6        0.0200059627       -0.0047534896
  25  -7       -0.0265826051       -0.0211316803
  25  -8       -0.0008804217       -0.0098508376
  25  -9        0.0122220693        0.0143429990
  25 -10       -0.0015454893       -0.0054215654
  25 -11        0.0031312762       -0.0161843226
  25 -12       -0.0441054127        0.0143116040
  25 -13        0.0018839701        0.0036971275
  25 -14       -0.0131776949        0.0203154737
  25 -15       -0.0289725448       -0.0088627949
  25 -16       -0.0030546739       -0.0089631218
  25 -17        0.0202374123       -0.0072772232
  25 -18        0.0165884575       -0.0061372422
  25 -19       -0.0164596386       -0.0155633126
  25 -20        0.0093962049        0.0054855365
  25 -21       -0.0024280368        0.0078848499
  25 -22       -0.0107603997        0.0150614915
  25 -23       -0.0081134845       -0.0211195935
  25 -24       -0.0189524416        0.0037141702
  25 -25        0.0268329973        0.0073718929
  26  26        0.0027519785        0.0261786373
  26  25        0.0322624789        0.0071987173
  26  24        0.0151145877       -0.0229292580
  26  23        0.0247875469       -0.0121448800
  26  22       -0.0036819445       -0.0001384048
  26  21        0.0018449513       -0.0013406933
  26  20        0.0167655067        0.0087310701
  26  19        0.0180088088       -0.0038830627
  26  18       -0.0251419953        0.0059039106
  26  17       -0.0012847254        0.0086808298
  26  16       -0.0153132813        0.0078739690
  26  15       -0.0079420480       -0.0353117788
  26  14       -0.0177348121       -0.0234027528
  26  13        0.0055249830        0.0147509422
  26  12       -0.0170116438       -0.0079212124
  26  11       -0.0158347943       -0.0108739981
  26  10       -0.0021165850       -0.0326275851
  26   9        0.0121363529       -0.0068592183
  26   8        0.0074550709       -0.0053618646
  26   7       -0.0042405360       -0.0078905600
  26   6        0.0202779710       -0.0325266562
  26   5       -0.0145956426        0.0211267056
  26   4        0.0042951469       -0.0158394634
  26   3       -0.0074362246       -0.0087974737
  26   2       -0.0237156074       -0.0181400656
  26   1        0.0332079303       -0.0066453998
  26   0        0.0139743938        0.0000000000
  26  -1       -0.0332079303       -0.0066453998
  26  -2       -0.0237156074        0.0181400656
  26  -3        0.0074362246       -0.0087974737
  26  -4        0.0042951469        0.0158394634
  26  -5        0.0145956426        0.0211267056
  26  -6        0.0202779710        0.0325266562
  26  -7        0.0042405360       -0.0078905600
  26  -8        0.0074550709        0.0053618646
  26  -9       -0.0121363529       -0.0068592183
  26 -10       -0.0021165850        0.0326275851
  26 -11        0.0158347943       -0.0108739981
  26 -12       -0.0170116438        0.0079212124
  26 -13       -0.0055249830        0.0147509422
  26 -14       -0.0177348121        0.0234027528
  26 -15        0.0079420480       -0.0353117788
  26 -16       -0.0153132813       -0.0078739690
  26 -17        0.0012847254        0.0086808298
  26 -18       -0.0251419953       -0.0059039106
  26 -19       -0.0180088088       -0.0038830627
  26 -20        0.0167655067       -0.0087310701
  26 -21       -0.0018449513       -0.0013406933
  26 -22       -0.0036819445        0.0001384048
  26 -23       -0.0247875469       -0.0121448800
  26 -24        0.0151145877        0.0229292580
  26 -25       -0.0322624789        0.0071987173
  26 -26        0.0027519785       -0.0261786373
  27  27        0.0130238688       -0.0059813940
  27  26        0.0336572882        0.0112977966
  27  25       -0.0108178534        0.0124325509
  27  24       -0.0062802089        0.0084682345
  27  23        0.0162462511        0.0289092319
  27  22        0.0138368653        0.0126196786
  27  21        0.0036705108       -0.0059973427
  27  20        0.0024465801       -0.0076753530
  27  19       -0.0164421545       -0.0125897206
  27  18       -0.0037535929        0.0144300775
  27  17       -0.0077565194        0.0105938135
  27  16       -0.0202167911       -0.0015200112
  27  15        0.0007539733       -0.0020034221
  27  14       -0.0146479987        0.0074975112
  27  13       -0.0000293650        0.0265470309
  27  12        0.0347878323       -0.0197740155
  27  11       -0.0333721791        0.0030628568
  27  10        0.0157240556        0.0010878581
  27   9       -0.0055285375       -0.0206452444
  27   8       -0.0042441874        0.0120294655
  27   7       -0.0199251927        0.0080288312
  27   6        0.0114332301        0.0048486007
  27   5       -0.0095649530       -0.0024359153
  27   4        0.0009602562        0.0285486897
  27   3       -0.0102796816        0.0016699699
  27   2       -0.0062900545       -0.0120500511
  27   1       -0.0061006512        0.0304915227
  27   0        0.0309703770        0.0000000000
  27  -1        0.0061006512        0.0304915227
  27  -2       -0.0062900545        0.0120500511
  27  -3        0.0102796816        0.0016699699
  27  -4        0.0009602562       -0.0285486897
  27  -5        0.0095649530       -0.0024359153
  27  -6        0.0114332301       -0.0048486007
  27  -7        0.0199251927        0.0080288312
  27  -8       -0.0042441874       -0.0120294655
  27  -9        0.0055285375       -0.0206452444
  27 -10        0.0157240556       -0.0010878581
  27 -11        0.0333721791        0.0030628568
  27 -12        0.0347878323        0.0197740155
  27 -13        0.0000293650        0.0265470309
  27 -14       -0.0146479987       -0.0074975112
  27 -15       -0.0007539733       -0.0020034221
  27 -16       -0.0202167911        0.0015200112
  27 -17        0.0077565194        0.0105938135
  27 -18       -0.0037535929       -0.0144300775
  27 -19        0.0164421545       -0.0125897206
  27 -20        0.0024465801        0.0076753530
  27 -21       -0.0036705108       -0.0059973427
  27 -22        0.0138368653       -0.0126196786
  27 -23       -0.0162462511        0.0289092319
  27 -24       -0.0062802089       -0.0084682345
  27 -25        0.0108178534        0.0124325509
  27 -26        0.0336572882       -0.0112977966
  27 -27       -0.0130238688       -0.0059813940
  28  28       -0.0073850590        0.0237145204
  28  27        0.0227907671        0.0239386849
  28  26       -0.0035806175       -0.0177768535
  28  25       -0.0175030897       -0.0023398513
  28  24       -0.0060096853        0.0012194504
  28  23       -0.0007807412       -0.0144559480
  28  22        0.0131578675        0.0044727318
  28  21        0.0177129922       -0.0129064659
  28  20        0.0095710331       -0.0062957395
  28  19        0.0134203154        0.0252667429
  28  18       -0.0123208289        0.0023907534
  28  17        0.0056592330       -0.0003395616
  28  16        0.0003415274       -0.0023761575
  28  15       -0.0118190283        0.0131783576
  28  14        0.0013242440       -0.0178473262
  28  13       -0.0116474903       -0.0024844692
  28  12        0.0174357727        0.0049800409
  28  11       -0.0136744281        0.0201341849
  28  10       -0.0007386908       -0.0032693273
  28   9        0.0256953847       -0.0021437563
  28   8        0.0139101048        0.0291319649
  28   7        0.0104415849        0.0121492419
  28   6        0.0272347315        0.0060169896
  28   5       -0.0120452361       -0.0060427714
  28   4        0.0031582102        0.0125587801
  28   3       -0.0060742733        0.0413565846
  28   2        0.0060819968        0.0217211164
  28   1       -0.0151001639        0.0029415437
  28   0       -0.0115228808        0.0000000000
  28  -1        0.0151001639        0.0029415437
  28  -2        0.0060819968       -0.0217211164
  28  -3        0.0060742733        0.0413565846
  28  -4        0.0031582102       -0.0125587801
  28  -5        0.0120452361       -0.0060427714
  28  -6        0.0272347315       -0.0060169896
  28  -7       -0.0104415849        0.0121492419
  28  -8        0.0139101048       -0.0291319649
  28  -9       -0.0256953847       -0.0021437563
  28 -10       -0.0007386908        0.0032693273
  28 -11        0.0136744281        0.0201341849
  28 -12        0.0174357727       -0.0049800409
  28 -13        0.0116474903       -0.0024844692
  28 -14        0.0013242440        0.0178473262
  28 -15        0.0118190283        0.0131783576
  28 -16        0.0003415274        0.0023761575
  28 -17       -0.0056592330       -0.0003395616
  28 -18       -0.0123208289       -0.0023907534
  28 -19       -0.0134203154        0.0252667429
  28 -20        0.0095710331        0.0062957395
  28 -21       -0.0177129922       -0.0129064659
  28 -22        0.0131578675       -0.0044727318
  28 -23        0.0007807412       -0.0144559480
  28 -24       -0.0060096853       -0.0012194504
  28 -25        0.0175030897       -0.0023398513
  28 -26       -0.0035806175        0.0177768535
  28 -27       -0.0227907671        0.0239386849
  28 -28       -0.0073850590       -0.0237145204
  29  29        0.0193900885        0.0069979241
  29  28       -0.0156732765        0.0292264158
  29  27       -0.0058501934       -0.0226828140
  29  26       -0.0214497049       -0.0076940718
  29  25        0.0142638274       -0.0058731630
  29  24       -0.0084798981       -0.0047530107
  29  23        0.0124461985        0.0056805871
  29  22       -0.0126647968        0.0046901730
  29  21       -0.0014511066        0.0040682736
  29  20        0.0047330769        0.0125737618
  29  19       -0.0019618164        0.0231407908
  29  18       -0.0177389290        0.0045443555
  29  17        0.0122277017        0.0028372168
  29  16        0.0109989834       -0.0129018465
  29  15       -0.0109937308        0.0004949042
  29  14        0.0102745545       -0.0169856110
  29  13       -0.0031513158       -0.0040265410
  29  12        0.0337219939       -0.0038814196
  29  11        0.0105514613       -0.0307824202
  29  10       -0.0136999747        0.0070239853
  29   9        0.0025334510       -0.0225368754
  29   8        0.0256100843       -0.0239871449
  29   7       -0.0082030909        0.0206819548
  29   6        0.0000289331       -0.0075963746
  29   5        0.0007503522        0.0067773961
  29   4        0.0101148231        0.0181220114
  29   3       -0.0230758081       -0.0026323846
  29   2        0.0393423760       -0.0111001512
  29   1       -0.0145679787       -0.0030580825
  29   0       -0.0093303672        0.0000000000
  29  -1        0.0145679787       -0.0030580825
  29  -2        0.0393423760        0.0111001512
  29  -3        0.0230758081       -0.0026323846
  29  -4        0.0101148231       -0.0181220114
  29  -5       -0.0007503522        0.0067773961
  29  -6        0.0000289331        0.0075963746
  29  -7        0.0082030909        0.0206819548
  29  -8        0.0256100843        0.0239871449
  29  -9       -0.0025334510       -0.0225368754
  29 -10       -0.0136999747       -0.0070239853
  29 -11       -0.0105514613       -0.0307824202
  29 -12        0.0337219939        0.0038814196
  29 -13        0.0031513158       -0.0040265410
  29 -14        0.0102745545        0.0169856110
  29 -15        0.0109937308        0.0004949042
  29 -16        0.0109989834        0.0129018465
  29 -17       -0.0122277017        0.0028372168
  29 -18       -0.0177389290       -0.0045443555
  29 -19        0.0019618164        0.0231407908
  29 -20        0.0047330769       -0.0125737618
  29 -21        0.0014511066        0.0040682736
  29 -22       -0.0126647968       -0.0046901730
  29 -23       -0.0124461985        0.0056805871
  29 -24       -0.0084798981        0.0047530107
  29 -25       -0.0142638274       -0.0058731630
  29 -26       -0.0214497049        0.0076940718
  29 -27        0.0058501934       -0.0226828140
  29 -28       -0.0156732765       -0.0292264158
  29 -29       -0.0193900885        0.0069979241
  30  30       -0.0039019471       -0.0269061356
  30  29       -0.0096032784        0.0063760218
  30  28        0.0276497202       -0.0170827403
  30  27       -0.0107501381       -0.0005902106
  30  26        0.0077026417       -0.0059885528
  30  25       -0.0138436472        0.0032777970
  30  24       -0.0200194100       -0.0085347744
  30  23        0.0054818168       -0.0186405755
  30  22       -0.0348689051        0.0109564116
  30  21       -0.0032745754       -0.0094034572
  30  20       -0.0190965722       -0.0194459543
  30  19       -0.0141484125        0.0233005895
  30  18       -0.0090409526       -0.0007635505
  30  17       -0.0063921622       -0.0028845479
  30  16       -0.0000228362       -0.0239295779
  30  15       -0.0073752239       -0.0088719465
  30  14        0.0002260685       -0.0036842595
  30  13       -0.0067608139       -0.0257475558
  30  12        0.0171912889       -0.0318386618
  30  11       -0.0102351562       -0.0155548686
  30  10        0.0000871125       -0.0284452275
  30   9        0.0017181726       -0.0228426439
  30   8        0.0124152990       -0.0208279603
  30   7        0.0177403551       -0.0048626793
  30   6        0.0008335505        0.0016127655
  30   5        0.0092456638        0.0115656122
  30   4       -0.0155383214       -0.0106766898
  30   3       -0.0001665815        0.0016344827
  30   2        0.0142442375        0.0035942886
  30   1        0.0197192875       -0.0182280618
  30   0       -0.0108205321        0.0000000000
  30  -1       -0.0197192875       -0.0182280618
  30  -2        0.0142442375       -0.0035942886
  30  -3        0.0001665815        0.0016344827
  30  -4       -0.0155383214        0.0106766898
  30  -5       -0.0092456638        0.0115656122
  30  -6        0.0008335505       -0.0016127655
  30  -7       -0.0177403551       -0.0048626793
  30  -8        0.0124152990        0.0208279603
  30  -9       -0.0017181726       -0.0228426439
  30 -10        0.0000871125        0.0284452275
  30 -11        0.0102351562       -0.0155548686
  30 -12        0.0171912889        0.0318386618
  30 -13        0.0067608139       -0.0257475558
  30 -14        0.0002260685        0.0036842595
  30 -15        0.0073752239       -0.0088719465
  30 -16       -0.0000228362        0.0239295779
  30 -17        0.0063921622       -0.0028845479
  30 -18       -0.0090409526        0.0007635505
  30 -19        0.0141484125        0.0233005895
  30 -20       -0.0190965722        0.0194459543
  30 -21        0.0032745754       -0.0094034572
  30 -22       -0.0348689051       -0.0109564116
  30 -23       -0.0054818168       -0.0186405755
  30 -24       -0.0200194100        0.0085347744
  30 -25        0.0138436472        0.0032777970
  30 -26        0.0077026417        0.0059885528
  30 -27        0.0107501381       -0.0005902106
  30 -28        0.0276497202        0.0170827403
  30 -29        0.0096032784        0.0063760218
  30 -30       -0.0039019471        0.0269061356
