   0   0       28.0327436394        0.0000000000
   1   1       -0.9415643537       -1.1460010224
   1   0        0.1135730011        0.0000000000
   1  -1        0.9415643537       -1.1460010224
   2   2        2.0348825087        2.3917535494
   2   1       -2.2491974363       -2.8028931915
   2   0        4.0224401695        0.0000000000
   2  -1        2.2491974363       -2.8028931915
   2  -2        2.0348825087       -2.3917535494
   3   3       -0.1986773431        1.4002163199
   3   2       -0.4876018885       -0.2493388975
   3   1       -0.3461989240        0.1702304541
   3   0        0.9389865677        0.0000000000
   3  -1        0.3461989240        0.1702304541
   3  -2       -0.4876018885        0.2493388975
   3  -3        0.1986773431        1.4002163199
   4   4        0.7196559550        0.5057624917
   4   3        0.2374628590       -0.5756435908
   4   2        0.5794141548        1.1658219639
   4   1       -0.1893002284       -1.1680328158
   4   0       -0.2324862426        0.0000000000
   4  -1        0.1893002284       -1.1680328158
   4  -2        0.5794141548       -1.1658219639
   4  -3       -0.2374628590       -0.5756435908
   4  -4        0.7196559550       -0.5057624917
   5   5       -0.5791433511        0.0618359495
   5   4        0.7357544188       -0.4739178275
   5   3       -0.4128751044        0.5788897494
   5   2        0.1937697330        0.0264889935
   5   1       -0.1273627875        0.1357032822
   5   0        0.7500408533        0.0000000000
   5  -1        0.1273627875        0.1357032822
   5  -2        0.1937697330       -0.0264889935
   5  -3        0.4128751044        0.5788897494
   5  -4        0.7357544188        0.4739178275
   5  -5        0.5791433511        0.0618359495
   6   6       -0.1903650689       -0.0350801818
   6   5        0.1836461444       -0.2444432001
   6   4       -0.0495854301        0.3783869334
   6   3        0.2164006876       -0.4038019201
   6   2        0.0054071753        0.2055363099
   6   1        0.3262141259       -0.1830538411
   6   0       -0.2033544302        0.0000000000
   6  -1       -0.3262141259       -0.1830538411
   6  -2        0.0054071753       -0.2055363099
   6  -3       -0.2164006876       -0.4038019201
   6  -4       -0.0495854301       -0.3783869334
   6  -5       -0.1836461444       -0.2444432001
   6  -6       -0.1903650689        0.0350801818
   7   7       -0.2962989989       -0.1088567770
   7   6        0.1126472720        0.1962423190
   7   5       -0.5545617817        0.0262429686
   7   4        0.3994347897       -0.0740500653
   7   3       -0.1503742514       -0.0643670122
   7   2        0.3382557210        0.2325079146
   7   1       -0.0245843307       -0.0645802720
   7   0        0.1793056581        0.0000000000
   7  -1        0.0245843307       -0.0645802720
   7  -2        0.3382557210       -0.2325079146
   7  -3        0.1503742514       -0.0643670122
   7  -4        0.3994347897        0.0740500653
   7  -5        0.5545617817        0.0262429686
   7  -6        0.1126472720       -0.1962423190
   7  -7        0.2962989989       -0.1088567770
   8   8       -0.1366951976       -0.1203081835
   8   7        0.1684252842        0.2418689771
   8   6       -0.1921125209       -0.0510501946
   8   5        0.2474979270       -0.1484495863
   8   4       -0.1253726449        0.1386949844
   8   3        0.0641294317        0.0099246490
   8   2       -0.0983715113       -0.1759029847
   8   1        0.0365951846        0.0674799987
   8   0        0.2097108253        0.0000000000
   8  -1       -0.0365951846        0.0674799987
   8  -2       -0.0983715113        0.1759029847
   8  -3       -0.0641294317        0.0099246490
   8  -4       -0.1253726449       -0.1386949844
   8  -5       -0.2474979270       -0.1484495863
   8  -6       -0.1921125209        0.0510501946
   8  -7       -0.1684252842        0.2418689771
   8  -8       -0.1366951976        0.1203081835
   9   9       -0.1169609353       -0.1758775307
   9   8        0.2478675434        0.2771904569
   9   7       -0.2071277902       -0.1575052859
   9   6        0.3054644258        0.1454186962
   9   5       -0.2879962458       -0.0613740452
   9   4        0.1550767813        0.2537099614
   9   3       -0.0894559260       -0.1816250736
   9   2        0.1766832427        0.0137514861
   9   1        0.0180676943       -0.0905343285
   9   0        0.0145810098        0.0000000000
   9  -1       -0.0180676943       -0.0905343285
   9  -2        0.1766832427       -0.0137514861
   9  -3        0.0894559260       -0.1816250736
   9  -4        0.1550767813       -0.2537099614
   9  -5        0.2879962458       -0.0613740452
   9  -6        0.3054644258       -0.1454186962
   9  -7        0.2071277902       -0.1575052859
   9  -8        0.2478675434       -0.2771904569
   9  -9        0.1169609353       -0.1758775307
  10  10        0.0354792683       -0.0265463423
  10   9       -0.0227175368        0.0963936387
  10   8        0.0995009417       -0.1472000276
  10   7        0.0452997670        0.1631843563
  10   6       -0.0602735392       -0.0503555718
  10   5        0.0465080850       -0.0507155114
  10   4       -0.0114255255       -0.1394902000
  10   3       -0.0506495401        0.0671053246
  10   2        0.1571000207       -0.2121983250
  10   1       -0.0743035002        0.0674848938
  10   0        0.1249340303        0.0000000000
  10  -1        0.0743035002        0.0674848938
  10  -2        0.1571000207        0.2121983250
  10  -3        0.0506495401        0.0671053246
  10  -4       -0.0114255255        0.1394902000
  10  -5       -0.0465080850       -0.0507155114
  10  -6       -0.0602735392        0.0503555718
  10  -7       -0.0452997670        0.1631843563
  10  -8        0.0995009417        0.1472000276
  10  -9        0.0227175368        0.0963936387
  10 -10        0.0354792683        0.0265463423
  11  11       -0.0708148493       -0.0389681406
  11  10       -0.0519475881       -0.0025319841
  11   9        0.0429174233       -0.1430136941
  11   8        0.0706378291        0.1509936898
  11   7       -0.0661928801       -0.1719107272
  11   6        0.0843501443        0.1419805054
  11   5        0.0945011903       -0.1552064983
  11   4        0.0043315068        0.1420589553
  11   3       -0.0515405871       -0.0279367694
  11   2        0.0800945152       -0.0805520624
  11   1       -0.0013638449       -0.0045222538
  11   0        0.0603529117        0.0000000000
  11  -1        0.0013638449       -0.0045222538
  11  -2        0.0800945152        0.0805520624
  11  -3        0.0515405871       -0.0279367694
  11  -4        0.0043315068       -0.1420589553
  11  -5       -0.0945011903       -0.1552064983
  11  -6        0.0843501443       -0.1419805054
  11  -7        0.0661928801       -0.1719107272
  11  -8        0.0706378291       -0.1509936898
  11  -9       -0.0429174233       -0.1430136941
  11 -10       -0.0519475881        0.0025319841
  11 -11        0.0708148493       -0.0389681406
  12  12        0.0070252095        0.0555187305
  12  11       -0.1045013694        0.0281883388
  12  10        0.1136343300       -0.1518206361
  12   9       -0.1138648519        0.1040034385
  12   8        0.0773794340       -0.1223492726
  12   7       -0.0645825037        0.0284292511
  12   6        0.0517937901       -0.0495162755
  12   5       -0.1142936540        0.1252209118
  12   4        0.0395275239       -0.0489543746
  12   3       -0.0980709009        0.0175962367
  12   2        0.0949999217        0.0135236916
  12   1       -0.0449096280        0.0315163475
  12   0       -0.0096805799        0.0000000000
  12  -1        0.0449096280        0.0315163475
  12  -2        0.0949999217       -0.0135236916
  12  -3        0.0980709009        0.0175962367
  12  -4        0.0395275239        0.0489543746
  12  -5        0.1142936540        0.1252209118
  12  -6        0.0517937901        0.0495162755
  12  -7        0.0645825037        0.0284292511
  12  -8        0.0773794340        0.1223492726
  12  -9        0.1138648519        0.1040034385
  12 -10        0.1136343300        0.1518206361
  12 -11        0.1045013694        0.0281883388
  12 -12        0.0070252095       -0.0555187305
  13  13       -0.0115103261        0.0801470313
  13  12       -0.0699891449        0.0048102828
  13  11        0.0695605194       -0.0339321216
  13  10       -0.0659851469        0.0300544980
  13   9       -0.0045131293       -0.0632121149
  13   8       -0.0321281661        0.1228920520
  13   7        0.0100520804       -0.0226148587
  13   6       -0.0981755491        0.0847063965
  13   5        0.0649613553       -0.0226779491
  13   4        0.0383855290        0.0575820321
  13   3       -0.0169473553        0.0147679966
  13   2        0.0512641828       -0.0390279321
  13   1       -0.0569582664        0.0177547800
  13   0       -0.1110439125        0.0000000000
  13  -1        0.0569582664        0.0177547800
  13  -2        0.0512641828        0.0390279321
  13  -3        0.0169473553        0.0147679966
  13  -4        0.0383855290       -0.0575820321
  13  -5       -0.0649613553       -0.0226779491
  13  -6       -0.0981755491       -0.0847063965
  13  -7       -0.0100520804       -0.0226148587
  13  -8       -0.0321281661       -0.1228920520
  13  -9        0.0045131293       -0.0632121149
  13 -10       -0.0659851469       -0.0300544980
  13 -11       -0.0695605194       -0.0339321216
  13 -12       -0.0699891449       -0.0048102828
  13 -13        0.0115103261        0.0801470313
  14  14        0.0280291201       -0.0043281008
  14  13       -0.0188201891       -0.0085639607
  14  12        0.0800497236        0.0281093660
  14  11       -0.0428359192       -0.0240070042
  14  10        0.0760022977        0.0082042527
  14   9       -0.0689550022        0.0130949065
  14   8        0.0046659252        0.0648495832
  14   7       -0.0911832341       -0.0115880181
  14   6        0.0471707863       -0.0211132078
  14   5       -0.1192776355        0.0695710192
  14   4        0.1082183543        0.0960699878
  14   3       -0.1081797751       -0.0434542728
  14   2        0.0397919319       -0.0630679311
  14   1        0.0062571345       -0.0331013767
  14   0       -0.0321718563        0.0000000000
  14  -1       -0.0062571345       -0.0331013767
  14  -2        0.0397919319        0.0630679311
  14  -3        0.1081797751       -0.0434542728
  14  -4        0.1082183543       -0.0960699878
  14  -5        0.1192776355        0.0695710192
  14  -6        0.0471707863        0.0211132078
  14  -7        0.0911832341       -0.0115880181
  14  -8        0.0046659252       -0.0648495832
  14  -9        0.0689550022        0.0130949065
  14 -10        0.0760022977       -0.0082042527
  14 -11        0.0428359192       -0.0240070042
  14 -12        0.0800497236       -0.0281093660
  14 -13        0.0188201891       -0.0085639607
  14 -14        0.0280291201        0.0043281008
  15  15       -0.0044557016       -0.0077492575
  15  14        0.0268022122       -0.0507693742
  15  13        0.0476933843        0.0549784096
  15  12       -0.0891210863        0.0062816449
  15  11        0.0251326857       -0.0157583633
  15  10       -0.0484983688        0.0190666996
  15   9        0.0273615816        0.0124347303
  15   8       -0.0676472771        0.0010035890
  15   7        0.0381356266        0.0232421425
  15   6       -0.0299938056       -0.0251424455
  15   5       -0.0136269717       -0.0052415456
  15   4       -0.0649356636       -0.0657331614
  15   3       -0.0029196425       -0.0607648594
  15   2        0.0253420256       -0.0282695849
  15   1        0.0234453314        0.0530675036
  15   0       -0.0740766826        0.0000000000
  15  -1       -0.0234453314        0.0530675036
  15  -2        0.0253420256        0.0282695849
  15  -3        0.0029196425       -0.0607648594
  15  -4       -0.0649356636        0.0657331614
  15  -5        0.0136269717       -0.0052415456
  15  -6       -0.0299938056        0.0251424455
  15  -7       -0.0381356266        0.0232421425
  15  -8       -0.0676472771       -0.0010035890
  15  -9       -0.0273615816        0.0124347303
  15 -10       -0.0484983688       -0.0190666996
  15 -11       -0.0251326857       -0.0157583633
  15 -12       -0.0891210863       -0.0062816449
  15 -13       -0.0476933843        0.0549784096
  15 -14        0.0268022122        0.0507693742
  15 -15        0.0044557016       -0.0077492575
  16  16       -0.0592533840        0.0375468481
  16  15       -0.0357655539       -0.0758620991
  16  14        0.0303346003        0.0169468748
  16  13       -0.0401338256       -0.0175980478
  16  12       -0.0010901918        0.0210681939
  16  11       -0.0185384211        0.0207732033
  16  10        0.0143248533       -0.0028038520
  16   9        0.0296139842        0.0020818382
  16   8        0.0248736933        0.0658061242
  16   7       -0.0760925761       -0.0108717241
  16   6        0.0458634253        0.0091272535
  16   5       -0.0191826478       -0.0635322893
  16   4        0.0755383974        0.0544765104
  16   3       -0.0097006994       -0.0119489491
  16   2       -0.0316509792        0.0004788428
  16   1        0.0115889227        0.0271520101
  16   0       -0.0315692182        0.0000000000
  16  -1       -0.0115889227        0.0271520101
  16  -2       -0.0316509792       -0.0004788428
  16  -3        0.0097006994       -0.0119489491
  16  -4        0.0755383974       -0.0544765104
  16  -5        0.0191826478       -0.0635322893
  16  -6        0.0458634253       -0.0091272535
  16  -7        0.0760925761       -0.0108717241
  16  -8        0.0248736933       -0.0658061242
  16  -9       -0.0296139842        0.0020818382
  16 -10        0.0143248533        0.0028038520
  16 -11        0.0185384211        0.0207732033
  16 -12       -0.0010901918       -0.0210681939
  16 -13        0.0401338256       -0.0175980478
  16 -14        0.0303346003       -0.0169468748
  16 -15        0.0357655539       -0.0758620991
  16 -16       -0.0592533840       -0.0375468481
  17  17        0.0070134385        0.0048798896
  17  16        0.0013175806       -0.0669739314
  17  15        0.0370739134        0.0554203019
  17  14       -0.0064354478       -0.0727502736
  17  13       -0.0311828438        0.0499238456
  17  12        0.0093445241        0.0478375101
  17  11       -0.0426041135        0.0335027937
  17  10       -0.0101648850        0.0167351345
  17   9        0.0250107187        0.0046776201
  17   8       -0.0155374406       -0.0112049378
  17   7        0.0033295448       -0.0308236011
  17   6        0.0096293049       -0.0405416515
  17   5       -0.0808582782        0.0254753682
  17   4        0.0471820175       -0.0703044300
  17   3        0.0129121573       -0.0466666074
  17   2        0.0595683949       -0.0155080105
  17   1        0.0295969643       -0.0300859547
  17   0        0.0113379443        0.0000000000
  17  -1       -0.0295969643       -0.0300859547
  17  -2        0.0595683949        0.0155080105
  17  -3       -0.0129121573       -0.0466666074
  17  -4        0.0471820175        0.0703044300
  17  -5        0.0808582782        0.0254753682
  17  -6        0.0096293049        0.0405416515
  17  -7       -0.0033295448       -0.0308236011
  17  -8       -0.0155374406        0.0112049378
  17  -9       -0.0250107187        0.0046776201
  17 -10       -0.0101648850       -0.0167351345
  17 -11        0.0426041135        0.0335027937
  17 -12        0.0093445241       -0.0478375101
  17 -13        0.0311828438        0.0499238456
  17 -14       -0.0064354478        0.0727502736
  17 -15       -0.0370739134        0.0554203019
  17 -16        0.0013175806        0.0669739314
  17 -17       -0.0070134385        0.0048798896
  18  18        0.0368737093        0.0135840628
  18  17       -0.0331994594        0.0085204557
  18  16       -0.0495494724        0.0467468551
  18  15       -0.0059871312       -0.0245087432
  18  14        0.0039643807       -0.0062780507
  18  13        0.0372069729       -0.0244677295
  18  12       -0.0200314932        0.0351192715
  18  11       -0.0019318135       -0.0381968765
  18  10        0.0088002981       -0.0029409868
  18   9       -0.0252123816       -0.0256806378
  18   8        0.0202819727        0.0199890492
  18   7        0.0092205971       -0.0359045678
  18   6        0.0108562443        0.0238678894
  18   5        0.0256199954       -0.0605518890
  18   4        0.0238687700        0.0088311350
  18   3        0.0462785663       -0.0247696966
  18   2       -0.0141629320       -0.0182734838
  18   1        0.0191712277        0.0131590834
  18   0        0.0095706250        0.0000000000
  18  -1       -0.0191712277        0.0131590834
  18  -2       -0.0141629320        0.0182734838
  18  -3       -0.0462785663       -0.0247696966
  18  -4        0.0238687700       -0.0088311350
  18  -5       -0.0256199954       -0.0605518890
  18  -6        0.0108562443       -0.0238678894
  18  -7       -0.0092205971       -0.0359045678
  18  -8        0.0202819727       -0.0199890492
  18  -9        0.0252123816       -0.0256806378
  18 -10        0.0088002981        0.0029409868
  18 -11        0.0019318135       -0.0381968765
  18 -12       -0.0200314932       -0.0351192715
  18 -13       -0.0372069729       -0.0244677295
  18 -14        0.0039643807        0.0062780507
  18 -15        0.0059871312       -0.0245087432
  18 -16       -0.0495494724       -0.0467468551
  18 -17        0.0331994594        0.0085204557
  18 -18        0.0368737093       -0.0135840628
  19  19        0.0152281429       -0.0712956985
  19  18       -0.0386768276        0.0265069524
  19  17       -0.0353981807       -0.0133114207
  19  16       -0.0232896998        0.0129443163
  19  15       -0.0357125885        0.0115981450
  19  14       -0.0118064206       -0.0276552884
  19  13        0.0842717960       -0.0055134643
  19  12        0.0304365853        0.0536242924
  19  11       -0.0476049499       -0.0189579074
  19  10       -0.0298042072       -0.0353596593
  19   9        0.0138228306       -0.0172501976
  19   8        0.0362989150       -0.0203087250
  19   7       -0.0332539471        0.0126770395
  19   6        0.0673610966       -0.0010401333
  19   5       -0.0052182523        0.0167252514
  19   4        0.0005349564        0.0164234824
  19   3        0.0133944992        0.0174835151
  19   2        0.0151274375       -0.0025362321
  19   1       -0.0052232422       -0.0011198112
  19   0        0.0455550603        0.0000000000
  19  -1        0.0052232422       -0.0011198112
  19  -2        0.0151274375        0.0025362321
  19  -3       -0.0133944992        0.0174835151
  19  -4        0.0005349564       -0.0164234824
  19  -5        0.0052182523        0.0167252514
  19  -6        0.0673610966        0.0010401333
  19  -7        0.0332539471        0.0126770395
  19  -8        0.0362989150        0.0203087250
  19  -9       -0.0138228306       -0.0172501976
  19 -10       -0.0298042072        0.0353596593
  19 -11        0.0476049499       -0.0189579074
  19 -12        0.0304365853       -0.0536242924
  19 -13       -0.0842717960       -0.0055134643
  19 -14       -0.0118064206        0.0276552884
  19 -15        0.0357125885        0.0115981450
  19 -16       -0.0232896998       -0.0129443163
  19 -17        0.0353981807       -0.0133114207
  19 -18       -0.0386768276       -0.0265069524
  19 -19       -0.0152281429       -0.0712956985
  20  20       -0.0016556256       -0.0195285459
  20  19        0.0122731561        0.0525700527
  20  18        0.0025860343        0.0143091826
  20  17        0.0115442902        0.0156681119
  20  16       -0.0263196113        0.0057225302
  20  15       -0.0388157175       -0.0569860690
  20  14        0.0477816641       -0.0078830700
  20  13       -0.0117045747        0.0208633821
  20  12       -0.0146679255       -0.0085557091
  20  11       -0.0446632382       -0.0239821767
  20  10        0.0549889330        0.0259908148
  20   9        0.0003009725       -0.0063251675
  20   8        0.0258741057       -0.0002977238
  20   7       -0.0238980140       -0.0519277903
  20   6        0.0421112830        0.0336834347
  20   5       -0.0377947609        0.0298978299
  20   4       -0.0221681464       -0.0702407351
  20   3        0.0569150047        0.0219734771
  20   2        0.0669184814       -0.0333735836
  20   1       -0.0292968866       -0.0375084595
  20   0        0.0157705877        0.0000000000
  20  -1        0.0292968866       -0.0375084595
  20  -2        0.0669184814        0.0333735836
  20  -3       -0.0569150047        0.0219734771
  20  -4       -0.0221681464        0.0702407351
  20  -5        0.0377947609        0.0298978299
  20  -6        0.0421112830       -0.0336834347
  20  -7        0.0238980140       -0.0519277903
  20  -8        0.0258741057        0.0002977238
  20  -9       -0.0003009725       -0.0063251675
  20 -10        0.0549889330       -0.0259908148
  20 -11        0.0446632382       -0.0239821767
  20 -12       -0.0146679255        0.0085557091
  20 -13        0.0117045747        0.0208633821
  20 -14        0.0477816641        0.0078830700
  20 -15        0.0388157175       -0.0569860690
  20 -16       -0.0263196113       -0.0057225302
  20 -17       -0.0115442902        0.0156681119
  20 -18        0.0025860343       -0.0143091826
  20 -19       -0.0122731561        0.0525700527
  20 -20       -0.0016556256        0.0195285459
  21  21       -0.0549276597       -0.0430873002
  21  20       -0.0289784051        0.0156926675
  21  19        0.0039712932       -0.0631474041
  21  18        0.0115057702        0.0311636842
  21  17        0.0008947476       -0.0037739862
  21  16       -0.0384277091        0.0648359114
  21  15        0.0289340361       -0.0360484752
  21  14       -0.0144497356        0.0118792424
  21  13       -0.0027624585       -0.0575598773
  21  12        0.0313254225        0.0183057391
  21  11       -0.0071841612        0.0292687673
  21  10        0.0216141886       -0.0028105804
  21   9       -0.0221782450       -0.0014067674
  21   8        0.0199695248       -0.0364859346
  21   7       -0.0089932363       -0.0117563442
  21   6        0.0555193923       -0.0317471791
  21   5       -0.0278936439        0.0370463924
  21   4        0.0500378594       -0.0500235367
  21   3       -0.0311294497        0.0035516838
  21   2        0.0180296240       -0.0323063915
  21   1        0.0066564985        0.0089425099
  21   0        0.0466535997        0.0000000000
  21  -1       -0.0066564985        0.0089425099
  21  -2        0.0180296240        0.0323063915
  21  -3        0.0311294497        0.0035516838
  21  -4        0.0500378594        0.0500235367
  21  -5        0.0278936439        0.0370463924
  21  -6        0.0555193923        0.0317471791
  21  -7        0.0089932363       -0.0117563442
  21  -8        0.0199695248        0.0364859346
  21  -9        0.0221782450       -0.0014067674
  21 -10        0.0216141886        0.0028105804
  21 -11        0.0071841612        0.0292687673
  21 -12        0.0313254225       -0.0183057391
  21 -13        0.0027624585       -0.0575598773
  21 -14       -0.0144497356       -0.0118792424
  21 -15       -0.0289340361       -0.0360484752
  21 -16       -0.0384277091       -0.0648359114
  21 -17       -0.0008947476       -0.0037739862
  21 -18        0.0115057702       -0.0311636842
  21 -19       -0.0039712932       -0.0631474041
  21 -20       -0.0289784051       -0.0156926675
  21 -21        0.0549276597       -0.0430873002
  22  22       -0.0132935060        0.0052403037
  22  21       -0.0330726810       -0.0063417279
  22  20        0.0313790436       -0.0248976664
  22  19        0.0215800197        0.0557374503
  22  18        0.0249799866        0.0000824431
  22  17       -0.0441023588        0.0043289684
  22  16       -0.0052692381        0.0056358094
  22  15       -0.0686761903        0.0031182196
  22  14        0.0424837975        0.0175541793
  22  13        0.0183783415        0.0086923899
  22  12        0.0268018949        0.0264388604
  22  11        0.0186571554        0.0006223050
  22  10        0.0024948130        0.0623893985
  22   9       -0.0229751596       -0.0101685969
  22   8       -0.0239857219       -0.0301866889
  22   7        0.0368584411       -0.0354596214
  22   6        0.0409666935       -0.0154022198
  22   5        0.0035075233        0.0594755991
  22   4        0.0552036570       -0.0370373138
  22   3       -0.0047134229        0.0025937138
  22   2        0.0457947688       -0.0138433013
  22   1       -0.0059953344        0.0104157824
  22   0       -0.0260080637        0.0000000000
  22  -1        0.0059953344        0.0104157824
  22  -2        0.0457947688        0.0138433013
  22  -3        0.0047134229        0.0025937138
  22  -4        0.0552036570        0.0370373138
  22  -5       -0.0035075233        0.0594755991
  22  -6        0.0409666935        0.0154022198
  22  -7       -0.0368584411       -0.0354596214
  22  -8       -0.0239857219        0.0301866889
  22  -9        0.0229751596       -0.0101685969
  22 -10        0.0024948130       -0.0623893985
  22 -11       -0.0186571554        0.0006223050
  22 -12        0.0268018949       -0.0264388604
  22 -13       -0.0183783415        0.0086923899
  22 -14        0.0424837975       -0.0175541793
  22 -15        0.0686761903        0.0031182196
  22 -16       -0.0052692381       -0.0056358094
  22 -17        0.0441023588        0.0043289684
  22 -18        0.0249799866       -0.0000824431
  22 -19       -0.0215800197        0.0557374503
  22 -20        0.0313790436        0.0248976664
  22 -21        0.0330726810       -0.0063417279
  22 -22       -0.0132935060       -0.0052403037
  23  23       -0.0119823434        0.0025826534
  23  22       -0.0112042314        0.0287882625
  23  21       -0.0196953342       -0.0188907123
  23  20       -0.0295701890        0.0152027614
  23  19        0.0052739591       -0.0059493900
  23  18       -0.0084660123        0.0223932484
  23  17       -0.0163150386       -0.0108228496
  23  16       -0.0198554887       -0.0177714229
  23  15        0.0552535034       -0.0323182708
  23  14        0.0231368435       -0.0025339359
  23  13        0.0226045087       -0.0112262483
  23  12        0.0278240191       -0.0172835635
  23  11       -0.0018936034        0.0106736378
  23  10        0.0235456169       -0.0292690734
  23   9       -0.0481874087       -0.0062743496
  23   8        0.0420860238       -0.0517295774
  23   7       -0.0248318416       -0.0318480882
  23   6        0.0042181514       -0.0441947674
  23   5       -0.0362979910        0.0223073335
  23   4        0.0282519902       -0.0245214768
  23   3        0.0187354322        0.0192547530
  23   2        0.0205496515        0.0267326178
  23   1        0.0026528432        0.0046067342
  23   0        0.0191826621        0.0000000000
  23  -1       -0.0026528432        0.0046067342
  23  -2        0.0205496515       -0.0267326178
  23  -3       -0.0187354322        0.0192547530
  23  -4        0.0282519902        0.0245214768
  23  -5        0.0362979910        0.0223073335
  23  -6        0.0042181514        0.0441947674
  23  -7        0.0248318416       -0.0318480882
  23  -8        0.0420860238        0.0517295774
  23  -9        0.0481874087       -0.0062743496
  23 -10        0.0235456169        0.0292690734
  23 -11        0.0018936034        0.0106736378
  23 -12        0.0278240191        0.0172835635
  23 -13       -0.0226045087       -0.0112262483
  23 -14        0.0231368435        0.0025339359
  23 -15       -0.0552535034       -0.0323182708
  23 -16       -0.0198554887        0.0177714229
  23 -17        0.0163150386       -0.0108228496
  23 -18       -0.0084660123       -0.0223932484
  23 -19       -0.0052739591       -0.0059493900
  23 -20       -0.0295701890       -0.0152027614
  23 -21        0.0196953342       -0.0188907123
  23 -22       -0.0112042314       -0.0287882625
  23 -23        0.0119823434        0.0025826534
  24  24        0.0480104690       -0.0223364895
  24  23       -0.0342787769        0.0192819200
  24  22        0.0339044766        0.0340952977
  24  21        0.0012518970       -0.0061360604
  24  20        0.0184998804       -0.0131127442
  24  19       -0.0031206782       -0.0040669141
  24  18        0.0015135411        0.0435978372
  24  17       -0.0376969612        0.0154527083
  24  16        0.0173039643        0.0479147799
  24  15       -0.0388550813       -0.0057056792
  24  14       -0.0016852234       -0.0031575598
  24  13       -0.0257641952        0.0227311703
  24  12       -0.0264620954        0.0393283832
  24  11        0.0144087235       -0.0123727088
  24  10       -0.0094911319       -0.0053697630
  24   9        0.0108488620       -0.0049319814
  24   8        0.0055885633       -0.0258995336
  24   7        0.0231406546        0.0598952324
  24   6       -0.0028113261       -0.0203421329
  24   5       -0.0341566393        0.0094755201
  24   4        0.0263215836        0.0143527261
  24   3        0.0154622212        0.0139215298
  24   2       -0.0164269216        0.0151543219
  24   1       -0.0092273061        0.0326018276
  24   0       -0.0565660327        0.0000000000
  24  -1        0.0092273061        0.0326018276
  24  -2       -0.0164269216       -0.0151543219
  24  -3       -0.0154622212        0.0139215298
  24  -4        0.0263215836       -0.0143527261
  24  -5        0.0341566393        0.0094755201
  24  -6       -0.0028113261        0.0203421329
  24  -7       -0.0231406546        0.0598952324
  24  -8        0.0055885633        0.0258995336
  24  -9       -0.0108488620       -0.0049319814
  24 -10       -0.0094911319        0.0053697630
  24 -11       -0.0144087235       -0.0123727088
  24 -12       -0.0264620954       -0.0393283832
  24 -13        0.0257641952        0.0227311703
  24 -14       -0.0016852234        0.0031575598
  24 -15        0.0388550813       -0.0057056792
  24 -16        0.0173039643       -0.0479147799
  24 -17        0.0376969612        0.0154527083
  24 -18        0.0015135411       -0.0435978372
  24 -19        0.0031206782       -0.0040669141
  24 -20        0.0184998804        0.0131127442
  24 -21       -0.0012518970       -0.0061360604
  24 -22        0.0339044766       -0.0340952977
  24 -23        0.0342787769        0.0192819200
  24 -24        0.0480104690        0.0223364895
  25  25       -0.0251265310       -0.0251520469
  25  24       -0.0187806621        0.0084521034
  25  23       -0.0042478052        0.0235095653
  25  22       -0.0150812692        0.0151901285
  25  21       -0.0291778353       -0.0151846414
  25  20        0.0312172550        0.0195206646
  25  19        0.0262100994        0.0188324978
  25  18        0.0194614164       -0.0375986873
  25  17       -0.0157591304        0.0260972263
  25  16       -0.0008770736       -0.0509909390
  25  15       -0.0314569510        0.0186933234
  25  14        0.0177623499        0.0015013746
  25  13       -0.0299283603        0.0069117418
  25  12        0.0341950577       -0.0006073348
  25  11       -0.0419430844        0.0069314945
  25  10        0.0141134104       -0.0001021153
  25   9       -0.0246679091       -0.0276066155
  25   8        0.0112808461        0.0064419684
  25   7       -0.0078415278        0.0189905103
  25   6       -0.0111882577       -0.0025132746
  25   5       -0.0124492096        0.0362209743
  25   4       -0.0230489064       -0.0152620508
  25   3       -0.0042347892        0.0336861700
  25   2        0.0478019914       -0.0035396819
  25   1       -0.0236726369        0.0158667227
  25   0        0.0023647342        0.0000000000
  25  -1        0.0236726369        0.0158667227
  25  -2        0.0478019914        0.0035396819
  25  -3        0.0042347892        0.0336861700
  25  -4       -0.0230489064        0.0152620508
  25  -5        0.0124492096        0.0362209743
  25  -6       -0.0111882577        0.0025132746
  25  -7        0.0078415278        0.0189905103
  25  -8        0.0112808461       -0.0064419684
  25  -9        0.0246679091       -0.0276066155
  25 -10        0.0141134104        0.0001021153
  25 -11        0.0419430844        0.0069314945
  25 -12        0.0341950577        0.0006073348
  25 -13        0.0299283603        0.0069117418
  25 -14        0.0177623499       -0.0015013746
  25 -15        0.0314569510        0.0186933234
  25 -16       -0.0008770736        0.0509909390
  25 -17        0.0157591304        0.0260972263
  25 -18        0.0194614164        0.0375986873
  25 -19       -0.0262100994        0.0188324978
  25 -20        0.0312172550       -0.0195206646
  25 -21        0.0291778353       -0.0151846414
  25 -22       -0.0150812692       -0.0151901285
  25 -23        0.0042478052        0.0235095653
  25 -24       -0.0187806621       -0.0084521034
  25 -25        0.0251265310       -0.0251520469
  26  26        0.0109092758       -0.0219632896
  26  25        0.0077718037        0.0151470320
  26  24        0.0398838117       -0.0037914125
  26  23        0.0213689936       -0.0054056448
  26  22       -0.0375268250        0.0351991296
  26  21        0.0061282351       -0.0397662099
  26  20        0.0260594583        0.0020143844
  26  19        0.0115906145       -0.0054609388
  26  18       -0.0105314398        0.0761845331
  26  17       -0.0417390400        0.0074152628
  26  16       -0.0373014965        0.0120295086
  26  15        0.0358103001       -0.0143773901
  26  14       -0.0089698134        0.0207258602
  26  13        0.0019879689        0.0234083890
  26  12       -0.0479410078        0.0131498158
  26  11        0.0002787808        0.0078565392
  26  10       -0.0202161656       -0.0097490299
  26   9       -0.0002928617        0.0117039740
  26   8        0.0333081519       -0.0288870412
  26   7       -0.0093939104        0.0426402432
  26   6       -0.0125184633       -0.0053680050
  26   5       -0.0185251455        0.0214798397
  26   4       -0.0185379124       -0.0288302361
  26   3        0.0266800315       -0.0062759379
  26   2       -0.0169882565       -0.0162510321
  26   1        0.0122162367        0.0360654430
  26   0        0.0063158608        0.0000000000
  26  -1       -0.0122162367        0.0360654430
  26  -2       -0.0169882565        0.0162510321
  26  -3       -0.0266800315       -0.0062759379
  26  -4       -0.0185379124        0.0288302361
  26  -5        0.0185251455        0.0214798397
  26  -6       -0.0125184633        0.0053680050
  26  -7        0.0093939104        0.0426402432
  26  -8        0.0333081519        0.0288870412
  26  -9        0.0002928617        0.0117039740
  26 -10       -0.0202161656        0.0097490299
  26 -11       -0.0002787808        0.0078565392
  26 -12       -0.0479410078       -0.0131498158
  26 -13       -0.0019879689        0.0234083890
  26 -14       -0.0089698134       -0.0207258602
  26 -15       -0.0358103001       -0.0143773901
  26 -16       -0.0373014965       -0.0120295086
  26 -17        0.0417390400        0.0074152628
  26 -18       -0.0105314398       -0.0761845331
  26 -19       -0.0115906145       -0.0054609388
  26 -20        0.0260594583       -0.0020143844
  26 -21       -0.0061282351       -0.0397662099
  26 -22       -0.0375268250       -0.0351991296
  26 -23       -0.0213689936       -0.0054056448
  26 -24        0.0398838117        0.0037914125
  26 -25       -0.0077718037        0.0151470320
  26 -26        0.0109092758        0.0219632896
  27  27       -0.0234757752        0.0209636222
  27  26        0.0055346605        0.0081479579
  27  25       -0.0165998559        0.0126456494
  27  24       -0.0003566277        0.0032447597
  27  23       -0.0261571607        0.0104751263
  27  22        0.0195344833        0.0062041875
  27  21       -0.0080594927        0.0010648235
  27  20        0.0226879924        0.0007534556
  27  19       -0.0320974184        0.0417877262
  27  18       -0.0022877231       -0.0290766173
  27  17       -0.0296723631        0.0100877169
  27  16        0.0162186751       -0.0182826066
  27  15       -0.0135619123        0.0048837587
  27  14        0.0253174253        0.0140670891
  27  13       -0.0210486813        0.0184416369
  27  12       -0.0033212230        0.0292122747
  27  11       -0.0236030518       -0.0007351010
  27  10        0.0065409330        0.0033709956
  27   9        0.0244772609       -0.0071360640
  27   8       -0.0246698934        0.0057402701
  27   7       -0.0018315814        0.0294730389
  27   6       -0.0441066247        0.0117276319
  27   5        0.0055716900       -0.0090247890
  27   4        0.0154234265        0.0116318194
  27   3       -0.0159970991        0.0239205883
  27   2        0.0149490126        0.0304104187
  27   1       -0.0277728167       -0.0372074674
  27   0        0.0011844718        0.0000000000
  27  -1        0.0277728167       -0.0372074674
  27  -2        0.0149490126       -0.0304104187
  27  -3        0.0159970991        0.0239205883
  27  -4        0.0154234265       -0.0116318194
  27  -5       -0.0055716900       -0.0090247890
  27  -6       -0.0441066247       -0.0117276319
  27  -7        0.0018315814        0.0294730389
  27  -8       -0.0246698934       -0.0057402701
  27  -9       -0.0244772609       -0.0071360640
  27 -10        0.0065409330       -0.0033709956
  27 -11        0.0236030518       -0.0007351010
  27 -12       -0.0033212230       -0.0292122747
  27 -13        0.0210486813        0.0184416369
  27 -14        0.0253174253       -0.0140670891
  27 -15        0.0135619123        0.0048837587
  27 -16        0.0162186751        0.0182826066
  27 -17        0.0296723631        0.0100877169
  27 -18       -0.0022877231        0.0290766173
  27 -19        0.0320974184        0.0417877262
  27 -20        0.0226879924       -0.0007534556
  27 -21        0.0080594927        0.0010648235
  27 -22        0.0195344833       -0.0062041875
  27 -23        0.0261571607        0.0104751263
  27 -24       -0.0003566277       -0.0032447597
  27 -25        0.0165998559        0.0126456494
  27 -26        0.0055346605       -0.0081479579
  27 -27        0.0234757752        0.0209636222
  28  28        0.0141188575       -0.0067171641
  28  27       -0.0172880250        0.0003332265
  28  26        0.0046740500       -0.0180659216
  28  25        0.0022977245       -0.0013091901
  28  24        0.0146359208       -0.0216664038
  28  23        0.0199173913        0.0208971268
  28  22        0.0038076682       -0.0113807575
  28  21        0.0131782217       -0.0019422623
  28  20       -0.0177356760       -0.0214964136
  28  19        0.0093247711        0.0086023052
  28  18       -0.0377798391       -0.0077574339
  28  17       -0.0117699683        0.0283319086
  28  16       -0.0264428741       -0.0344606686
  28  15        0.0358459897       -0.0034321734
  28  14       -0.0040546233       -0.0095192027
  28  13        0.0296778974        0.0147085050
  28  12        0.0100565303       -0.0261383352
  28  11       -0.0113976714        0.0236251490
  28  10       -0.0131437945       -0.0419445291
  28   9       -0.0214817982        0.0075234232
  28   8       -0.0173110829       -0.0460375539
  28   7        0.0171656658        0.0174292778
  28   6       -0.0423317390       -0.0237678566
  28   5        0.0044309555        0.0434828742
  28   4       -0.0412735923        0.0113880974
  28   3        0.0119959495        0.0148649642
  28   2       -0.0196459187       -0.0266947402
  28   1       -0.0277705076        0.0180927753
  28   0        0.0005033473        0.0000000000
  28  -1        0.0277705076        0.0180927753
  28  -2       -0.0196459187        0.0266947402
  28  -3       -0.0119959495        0.0148649642
  28  -4       -0.0412735923       -0.0113880974
  28  -5       -0.0044309555        0.0434828742
  28  -6       -0.0423317390        0.0237678566
  28  -7       -0.0171656658        0.0174292778
  28  -8       -0.0173110829        0.0460375539
  28  -9        0.0214817982        0.0075234232
  28 -10       -0.0131437945        0.0419445291
  28 -11        0.0113976714        0.0236251490
  28 -12        0.0100565303        0.0261383352
  28 -13       -0.0296778974        0.0147085050
  28 -14       -0.0040546233        0.0095192027
  28 -15       -0.0358459897       -0.0034321734
  28 -16       -0.0264428741        0.0344606686
  28 -17        0.0117699683        0.0283319086
  28 -18       -0.0377798391        0.0077574339
  28 -19       -0.0093247711        0.0086023052
  28 -20       -0.0177356760        0.0214964136
  28 -21       -0.0131782217       -0.0019422623
  28 -22        0.0038076682        0.0113807575
  28 -23       -0.0199173913        0.0208971268
  28 -24        0.0146359208        0.0216664038
  28 -25       -0.0022977245       -0.0013091901
  28 -26        0.0046740500        0.0180659216
  28 -27        0.0172880250        0.0003332265
  28 -28        0.0141188575        0.0067171641
  29  29        0.0339674011        0.0094963972
  29  28       -0.0022235818        0.0082270418
  29  27       -0.0035064140        0.0037406111
  29  26       -0.0077829422        0.0113642081
  29  25        0.0068024339       -0.0177840909
  29  24        0.0288063683        0.0285010989
  29  23       -0.0223772595        0.0474845691
  29  22       -0.0008222357        0.0188945302
  29  21       -0.0405797611        0.0178958712
  29  20       -0.0119256219        0.0115921121
  29  19       -0.0355256119        0.0143301419
  29  18       -0.0177697054        0.0241785456
  29  17       -0.0065526755       -0.0152602761
  29  16       -0.0015014831       -0.0333454777
  29  15        0.0334659305        0.0066546528
  29  14       -0.0134897910        0.0612401826
  29  13       -0.0584975314       -0.0005231022
  29  12       -0.0414311926        0.0344236967
  29  11       -0.0246917724       -0.0289425612
  29  10       -0.0446674077        0.0036540764
  29   9        0.0191879894       -0.0049621062
  29   8        0.0094454446       -0.0256106416
  29   7       -0.0140056314        0.0502660029
  29   6       -0.0262029500        0.0005620878
  29   5        0.0117316261        0.0132895669
  29   4        0.0088540728        0.0028689536
  29   3        0.0081644127        0.0068205544
  29   2        0.0213200681       -0.0227338237
  29   1       -0.0086131742        0.0103367333
  29   0        0.0404651041        0.0000000000
  29  -1        0.0086131742        0.0103367333
  29  -2        0.0213200681        0.0227338237
  29  -3       -0.0081644127        0.0068205544
  29  -4        0.0088540728       -0.0028689536
  29  -5       -0.0117316261        0.0132895669
  29  -6       -0.0262029500       -0.0005620878
  29  -7        0.0140056314        0.0502660029
  29  -8        0.0094454446        0.0256106416
  29  -9       -0.0191879894       -0.0049621062
  29 -10       -0.0446674077       -0.0036540764
  29 -11        0.0246917724       -0.0289425612
  29 -12       -0.0414311926       -0.0344236967
  29 -13        0.0584975314       -0.0005231022
  29 -14       -0.0134897910       -0.0612401826
  29 -15       -0.0334659305        0.0066546528
  29 -16       -0.0015014831        0.0333454777
  29 -17        0.0065526755       -0.0152602761
  29 -18       -0.0177697054       -0.0241785456
  29 -19        0.0355256119        0.0143301419
  29 -20       -0.0119256219       -0.0115921121
  29 -21        0.0405797611        0.0178958712
  29 -22       -0.0008222357       -0.0188945302
  29 -23        0.0223772595        0.0474845691
  29 -24        0.0288063683       -0.0285010989
  29 -25       -0.0068024339       -0.0177840909
  29 -26       -0.0077829422       -0.0113642081
  29 -27        0.0035064140        0.0037406111
  29 -28       -0.0022235818       -0.0082270418
  29 -29       -0.0339674011        0.0094963972
  30  30       -0.0166498640       -0.0346750259
  30  29       -0.0175429605       -0.0008454783
  30  28        0.0282648641       -0.0340758868
  30  27        0.0049740164       -0.0045131085
  30  26        0.0327511651       -0.0201283054
  30  25        0.0049139153        0.0066918983
  30  24        0.0431697719       -0.0145093038
  30  23        0.0255585894        0.0146135388
  30  22       -0.0197666294       -0.0252469280
  30  21        0.0383864945       -0.0071912788
  30  20        0.0111764101       -0.0244740145
  30  19        0.0001493690        0.0256511938
  30  18        0.0025640473       -0.0155725564
  30  17       -0.0186049010       -0.0066428590
  30  16       -0.0028284292       -0.0090640736
  30  15       -0.0246094379        0.0050747362
  30  14       -0.0113024691       -0.0213221256
  30  13        0.0374783032       -0.0062698970
  30  12        0.0265449939       -0.0274870650
  30  11        0.0015395981        0.0159780188
  30  10        0.0145583402        0.0321208109
  30   9        0.0242544502        0.0069401417
  30   8       -0.0272901961        0.0076109262
  30   7       -0.0081777552       -0.0043831929
  30   6       -0.0183912738       -0.0183763213
  30   5        0.0217071920       -0.0079562677
  30   4       -0.0104152559        0.0115391898
  30   3        0.0085617521        0.0084712272
  30   2        0.0124218204       -0.0120036289
  30   1       -0.0139204792       -0.0116454639
  30   0       -0.0323012494        0.0000000000
  30  -1        0.0139204792       -0.0116454639
  30  -2        0.0124218204        0.0120036289
  30  -3       -0.0085617521        0.0084712272
  30  -4       -0.0104152559       -0.0115391898
  30  -5       -0.0217071920       -0.0079562677
  30  -6       -0.0183912738        0.0183763213
  30  -7        0.0081777552       -0.0043831929
  30  -8       -0.0272901961       -0.0076109262
  30  -9       -0.0242544502        0.0069401417
  30 -10        0.0145583402       -0.0321208109
  30 -11       -0.0015395981        0.0159780188
  30 -12        0.0265449939        0.0274870650
  30 -13       -0.0374783032       -0.0062698970
  30 -14       -0.0113024691        0.0213221256
  30 -15        0.0246094379        0.0050747362
  30 -16       -0.0028284292        0.0090640736
  30 -17        0.0186049010       -0.0066428590
  30 -18        0.0025640473        0.0155725564
  30 -19       -0.0001493690        0.0256511938
  30 -20        0.0111764101        0.0244740145
  30 -21       -0.0383864945       -0.0071912788
  30 -22       -0.0197666294        0.0252469280
  30 -23       -0.0255585894        0.0146135388
  30 -24        0.0431697719        0.0145093038
  30 -25       -0.0049139153        0.0066918983
  30 -26        0.0327511651        0.0201283054
  30 -27       -0.0049740164       -0.0045131085
  30 -28        0.0282648641        0.0340758868
  30 -29        0.0175429605       -0.0008454783
  30 -30       -0.0166498640        0.0346750259
