   0   0       38.7473399699        0.0000000000
   1   1       -0.4216111593        0.6430207849
   1   0       -0.4215916948        0.0000000000
   1  -1        0.4216111593        0.6430207849
   2   2       -5.6916571726        0.7511737645
   2   1       -1.5674954865       -0.2282189000
   2   0       -3.0264915823        0.0000000000
   2  -1        1.5674954865       -0.2282189000
   2  -2       -5.6916571726       -0.7511737645
   3   3       -0.9370405108        0.6251979952
   3   2       -0.9582599049       -0.0133261127
   3   1        1.0896316090        0.7009363436
   3   0       -0.6359958939        0.0000000000
   3  -1       -1.0896316090        0.7009363436
   3  -2       -0.9582599049        0.0133261127
   3  -3        0.9370405108        0.6251979952
   4   4        1.5488097539       -0.4610475427
   4   3        0.7346365893       -0.0736607105
   4   2        0.0744175651       -0.4057958830
   4   1        0.2672800747        0.7584981259
   4   0        0.4304236518        0.0000000000
   4  -1       -0.2672800747        0.7584981259
   4  -2        0.0744175651        0.4057958830
   4  -3       -0.7346365893       -0.0736607105
   4  -4        1.5488097539        0.4610475427
   5   5        0.0898181009       -0.1810512823
   5   4        0.0075531563       -0.2397983254
   5   3       -0.3796134731        0.0694873359
   5   2       -0.6185397639        0.0203764692
   5   1       -0.2588251286       -0.5933949938
   5   0       -0.5248019571        0.0000000000
   5  -1        0.2588251286       -0.5933949938
   5  -2       -0.6185397639       -0.0203764692
   5  -3        0.3796134731        0.0694873359
   5  -4        0.0075531563        0.2397983254
   5  -5       -0.0898181009       -0.1810512823
   6   6       -0.3365270902       -0.2423469861
   6   5       -0.3604380087        0.0728975193
   6   4       -0.1614873581        0.0423218737
   6   3       -0.0413198426       -0.0308148787
   6   2       -0.2203867887        0.0452361152
   6   1       -0.0818441870       -0.0244536342
   6   0       -0.2802953546        0.0000000000
   6  -1        0.0818441870       -0.0244536342
   6  -2       -0.2203867887       -0.0452361152
   6  -3        0.0413198426       -0.0308148787
   6  -4       -0.1614873581       -0.0423218737
   6  -5        0.3604380087        0.0728975193
   6  -6       -0.3365270902        0.2423469861
   7   7        0.0727957028        0.2701500585
   7   6       -0.2214887652        0.1332932870
   7   5        0.1319583550       -0.1039584717
   7   4        0.3293536325        0.0959657450
   7   3        0.2515442233        0.0760178218
   7   2        0.0588071757        0.2466137131
   7   1        0.2667087141        0.0704033012
   7   0        0.0361939405        0.0000000000
   7  -1       -0.2667087141        0.0704033012
   7  -2        0.0588071757       -0.2466137131
   7  -3       -0.2515442233        0.0760178218
   7  -4        0.3293536325       -0.0959657450
   7  -5       -0.1319583550       -0.1039584717
   7  -6       -0.2214887652       -0.1332932870
   7  -7       -0.0727957028        0.2701500585
   8   8        0.2513514398        0.0535120261
   8   7        0.0645835462        0.0246002518
   8   6        0.0768564776        0.0198447214
   8   5       -0.0465901716       -0.1548769500
   8   4       -0.0945073424       -0.0492334984
   8   3       -0.0942935764       -0.1477258987
   8   2        0.0567277876       -0.2271733379
   8   1        0.0358446894       -0.1523254357
   8   0        0.1192122557        0.0000000000
   8  -1       -0.0358446894       -0.1523254357
   8  -2        0.0567277876        0.2271733379
   8  -3        0.0942935764       -0.1477258987
   8  -4       -0.0945073424        0.0492334984
   8  -5        0.0465901716       -0.1548769500
   8  -6        0.0768564776       -0.0198447214
   8  -7       -0.0645835462        0.0246002518
   8  -8        0.2513514398       -0.0535120261
   9   9       -0.1326984418       -0.2494587571
   9   8       -0.0473695088       -0.0710866292
   9   7       -0.0242006346        0.0437438103
   9   6       -0.0347229317       -0.0240875347
   9   5       -0.0845884848       -0.0011340987
   9   4       -0.0680775829       -0.0571735997
   9   3        0.0211929391       -0.1703903740
   9   2        0.1022705441       -0.0473257862
   9   1       -0.0721412920       -0.0383118743
   9   0        0.1013068132        0.0000000000
   9  -1        0.0721412920       -0.0383118743
   9  -2        0.1022705441        0.0473257862
   9  -3       -0.0211929391       -0.1703903740
   9  -4       -0.0680775829        0.0571735997
   9  -5        0.0845884848       -0.0011340987
   9  -6       -0.0347229317        0.0240875347
   9  -7        0.0242006346        0.0437438103
   9  -8       -0.0473695088        0.0710866292
   9  -9        0.1326984418       -0.2494587571
  10  10       -0.1329388418       -0.0247186652
  10   9        0.0086435105        0.0513769553
  10   8       -0.0164287177        0.0500981185
  10   7       -0.0350164501        0.0470800086
  10   6       -0.0815164052       -0.0288108106
  10   5        0.1106627260        0.0457104339
  10   4        0.1938678614       -0.0558163504
  10   3        0.0524563008        0.1779005758
  10   2        0.0268121160        0.1089309776
  10   1       -0.0558040863        0.0189096498
  10   0       -0.0129285550        0.0000000000
  10  -1        0.0558040863        0.0189096498
  10  -2        0.0268121160       -0.1089309776
  10  -3       -0.0524563008        0.1779005758
  10  -4        0.1938678614        0.0558163504
  10  -5       -0.1106627260        0.0457104339
  10  -6       -0.0815164052        0.0288108106
  10  -7        0.0350164501        0.0470800086
  10  -8       -0.0164287177       -0.0500981185
  10  -9       -0.0086435105        0.0513769553
  10 -10       -0.1329388418        0.0247186652
  11  11       -0.0197888784        0.0896608429
  11  10        0.0343822167        0.0697055107
  11   9       -0.0053104476        0.1273539627
  11   8       -0.0782671785       -0.0925038751
  11   7        0.0217161898        0.0105511098
  11   6        0.0438506434       -0.0129835671
  11   5        0.0652286063       -0.0892054912
  11   4        0.0489401414       -0.1046853806
  11   3       -0.0079027783       -0.0761729570
  11   2        0.0803890726       -0.0261007770
  11   1       -0.0281369538       -0.0554593593
  11   0        0.0933689189        0.0000000000
  11  -1        0.0281369538       -0.0554593593
  11  -2        0.0803890726        0.0261007770
  11  -3        0.0079027783       -0.0761729570
  11  -4        0.0489401414        0.1046853806
  11  -5       -0.0652286063       -0.0892054912
  11  -6        0.0438506434        0.0129835671
  11  -7       -0.0217161898        0.0105511098
  11  -8       -0.0782671785        0.0925038751
  11  -9        0.0053104476        0.1273539627
  11 -10        0.0343822167       -0.0697055107
  11 -11        0.0197888784        0.0896608429
  12  12       -0.0390712735       -0.0471351542
  12  11       -0.0085326157       -0.0150780526
  12  10       -0.0652570509       -0.0534217469
  12   9       -0.1045883391       -0.1005630398
  12   8       -0.0827716589        0.0068032308
  12   7       -0.0000817460       -0.0534632758
  12   6        0.0079118409        0.0406352684
  12   5       -0.0441986544       -0.0569896027
  12   4       -0.0754154452       -0.0736409930
  12   3       -0.0993671410        0.0576533686
  12   2        0.0790969376       -0.0972382428
  12   1        0.0689106013       -0.0591417798
  12   0        0.1002488684        0.0000000000
  12  -1       -0.0689106013       -0.0591417798
  12  -2        0.0790969376        0.0972382428
  12  -3        0.0993671410        0.0576533686
  12  -4       -0.0754154452        0.0736409930
  12  -5        0.0441986544       -0.0569896027
  12  -6        0.0079118409       -0.0406352684
  12  -7        0.0000817460       -0.0534632758
  12  -8       -0.0827716589       -0.0068032308
  12  -9        0.1045883391       -0.1005630398
  12 -10       -0.0652570509        0.0534217469
  12 -11        0.0085326157       -0.0150780526
  12 -12       -0.0390712735        0.0471351542
  13  13        0.0459606309       -0.0332491037
  13  12        0.0051698669        0.0141559120
  13  11       -0.0428869854       -0.0508985222
  13  10       -0.0325907080        0.0567467613
  13   9        0.0367032083        0.0416774445
  13   8        0.0817997737       -0.0671527553
  13   7        0.1032693962       -0.0173643478
  13   6        0.0895365329        0.0563636882
  13   5       -0.0432963710        0.0770983037
  13   4       -0.0497738263        0.0193487592
  13   3        0.0398501325       -0.0580724758
  13   2       -0.0505338907        0.0463978888
  13   1       -0.0626619369       -0.0139311627
  13   0       -0.1333249690        0.0000000000
  13  -1        0.0626619369       -0.0139311627
  13  -2       -0.0505338907       -0.0463978888
  13  -3       -0.0398501325       -0.0580724758
  13  -4       -0.0497738263       -0.0193487592
  13  -5        0.0432963710        0.0770983037
  13  -6        0.0895365329       -0.0563636882
  13  -7       -0.1032693962       -0.0173643478
  13  -8        0.0817997737        0.0671527553
  13  -9       -0.0367032083        0.0416774445
  13 -10       -0.0325907080       -0.0567467613
  13 -11        0.0428869854       -0.0508985222
  13 -12        0.0051698669       -0.0141559120
  13 -13       -0.0459606309       -0.0332491037
  14  14        0.0631939582       -0.0276989633
  14  13       -0.0786711274        0.0375601989
  14  12       -0.0189105679        0.0191536994
  14  11       -0.0399774229        0.0097846424
  14  10       -0.0497336174       -0.0073828381
  14   9       -0.1091043100       -0.0191082210
  14   8        0.0204939299       -0.0249405220
  14   7       -0.0283413365        0.0546530709
  14   6        0.0676871636       -0.0728607230
  14   5       -0.0089079654        0.0359779767
  14   4       -0.0274562732       -0.0282327992
  14   3        0.0026148200        0.0261468428
  14   2        0.1727603039       -0.0674786847
  14   1       -0.0234143462       -0.0118120250
  14   0       -0.0597472451        0.0000000000
  14  -1        0.0234143462       -0.0118120250
  14  -2        0.1727603039        0.0674786847
  14  -3       -0.0026148200        0.0261468428
  14  -4       -0.0274562732        0.0282327992
  14  -5        0.0089079654        0.0359779767
  14  -6        0.0676871636        0.0728607230
  14  -7        0.0283413365        0.0546530709
  14  -8        0.0204939299        0.0249405220
  14  -9        0.1091043100       -0.0191082210
  14 -10       -0.0497336174        0.0073828381
  14 -11        0.0399774229        0.0097846424
  14 -12       -0.0189105679       -0.0191536994
  14 -13        0.0786711274        0.0375601989
  14 -14        0.0631939582        0.0276989633
  15  15        0.0059297446       -0.0171976616
  15  14        0.0494162991        0.0160865387
  15  13        0.0042367823        0.0583395015
  15  12        0.0854519758        0.0095413915
  15  11        0.0557211316        0.0526909982
  15  10       -0.0183221967        0.0565567076
  15   9       -0.0175622616       -0.0213247049
  15   8        0.0597310884        0.0731838976
  15   7        0.0136408993       -0.0043211263
  15   6       -0.0949911725       -0.0787367122
  15   5        0.0138606363        0.0319565758
  15   4       -0.0301673923        0.0246730563
  15   3       -0.0169627516       -0.0434234827
  15   2        0.0236449840        0.0664264859
  15   1        0.0870651696        0.0233441415
  15   0       -0.1174070430        0.0000000000
  15  -1       -0.0870651696        0.0233441415
  15  -2        0.0236449840       -0.0664264859
  15  -3        0.0169627516       -0.0434234827
  15  -4       -0.0301673923       -0.0246730563
  15  -5       -0.0138606363        0.0319565758
  15  -6       -0.0949911725        0.0787367122
  15  -7       -0.0136408993       -0.0043211263
  15  -8        0.0597310884       -0.0731838976
  15  -9        0.0175622616       -0.0213247049
  15 -10       -0.0183221967       -0.0565567076
  15 -11       -0.0557211316        0.0526909982
  15 -12        0.0854519758       -0.0095413915
  15 -13       -0.0042367823        0.0583395015
  15 -14        0.0494162991       -0.0160865387
  15 -15       -0.0059297446       -0.0171976616
  16  16       -0.0138505212        0.0819089634
  16  15        0.0497538037       -0.0780439257
  16  14       -0.0457085886       -0.0332579062
  16  13        0.0151214349        0.0178501941
  16  12       -0.0383271384       -0.0429368614
  16  11        0.0132013392       -0.0272416751
  16  10       -0.0593338768        0.0228059779
  16   9        0.0409625347       -0.0143928962
  16   8       -0.0146025869        0.0060482401
  16   7       -0.0208911413        0.0114007874
  16   6       -0.0617352971        0.0547896909
  16   5        0.0308651489        0.0225800206
  16   4       -0.0784589490        0.0176012183
  16   3       -0.0794743001       -0.0213128124
  16   2        0.0245611790        0.0762096313
  16   1       -0.0463532129        0.0184677706
  16   0        0.0362160760        0.0000000000
  16  -1        0.0463532129        0.0184677706
  16  -2        0.0245611790       -0.0762096313
  16  -3        0.0794743001       -0.0213128124
  16  -4       -0.0784589490       -0.0176012183
  16  -5       -0.0308651489        0.0225800206
  16  -6       -0.0617352971       -0.0547896909
  16  -7        0.0208911413        0.0114007874
  16  -8       -0.0146025869       -0.0060482401
  16  -9       -0.0409625347       -0.0143928962
  16 -10       -0.0593338768       -0.0228059779
  16 -11       -0.0132013392       -0.0272416751
  16 -12       -0.0383271384        0.0429368614
  16 -13       -0.0151214349        0.0178501941
  16 -14       -0.0457085886        0.0332579062
  16 -15       -0.0497538037       -0.0780439257
  16 -16       -0.0138505212       -0.0819089634
  17  17       -0.0565996739        0.0113785325
  17  16        0.0462376978       -0.0378514779
  17  15       -0.0262957054        0.0463632961
  17  14       -0.0950305414        0.0918155057
  17  13        0.0022997539       -0.0226395527
  17  12        0.0520159577        0.0255875975
  17  11        0.0357346739        0.0367735060
  17  10       -0.0154842474       -0.0770594670
  17   9       -0.0633731271       -0.0119070648
  17   8        0.0347310828        0.0757118946
  17   7        0.0492338814       -0.0191136446
  17   6        0.0236211433       -0.0788125922
  17   5       -0.0604165325        0.0911369649
  17   4        0.0523013781        0.0278520899
  17   3        0.1326240320        0.0018360257
  17   2       -0.0491618380        0.0243459831
  17   1       -0.0614943138        0.0221359456
  17   0       -0.0086581487        0.0000000000
  17  -1        0.0614943138        0.0221359456
  17  -2       -0.0491618380       -0.0243459831
  17  -3       -0.1326240320        0.0018360257
  17  -4        0.0523013781       -0.0278520899
  17  -5        0.0604165325        0.0911369649
  17  -6        0.0236211433        0.0788125922
  17  -7       -0.0492338814       -0.0191136446
  17  -8        0.0347310828       -0.0757118946
  17  -9        0.0633731271       -0.0119070648
  17 -10       -0.0154842474        0.0770594670
  17 -11       -0.0357346739        0.0367735060
  17 -12        0.0520159577       -0.0255875975
  17 -13       -0.0022997539       -0.0226395527
  17 -14       -0.0950305414       -0.0918155057
  17 -15        0.0262957054        0.0463632961
  17 -16        0.0462376978        0.0378514779
  17 -17        0.0565996739        0.0113785325
  18  18        0.0755585472        0.0261854848
  18  17       -0.0248880088       -0.0201571870
  18  16       -0.0180894584        0.0277791803
  18  15       -0.0361637396       -0.0285499378
  18  14        0.0407453913       -0.0183056592
  18  13        0.0266991235        0.0227345436
  18  12       -0.0204488848        0.0140341976
  18  11        0.1189471265        0.0060975181
  18  10        0.0370448576       -0.0455198728
  18   9       -0.0123139801       -0.0016728909
  18   8        0.0403431446        0.0010695196
  18   7        0.0611664742       -0.0432150587
  18   6        0.0750014518        0.0090923973
  18   5        0.0459579807       -0.0129984851
  18   4       -0.0449492922        0.0319937516
  18   3        0.0426671403       -0.0631973324
  18   2       -0.0012126149        0.0360707326
  18   1       -0.0158009571       -0.0186422690
  18   0        0.0296218417        0.0000000000
  18  -1        0.0158009571       -0.0186422690
  18  -2       -0.0012126149       -0.0360707326
  18  -3       -0.0426671403       -0.0631973324
  18  -4       -0.0449492922       -0.0319937516
  18  -5       -0.0459579807       -0.0129984851
  18  -6        0.0750014518       -0.0090923973
  18  -7       -0.0611664742       -0.0432150587
  18  -8        0.0403431446       -0.0010695196
  18  -9        0.0123139801       -0.0016728909
  18 -10        0.0370448576        0.0455198728
  18 -11       -0.1189471265        0.0060975181
  18 -12       -0.0204488848       -0.0140341976
  18 -13       -0.0266991235        0.0227345436
  18 -14        0.0407453913        0.0183056592
  18 -15        0.0361637396       -0.0285499378
  18 -16       -0.0180894584       -0.0277791803
  18 -17        0.0248880088       -0.0201571870
  18 -18        0.0755585472       -0.0261854848
  19  19        0.0297479884        0.0995870365
  19  18        0.0080935870        0.0269969440
  19  17        0.0338666283       -0.0525498128
  19  16        0.0018540269        0.0189518706
  19  15        0.0336112159        0.0443911706
  19  14       -0.0077370691       -0.0928784737
  19  13       -0.0221132266       -0.0017160290
  19  12        0.0284442133       -0.0160289943
  19  11       -0.0248553204       -0.0196645473
  19  10        0.0405944977        0.0302021226
  19   9        0.0428516717        0.0551911719
  19   8       -0.0473952292        0.0753743117
  19   7       -0.0030214004        0.0704655677
  19   6       -0.0371179398        0.0122892859
  19   5        0.0235438751       -0.0678475337
  19   4       -0.0126388527       -0.0162618158
  19   3       -0.0144622585        0.0463237427
  19   2       -0.0497970499       -0.0496353907
  19   1       -0.0207124442       -0.1011018788
  19   0       -0.0182942575        0.0000000000
  19  -1        0.0207124442       -0.1011018788
  19  -2       -0.0497970499        0.0496353907
  19  -3        0.0144622585        0.0463237427
  19  -4       -0.0126388527        0.0162618158
  19  -5       -0.0235438751       -0.0678475337
  19  -6       -0.0371179398       -0.0122892859
  19  -7        0.0030214004        0.0704655677
  19  -8       -0.0473952292       -0.0753743117
  19  -9       -0.0428516717        0.0551911719
  19 -10        0.0405944977       -0.0302021226
  19 -11        0.0248553204       -0.0196645473
  19 -12        0.0284442133        0.0160289943
  19 -13        0.0221132266       -0.0017160290
  19 -14       -0.0077370691        0.0928784737
  19 -15       -0.0336112159        0.0443911706
  19 -16        0.0018540269       -0.0189518706
  19 -17       -0.0338666283       -0.0525498128
  19 -18        0.0080935870       -0.0269969440
  19 -19       -0.0297479884        0.0995870365
  20  20       -0.0108481796       -0.0342029370
  20  19       -0.0299781936        0.0545977465
  20  18        0.0046639272        0.0074626359
  20  17       -0.0428314796       -0.0099803167
  20  16       -0.0323449413        0.0420638649
  20  15       -0.0386586248        0.0598490280
  20  14        0.0028913623       -0.0150325244
  20  13        0.0308407609       -0.0265575406
  20  12        0.0394611133        0.0272086253
  20  11        0.0341745877        0.0021313410
  20  10       -0.0654694967        0.0431896824
  20   9       -0.0180021532       -0.0383233859
  20   8       -0.0154694870       -0.0713011286
  20   7        0.0250182652        0.0945528059
  20   6        0.0869827363        0.0209194343
  20   5       -0.0333497834       -0.0101411683
  20   4        0.0547581428       -0.0042720156
  20   3        0.0335390367        0.0288435954
  20   2        0.0364516915        0.0101563034
  20   1        0.0262125585        0.0170701896
  20   0        0.0206956737        0.0000000000
  20  -1       -0.0262125585        0.0170701896
  20  -2        0.0364516915       -0.0101563034
  20  -3       -0.0335390367        0.0288435954
  20  -4        0.0547581428        0.0042720156
  20  -5        0.0333497834       -0.0101411683
  20  -6        0.0869827363       -0.0209194343
  20  -7       -0.0250182652        0.0945528059
  20  -8       -0.0154694870        0.0713011286
  20  -9        0.0180021532       -0.0383233859
  20 -10       -0.0654694967       -0.0431896824
  20 -11       -0.0341745877        0.0021313410
  20 -12        0.0394611133       -0.0272086253
  20 -13       -0.0308407609       -0.0265575406
  20 -14        0.0028913623        0.0150325244
  20 -15        0.0386586248        0.0598490280
  20 -16       -0.0323449413       -0.0420638649
  20 -17        0.0428314796       -0.0099803167
  20 -18        0.0046639272       -0.0074626359
  20 -19        0.0299781936        0.0545977465
  20 -20       -0.0108481796        0.0342029370
  21  21       -0.0044747057       -0.0873565409
  21  20       -0.0849043689        0.0113637883
  21  19       -0.0655564530        0.0142123154
  21  18        0.0334816404       -0.0524411872
  21  17        0.0029420326        0.0069140866
  21  16       -0.0019216636        0.0244238706
  21  15        0.0268819440        0.0015012685
  21  14        0.0042701153        0.0901321075
  21  13        0.0263870326        0.0085114809
  21  12        0.0219343074       -0.0493033117
  21  11       -0.0223175793       -0.0703975372
  21  10       -0.0144404201        0.0971280494
  21   9        0.0476794165       -0.0140311127
  21   8        0.0091926113       -0.1348251888
  21   7        0.0491527608       -0.0011211853
  21   6       -0.0251503727        0.0471209168
  21   5        0.0226238158       -0.0280040765
  21   4        0.0138759207        0.0227640261
  21   3       -0.0084872005       -0.0715516741
  21   2       -0.0421808351       -0.0464100567
  21   1        0.0217981815        0.0203473110
  21   0       -0.0038089265        0.0000000000
  21  -1       -0.0217981815        0.0203473110
  21  -2       -0.0421808351        0.0464100567
  21  -3        0.0084872005       -0.0715516741
  21  -4        0.0138759207       -0.0227640261
  21  -5       -0.0226238158       -0.0280040765
  21  -6       -0.0251503727       -0.0471209168
  21  -7       -0.0491527608       -0.0011211853
  21  -8        0.0091926113        0.1348251888
  21  -9       -0.0476794165       -0.0140311127
  21 -10       -0.0144404201       -0.0971280494
  21 -11        0.0223175793       -0.0703975372
  21 -12        0.0219343074        0.0493033117
  21 -13       -0.0263870326        0.0085114809
  21 -14        0.0042701153       -0.0901321075
  21 -15       -0.0268819440        0.0015012685
  21 -16       -0.0019216636       -0.0244238706
  21 -17       -0.0029420326        0.0069140866
  21 -18        0.0334816404        0.0524411872
  21 -19        0.0655564530        0.0142123154
  21 -20       -0.0849043689       -0.0113637883
  21 -21        0.0044747057       -0.0873565409
  22  22       -0.0344417793        0.0730176406
  22  21        0.0297840875       -0.0376150138
  22  20        0.0311411884        0.0072352162
  22  19        0.0136396889        0.0418412045
  22  18       -0.0052330293        0.0080249787
  22  17        0.0241588696        0.0228989949
  22  16       -0.0765079055        0.0138004224
  22  15       -0.0042628566       -0.0581238037
  22  14        0.0062065263       -0.0089062394
  22  13       -0.0158341665       -0.0160810084
  22  12        0.0019582307        0.0222932461
  22  11       -0.0313401312        0.0518155717
  22  10        0.0025723347       -0.0006506053
  22   9       -0.0298686012       -0.0054300048
  22   8       -0.0132237664        0.0400042318
  22   7        0.0178470424       -0.0123659972
  22   6       -0.0291314900       -0.0532388146
  22   5       -0.0245597916        0.0350513827
  22   4        0.0208072224       -0.0363977425
  22   3       -0.0238502054        0.0611486528
  22   2       -0.0112346826       -0.0739510613
  22   1       -0.0240130394        0.0520880632
  22   0        0.1162109633        0.0000000000
  22  -1        0.0240130394        0.0520880632
  22  -2       -0.0112346826        0.0739510613
  22  -3        0.0238502054        0.0611486528
  22  -4        0.0208072224        0.0363977425
  22  -5        0.0245597916        0.0350513827
  22  -6       -0.0291314900        0.0532388146
  22  -7       -0.0178470424       -0.0123659972
  22  -8       -0.0132237664       -0.0400042318
  22  -9        0.0298686012       -0.0054300048
  22 -10        0.0025723347        0.0006506053
  22 -11        0.0313401312        0.0518155717
  22 -12        0.0019582307       -0.0222932461
  22 -13        0.0158341665       -0.0160810084
  22 -14        0.0062065263        0.0089062394
  22 -15        0.0042628566       -0.0581238037
  22 -16       -0.0765079055       -0.0138004224
  22 -17       -0.0241588696        0.0228989949
  22 -18       -0.0052330293       -0.0080249787
  22 -19       -0.0136396889        0.0418412045
  22 -20        0.0311411884       -0.0072352162
  22 -21       -0.0297840875       -0.0376150138
  22 -22       -0.0344417793       -0.0730176406
  23  23       -0.0566985894        0.0287791022
  23  22        0.0439924529       -0.0123620172
  23  21        0.0535339681        0.0022878015
  23  20       -0.0055138891        0.0058797956
  23  19       -0.0269124763       -0.0971342404
  23  18       -0.0332591017        0.0739123815
  23  17        0.0765670651        0.0108423127
  23  16        0.0115879089       -0.0632111694
  23  15       -0.0379195689        0.0802942141
  23  14        0.0277438273        0.0186067168
  23  13       -0.0166713825        0.0269358420
  23  12       -0.0092065176       -0.0290507077
  23  11        0.0029865125        0.0021307436
  23  10       -0.0058673573        0.0461570405
  23   9        0.0297569395       -0.0629535661
  23   8       -0.0537716391        0.0219112311
  23   7       -0.0233189196        0.0128532854
  23   6       -0.0634440148       -0.0186573326
  23   5        0.0345043975        0.0758261684
  23   4        0.0425997399        0.0319945152
  23   3       -0.0944386156       -0.0002285327
  23   2        0.0740532957        0.0296256407
  23   1        0.1090454626        0.0689512293
  23   0        0.0063227704        0.0000000000
  23  -1       -0.1090454626        0.0689512293
  23  -2        0.0740532957       -0.0296256407
  23  -3        0.0944386156       -0.0002285327
  23  -4        0.0425997399       -0.0319945152
  23  -5       -0.0345043975        0.0758261684
  23  -6       -0.0634440148        0.0186573326
  23  -7        0.0233189196        0.0128532854
  23  -8       -0.0537716391       -0.0219112311
  23  -9       -0.0297569395       -0.0629535661
  23 -10       -0.0058673573       -0.0461570405
  23 -11       -0.0029865125        0.0021307436
  23 -12       -0.0092065176        0.0290507077
  23 -13        0.0166713825        0.0269358420
  23 -14        0.0277438273       -0.0186067168
  23 -15        0.0379195689        0.0802942141
  23 -16        0.0115879089        0.0632111694
  23 -17       -0.0765670651        0.0108423127
  23 -18       -0.0332591017       -0.0739123815
  23 -19        0.0269124763       -0.0971342404
  23 -20       -0.0055138891       -0.0058797956
  23 -21       -0.0535339681        0.0022878015
  23 -22        0.0439924529        0.0123620172
  23 -23        0.0566985894        0.0287791022
  24  24        0.1002650549       -0.0146599962
  24  23       -0.0367928202       -0.0410843663
  24  22       -0.0144093553       -0.0302938456
  24  21       -0.0010868533        0.0400526122
  24  20       -0.0063148074        0.0108401748
  24  19       -0.0012263302       -0.0257016200
  24  18       -0.0168448083       -0.0167077632
  24  17       -0.0011307929        0.1244088830
  24  16        0.0115292060       -0.0138244909
  24  15        0.0136263853        0.0078827343
  24  14        0.0162091645        0.0244686105
  24  13       -0.0654797409       -0.0127895155
  24  12       -0.0040505876        0.0104730347
  24  11        0.0299329795       -0.0488700135
  24  10       -0.0406423319       -0.0195670883
  24   9        0.0122943403       -0.0074197465
  24   8       -0.0225054058        0.0082078480
  24   7       -0.0700477875        0.0126223782
  24   6        0.0435632667       -0.0650963301
  24   5       -0.0362260990       -0.0335865341
  24   4        0.0356875447        0.0375360816
  24   3       -0.0261116030        0.0358002448
  24   2       -0.0046371356       -0.0311872905
  24   1       -0.0185633123        0.0438547256
  24   0        0.0636415655        0.0000000000
  24  -1        0.0185633123        0.0438547256
  24  -2       -0.0046371356        0.0311872905
  24  -3        0.0261116030        0.0358002448
  24  -4        0.0356875447       -0.0375360816
  24  -5        0.0362260990       -0.0335865341
  24  -6        0.0435632667        0.0650963301
  24  -7        0.0700477875        0.0126223782
  24  -8       -0.0225054058       -0.0082078480
  24  -9       -0.0122943403       -0.0074197465
  24 -10       -0.0406423319        0.0195670883
  24 -11       -0.0299329795       -0.0488700135
  24 -12       -0.0040505876       -0.0104730347
  24 -13        0.0654797409       -0.0127895155
  24 -14        0.0162091645       -0.0244686105
  24 -15       -0.0136263853        0.0078827343
  24 -16        0.0115292060        0.0138244909
  24 -17        0.0011307929        0.1244088830
  24 -18       -0.0168448083        0.0167077632
  24 -19        0.0012263302       -0.0257016200
  24 -20       -0.0063148074       -0.0108401748
  24 -21        0.0010868533        0.0400526122
  24 -22       -0.0144093553        0.0302938456
  24 -23        0.0367928202       -0.0410843663
  24 -24        0.1002650549        0.0146599962
  25  25       -0.0034111813        0.0070316834
  25  24       -0.0364876452        0.0253246769
  25  23       -0.0052892189       -0.0708018260
  25  22       -0.0148166135       -0.0123460799
  25  21       -0.0070140039        0.0045562630
  25  20        0.0437038725       -0.0516673753
  25  19       -0.0225636549       -0.0193295878
  25  18       -0.0475695399        0.0132639245
  25  17        0.0113452195       -0.0736629765
  25  16       -0.0167422552        0.0109401962
  25  15        0.0119489333        0.0086639124
  25  14       -0.0225875438       -0.0672796872
  25  13       -0.0017342479        0.0752339305
  25  12       -0.0862412979        0.0326086020
  25  11       -0.0297286467        0.0654113314
  25  10        0.0039947898       -0.0427611495
  25   9        0.0303941628        0.0088671997
  25   8        0.0008642054        0.0625025247
  25   7       -0.0162582448       -0.0476602115
  25   6       -0.0213996670       -0.0096889848
  25   5        0.0508561585       -0.0339282984
  25   4       -0.0018839471       -0.0214397925
  25   3        0.0686912709        0.0669637117
  25   2       -0.0476066631        0.0087129595
  25   1        0.0157905406       -0.0070327042
  25   0        0.0175545673        0.0000000000
  25  -1       -0.0157905406       -0.0070327042
  25  -2       -0.0476066631       -0.0087129595
  25  -3       -0.0686912709        0.0669637117
  25  -4       -0.0018839471        0.0214397925
  25  -5       -0.0508561585       -0.0339282984
  25  -6       -0.0213996670        0.0096889848
  25  -7        0.0162582448       -0.0476602115
  25  -8        0.0008642054       -0.0625025247
  25  -9       -0.0303941628        0.0088671997
  25 -10        0.0039947898        0.0427611495
  25 -11        0.0297286467        0.0654113314
  25 -12       -0.0862412979       -0.0326086020
  25 -13        0.0017342479        0.0752339305
  25 -14       -0.0225875438        0.0672796872
  25 -15       -0.0119489333        0.0086639124
  25 -16       -0.0167422552       -0.0109401962
  25 -17       -0.0113452195       -0.0736629765
  25 -18       -0.0475695399       -0.0132639245
  25 -19        0.0225636549       -0.0193295878
  25 -20        0.0437038725        0.0516673753
  25 -21        0.0070140039        0.0045562630
  25 -22       -0.0148166135        0.0123460799
  25 -23        0.0052892189       -0.0708018260
  25 -24       -0.0364876452       -0.0253246769
  25 -25        0.0034111813        0.0070316834
  26  26       -0.0762349672       -0.0613194462
  26  25       -0.0005192302        0.1119913865
  26  24        0.0282035300        0.0504588453
  26  23        0.0203858901       -0.0017119018
  26  22        0.0525016120        0.0232714711
  26  21       -0.0110622741        0.0227518515
  26  20       -0.0271351006       -0.0143175196
  26  19        0.0272366863       -0.0686661107
  26  18       -0.0299598479        0.0610780749
  26  17       -0.0283092969        0.0115869262
  26  16       -0.0354822045       -0.0346294583
  26  15       -0.0277762221        0.0617422764
  26  14        0.0046020292       -0.0490343092
  26  13        0.0046302419        0.0335535097
  26  12       -0.0096559271        0.0205509402
  26  11        0.0034176562        0.0122906624
  26  10       -0.0020893330        0.0292124074
  26   9        0.0144828544       -0.0327566005
  26   8       -0.0183882604        0.0371764345
  26   7        0.0334600655        0.0428657923
  26   6       -0.0608877656        0.0334762028
  26   5       -0.0004456614        0.0187357588
  26   4        0.0236391529       -0.0389228003
  26   3        0.0055534960       -0.0265693771
  26   2        0.0286529430        0.0653953137
  26   1       -0.0085625263       -0.0084692443
  26   0       -0.0347655943        0.0000000000
  26  -1        0.0085625263       -0.0084692443
  26  -2        0.0286529430       -0.0653953137
  26  -3       -0.0055534960       -0.0265693771
  26  -4        0.0236391529        0.0389228003
  26  -5        0.0004456614        0.0187357588
  26  -6       -0.0608877656       -0.0334762028
  26  -7       -0.0334600655        0.0428657923
  26  -8       -0.0183882604       -0.0371764345
  26  -9       -0.0144828544       -0.0327566005
  26 -10       -0.0020893330       -0.0292124074
  26 -11       -0.0034176562        0.0122906624
  26 -12       -0.0096559271       -0.0205509402
  26 -13       -0.0046302419        0.0335535097
  26 -14        0.0046020292        0.0490343092
  26 -15        0.0277762221        0.0617422764
  26 -16       -0.0354822045        0.0346294583
  26 -17        0.0283092969        0.0115869262
  26 -18       -0.0299598479       -0.0610780749
  26 -19       -0.0272366863       -0.0686661107
  26 -20       -0.0271351006        0.0143175196
  26 -21        0.0110622741        0.0227518515
  26 -22        0.0525016120       -0.0232714711
  26 -23       -0.0203858901       -0.0017119018
  26 -24        0.0282035300       -0.0504588453
  26 -25        0.0005192302        0.1119913865
  26 -26       -0.0762349672        0.0613194462
