   0   0       37.7119386229        0.0000000000
   1   1       -0.0397576078       -1.2736727146
   1   0        0.4779801639        0.0000000000
   1  -1        0.0397576078       -1.2736727146
   2   2       -2.2184471608        1.8588268901
   2   1        1.1471690440       -2.8308477445
   2   0       -0.0885581908        0.0000000000
   2  -1       -1.1471690440       -2.8308477445
   2  -2       -2.2184471608       -1.8588268901
   3   3        1.0611082187       -1.3152522346
   3   2        1.1484453770       -1.3142771745
   3   1        0.6599566581       -1.5721594245
   3   0       -0.3367916941        0.0000000000
   3  -1       -0.6599566581       -1.5721594245
   3  -2        1.1484453770        1.3142771745
   3  -3       -1.0611082187       -1.3152522346
   4   4        1.2474086505       -0.1544088517
   4   3       -0.1781825839        1.4517221470
   4   2        0.2523920478        0.0382181911
   4   1       -0.0812788315        1.3558882669
   4   0        0.1972370938        0.0000000000
   4  -1        0.0812788315        1.3558882669
   4  -2        0.2523920478       -0.0382181911
   4  -3        0.1781825839        1.4517221470
   4  -4        1.2474086505        0.1544088517
   5   5        0.7582650375        0.8913362226
   5   4       -0.4638533290        0.5457721210
   5   3       -0.0238655517       -0.1422638897
   5   2       -0.8179886718        0.1764692899
   5   1       -0.3798888327       -0.3283150757
   5   0       -1.2433519657        0.0000000000
   5  -1        0.3798888327       -0.3283150757
   5  -2       -0.8179886718       -0.1764692899
   5  -3        0.0238655517       -0.1422638897
   5  -4       -0.4638533290       -0.5457721210
   5  -5       -0.7582650375        0.8913362226
   6   6       -0.5253578134        0.2316953160
   6   5       -0.0688245630       -0.6273455725
   6   4        0.0973743802       -0.0250260464
   6   3        0.0891153831       -0.2128295299
   6   2        0.2875649999       -0.3904997578
   6   1        0.2008273429       -0.0807007161
   6   0        0.1394844440        0.0000000000
   6  -1       -0.2008273429       -0.0807007161
   6  -2        0.2875649999        0.3904997578
   6  -3       -0.0891153831       -0.2128295299
   6  -4        0.0973743802        0.0250260464
   6  -5        0.0688245630       -0.6273455725
   6  -6       -0.5253578134       -0.2316953160
   7   7       -0.0040600935       -0.1721513066
   7   6        0.2453817477       -0.1460732498
   7   5        0.1694175850        0.1839789891
   7   4        0.2811508778       -0.0004064413
   7   3       -0.1050126390        0.1631378018
   7   2        0.0846612544       -0.1885279743
   7   1       -0.1622111279        0.1552868634
   7   0       -0.2446177520        0.0000000000
   7  -1        0.1622111279        0.1552868634
   7  -2        0.0846612544        0.1885279743
   7  -3        0.1050126390        0.1631378018
   7  -4        0.2811508778        0.0004064413
   7  -5       -0.1694175850        0.1839789891
   7  -6        0.2453817477        0.1460732498
   7  -7        0.0040600935       -0.1721513066
   8   8       -0.0495479075       -0.1268197857
   8   7       -0.1139190295        0.0157464959
   8   6       -0.0332393182       -0.0445070292
   8   5        0.0188468251       -0.0747709233
   8   4       -0.0534475469       -0.0381901366
   8   3       -0.0015380300       -0.0508740028
   8   2        0.0280570006        0.0043911210
   8   1       -0.0031838209        0.0404031444
   8   0        0.0530919428        0.0000000000
   8  -1        0.0031838209        0.0404031444
   8  -2        0.0280570006       -0.0043911210
   8  -3        0.0015380300       -0.0508740028
   8  -4       -0.0534475469        0.0381901366
   8  -5       -0.0188468251       -0.0747709233
   8  -6       -0.0332393182        0.0445070292
   8  -7        0.1139190295        0.0157464959
   8  -8       -0.0495479075        0.1268197857
   9   9        0.0754925182        0.0227824186
   9   8        0.0114999561        0.0335017206
   9   7        0.0476428540       -0.0747406164
   9   6        0.0049935898        0.0123143637
   9   5        0.0298838126        0.0296760419
   9   4        0.1283561787        0.1054141677
   9   3        0.0161952924       -0.0425420546
   9   2       -0.0021245112        0.0288273033
   9   1       -0.1520991438        0.0710604621
   9   0        0.1407950217        0.0000000000
   9  -1        0.1520991438        0.0710604621
   9  -2       -0.0021245112       -0.0288273033
   9  -3       -0.0161952924       -0.0425420546
   9  -4        0.1283561787       -0.1054141677
   9  -5       -0.0298838126        0.0296760419
   9  -6        0.0049935898       -0.0123143637
   9  -7       -0.0476428540       -0.0747406164
   9  -8        0.0114999561       -0.0335017206
   9  -9       -0.0754925182        0.0227824186
  10  10        0.0092865016       -0.0078640011
  10   9       -0.0869139079        0.1208022250
  10   8       -0.0964719898        0.1037109564
  10   7       -0.1277938751        0.1272827931
  10   6       -0.0357899229        0.0666960568
  10   5       -0.0119487675        0.0713825122
  10   4       -0.1555693680        0.1040541442
  10   3       -0.0271398310       -0.0039230518
  10   2       -0.1359959965        0.0326055751
  10   1       -0.0144471785       -0.0090190850
  10   0       -0.2333740414        0.0000000000
  10  -1        0.0144471785       -0.0090190850
  10  -2       -0.1359959965       -0.0326055751
  10  -3        0.0271398310       -0.0039230518
  10  -4       -0.1555693680       -0.1040541442
  10  -5        0.0119487675        0.0713825122
  10  -6       -0.0357899229       -0.0666960568
  10  -7        0.1277938751        0.1272827931
  10  -8       -0.0964719898       -0.1037109564
  10  -9        0.0869139079        0.1208022250
  10 -10        0.0092865016        0.0078640011
  11  11       -0.0070100802       -0.0547201419
  11  10       -0.1934995915        0.0063619738
  11   9       -0.0740174602       -0.0049313925
  11   8       -0.0041556890       -0.0453994703
  11   7       -0.0293599006       -0.1220781939
  11   6       -0.0404940015       -0.1156980912
  11   5       -0.0664836897       -0.2614206220
  11   4        0.0233081016       -0.1159520483
  11   3       -0.0316282572       -0.0670905175
  11   2       -0.0105682706       -0.0325864540
  11   1       -0.0059146600       -0.1400341980
  11   0        0.1160967344        0.0000000000
  11  -1        0.0059146600       -0.1400341980
  11  -2       -0.0105682706        0.0325864540
  11  -3        0.0316282572       -0.0670905175
  11  -4        0.0233081016        0.1159520483
  11  -5        0.0664836897       -0.2614206220
  11  -6       -0.0404940015        0.1156980912
  11  -7        0.0293599006       -0.1220781939
  11  -8       -0.0041556890        0.0453994703
  11  -9        0.0740174602       -0.0049313925
  11 -10       -0.1934995915       -0.0063619738
  11 -11        0.0070100802       -0.0547201419
  12  12       -0.0028913704       -0.0418333469
  12  11       -0.0355769080       -0.0774445833
  12  10        0.0336366522       -0.1192437275
  12   9        0.0866377620       -0.0878185791
  12   8        0.0294150881        0.0296088923
  12   7        0.0711455357        0.1193864296
  12   6        0.1707996944        0.0157645575
  12   5        0.0065094750        0.0424623632
  12   4        0.0633224913       -0.0516253556
  12   3        0.0101093289       -0.0356103133
  12   2        0.0389916766       -0.0120436369
  12   1       -0.0400350714        0.0181988973
  12   0        0.0072812626        0.0000000000
  12  -1        0.0400350714        0.0181988973
  12  -2        0.0389916766        0.0120436369
  12  -3       -0.0101093289       -0.0356103133
  12  -4        0.0633224913        0.0516253556
  12  -5       -0.0065094750        0.0424623632
  12  -6        0.1707996944       -0.0157645575
  12  -7       -0.0711455357        0.1193864296
  12  -8        0.0294150881       -0.0296088923
  12  -9       -0.0866377620       -0.0878185791
  12 -10        0.0336366522        0.1192437275
  12 -11        0.0355769080       -0.0774445833
  12 -12       -0.0028913704        0.0418333469
  13  13       -0.0236322364        0.0502613783
  13  12        0.0402711000       -0.0119305613
  13  11       -0.0011984962        0.1128460892
  13  10       -0.0017730679        0.0997689011
  13   9        0.0061768751        0.1124973310
  13   8        0.0234839740        0.0169211194
  13   7        0.0013073982       -0.0084583144
  13   6        0.0112699350        0.0424749800
  13   5        0.0578966269        0.0947650894
  13   4       -0.1204612415        0.0699520582
  13   3       -0.0474998008        0.0164039528
  13   2       -0.0467612296        0.1274600767
  13   1       -0.0111528136        0.0027486963
  13   0       -0.0322574730        0.0000000000
  13  -1        0.0111528136        0.0027486963
  13  -2       -0.0467612296       -0.1274600767
  13  -3        0.0474998008        0.0164039528
  13  -4       -0.1204612415       -0.0699520582
  13  -5       -0.0578966269        0.0947650894
  13  -6        0.0112699350       -0.0424749800
  13  -7       -0.0013073982       -0.0084583144
  13  -8        0.0234839740       -0.0169211194
  13  -9       -0.0061768751        0.1124973310
  13 -10       -0.0017730679       -0.0997689011
  13 -11        0.0011984962        0.1128460892
  13 -12        0.0402711000        0.0119305613
  13 -13        0.0236322364        0.0502613783
  14  14       -0.0058331055       -0.0077438140
  14  13       -0.0463563168        0.0677773555
  14  12       -0.0152620023        0.0530368283
  14  11       -0.0084287052       -0.0286084874
  14  10       -0.0699831520       -0.0762316992
  14   9       -0.0074033077       -0.0608941733
  14   8        0.0238349009       -0.0039593074
  14   7       -0.0698873729       -0.0548454999
  14   6        0.0220349560       -0.0077299922
  14   5       -0.0250904229        0.0338232316
  14   4       -0.0794100064       -0.0689061340
  14   3       -0.1193495297       -0.0278181216
  14   2       -0.0199415924       -0.0712381964
  14   1        0.0019744733       -0.0203510541
  14   0       -0.0511829255        0.0000000000
  14  -1       -0.0019744733       -0.0203510541
  14  -2       -0.0199415924        0.0712381964
  14  -3        0.1193495297       -0.0278181216
  14  -4       -0.0794100064        0.0689061340
  14  -5        0.0250904229        0.0338232316
  14  -6        0.0220349560        0.0077299922
  14  -7        0.0698873729       -0.0548454999
  14  -8        0.0238349009        0.0039593074
  14  -9        0.0074033077       -0.0608941733
  14 -10       -0.0699831520        0.0762316992
  14 -11        0.0084287052       -0.0286084874
  14 -12       -0.0152620023       -0.0530368283
  14 -13        0.0463563168        0.0677773555
  14 -14       -0.0058331055        0.0077438140
  15  15        0.0344580310        0.0758464815
  15  14        0.0707207185        0.0328806228
  15  13       -0.0705959887       -0.0219209671
  15  12        0.0245351379        0.0306633629
  15  11        0.1298349963        0.0311107817
  15  10        0.0531047019       -0.0247971565
  15   9        0.0155504518        0.0041929973
  15   8       -0.0035178950        0.0087869574
  15   7        0.0058294438        0.0973791781
  15   6       -0.0133563770        0.0003153647
  15   5       -0.0297947400       -0.0229599673
  15   4       -0.0896648714       -0.0251724561
  15   3        0.0984195109       -0.0000836886
  15   2       -0.0395968081        0.0933100396
  15   1       -0.0038213700       -0.0591848042
  15   0       -0.1148969546        0.0000000000
  15  -1        0.0038213700       -0.0591848042
  15  -2       -0.0395968081       -0.0933100396
  15  -3       -0.0984195109       -0.0000836886
  15  -4       -0.0896648714        0.0251724561
  15  -5        0.0297947400       -0.0229599673
  15  -6       -0.0133563770       -0.0003153647
  15  -7       -0.0058294438        0.0973791781
  15  -8       -0.0035178950       -0.0087869574
  15  -9       -0.0155504518        0.0041929973
  15 -10        0.0531047019        0.0247971565
  15 -11       -0.1298349963        0.0311107817
  15 -12        0.0245351379       -0.0306633629
  15 -13        0.0705959887       -0.0219209671
  15 -14        0.0707207185       -0.0328806228
  15 -15       -0.0344580310        0.0758464815
  16  16        0.0153267154        0.0149071224
  16  15        0.0478200535        0.1019950942
  16  14        0.0116174246        0.0110998505
  16  13       -0.0018508144        0.0920163776
  16  12       -0.0247159807        0.0820765688
  16  11       -0.0400657698        0.0801519607
  16  10       -0.0691523284        0.1135633703
  16   9       -0.0151893360        0.0319991040
  16   8        0.0074028761        0.0186479455
  16   7        0.0309468734       -0.0792882363
  16   6       -0.0049998413        0.0632206754
  16   5       -0.0150634661        0.0376488412
  16   4       -0.0398360134        0.0789673112
  16   3        0.0072202474       -0.1022083530
  16   2       -0.0028812731       -0.0657949477
  16   1       -0.0206758357       -0.0794055888
  16   0       -0.0290102503        0.0000000000
  16  -1        0.0206758357       -0.0794055888
  16  -2       -0.0028812731        0.0657949477
  16  -3       -0.0072202474       -0.1022083530
  16  -4       -0.0398360134       -0.0789673112
  16  -5        0.0150634661        0.0376488412
  16  -6       -0.0049998413       -0.0632206754
  16  -7       -0.0309468734       -0.0792882363
  16  -8        0.0074028761       -0.0186479455
  16  -9        0.0151893360        0.0319991040
  16 -10       -0.0691523284       -0.1135633703
  16 -11        0.0400657698        0.0801519607
  16 -12       -0.0247159807       -0.0820765688
  16 -13        0.0018508144        0.0920163776
  16 -14        0.0116174246       -0.0110998505
  16 -15       -0.0478200535        0.1019950942
  16 -16        0.0153267154       -0.0149071224
  17  17       -0.0742866609        0.0479494115
  17  16       -0.0048216043        0.0182889372
  17  15       -0.0842246469       -0.1075163080
  17  14       -0.0345827055        0.0703003036
  17  13       -0.0249490323       -0.0665294512
  17  12       -0.0362445929        0.0496732862
  17  11        0.0070215775       -0.0529014235
  17  10        0.0056368574       -0.0542150204
  17   9       -0.0239361413       -0.0404806874
  17   8        0.0325692677        0.0184594162
  17   7        0.0002157244        0.0323176539
  17   6       -0.0378274884       -0.0103251263
  17   5       -0.0156929710       -0.0036766861
  17   4       -0.0082791084       -0.0093437522
  17   3       -0.0005977264       -0.0611018416
  17   2        0.0248141650        0.0943246331
  17   1        0.0287804533        0.0507365278
  17   0        0.0653452200        0.0000000000
  17  -1       -0.0287804533        0.0507365278
  17  -2        0.0248141650       -0.0943246331
  17  -3        0.0005977264       -0.0611018416
  17  -4       -0.0082791084        0.0093437522
  17  -5        0.0156929710       -0.0036766861
  17  -6       -0.0378274884        0.0103251263
  17  -7       -0.0002157244        0.0323176539
  17  -8        0.0325692677       -0.0184594162
  17  -9        0.0239361413       -0.0404806874
  17 -10        0.0056368574        0.0542150204
  17 -11       -0.0070215775       -0.0529014235
  17 -12       -0.0362445929       -0.0496732862
  17 -13        0.0249490323       -0.0665294512
  17 -14       -0.0345827055       -0.0703003036
  17 -15        0.0842246469       -0.1075163080
  17 -16       -0.0048216043       -0.0182889372
  17 -17        0.0742866609        0.0479494115
  18  18       -0.0467398683       -0.1060086578
  18  17       -0.0197150110       -0.0405221173
  18  16       -0.1417756785       -0.0635987528
  18  15        0.1095743516        0.0256540859
  18  14        0.0213152921        0.0182028509
  18  13        0.0049916240        0.0293475830
  18  12       -0.0486573646        0.0084863658
  18  11       -0.0349794127        0.0669875550
  18  10       -0.0004234301        0.1365747374
  18   9        0.0035803133       -0.0830124393
  18   8       -0.0094380527        0.0035794890
  18   7       -0.0636002893        0.0034800330
  18   6        0.0055386179        0.0495459385
  18   5       -0.0147264959       -0.0014518329
  18   4        0.0030138532        0.0939748816
  18   3        0.0097625187       -0.0251102035
  18   2       -0.0887401237        0.0305668199
  18   1        0.0323649610        0.0005200706
  18   0        0.0284151593        0.0000000000
  18  -1       -0.0323649610        0.0005200706
  18  -2       -0.0887401237       -0.0305668199
  18  -3       -0.0097625187       -0.0251102035
  18  -4        0.0030138532       -0.0939748816
  18  -5        0.0147264959       -0.0014518329
  18  -6        0.0055386179       -0.0495459385
  18  -7        0.0636002893        0.0034800330
  18  -8       -0.0094380527       -0.0035794890
  18  -9       -0.0035803133       -0.0830124393
  18 -10       -0.0004234301       -0.1365747374
  18 -11        0.0349794127        0.0669875550
  18 -12       -0.0486573646       -0.0084863658
  18 -13       -0.0049916240        0.0293475830
  18 -14        0.0213152921       -0.0182028509
  18 -15       -0.1095743516        0.0256540859
  18 -16       -0.1417756785        0.0635987528
  18 -17        0.0197150110       -0.0405221173
  18 -18       -0.0467398683        0.1060086578
  19  19       -0.0887685097       -0.0008905512
  19  18       -0.0487530339       -0.0467038322
  19  17       -0.0367388672       -0.0007533603
  19  16        0.0279271395       -0.0587752762
  19  15       -0.0585188468       -0.0027584281
  19  14       -0.0722504529       -0.0051393819
  19  13       -0.0247555954        0.0219410006
  19  12        0.0396771701       -0.0833624256
  19  11        0.0111134314       -0.0643481104
  19  10       -0.0710231237        0.0138196007
  19   9        0.0378029659       -0.0005307191
  19   8       -0.0688699155        0.0207531733
  19   7       -0.0470703178        0.0059034958
  19   6       -0.0032793337       -0.1272164748
  19   5        0.0199109111        0.0069406499
  19   4       -0.0229494976       -0.1148460592
  19   3       -0.0358637223       -0.0741844562
  19   2       -0.0320978454       -0.0659660642
  19   1        0.0289030790       -0.0887989759
  19   0       -0.0274213433        0.0000000000
  19  -1       -0.0289030790       -0.0887989759
  19  -2       -0.0320978454        0.0659660642
  19  -3        0.0358637223       -0.0741844562
  19  -4       -0.0229494976        0.1148460592
  19  -5       -0.0199109111        0.0069406499
  19  -6       -0.0032793337        0.1272164748
  19  -7        0.0470703178        0.0059034958
  19  -8       -0.0688699155       -0.0207531733
  19  -9       -0.0378029659       -0.0005307191
  19 -10       -0.0710231237       -0.0138196007
  19 -11       -0.0111134314       -0.0643481104
  19 -12        0.0396771701        0.0833624256
  19 -13        0.0247555954        0.0219410006
  19 -14       -0.0722504529        0.0051393819
  19 -15        0.0585188468       -0.0027584281
  19 -16        0.0279271395        0.0587752762
  19 -17        0.0367388672       -0.0007533603
  19 -18       -0.0487530339        0.0467038322
  19 -19        0.0887685097       -0.0008905512
  20  20       -0.0497473237       -0.0183513812
  20  19       -0.0407111732       -0.0110749537
  20  18        0.0198427419        0.0676164915
  20  17       -0.0417113371       -0.0750450200
  20  16        0.0146221608        0.0124939012
  20  15       -0.0380164383       -0.0833543739
  20  14        0.0323102955       -0.1478356151
  20  13        0.0287937148        0.0639814009
  20  12        0.0753805933       -0.0467446649
  20  11        0.0161574391       -0.0236903408
  20  10        0.0034358154       -0.0038718364
  20   9        0.0339234132       -0.0266041311
  20   8        0.1354583870        0.0232340532
  20   7       -0.0180075128       -0.0521917105
  20   6       -0.0245812933        0.0777628638
  20   5        0.0636963435       -0.0912586613
  20   4       -0.0071071633        0.0501239385
  20   3       -0.0137122193       -0.0784883836
  20   2        0.0319716615        0.0110180039
  20   1        0.0510250427       -0.0152592073
  20   0        0.0473672123        0.0000000000
  20  -1       -0.0510250427       -0.0152592073
  20  -2        0.0319716615       -0.0110180039
  20  -3        0.0137122193       -0.0784883836
  20  -4       -0.0071071633       -0.0501239385
  20  -5       -0.0636963435       -0.0912586613
  20  -6       -0.0245812933       -0.0777628638
  20  -7        0.0180075128       -0.0521917105
  20  -8        0.1354583870       -0.0232340532
  20  -9       -0.0339234132       -0.0266041311
  20 -10        0.0034358154        0.0038718364
  20 -11       -0.0161574391       -0.0236903408
  20 -12        0.0753805933        0.0467446649
  20 -13       -0.0287937148        0.0639814009
  20 -14        0.0323102955        0.1478356151
  20 -15        0.0380164383       -0.0833543739
  20 -16        0.0146221608       -0.0124939012
  20 -17        0.0417113371       -0.0750450200
  20 -18        0.0198427419       -0.0676164915
  20 -19        0.0407111732       -0.0110749537
  20 -20       -0.0497473237        0.0183513812
  21  21        0.0208767849        0.0132798147
  21  20        0.0339935697       -0.0463494254
  21  19        0.0451561014       -0.0072119074
  21  18       -0.0145594941       -0.0355842526
  21  17       -0.0349191893        0.0086545111
  21  16       -0.0050321815       -0.0304584262
  21  15       -0.0206491006        0.0214779545
  21  14        0.0797297565        0.0804063906
  21  13       -0.0699634096        0.0289311400
  21  12       -0.0149845160       -0.0524079807
  21  11        0.0092518796        0.0566849204
  21  10        0.0184052374       -0.0101700397
  21   9       -0.0178130150        0.0230634781
  21   8        0.0401963552        0.0546392018
  21   7       -0.0052272358        0.0483236790
  21   6        0.1134317051       -0.0197222682
  21   5        0.0352239159       -0.0562710903
  21   4       -0.0344271870        0.0222501676
  21   3        0.0426286747        0.0471499563
  21   2        0.0322644949       -0.0206256398
  21   1       -0.0289459516       -0.0298076551
  21   0        0.0366047181        0.0000000000
  21  -1        0.0289459516       -0.0298076551
  21  -2        0.0322644949        0.0206256398
  21  -3       -0.0426286747        0.0471499563
  21  -4       -0.0344271870       -0.0222501676
  21  -5       -0.0352239159       -0.0562710903
  21  -6        0.1134317051        0.0197222682
  21  -7        0.0052272358        0.0483236790
  21  -8        0.0401963552       -0.0546392018
  21  -9        0.0178130150        0.0230634781
  21 -10        0.0184052374        0.0101700397
  21 -11       -0.0092518796        0.0566849204
  21 -12       -0.0149845160        0.0524079807
  21 -13        0.0699634096        0.0289311400
  21 -14        0.0797297565       -0.0804063906
  21 -15        0.0206491006        0.0214779545
  21 -16       -0.0050321815        0.0304584262
  21 -17        0.0349191893        0.0086545111
  21 -18       -0.0145594941        0.0355842526
  21 -19       -0.0451561014       -0.0072119074
  21 -20        0.0339935697        0.0463494254
  21 -21       -0.0208767849        0.0132798147
  22  22        0.0463193336        0.0996271201
  22  21        0.0725815663       -0.0192632038
  22  20       -0.0097424610        0.0524969065
  22  19       -0.0556534134        0.0355532092
  22  18        0.0000786556        0.0166729288
  22  17        0.0603855435       -0.0143584070
  22  16       -0.0465239493        0.0119000519
  22  15       -0.0039271607        0.0429132655
  22  14       -0.0215532331       -0.0993110283
  22  13       -0.0479973670        0.0034150484
  22  12        0.0149149530        0.0189591985
  22  11        0.0274521848        0.0306133041
  22  10       -0.0748937783       -0.0369741663
  22   9        0.0406016707        0.0725105319
  22   8        0.0192718188       -0.0924146965
  22   7       -0.0027221111        0.0791072265
  22   6       -0.0401699531       -0.0108242272
  22   5        0.0206320939        0.0797173796
  22   4        0.0171107375       -0.0369448193
  22   3       -0.0002537922        0.0299119369
  22   2        0.1037980685        0.0699928968
  22   1        0.0602648070       -0.0658128610
  22   0        0.1248150234        0.0000000000
  22  -1       -0.0602648070       -0.0658128610
  22  -2        0.1037980685       -0.0699928968
  22  -3        0.0002537922        0.0299119369
  22  -4        0.0171107375        0.0369448193
  22  -5       -0.0206320939        0.0797173796
  22  -6       -0.0401699531        0.0108242272
  22  -7        0.0027221111        0.0791072265
  22  -8        0.0192718188        0.0924146965
  22  -9       -0.0406016707        0.0725105319
  22 -10       -0.0748937783        0.0369741663
  22 -11       -0.0274521848        0.0306133041
  22 -12        0.0149149530       -0.0189591985
  22 -13        0.0479973670        0.0034150484
  22 -14       -0.0215532331        0.0993110283
  22 -15        0.0039271607        0.0429132655
  22 -16       -0.0465239493       -0.0119000519
  22 -17       -0.0603855435       -0.0143584070
  22 -18        0.0000786556       -0.0166729288
  22 -19        0.0556534134        0.0355532092
  22 -20       -0.0097424610       -0.0524969065
  22 -21       -0.0725815663       -0.0192632038
  22 -22        0.0463193336       -0.0996271201
  23  23       -0.0095738652       -0.0164071246
  23  22        0.0173055138       -0.0677364360
  23  21        0.0233416162        0.0045376678
  23  20       -0.0775999571        0.0574284327
  23  19        0.0192319696        0.0133498606
  23  18       -0.0034696739       -0.0636559206
  23  17       -0.0119331750       -0.0338582261
  23  16        0.0583928580       -0.0465704014
  23  15        0.0383079444        0.0095491985
  23  14        0.0189319643        0.0212128150
  23  13        0.0364955259       -0.0378002153
  23  12        0.0317066574        0.0666230614
  23  11        0.0646720294        0.0704775540
  23  10       -0.0183628288        0.0250789130
  23   9       -0.0350905547        0.0568544650
  23   8       -0.0349468576        0.0988230579
  23   7        0.0747996996        0.0048303568
  23   6       -0.0237324452        0.0269562239
  23   5        0.0075350221        0.0702544127
  23   4       -0.0347865851        0.0105243963
  23   3       -0.0132715137       -0.0073686749
  23   2       -0.0064047956       -0.0233041170
  23   1       -0.0922611356        0.1052849828
  23   0       -0.0646480435        0.0000000000
  23  -1        0.0922611356        0.1052849828
  23  -2       -0.0064047956        0.0233041170
  23  -3        0.0132715137       -0.0073686749
  23  -4       -0.0347865851       -0.0105243963
  23  -5       -0.0075350221        0.0702544127
  23  -6       -0.0237324452       -0.0269562239
  23  -7       -0.0747996996        0.0048303568
  23  -8       -0.0349468576       -0.0988230579
  23  -9        0.0350905547        0.0568544650
  23 -10       -0.0183628288       -0.0250789130
  23 -11       -0.0646720294        0.0704775540
  23 -12        0.0317066574       -0.0666230614
  23 -13       -0.0364955259       -0.0378002153
  23 -14        0.0189319643       -0.0212128150
  23 -15       -0.0383079444        0.0095491985
  23 -16        0.0583928580        0.0465704014
  23 -17        0.0119331750       -0.0338582261
  23 -18       -0.0034696739        0.0636559206
  23 -19       -0.0192319696        0.0133498606
  23 -20       -0.0775999571       -0.0574284327
  23 -21       -0.0233416162        0.0045376678
  23 -22        0.0173055138        0.0677364360
  23 -23        0.0095738652       -0.0164071246
  24  24        0.0350424434       -0.0035653351
  24  23        0.0202969756       -0.0261199141
  24  22        0.0880725579       -0.0949136533
  24  21        0.0533109406        0.0137634137
  24  20        0.0122994505       -0.0079468234
  24  19       -0.0218411680       -0.0449983712
  24  18        0.0595086741       -0.0200304256
  24  17       -0.0020743496        0.0181944511
  24  16       -0.0568145529        0.0482295620
  24  15       -0.0038046816        0.0339287332
  24  14        0.0040790546        0.0633381185
  24  13        0.0066029016       -0.0063896289
  24  12        0.0274852578        0.0172512148
  24  11        0.0353667389        0.0190877461
  24  10        0.0640995543        0.0104453654
  24   9        0.0188083645       -0.0358326263
  24   8        0.0474621376       -0.0411814460
  24   7        0.0180898152       -0.0292372901
  24   6        0.0185149292       -0.0346992961
  24   5       -0.0327635734       -0.0785003644
  24   4        0.0244909589       -0.0102383343
  24   3        0.0435450945       -0.0072274710
  24   2       -0.0682087802       -0.1155652946
  24   1       -0.0328339997        0.0729696091
  24   0       -0.1418351848        0.0000000000
  24  -1        0.0328339997        0.0729696091
  24  -2       -0.0682087802        0.1155652946
  24  -3       -0.0435450945       -0.0072274710
  24  -4        0.0244909589        0.0102383343
  24  -5        0.0327635734       -0.0785003644
  24  -6        0.0185149292        0.0346992961
  24  -7       -0.0180898152       -0.0292372901
  24  -8        0.0474621376        0.0411814460
  24  -9       -0.0188083645       -0.0358326263
  24 -10        0.0640995543       -0.0104453654
  24 -11       -0.0353667389        0.0190877461
  24 -12        0.0274852578       -0.0172512148
  24 -13       -0.0066029016       -0.0063896289
  24 -14        0.0040790546       -0.0633381185
  24 -15        0.0038046816        0.0339287332
  24 -16       -0.0568145529       -0.0482295620
  24 -17        0.0020743496        0.0181944511
  24 -18        0.0595086741        0.0200304256
  24 -19        0.0218411680       -0.0449983712
  24 -20        0.0122994505        0.0079468234
  24 -21       -0.0533109406        0.0137634137
  24 -22        0.0880725579        0.0949136533
  24 -23       -0.0202969756       -0.0261199141
  24 -24        0.0350424434        0.0035653351
  25  25       -0.0246178578        0.0390818635
  25  24        0.0352322638       -0.0350028883
  25  23        0.1027670726        0.0411289833
  25  22        0.0290777558       -0.0418160088
  25  21        0.0747135829       -0.0059319853
  25  20        0.0033769318       -0.0008039794
  25  19       -0.0008550861        0.0804366949
  25  18       -0.0288955093       -0.0132029200
  25  17        0.0565748123       -0.0218235125
  25  16        0.0329390498       -0.0104266489
  25  15        0.0777792579        0.0219765678
  25  14       -0.0042409530        0.0270375545
  25  13        0.0579468558        0.0242721851
  25  12        0.0379142551        0.0059196250
  25  11        0.0265767807        0.0712368507
  25  10        0.0132653488       -0.0225160767
  25   9       -0.0088068407        0.0410350272
  25   8        0.0472685312        0.0174195610
  25   7       -0.0082271580       -0.0104127136
  25   6       -0.0360076841        0.0326214111
  25   5       -0.0466625926        0.0155706528
  25   4        0.0043244733        0.0071406894
  25   3       -0.0638450824        0.0132920389
  25   2       -0.0726367663        0.1005269096
  25   1        0.0689409762       -0.0948689090
  25   0       -0.0349729537        0.0000000000
  25  -1       -0.0689409762       -0.0948689090
  25  -2       -0.0726367663       -0.1005269096
  25  -3        0.0638450824        0.0132920389
  25  -4        0.0043244733       -0.0071406894
  25  -5        0.0466625926        0.0155706528
  25  -6       -0.0360076841       -0.0326214111
  25  -7        0.0082271580       -0.0104127136
  25  -8        0.0472685312       -0.0174195610
  25  -9        0.0088068407        0.0410350272
  25 -10        0.0132653488        0.0225160767
  25 -11       -0.0265767807        0.0712368507
  25 -12        0.0379142551       -0.0059196250
  25 -13       -0.0579468558        0.0242721851
  25 -14       -0.0042409530       -0.0270375545
  25 -15       -0.0777792579        0.0219765678
  25 -16        0.0329390498        0.0104266489
  25 -17       -0.0565748123       -0.0218235125
  25 -18       -0.0288955093        0.0132029200
  25 -19        0.0008550861        0.0804366949
  25 -20        0.0033769318        0.0008039794
  25 -21       -0.0747135829       -0.0059319853
  25 -22        0.0290777558        0.0418160088
  25 -23       -0.1027670726        0.0411289833
  25 -24        0.0352322638        0.0350028883
  25 -25        0.0246178578        0.0390818635
  26  26        0.0321436730        0.0440625002
  26  25       -0.0290195427       -0.0454224183
  26  24        0.0037543273       -0.0127366426
  26  23       -0.0383583430        0.0036616083
  26  22        0.0109718709        0.0122454551
  26  21       -0.0142577008       -0.0124899572
  26  20        0.0078195293       -0.0410540660
  26  19        0.0136166514       -0.0244220665
  26  18        0.0239083551        0.0099849676
  26  17        0.0466956597       -0.0114142190
  26  16       -0.0106676348        0.0504290456
  26  15        0.0408477477       -0.0194428322
  26  14       -0.0188655073        0.0198332271
  26  13       -0.0206332615        0.0016304693
  26  12       -0.0418954711       -0.0379810835
  26  11        0.0176215031        0.0002129811
  26  10        0.0266526978        0.0174792574
  26   9        0.0090357110        0.0441524101
  26   8       -0.0289588687        0.0523027000
  26   7        0.0030225531        0.0251860882
  26   6        0.0132770351        0.0053536713
  26   5       -0.0706367323       -0.0069565918
  26   4        0.0463120317        0.0105889895
  26   3        0.0270954279        0.0322909199
  26   2       -0.0067087897       -0.0131082560
  26   1       -0.0161640644       -0.0543934763
  26   0        0.0484499820        0.0000000000
  26  -1        0.0161640644       -0.0543934763
  26  -2       -0.0067087897        0.0131082560
  26  -3       -0.0270954279        0.0322909199
  26  -4        0.0463120317       -0.0105889895
  26  -5        0.0706367323       -0.0069565918
  26  -6        0.0132770351       -0.0053536713
  26  -7       -0.0030225531        0.0251860882
  26  -8       -0.0289588687       -0.0523027000
  26  -9       -0.0090357110        0.0441524101
  26 -10        0.0266526978       -0.0174792574
  26 -11       -0.0176215031        0.0002129811
  26 -12       -0.0418954711        0.0379810835
  26 -13        0.0206332615        0.0016304693
  26 -14       -0.0188655073       -0.0198332271
  26 -15       -0.0408477477       -0.0194428322
  26 -16       -0.0106676348       -0.0504290456
  26 -17       -0.0466956597       -0.0114142190
  26 -18        0.0239083551       -0.0099849676
  26 -19       -0.0136166514       -0.0244220665
  26 -20        0.0078195293        0.0410540660
  26 -21        0.0142577008       -0.0124899572
  26 -22        0.0109718709       -0.0122454551
  26 -23        0.0383583430        0.0036616083
  26 -24        0.0037543273        0.0127366426
  26 -25        0.0290195427       -0.0454224183
  26 -26        0.0321436730       -0.0440625002
