   0   0       10.2716134866        0.0000000000
   1   1        0.2092314468        0.2321923933
   1   0       -0.5321767157        0.0000000000
   1  -1       -0.2092314468        0.2321923933
   2   2        0.8576852770        0.3789065494
   2   1       -0.4137405909       -0.1852913894
   2   0       -2.1365020849        0.0000000000
   2  -1        0.4137405909       -0.1852913894
   2  -2        0.8576852770       -0.3789065494
   3   3        0.2460034066       -0.2570406418
   3   2       -0.0494186384       -0.2852044028
   3   1        0.1828859636       -0.0040686557
   3   0       -0.7593274748        0.0000000000
   3  -1       -0.1828859636       -0.0040686557
   3  -2       -0.0494186384        0.2852044028
   3  -3       -0.2460034066       -0.2570406418
   4   4        0.2313434208        0.2649617637
   4   3       -0.0698052130       -0.1393626606
   4   2       -0.4519956439       -0.0412704276
   4   1        0.2139463879        0.0614357591
   4   0        0.5853754162        0.0000000000
   4  -1       -0.2139463879        0.0614357591
   4  -2       -0.4519956439        0.0412704276
   4  -3        0.0698052130       -0.1393626606
   4  -4        0.2313434208       -0.2649617637
   5   5        0.1195359819       -0.0461640010
   5   4       -0.0358765708       -0.0576695627
   5   3       -0.0679243707        0.2480250960
   5   2       -0.0735247220        0.1035522053
   5   1       -0.1128579217       -0.0005070875
   5   0        0.5096129100        0.0000000000
   5  -1        0.1128579217       -0.0005070875
   5  -2       -0.0735247220       -0.1035522053
   5  -3        0.0679243707        0.2480250960
   5  -4       -0.0358765708        0.0576695627
   5  -5       -0.1195359819       -0.0461640010
   6   6        0.0386332575        0.1173427373
   6   5       -0.0634836716       -0.1096751373
   6   4       -0.1367271283       -0.0418950543
   6   3        0.0139401024        0.0780840025
   6   2        0.2512759816        0.0386352516
   6   1       -0.1981632897       -0.0084170031
   6   0        0.1069473434        0.0000000000
   6  -1        0.1981632897       -0.0084170031
   6  -2        0.2512759816       -0.0386352516
   6  -3       -0.0139401024        0.0780840025
   6  -4       -0.1367271283        0.0418950543
   6  -5        0.0634836716       -0.1096751373
   6  -6        0.0386332575       -0.1173427373
   7   7        0.0694254117       -0.0649487062
   7   6        0.0310763785       -0.0340070075
   7   5       -0.0449720130        0.1109933129
   7   4        0.0498309011       -0.0466389558
   7   3        0.0236822341       -0.1358607192
   7   2        0.1569774634       -0.0054583329
   7   1        0.0922774489       -0.0048940131
   7   0       -0.3108178253        0.0000000000
   7  -1       -0.0922774489       -0.0048940131
   7  -2        0.1569774634        0.0054583329
   7  -3       -0.0236822341       -0.1358607192
   7  -4        0.0498309011        0.0466389558
   7  -5        0.0449720130        0.1109933129
   7  -6        0.0310763785        0.0340070075
   7  -7       -0.0694254117       -0.0649487062
   8   8       -0.0041611965        0.0222527516
   8   7        0.0576547165       -0.0096725085
   8   6       -0.0691493766       -0.0249755869
   8   5        0.0522499000        0.0481699905
   8   4        0.0643864305        0.0353190981
   8   3       -0.0065114448       -0.0836768255
   8   2       -0.1520858650       -0.0801059758
   8   1        0.1393453605       -0.0186863894
   8   0       -0.1746803672        0.0000000000
   8  -1       -0.1393453605       -0.0186863894
   8  -2       -0.1520858650        0.0801059758
   8  -3        0.0065114448       -0.0836768255
   8  -4        0.0643864305       -0.0353190981
   8  -5       -0.0522499000        0.0481699905
   8  -6       -0.0691493766        0.0249755869
   8  -7       -0.0576547165       -0.0096725085
   8  -8       -0.0041611965       -0.0222527516
   9   9        0.0536832910       -0.0245200709
   9   8        0.0021045182        0.0168886908
   9   7       -0.0553409541        0.0413411648
   9   6        0.0388935341       -0.0078726624
   9   5       -0.0018766893       -0.0661130854
   9   4       -0.0427686507        0.0448257461
   9   3        0.0087082008        0.0540530537
   9   2       -0.1053108116       -0.0177920185
   9   1       -0.0616805305       -0.0130182719
   9   0        0.0221701920        0.0000000000
   9  -1        0.0616805305       -0.0130182719
   9  -2       -0.1053108116        0.0177920185
   9  -3       -0.0087082008        0.0540530537
   9  -4       -0.0427686507       -0.0448257461
   9  -5        0.0018766893       -0.0661130854
   9  -6        0.0388935341        0.0078726624
   9  -7        0.0553409541        0.0413411648
   9  -8        0.0021045182       -0.0168886908
   9  -9       -0.0536832910       -0.0245200709
  10  10       -0.0133117423        0.0089727329
  10   9        0.0036654637        0.0171485492
  10   8       -0.0194455024       -0.0340260525
  10   7       -0.0082677493        0.0394709294
  10   6       -0.0093064282        0.0048079568
  10   5       -0.0007963092       -0.0458246256
  10   4        0.0117667192       -0.0380139725
  10   3        0.0012904031        0.1046443712
  10   2       -0.0042131757        0.0654280140
  10   1       -0.0266529832        0.0758500724
  10   0        0.1558503913        0.0000000000
  10  -1        0.0266529832        0.0758500724
  10  -2       -0.0042131757       -0.0654280140
  10  -3       -0.0012904031        0.1046443712
  10  -4        0.0117667192        0.0380139725
  10  -5        0.0007963092       -0.0458246256
  10  -6       -0.0093064282       -0.0048079568
  10  -7        0.0082677493        0.0394709294
  10  -8       -0.0194455024        0.0340260525
  10  -9       -0.0036654637        0.0171485492
  10 -10       -0.0133117423       -0.0089727329
  11  11        0.0294393191        0.0134605993
  11  10        0.0142724917        0.0237888396
  11   9       -0.0278764012        0.0063808388
  11   8        0.0474153942        0.0025882238
  11   7        0.0012545586       -0.0646922744
  11   6       -0.0082997441        0.0314183626
  11   5       -0.0089746044        0.0372387105
  11   4       -0.0306553777        0.0132750894
  11   3       -0.0094512538       -0.0471066593
  11   2        0.1172507066        0.0530594087
  11   1       -0.0772862351       -0.0351987267
  11   0        0.1409529213        0.0000000000
  11  -1        0.0772862351       -0.0351987267
  11  -2        0.1172507066       -0.0530594087
  11  -3        0.0094512538       -0.0471066593
  11  -4       -0.0306553777       -0.0132750894
  11  -5        0.0089746044        0.0372387105
  11  -6       -0.0082997441       -0.0314183626
  11  -7       -0.0012545586       -0.0646922744
  11  -8        0.0474153942       -0.0025882238
  11  -9        0.0278764012        0.0063808388
  11 -10        0.0142724917       -0.0237888396
  11 -11       -0.0294393191        0.0134605993
  12  12       -0.0058971753       -0.0172369035
  12  11        0.0169537378        0.0152988006
  12  10       -0.0002236898       -0.0092400010
  12   9       -0.0133489329        0.0113347294
  12   8       -0.0156263107        0.0114850244
  12   7       -0.0005871032       -0.0175946716
  12   6        0.0282274482       -0.0055832804
  12   5       -0.0173050630        0.0499006663
  12   4        0.0179349566       -0.0231274937
  12   3       -0.0166552406       -0.0460857654
  12   2        0.0388281667       -0.0670249879
  12   1        0.0726681413       -0.0371600402
  12   0       -0.1658787399        0.0000000000
  12  -1       -0.0726681413       -0.0371600402
  12  -2        0.0388281667        0.0670249879
  12  -3        0.0166552406       -0.0460857654
  12  -4        0.0179349566        0.0231274937
  12  -5        0.0173050630        0.0499006663
  12  -6        0.0282274482        0.0055832804
  12  -7        0.0005871032       -0.0175946716
  12  -8       -0.0156263107       -0.0114850244
  12  -9        0.0133489329        0.0113347294
  12 -10       -0.0002236898        0.0092400010
  12 -11       -0.0169537378        0.0152988006
  12 -12       -0.0058971753        0.0172369035
  13  13        0.0157081535        0.0273800718
  13  12       -0.0009801775        0.0275523559
  13  11       -0.0271198437       -0.0132156230
  13  10        0.0116840764       -0.0083359001
  13   9        0.0164039543       -0.0232089953
  13   8       -0.0412230020        0.0028016328
  13   7        0.0271771222        0.0415893100
  13   6       -0.0207648726       -0.0236394499
  13   5        0.0265961610       -0.0289826502
  13   4        0.0194539538        0.0060419794
  13   3        0.0141418004        0.0051887075
  13   2       -0.0739149465       -0.0252949829
  13   1        0.0650204543        0.0224613226
  13   0       -0.0594830523        0.0000000000
  13  -1       -0.0650204543        0.0224613226
  13  -2       -0.0739149465        0.0252949829
  13  -3       -0.0141418004        0.0051887075
  13  -4        0.0194539538       -0.0060419794
  13  -5       -0.0265961610       -0.0289826502
  13  -6       -0.0207648726        0.0236394499
  13  -7       -0.0271771222        0.0415893100
  13  -8       -0.0412230020       -0.0028016328
  13  -9       -0.0164039543       -0.0232089953
  13 -10        0.0116840764        0.0083359001
  13 -11        0.0271198437       -0.0132156230
  13 -12       -0.0009801775       -0.0275523559
  13 -13       -0.0157081535        0.0273800718
  14  14        0.0057870236       -0.0175739329
  14  13        0.0237553790        0.0135375447
  14  12       -0.0100995139       -0.0097621772
  14  11       -0.0002176048       -0.0062226768
  14  10       -0.0216030785        0.0051082901
  14   9        0.0106243169       -0.0173117941
  14   8        0.0334414556        0.0065795475
  14   7       -0.0122385943        0.0186706430
  14   6       -0.0056992914       -0.0088662899
  14   5        0.0077133977       -0.0315982945
  14   4       -0.0163703598        0.0255932399
  14   3        0.0139504916       -0.0056672859
  14   2       -0.0349284082        0.0110679486
  14   1       -0.0591578449       -0.0074441079
  14   0        0.0397976213        0.0000000000
  14  -1        0.0591578449       -0.0074441079
  14  -2       -0.0349284082       -0.0110679486
  14  -3       -0.0139504916       -0.0056672859
  14  -4       -0.0163703598       -0.0255932399
  14  -5       -0.0077133977       -0.0315982945
  14  -6       -0.0056992914        0.0088662899
  14  -7        0.0122385943        0.0186706430
  14  -8        0.0334414556       -0.0065795475
  14  -9       -0.0106243169       -0.0173117941
  14 -10       -0.0216030785       -0.0051082901
  14 -11        0.0002176048       -0.0062226768
  14 -12       -0.0100995139        0.0097621772
  14 -13       -0.0237553790        0.0135375447
  14 -14        0.0057870236        0.0175739329
  15  15       -0.0079684915        0.0152994619
  15  14        0.0053747979        0.0054011587
  15  13       -0.0110384292       -0.0054880970
  15  12        0.0084387375        0.0102957110
  15  11        0.0046243037       -0.0008471150
  15  10       -0.0039535856       -0.0076168336
  15   9        0.0063568448        0.0377691253
  15   8       -0.0003984005       -0.0182036308
  15   7       -0.0071012276       -0.0252212317
  15   6        0.0143666475        0.0229342124
  15   5       -0.0347059847        0.0102377400
  15   4       -0.0036951323       -0.0193585188
  15   3        0.0007472396        0.0616779730
  15   2        0.0007120026        0.0100256824
  15   1       -0.0380488304        0.0320268171
  15   0        0.0041426679        0.0000000000
  15  -1        0.0380488304        0.0320268171
  15  -2        0.0007120026       -0.0100256824
  15  -3       -0.0007472396        0.0616779730
  15  -4       -0.0036951323        0.0193585188
  15  -5        0.0347059847        0.0102377400
  15  -6        0.0143666475       -0.0229342124
  15  -7        0.0071012276       -0.0252212317
  15  -8       -0.0003984005        0.0182036308
  15  -9       -0.0063568448        0.0377691253
  15 -10       -0.0039535856        0.0076168336
  15 -11       -0.0046243037       -0.0008471150
  15 -12        0.0084387375       -0.0102957110
  15 -13        0.0110384292       -0.0054880970
  15 -14        0.0053747979       -0.0054011587
  15 -15        0.0079684915        0.0152994619
  16  16        0.0174706834       -0.0220181463
  16  15        0.0017643242       -0.0005164668
  16  14       -0.0082120224       -0.0114073128
  16  13       -0.0067217443        0.0027117365
  16  12       -0.0045207110       -0.0146393045
  16  11        0.0129512165        0.0025512223
  16  10        0.0169662361        0.0166157721
  16   9       -0.0241914051       -0.0020408764
  16   8        0.0065766992       -0.0110669302
  16   7       -0.0038623416       -0.0131642029
  16   6       -0.0177978183        0.0089688621
  16   5        0.0303126287        0.0156895638
  16   4        0.0001529857       -0.0068808459
  16   3       -0.0149450749       -0.0236423507
  16   2        0.0594880511        0.0547576004
  16   1        0.0296414912       -0.0039355400
  16   0        0.0464462892        0.0000000000
  16  -1       -0.0296414912       -0.0039355400
  16  -2        0.0594880511       -0.0547576004
  16  -3        0.0149450749       -0.0236423507
  16  -4        0.0001529857        0.0068808459
  16  -5       -0.0303126287        0.0156895638
  16  -6       -0.0177978183       -0.0089688621
  16  -7        0.0038623416       -0.0131642029
  16  -8        0.0065766992        0.0110669302
  16  -9        0.0241914051       -0.0020408764
  16 -10        0.0169662361       -0.0166157721
  16 -11       -0.0129512165        0.0025512223
  16 -12       -0.0045207110        0.0146393045
  16 -13        0.0067217443        0.0027117365
  16 -14       -0.0082120224        0.0114073128
  16 -15       -0.0017643242       -0.0005164668
  16 -16        0.0174706834        0.0220181463
  17  17       -0.0056011160        0.0019653356
  17  16        0.0179794016       -0.0053339953
  17  15       -0.0142117945       -0.0208859924
  17  14       -0.0006154130        0.0100768727
  17  13       -0.0102190745       -0.0074099275
  17  12        0.0086985349       -0.0060812655
  17  11       -0.0078462570        0.0188163270
  17  10        0.0003715437       -0.0158060852
  17   9        0.0023477237       -0.0159504779
  17   8       -0.0074633042        0.0286023098
  17   7       -0.0060740348        0.0026953117
  17   6        0.0165805775       -0.0120926062
  17   5       -0.0144392918        0.0106272859
  17   4        0.0029799220        0.0133271114
  17   3       -0.0122093272       -0.0385204363
  17   2       -0.0050531447       -0.0326243794
  17   1        0.0217983654       -0.0303077271
  17   0        0.0412825772        0.0000000000
  17  -1       -0.0217983654       -0.0303077271
  17  -2       -0.0050531447        0.0326243794
  17  -3        0.0122093272       -0.0385204363
  17  -4        0.0029799220       -0.0133271114
  17  -5        0.0144392918        0.0106272859
  17  -6        0.0165805775        0.0120926062
  17  -7        0.0060740348        0.0026953117
  17  -8       -0.0074633042       -0.0286023098
  17  -9       -0.0023477237       -0.0159504779
  17 -10        0.0003715437        0.0158060852
  17 -11        0.0078462570        0.0188163270
  17 -12        0.0086985349        0.0060812655
  17 -13        0.0102190745       -0.0074099275
  17 -14       -0.0006154130       -0.0100768727
  17 -15        0.0142117945       -0.0208859924
  17 -16        0.0179794016        0.0053339953
  17 -17        0.0056011160        0.0019653356
  18  18        0.0158625938       -0.0129775932
  18  17        0.0037695766       -0.0002244112
  18  16       -0.0028344365        0.0044619383
  18  15        0.0037734737        0.0100613620
  18  14       -0.0012599546       -0.0048374422
  18  13        0.0164224768       -0.0040391090
  18  12       -0.0064548242        0.0183523902
  18  11       -0.0091615372       -0.0151775814
  18  10        0.0004474289        0.0011680743
  18   9        0.0063784052       -0.0036091326
  18   8       -0.0200333354        0.0059427587
  18   7        0.0216549309        0.0133435596
  18   6        0.0113930065       -0.0084589087
  18   5       -0.0018097361       -0.0129592348
  18   4        0.0060886144        0.0034681875
  18   3        0.0134719700        0.0186419123
  18   2       -0.0149648236       -0.0542655544
  18   1       -0.0242116041       -0.0077049507
  18   0       -0.0938534234        0.0000000000
  18  -1        0.0242116041       -0.0077049507
  18  -2       -0.0149648236        0.0542655544
  18  -3       -0.0134719700        0.0186419123
  18  -4        0.0060886144       -0.0034681875
  18  -5        0.0018097361       -0.0129592348
  18  -6        0.0113930065        0.0084589087
  18  -7       -0.0216549309        0.0133435596
  18  -8       -0.0200333354       -0.0059427587
  18  -9       -0.0063784052       -0.0036091326
  18 -10        0.0004474289       -0.0011680743
  18 -11        0.0091615372       -0.0151775814
  18 -12       -0.0064548242       -0.0183523902
  18 -13       -0.0164224768       -0.0040391090
  18 -14       -0.0012599546        0.0048374422
  18 -15       -0.0037734737        0.0100613620
  18 -16       -0.0028344365       -0.0044619383
  18 -17       -0.0037695766       -0.0002244112
  18 -18        0.0158625938        0.0129775932
  19  19       -0.0176686540        0.0041439626
  19  18       -0.0007322730       -0.0010885461
  19  17        0.0080366559       -0.0056566073
  19  16       -0.0175158207        0.0202907646
  19  15        0.0027365569       -0.0124738597
  19  14        0.0124107469        0.0074040076
  19  13       -0.0052917583        0.0098902191
  19  12        0.0024245066       -0.0090351042
  19  11        0.0022359951       -0.0130628433
  19  10       -0.0074808769        0.0158865277
  19   9        0.0019850675        0.0050894026
  19   8        0.0215854425       -0.0282633050
  19   7        0.0044652003        0.0126947168
  19   6       -0.0254050883        0.0026805108
  19   5        0.0097728835       -0.0154133111
  19   4       -0.0000939818       -0.0121488209
  19   3        0.0141113543        0.0093884506
  19   2       -0.0134386807        0.0199348436
  19   1        0.0183689322        0.0205977659
  19   0       -0.0509469655        0.0000000000
  19  -1       -0.0183689322        0.0205977659
  19  -2       -0.0134386807       -0.0199348436
  19  -3       -0.0141113543        0.0093884506
  19  -4       -0.0000939818        0.0121488209
  19  -5       -0.0097728835       -0.0154133111
  19  -6       -0.0254050883       -0.0026805108
  19  -7       -0.0044652003        0.0126947168
  19  -8        0.0215854425        0.0282633050
  19  -9       -0.0019850675        0.0050894026
  19 -10       -0.0074808769       -0.0158865277
  19 -11       -0.0022359951       -0.0130628433
  19 -12        0.0024245066        0.0090351042
  19 -13        0.0052917583        0.0098902191
  19 -14        0.0124107469       -0.0074040076
  19 -15       -0.0027365569       -0.0124738597
  19 -16       -0.0175158207       -0.0202907646
  19 -17       -0.0080366559       -0.0056566073
  19 -18       -0.0007322730        0.0010885461
  19 -19        0.0176686540        0.0041439626
  20  20        0.0275767178        0.0031919138
  20  19       -0.0013686263       -0.0080490946
  20  18       -0.0060284022        0.0078924124
  20  17       -0.0000019649        0.0033352667
  20  16        0.0039835662       -0.0193143323
  20  15        0.0101257524        0.0142145377
  20  14       -0.0095250082       -0.0029209092
  20  13        0.0022593848       -0.0005320381
  20  12       -0.0001281880        0.0012477907
  20  11        0.0090764092        0.0167294631
  20  10       -0.0150440365       -0.0128430018
  20   9        0.0098716453        0.0071025195
  20   8        0.0036015246        0.0052428574
  20   7       -0.0221895723       -0.0161699601
  20   6       -0.0016545472        0.0055635000
  20   5       -0.0007325281        0.0068925493
  20   4       -0.0135008475       -0.0052062896
  20   3       -0.0042739207       -0.0036790742
  20   2       -0.0095452936        0.0431463878
  20   1       -0.0051698556        0.0238308693
  20   0        0.0930064048        0.0000000000
  20  -1        0.0051698556        0.0238308693
  20  -2       -0.0095452936       -0.0431463878
  20  -3        0.0042739207       -0.0036790742
  20  -4       -0.0135008475        0.0052062896
  20  -5        0.0007325281        0.0068925493
  20  -6       -0.0016545472       -0.0055635000
  20  -7        0.0221895723       -0.0161699601
  20  -8        0.0036015246       -0.0052428574
  20  -9       -0.0098716453        0.0071025195
  20 -10       -0.0150440365        0.0128430018
  20 -11       -0.0090764092        0.0167294631
  20 -12       -0.0001281880       -0.0012477907
  20 -13       -0.0022593848       -0.0005320381
  20 -14       -0.0095250082        0.0029209092
  20 -15       -0.0101257524        0.0142145377
  20 -16        0.0039835662        0.0193143323
  20 -17        0.0000019649        0.0033352667
  20 -18       -0.0060284022       -0.0078924124
  20 -19        0.0013686263       -0.0080490946
  20 -20        0.0275767178       -0.0031919138
  21  21       -0.0117753012       -0.0022761915
  21  20        0.0098663168       -0.0009754909
  21  19        0.0096310639       -0.0013003801
  21  18       -0.0026894546        0.0000966542
  21  17        0.0004847634       -0.0024914884
  21  16        0.0039711056        0.0006777178
  21  15       -0.0076537056        0.0031159783
  21  14       -0.0008373039       -0.0040640866
  21  13        0.0028312596       -0.0091028126
  21  12       -0.0069498908        0.0108824511
  21  11       -0.0022571380       -0.0040075462
  21  10        0.0219787225       -0.0066337621
  21   9       -0.0098765979        0.0010717057
  21   8       -0.0064222947        0.0084979026
  21   7       -0.0016305682       -0.0126945380
  21   6        0.0095901423        0.0019730865
  21   5       -0.0076942607        0.0188447683
  21   4        0.0040233200        0.0149049538
  21   3       -0.0184283753        0.0007654362
  21   2        0.0144669671       -0.0016922001
  21   1       -0.0207823126       -0.0165194366
  21   0        0.0390121084        0.0000000000
  21  -1        0.0207823126       -0.0165194366
  21  -2        0.0144669671        0.0016922001
  21  -3        0.0184283753        0.0007654362
  21  -4        0.0040233200       -0.0149049538
  21  -5        0.0076942607        0.0188447683
  21  -6        0.0095901423       -0.0019730865
  21  -7        0.0016305682       -0.0126945380
  21  -8       -0.0064222947       -0.0084979026
  21  -9        0.0098765979        0.0010717057
  21 -10        0.0219787225        0.0066337621
  21 -11        0.0022571380       -0.0040075462
  21 -12       -0.0069498908       -0.0108824511
  21 -13       -0.0028312596       -0.0091028126
  21 -14       -0.0008373039        0.0040640866
  21 -15        0.0076537056        0.0031159783
  21 -16        0.0039711056       -0.0006777178
  21 -17       -0.0004847634       -0.0024914884
  21 -18       -0.0026894546       -0.0000966542
  21 -19       -0.0096310639       -0.0013003801
  21 -20        0.0098663168        0.0009754909
  21 -21        0.0117753012       -0.0022761915
  22  22        0.0082623548        0.0139754982
  22  21       -0.0184334129       -0.0092586487
  22  20        0.0000874597        0.0072557878
  22  19        0.0008229175        0.0063568764
  22  18        0.0006226114       -0.0044131669
  22  17       -0.0049498513        0.0070064408
  22  16        0.0018442687       -0.0021400980
  22  15       -0.0072574638       -0.0018172779
  22  14        0.0008592565       -0.0003789851
  22  13       -0.0089291249        0.0085794047
  22  12        0.0059413572       -0.0214822446
  22  11        0.0002322049        0.0050966935
  22  10        0.0095439908        0.0095297987
  22   9       -0.0163545972       -0.0048888147
  22   8       -0.0075766553        0.0029029279
  22   7        0.0108646013        0.0077606804
  22   6        0.0144984432        0.0012554686
  22   5       -0.0040882392       -0.0097287058
  22   4        0.0117157648       -0.0008556920
  22   3        0.0087277960        0.0154529731
  22   2        0.0210468767       -0.0275399443
  22   1       -0.0003208857       -0.0170288593
  22   0       -0.0564113535        0.0000000000
  22  -1        0.0003208857       -0.0170288593
  22  -2        0.0210468767        0.0275399443
  22  -3       -0.0087277960        0.0154529731
  22  -4        0.0117157648        0.0008556920
  22  -5        0.0040882392       -0.0097287058
  22  -6        0.0144984432       -0.0012554686
  22  -7       -0.0108646013        0.0077606804
  22  -8       -0.0075766553       -0.0029029279
  22  -9        0.0163545972       -0.0048888147
  22 -10        0.0095439908       -0.0095297987
  22 -11       -0.0002322049        0.0050966935
  22 -12        0.0059413572        0.0214822446
  22 -13        0.0089291249        0.0085794047
  22 -14        0.0008592565        0.0003789851
  22 -15        0.0072574638       -0.0018172779
  22 -16        0.0018442687        0.0021400980
  22 -17        0.0049498513        0.0070064408
  22 -18        0.0006226114        0.0044131669
  22 -19       -0.0008229175        0.0063568764
  22 -20        0.0000874597       -0.0072557878
  22 -21        0.0184334129       -0.0092586487
  22 -22        0.0082623548       -0.0139754982
  23  23        0.0053295997       -0.0014401464
  23  22       -0.0065837338        0.0021954296
  23  21       -0.0006302139       -0.0002601538
  23  20       -0.0131483983       -0.0072242767
  23  19       -0.0005068018        0.0005856279
  23  18        0.0050595998       -0.0014764665
  23  17       -0.0019934231       -0.0032105784
  23  16        0.0015072374        0.0087888096
  23  15        0.0076199061       -0.0106264276
  23  14       -0.0011609952        0.0051181032
  23  13        0.0022839820        0.0025304788
  23  12        0.0023651626        0.0033555244
  23  11       -0.0045993993       -0.0044591063
  23  10       -0.0188776169        0.0047870512
  23   9        0.0152450377       -0.0107032670
  23   8        0.0079492962       -0.0057724117
  23   7        0.0050729689        0.0160629256
  23   6       -0.0127732399       -0.0069662963
  23   5        0.0173561912       -0.0102759196
  23   4       -0.0024735732       -0.0008444438
  23   3        0.0028254057       -0.0300160443
  23   2        0.0026937264       -0.0077450094
  23   1        0.0386079348       -0.0077815155
  23   0       -0.0392539856        0.0000000000
  23  -1       -0.0386079348       -0.0077815155
  23  -2        0.0026937264        0.0077450094
  23  -3       -0.0028254057       -0.0300160443
  23  -4       -0.0024735732        0.0008444438
  23  -5       -0.0173561912       -0.0102759196
  23  -6       -0.0127732399        0.0069662963
  23  -7       -0.0050729689        0.0160629256
  23  -8        0.0079492962        0.0057724117
  23  -9       -0.0152450377       -0.0107032670
  23 -10       -0.0188776169       -0.0047870512
  23 -11        0.0045993993       -0.0044591063
  23 -12        0.0023651626       -0.0033555244
  23 -13       -0.0022839820        0.0025304788
  23 -14       -0.0011609952       -0.0051181032
  23 -15       -0.0076199061       -0.0106264276
  23 -16        0.0015072374       -0.0087888096
  23 -17        0.0019934231       -0.0032105784
  23 -18        0.0050595998        0.0014764665
  23 -19        0.0005068018        0.0005856279
  23 -20       -0.0131483983        0.0072242767
  23 -21        0.0006302139       -0.0002601538
  23 -22       -0.0065837338       -0.0021954296
  23 -23       -0.0053295997       -0.0014401464
  24  24       -0.0033844241        0.0058425132
  24  23       -0.0007731907        0.0028745137
  24  22       -0.0009800333        0.0057845082
  24  21        0.0058353427       -0.0075460229
  24  20        0.0083793006        0.0048592348
  24  19       -0.0092500958        0.0033239497
  24  18        0.0016311264        0.0000917295
  24  17        0.0030808042       -0.0015753193
  24  16       -0.0028383939        0.0017229092
  24  15       -0.0012757202        0.0027748171
  24  14        0.0067321563       -0.0023992744
  24  13        0.0002035953       -0.0095792917
  24  12        0.0034685582        0.0154463989
  24  11       -0.0046263859       -0.0043519484
  24  10       -0.0037926376       -0.0059540849
  24   9        0.0090523786        0.0105517782
  24   8       -0.0016720435        0.0048834331
  24   7       -0.0046235791       -0.0067748526
  24   6       -0.0030340471       -0.0029003758
  24   5       -0.0066177145        0.0089681097
  24   4       -0.0111746677       -0.0077448001
  24   3       -0.0016483638       -0.0075132299
  24   2       -0.0389199726        0.0067132875
  24   1       -0.0037151786        0.0195832329
  24   0        0.0392333070        0.0000000000
  24  -1        0.0037151786        0.0195832329
  24  -2       -0.0389199726       -0.0067132875
  24  -3        0.0016483638       -0.0075132299
  24  -4       -0.0111746677        0.0077448001
  24  -5        0.0066177145        0.0089681097
  24  -6       -0.0030340471        0.0029003758
  24  -7        0.0046235791       -0.0067748526
  24  -8       -0.0016720435       -0.0048834331
  24  -9       -0.0090523786        0.0105517782
  24 -10       -0.0037926376        0.0059540849
  24 -11        0.0046263859       -0.0043519484
  24 -12        0.0034685582       -0.0154463989
  24 -13       -0.0002035953       -0.0095792917
  24 -14        0.0067321563        0.0023992744
  24 -15        0.0012757202        0.0027748171
  24 -16       -0.0028383939       -0.0017229092
  24 -17       -0.0030808042       -0.0015753193
  24 -18        0.0016311264       -0.0000917295
  24 -19        0.0092500958        0.0033239497
  24 -20        0.0083793006       -0.0048592348
  24 -21       -0.0058353427       -0.0075460229
  24 -22       -0.0009800333       -0.0057845082
  24 -23        0.0007731907        0.0028745137
  24 -24       -0.0033844241       -0.0058425132
  25  25        0.0018325426        0.0036692241
  25  24        0.0019782726        0.0114848165
  25  23        0.0049382959        0.0007718272
  25  22        0.0005625500       -0.0099317241
  25  21        0.0066366518        0.0039411604
  25  20       -0.0057532640       -0.0010021182
  25  19        0.0008532375       -0.0081102709
  25  18       -0.0009325908        0.0062456333
  25  17        0.0040449598       -0.0019961183
  25  16       -0.0069262555       -0.0062537150
  25  15        0.0015454154        0.0044452950
  25  14       -0.0027142381       -0.0024024814
  25  13        0.0058624956        0.0055371105
  25  12       -0.0095357736       -0.0011329335
  25  11        0.0066771253       -0.0003365293
  25  10        0.0062023009       -0.0050574802
  25   9       -0.0043617842        0.0064541779
  25   8        0.0006226304       -0.0098449346
  25   7       -0.0015394393       -0.0127655430
  25   6       -0.0046083374        0.0066061082
  25   5       -0.0100279458        0.0002577460
  25   4        0.0005100978       -0.0045361318
  25   3        0.0074373500        0.0352361541
  25   2       -0.0007691166        0.0137208916
  25   1       -0.0463119288        0.0194757973
  25   0        0.0189583798        0.0000000000
  25  -1        0.0463119288        0.0194757973
  25  -2       -0.0007691166       -0.0137208916
  25  -3       -0.0074373500        0.0352361541
  25  -4        0.0005100978        0.0045361318
  25  -5        0.0100279458        0.0002577460
  25  -6       -0.0046083374       -0.0066061082
  25  -7        0.0015394393       -0.0127655430
  25  -8        0.0006226304        0.0098449346
  25  -9        0.0043617842        0.0064541779
  25 -10        0.0062023009        0.0050574802
  25 -11       -0.0066771253       -0.0003365293
  25 -12       -0.0095357736        0.0011329335
  25 -13       -0.0058624956        0.0055371105
  25 -14       -0.0027142381        0.0024024814
  25 -15       -0.0015454154        0.0044452950
  25 -16       -0.0069262555        0.0062537150
  25 -17       -0.0040449598       -0.0019961183
  25 -18       -0.0009325908       -0.0062456333
  25 -19       -0.0008532375       -0.0081102709
  25 -20       -0.0057532640        0.0010021182
  25 -21       -0.0066366518        0.0039411604
  25 -22        0.0005625500        0.0099317241
  25 -23       -0.0049382959        0.0007718272
  25 -24        0.0019782726       -0.0114848165
  25 -25       -0.0018325426        0.0036692241
  26  26       -0.0003581049        0.0071879641
  26  25        0.0034996665        0.0009917585
  26  24        0.0113695315       -0.0002350481
  26  23        0.0001916643        0.0010302286
  26  22       -0.0063833125       -0.0017522680
  26  21       -0.0058507174        0.0084519851
  26  20        0.0058495087       -0.0021913367
  26  19        0.0091015867        0.0002723010
  26  18       -0.0080672388       -0.0007673447
  26  17       -0.0039049646        0.0005542495
  26  16        0.0090314372       -0.0035907996
  26  15       -0.0026238414        0.0023784075
  26  14       -0.0042317110        0.0077286561
  26  13       -0.0008540070       -0.0053444204
  26  12       -0.0037882735       -0.0095579584
  26  11        0.0103369890        0.0092058545
  26  10        0.0061457310        0.0066435092
  26   9       -0.0132493078       -0.0045341880
  26   8        0.0012320473        0.0005233740
  26   7       -0.0036067439        0.0121125054
  26   6        0.0039132764        0.0027260838
  26   5        0.0031707753       -0.0072120772
  26   4        0.0122998690        0.0129617990
  26   3       -0.0066518688        0.0079944160
  26   2        0.0265848103        0.0058868846
  26   1        0.0096325584       -0.0177571935
  26   0       -0.0166042059        0.0000000000
  26  -1       -0.0096325584       -0.0177571935
  26  -2        0.0265848103       -0.0058868846
  26  -3        0.0066518688        0.0079944160
  26  -4        0.0122998690       -0.0129617990
  26  -5       -0.0031707753       -0.0072120772
  26  -6        0.0039132764       -0.0027260838
  26  -7        0.0036067439        0.0121125054
  26  -8        0.0012320473       -0.0005233740
  26  -9        0.0132493078       -0.0045341880
  26 -10        0.0061457310       -0.0066435092
  26 -11       -0.0103369890        0.0092058545
  26 -12       -0.0037882735        0.0095579584
  26 -13        0.0008540070       -0.0053444204
  26 -14       -0.0042317110       -0.0077286561
  26 -15        0.0026238414        0.0023784075
  26 -16        0.0090314372        0.0035907996
  26 -17        0.0039049646        0.0005542495
  26 -18       -0.0080672388        0.0007673447
  26 -19       -0.0091015867        0.0002723010
  26 -20        0.0058495087        0.0021913367
  26 -21        0.0058507174        0.0084519851
  26 -22       -0.0063833125        0.0017522680
  26 -23       -0.0001916643        0.0010302286
  26 -24        0.0113695315        0.0002350481
  26 -25       -0.0034996665        0.0009917585
  26 -26       -0.0003581049       -0.0071879641
  27  27       -0.0064099626       -0.0041707571
  27  26        0.0147240002        0.0056082537
  27  25        0.0038549502        0.0087833297
  27  24        0.0035241781       -0.0109998101
  27  23       -0.0018870542       -0.0023541232
  27  22       -0.0005930732        0.0007577259
  27  21        0.0027828604       -0.0073620582
  27  20        0.0009551678        0.0057588999
  27  19       -0.0024602269        0.0009248091
  27  18        0.0031695193       -0.0070143608
  27  17        0.0000155178        0.0063783684
  27  16       -0.0015587955        0.0025871574
  27  15        0.0011955314       -0.0021322711
  27  14        0.0002626733       -0.0069526310
  27  13       -0.0065564865        0.0083919411
  27  12        0.0115993457       -0.0040837928
  27  11       -0.0113493264       -0.0014826000
  27  10       -0.0024926308       -0.0009285751
  27   9        0.0093354284       -0.0102623682
  27   8       -0.0017677488        0.0105009116
  27   7       -0.0034353167       -0.0053847794
  27   6        0.0109138212       -0.0048949701
  27   5        0.0098550094        0.0099881466
  27   4       -0.0024960177        0.0005759141
  27   3       -0.0068003387       -0.0343938705
  27   2        0.0183404504       -0.0117631266
  27   1        0.0396835131       -0.0163117846
  27   0       -0.0077252780        0.0000000000
  27  -1       -0.0396835131       -0.0163117846
  27  -2        0.0183404504        0.0117631266
  27  -3        0.0068003387       -0.0343938705
  27  -4       -0.0024960177       -0.0005759141
  27  -5       -0.0098550094        0.0099881466
  27  -6        0.0109138212        0.0048949701
  27  -7        0.0034353167       -0.0053847794
  27  -8       -0.0017677488       -0.0105009116
  27  -9       -0.0093354284       -0.0102623682
  27 -10       -0.0024926308        0.0009285751
  27 -11        0.0113493264       -0.0014826000
  27 -12        0.0115993457        0.0040837928
  27 -13        0.0065564865        0.0083919411
  27 -14        0.0002626733        0.0069526310
  27 -15       -0.0011955314       -0.0021322711
  27 -16       -0.0015587955       -0.0025871574
  27 -17       -0.0000155178        0.0063783684
  27 -18        0.0031695193        0.0070143608
  27 -19        0.0024602269        0.0009248091
  27 -20        0.0009551678       -0.0057588999
  27 -21       -0.0027828604       -0.0073620582
  27 -22       -0.0005930732       -0.0007577259
  27 -23        0.0018870542       -0.0023541232
  27 -24        0.0035241781        0.0109998101
  27 -25       -0.0038549502        0.0087833297
  27 -26        0.0147240002       -0.0056082537
  27 -27        0.0064099626       -0.0041707571
  28  28       -0.0084342470        0.0110604508
  28  27       -0.0109175813       -0.0001125509
  28  26        0.0028857977        0.0034480507
  28  25       -0.0014301440       -0.0043624437
  28  24       -0.0035169047        0.0051788918
  28  23       -0.0031416912        0.0048871732
  28  22        0.0097868137       -0.0001290889
  28  21       -0.0015356814        0.0060319280
  28  20       -0.0097211828       -0.0068756599
  28  19        0.0014542324        0.0036759282
  28  18        0.0041490870        0.0038096068
  28  17       -0.0027830168       -0.0049525310
  28  16        0.0013133377        0.0052672079
  28  15        0.0008989812       -0.0035514745
  28  14        0.0005779255       -0.0012347982
  28  13        0.0034242828       -0.0018243183
  28  12       -0.0020699205        0.0049940506
  28  11       -0.0052410475       -0.0055024802
  28  10        0.0003434792       -0.0014489881
  28   9       -0.0030881093        0.0094021837
  28   8       -0.0043248943        0.0029975352
  28   7        0.0142580966       -0.0007096048
  28   6       -0.0006230899        0.0010568076
  28   5       -0.0011431176        0.0025812853
  28   4       -0.0086024567       -0.0004667784
  28   3        0.0053137312       -0.0082594412
  28   2       -0.0293093249       -0.0125231746
  28   1       -0.0008626252        0.0028570912
  28   0        0.0038089663        0.0000000000
  28  -1        0.0008626252        0.0028570912
  28  -2       -0.0293093249        0.0125231746
  28  -3       -0.0053137312       -0.0082594412
  28  -4       -0.0086024567        0.0004667784
  28  -5        0.0011431176        0.0025812853
  28  -6       -0.0006230899       -0.0010568076
  28  -7       -0.0142580966       -0.0007096048
  28  -8       -0.0043248943       -0.0029975352
  28  -9        0.0030881093        0.0094021837
  28 -10        0.0003434792        0.0014489881
  28 -11        0.0052410475       -0.0055024802
  28 -12       -0.0020699205       -0.0049940506
  28 -13       -0.0034242828       -0.0018243183
  28 -14        0.0005779255        0.0012347982
  28 -15       -0.0008989812       -0.0035514745
  28 -16        0.0013133377       -0.0052672079
  28 -17        0.0027830168       -0.0049525310
  28 -18        0.0041490870       -0.0038096068
  28 -19       -0.0014542324        0.0036759282
  28 -20       -0.0097211828        0.0068756599
  28 -21        0.0015356814        0.0060319280
  28 -22        0.0097868137        0.0001290889
  28 -23        0.0031416912        0.0048871732
  28 -24       -0.0035169047       -0.0051788918
  28 -25        0.0014301440       -0.0043624437
  28 -26        0.0028857977       -0.0034480507
  28 -27        0.0109175813       -0.0001125509
  28 -28       -0.0084342470       -0.0110604508
  29  29        0.0115334247        0.0043610169
  29  28       -0.0023494796        0.0033468349
  29  27        0.0088371895        0.0013232320
  29  26       -0.0080429461       -0.0054132222
  29  25       -0.0015451955        0.0026976601
  29  24       -0.0051066876       -0.0031296245
  29  23        0.0046924576       -0.0085816433
  29  22       -0.0016132447        0.0095491294
  29  21       -0.0039766848       -0.0097518999
  29  20        0.0083831811        0.0009709940
  29  19       -0.0074915059        0.0020340903
  29  18        0.0007389377       -0.0001782715
  29  17        0.0064910924       -0.0007924951
  29  16       -0.0051796243        0.0008557521
  29  15       -0.0029330791        0.0000188676
  29  14        0.0073447693        0.0014509450
  29  13       -0.0036357186       -0.0020687219
  29  12       -0.0010924795        0.0076738093
  29  11        0.0049409524       -0.0032459682
  29  10       -0.0066752672        0.0005027001
  29   9        0.0046337014       -0.0003548306
  29   8        0.0053594425       -0.0134201276
  29   7       -0.0015008308        0.0051269099
  29   6       -0.0101006220        0.0002625645
  29   5       -0.0094469712       -0.0163672847
  29   4        0.0020075868       -0.0102329510
  29   3        0.0085712062        0.0308649732
  29   2       -0.0183548864        0.0108675262
  29   1       -0.0445982295        0.0168266315
  29   0        0.0066731403        0.0000000000
  29  -1        0.0445982295        0.0168266315
  29  -2       -0.0183548864       -0.0108675262
  29  -3       -0.0085712062        0.0308649732
  29  -4        0.0020075868        0.0102329510
  29  -5        0.0094469712       -0.0163672847
  29  -6       -0.0101006220       -0.0002625645
  29  -7        0.0015008308        0.0051269099
  29  -8        0.0053594425        0.0134201276
  29  -9       -0.0046337014       -0.0003548306
  29 -10       -0.0066752672       -0.0005027001
  29 -11       -0.0049409524       -0.0032459682
  29 -12       -0.0010924795       -0.0076738093
  29 -13        0.0036357186       -0.0020687219
  29 -14        0.0073447693       -0.0014509450
  29 -15        0.0029330791        0.0000188676
  29 -16       -0.0051796243       -0.0008557521
  29 -17       -0.0064910924       -0.0007924951
  29 -18        0.0007389377        0.0001782715
  29 -19        0.0074915059        0.0020340903
  29 -20        0.0083831811       -0.0009709940
  29 -21        0.0039766848       -0.0097518999
  29 -22       -0.0016132447       -0.0095491294
  29 -23       -0.0046924576       -0.0085816433
  29 -24       -0.0051066876        0.0031296245
  29 -25        0.0015451955        0.0026976601
  29 -26       -0.0080429461        0.0054132222
  29 -27       -0.0088371895        0.0013232320
  29 -28       -0.0023494796       -0.0033468349
  29 -29       -0.0115334247        0.0043610169
  30  30       -0.0100735769       -0.0075813366
  30  29        0.0012995002        0.0016483279
  30  28        0.0106879388        0.0061219856
  30  27       -0.0007955248       -0.0040528519
  30  26       -0.0023966338        0.0023220855
  30  25       -0.0056046772       -0.0036775301
  30  24        0.0022318110        0.0027761068
  30  23       -0.0019741946        0.0079851182
  30  22       -0.0044178335       -0.0094276397
  30  21        0.0042319276        0.0062769876
  30  20       -0.0007973798        0.0008374168
  30  19        0.0019168916       -0.0047866047
  30  18       -0.0023466071        0.0021717336
  30  17       -0.0020600822        0.0021305793
  30  16        0.0004764135       -0.0073102111
  30  15        0.0019849283        0.0045216145
  30  14       -0.0047407392        0.0050176434
  30  13        0.0060707269       -0.0046707936
  30  12       -0.0015328975       -0.0037635495
  30  11        0.0037464083        0.0073455525
  30  10       -0.0008244889        0.0036841525
  30   9        0.0014501020        0.0000530168
  30   8        0.0039856577       -0.0008818435
  30   7       -0.0090692818        0.0028904385
  30   6       -0.0097511375       -0.0036991051
  30   5        0.0006385068        0.0027735956
  30   4        0.0043038400       -0.0008790976
  30   3       -0.0066486279       -0.0003444445
  30   2        0.0265749001        0.0080042548
  30   1        0.0041936893        0.0035439564
  30   0       -0.0056002664        0.0000000000
  30  -1       -0.0041936893        0.0035439564
  30  -2        0.0265749001       -0.0080042548
  30  -3        0.0066486279       -0.0003444445
  30  -4        0.0043038400        0.0008790976
  30  -5       -0.0006385068        0.0027735956
  30  -6       -0.0097511375        0.0036991051
  30  -7        0.0090692818        0.0028904385
  30  -8        0.0039856577        0.0008818435
  30  -9       -0.0014501020        0.0000530168
  30 -10       -0.0008244889       -0.0036841525
  30 -11       -0.0037464083        0.0073455525
  30 -12       -0.0015328975        0.0037635495
  30 -13       -0.0060707269       -0.0046707936
  30 -14       -0.0047407392       -0.0050176434
  30 -15       -0.0019849283        0.0045216145
  30 -16        0.0004764135        0.0073102111
  30 -17        0.0020600822        0.0021305793
  30 -18       -0.0023466071       -0.0021717336
  30 -19       -0.0019168916       -0.0047866047
  30 -20       -0.0007973798       -0.0008374168
  30 -21       -0.0042319276        0.0062769876
  30 -22       -0.0044178335        0.0094276397
  30 -23        0.0019741946        0.0079851182
  30 -24        0.0022318110       -0.0027761068
  30 -25        0.0056046772       -0.0036775301
  30 -26       -0.0023966338       -0.0023220855
  30 -27        0.0007955248       -0.0040528519
  30 -28        0.0106879388       -0.0061219856
  30 -29       -0.0012995002        0.0016483279
  30 -30       -0.0100735769        0.0075813366
