   0   0       31.4908484369        0.0000000000
   1   1       -0.0603170157        0.6455322120
   1   0       -0.0770953076        0.0000000000
   1  -1        0.0603170157        0.6455322120
   2   2        2.6167491858        0.4777892136
   2   1        1.3044971919       -1.1163952171
   2   0        7.9063521879        0.0000000000
   2  -1       -1.3044971919       -1.1163952171
   2  -2        2.6167491858       -0.4777892136
   3   3        0.4529616082       -0.9563521092
   3   2       -0.3002840696       -0.8571832722
   3   1       -0.3684705691        0.1665007649
   3   0        0.7090043281        0.0000000000
   3  -1        0.3684705691        0.1665007649
   3  -2       -0.3002840696        0.8571832722
   3  -3       -0.4529616082       -0.9563521092
   4   4        0.4255917002        0.0284174364
   4   3        0.1658219859       -0.3734900404
   4   2        1.0755463010        0.1001563539
   4   1        0.6527118166       -0.5119028407
   4   0        2.1563808325        0.0000000000
   4  -1       -0.6527118166       -0.5119028407
   4  -2        1.0755463010       -0.1001563539
   4  -3       -0.1658219859       -0.3734900404
   4  -4        0.4255917002       -0.0284174364
   5   5        0.0684767118       -0.4409614380
   5   4       -0.0457652596       -0.6134507749
   5   3       -0.1599054664       -0.6092124708
   5   2       -0.3267208233       -0.4800267284
   5   1       -0.0719100052        0.0540997902
   5   0       -0.1078091780        0.0000000000
   5  -1        0.0719100052        0.0540997902
   5  -2       -0.3267208233        0.4800267284
   5  -3        0.1599054664       -0.6092124708
   5  -4       -0.0457652596        0.6134507749
   5  -5       -0.0684767118       -0.4409614380
   6   6       -0.0607582197       -0.1700581432
   6   5       -0.0307701752       -0.0631900230
   6   4       -0.1051166047       -0.1757702272
   6   3        0.1128592417       -0.4620084111
   6   2        0.3577196486        0.0413730943
   6   1        0.0770221895       -0.5312220048
   6   0        0.7560079197        0.0000000000
   6  -1       -0.0770221895       -0.5312220048
   6  -2        0.3577196486       -0.0413730943
   6  -3       -0.1128592417       -0.4620084111
   6  -4       -0.1051166047        0.1757702272
   6  -5        0.0307701752       -0.0631900230
   6  -6       -0.0607582197        0.1700581432
   7   7       -0.0256639315       -0.1953960651
   7   6       -0.0527396290       -0.1575426268
   7   5       -0.0849849969       -0.2452548046
   7   4       -0.1486311903       -0.3639600350
   7   3       -0.0880496164       -0.3294289962
   7   2       -0.0648241258       -0.2964870211
   7   1        0.0305981673        0.2637464708
   7   0       -0.1991982377        0.0000000000
   7  -1       -0.0305981673        0.2637464708
   7  -2       -0.0648241258        0.2964870211
   7  -3        0.0880496164       -0.3294289962
   7  -4       -0.1486311903        0.3639600350
   7  -5        0.0849849969       -0.2452548046
   7  -6       -0.0527396290        0.1575426268
   7  -7        0.0256639315       -0.1953960651
   8   8       -0.1350307343       -0.0788081619
   8   7       -0.0512604219       -0.0434142386
   8   6       -0.1951944188       -0.0464873494
   8   5       -0.0761797158       -0.0007551237
   8   4       -0.1758605688       -0.1970011102
   8   3        0.1006806752       -0.1840878459
   8   2        0.0379154568       -0.0091239695
   8   1        0.0600345372       -0.4896584140
   8   0        0.3226710360        0.0000000000
   8  -1       -0.0600345372       -0.4896584140
   8  -2        0.0379154568        0.0091239695
   8  -3       -0.1006806752       -0.1840878459
   8  -4       -0.1758605688        0.1970011102
   8  -5        0.0761797158       -0.0007551237
   8  -6       -0.1951944188        0.0464873494
   8  -7        0.0512604219       -0.0434142386
   8  -8       -0.1350307343        0.0788081619
   9   9       -0.0546384373        0.0177727050
   9   8       -0.0656266252       -0.0580941200
   9   7       -0.0363745437        0.0689881105
   9   6       -0.0555940237       -0.0249696485
   9   5       -0.0759661903       -0.0694638397
   9   4       -0.1479767033       -0.1689216747
   9   3       -0.1708421950       -0.1396350686
   9   2       -0.0123733692       -0.1852360746
   9   1        0.0683540370        0.1779886055
   9   0       -0.1052871888        0.0000000000
   9  -1       -0.0683540370        0.1779886055
   9  -2       -0.0123733692        0.1852360746
   9  -3        0.1708421950       -0.1396350686
   9  -4       -0.1479767033        0.1689216747
   9  -5        0.0759661903       -0.0694638397
   9  -6       -0.0555940237        0.0249696485
   9  -7        0.0363745437        0.0689881105
   9  -8       -0.0656266252        0.0580941200
   9  -9        0.0546384373        0.0177727050
  10  10       -0.0055097306        0.0314335355
  10   9       -0.1204967280        0.0088770072
  10   8       -0.0112260244       -0.0084270259
  10   7       -0.0933354239        0.0793231046
  10   6       -0.0121400231        0.0136316123
  10   5       -0.1158157653       -0.0567817311
  10   4       -0.0959319574       -0.0837739669
  10   3        0.1115440256       -0.1380530512
  10   2       -0.0631638411        0.0065259773
  10   1        0.0475196843       -0.2517271662
  10   0       -0.1269342931        0.0000000000
  10  -1       -0.0475196843       -0.2517271662
  10  -2       -0.0631638411       -0.0065259773
  10  -3       -0.1115440256       -0.1380530512
  10  -4       -0.0959319574        0.0837739669
  10  -5        0.1158157653       -0.0567817311
  10  -6       -0.0121400231       -0.0136316123
  10  -7        0.0933354239        0.0793231046
  10  -8       -0.0112260244        0.0084270259
  10  -9        0.1204967280        0.0088770072
  10 -10       -0.0055097306       -0.0314335355
  11  11       -0.0201684110        0.0467348569
  11  10       -0.0604643199        0.1101246713
  11   9       -0.0169600788       -0.0414536376
  11   8       -0.0446497370        0.0814169243
  11   7       -0.0083724617       -0.0429185710
  11   6       -0.0643533561        0.0082919371
  11   5        0.0000020162        0.0119402721
  11   4       -0.0297591263       -0.0397163100
  11   3       -0.0706989163       -0.0411346759
  11   2       -0.0152109196       -0.0541803677
  11   1       -0.0001462429        0.1576313689
  11   0       -0.1017019587        0.0000000000
  11  -1        0.0001462429        0.1576313689
  11  -2       -0.0152109196        0.0541803677
  11  -3        0.0706989163       -0.0411346759
  11  -4       -0.0297591263        0.0397163100
  11  -5       -0.0000020162        0.0119402721
  11  -6       -0.0643533561       -0.0082919371
  11  -7        0.0083724617       -0.0429185710
  11  -8       -0.0446497370       -0.0814169243
  11  -9        0.0169600788       -0.0414536376
  11 -10       -0.0604643199       -0.1101246713
  11 -11        0.0201684110        0.0467348569
  12  12       -0.0070732808       -0.0172934899
  12  11       -0.0000956395        0.0188067548
  12  10       -0.0507084242        0.0403834219
  12   9       -0.0696390735        0.0200266609
  12   8       -0.0139067780        0.0445427366
  12   7       -0.0979148123        0.0633522627
  12   6       -0.0560237983       -0.0522753714
  12   5       -0.0645913331        0.0383187284
  12   4       -0.0690646795       -0.0630995864
  12   3        0.1018269570       -0.0431499964
  12   2       -0.0531705449       -0.0299394654
  12   1        0.0482192728       -0.1098264980
  12   0       -0.0643696237        0.0000000000
  12  -1       -0.0482192728       -0.1098264980
  12  -2       -0.0531705449        0.0299394654
  12  -3       -0.1018269570       -0.0431499964
  12  -4       -0.0690646795        0.0630995864
  12  -5        0.0645913331        0.0383187284
  12  -6       -0.0560237983        0.0522753714
  12  -7        0.0979148123        0.0633522627
  12  -8       -0.0139067780       -0.0445427366
  12  -9        0.0696390735        0.0200266609
  12 -10       -0.0507084242       -0.0403834219
  12 -11        0.0000956395        0.0188067548
  12 -12       -0.0070732808        0.0172934899
  13  13       -0.0422315978        0.0202130786
  13  12       -0.0616106007        0.0518056914
  13  11        0.0012274694        0.0569178778
  13  10       -0.0188146442        0.0046220488
  13   9       -0.0497167386       -0.0284308238
  13   8       -0.0123596328        0.0271785568
  13   7        0.0060826376        0.0012957797
  13   6       -0.0333553874       -0.0350638716
  13   5       -0.0715448949       -0.0083423172
  13   4       -0.0638939317       -0.0652262648
  13   3       -0.0880555448        0.0414956641
  13   2        0.0137661311       -0.0117276635
  13   1       -0.0286362891        0.0084673749
  13   0       -0.1057604145        0.0000000000
  13  -1        0.0286362891        0.0084673749
  13  -2        0.0137661311        0.0117276635
  13  -3        0.0880555448        0.0414956641
  13  -4       -0.0638939317        0.0652262648
  13  -5        0.0715448949       -0.0083423172
  13  -6       -0.0333553874        0.0350638716
  13  -7       -0.0060826376        0.0012957797
  13  -8       -0.0123596328       -0.0271785568
  13  -9        0.0497167386       -0.0284308238
  13 -10       -0.0188146442       -0.0046220488
  13 -11       -0.0012274694        0.0569178778
  13 -12       -0.0616106007       -0.0518056914
  13 -13        0.0422315978        0.0202130786
  14  14       -0.0226094673       -0.0127078031
  14  13        0.0089047159        0.0124090716
  14  12       -0.0584587286       -0.0356482363
  14  11        0.0005931792       -0.0578836109
  14  10       -0.0432717445       -0.0339790494
  14   9        0.0046743542        0.0528014163
  14   8       -0.0431870841       -0.0047815577
  14   7       -0.0722966975        0.0651371162
  14   6       -0.0133945227        0.0067871585
  14   5        0.0070851455        0.0043499853
  14   4       -0.0158932374       -0.0751873670
  14   3        0.0465870171       -0.0230930767
  14   2       -0.0288187024       -0.0094355927
  14   1        0.1173233498       -0.0621547784
  14   0       -0.0656045014        0.0000000000
  14  -1       -0.1173233498       -0.0621547784
  14  -2       -0.0288187024        0.0094355927
  14  -3       -0.0465870171       -0.0230930767
  14  -4       -0.0158932374        0.0751873670
  14  -5       -0.0070851455        0.0043499853
  14  -6       -0.0133945227       -0.0067871585
  14  -7        0.0722966975        0.0651371162
  14  -8       -0.0431870841        0.0047815577
  14  -9       -0.0046743542        0.0528014163
  14 -10       -0.0432717445        0.0339790494
  14 -11       -0.0005931792       -0.0578836109
  14 -12       -0.0584587286        0.0356482363
  14 -13       -0.0089047159        0.0124090716
  14 -14       -0.0226094673        0.0127078031
  15  15       -0.0378540476        0.0154490041
  15  14        0.0034758435        0.0062409858
  15  13       -0.0276737942        0.0314530241
  15  12        0.0275596055        0.0518093293
  15  11        0.0015294662       -0.0348746704
  15  10        0.0366556219       -0.0389223663
  15   9       -0.0066376662        0.0499096963
  15   8        0.0059064271        0.0340809491
  15   7       -0.0343215887       -0.0215485051
  15   6       -0.0717678302        0.0027270264
  15   5       -0.0700975344       -0.0217684024
  15   4       -0.0177179534       -0.0153989872
  15   3       -0.0311354464       -0.0222869179
  15   2       -0.0136338095       -0.0263909496
  15   1       -0.0339711469       -0.0388202307
  15   0        0.0207989771        0.0000000000
  15  -1        0.0339711469       -0.0388202307
  15  -2       -0.0136338095        0.0263909496
  15  -3        0.0311354464       -0.0222869179
  15  -4       -0.0177179534        0.0153989872
  15  -5        0.0700975344       -0.0217684024
  15  -6       -0.0717678302       -0.0027270264
  15  -7        0.0343215887       -0.0215485051
  15  -8        0.0059064271       -0.0340809491
  15  -9        0.0066376662        0.0499096963
  15 -10        0.0366556219        0.0389223663
  15 -11       -0.0015294662       -0.0348746704
  15 -12        0.0275596055       -0.0518093293
  15 -13        0.0276737942        0.0314530241
  15 -14        0.0034758435       -0.0062409858
  15 -15        0.0378540476        0.0154490041
  16  16       -0.0008058634        0.0273507628
  16  15        0.0633387563        0.0281973742
  16  14        0.0664930633        0.0386226488
  16  13       -0.0289990187       -0.0676505313
  16  12        0.0196894349        0.0167447238
  16  11        0.0261850483       -0.0137697195
  16  10       -0.0000652117       -0.0282035653
  16   9        0.0140900356        0.0002660426
  16   8       -0.0026321296        0.0214211892
  16   7       -0.0485943393        0.0512080537
  16   6       -0.0211473502       -0.0638827509
  16   5       -0.0094699954        0.0143280514
  16   4       -0.0201981586       -0.0327446896
  16   3        0.0008735808        0.0379904030
  16   2        0.0068470195       -0.0666673280
  16   1        0.0103026127        0.0050781150
  16   0       -0.0169463295        0.0000000000
  16  -1       -0.0103026127        0.0050781150
  16  -2        0.0068470195        0.0666673280
  16  -3       -0.0008735808        0.0379904030
  16  -4       -0.0201981586        0.0327446896
  16  -5        0.0094699954        0.0143280514
  16  -6       -0.0211473502        0.0638827509
  16  -7        0.0485943393        0.0512080537
  16  -8       -0.0026321296       -0.0214211892
  16  -9       -0.0140900356        0.0002660426
  16 -10       -0.0000652117        0.0282035653
  16 -11       -0.0261850483       -0.0137697195
  16 -12        0.0196894349       -0.0167447238
  16 -13        0.0289990187       -0.0676505313
  16 -14        0.0664930633       -0.0386226488
  16 -15       -0.0633387563        0.0281973742
  16 -16       -0.0008058634       -0.0273507628
  17  17       -0.0185611621        0.0600173113
  17  16        0.0282684136        0.0242595243
  17  15       -0.0071490831        0.0755289672
  17  14       -0.0598879427        0.0899345110
  17  13       -0.0418054211        0.0057638602
  17  12       -0.0003606433        0.0159732698
  17  11        0.0178428373        0.0002906870
  17  10       -0.0434302170       -0.0298439760
  17   9        0.0289495237        0.0304336409
  17   8        0.0423503481       -0.0695518977
  17   7       -0.0011769791       -0.0103905151
  17   6       -0.0111940211       -0.0174471767
  17   5       -0.0283708840       -0.0500882269
  17   4        0.0006126390        0.0002898299
  17   3       -0.0307024297       -0.0584059537
  17   2       -0.0158800675        0.0171559405
  17   1        0.0327659997       -0.0095433870
  17   0       -0.0278457793        0.0000000000
  17  -1       -0.0327659997       -0.0095433870
  17  -2       -0.0158800675       -0.0171559405
  17  -3        0.0307024297       -0.0584059537
  17  -4        0.0006126390       -0.0002898299
  17  -5        0.0283708840       -0.0500882269
  17  -6       -0.0111940211        0.0174471767
  17  -7        0.0011769791       -0.0103905151
  17  -8        0.0423503481        0.0695518977
  17  -9       -0.0289495237        0.0304336409
  17 -10       -0.0434302170        0.0298439760
  17 -11       -0.0178428373        0.0002906870
  17 -12       -0.0003606433       -0.0159732698
  17 -13        0.0418054211        0.0057638602
  17 -14       -0.0598879427       -0.0899345110
  17 -15        0.0071490831        0.0755289672
  17 -16        0.0282684136       -0.0242595243
  17 -17        0.0185611621        0.0600173113
  18  18        0.0204892664        0.0061068049
  18  17        0.0250983085        0.0321160356
  18  16        0.0313860055        0.0448717380
  18  15        0.0185350754        0.0376578589
  18  14        0.0118291119        0.0096731046
  18  13       -0.0512555507        0.0301899912
  18  12       -0.0432259691       -0.0150918912
  18  11       -0.0390779274        0.0021692321
  18  10        0.0222764219        0.0248132092
  18   9       -0.0496442950        0.0018651394
  18   8       -0.0267628827       -0.0197593228
  18   7        0.0051310919       -0.0038301371
  18   6        0.0483977748       -0.0299658132
  18   5       -0.0633122265       -0.0009144986
  18   4        0.0282100966       -0.0597634640
  18   3        0.0043534712       -0.0003993581
  18   2        0.0133246043        0.0288574686
  18   1        0.0249549133        0.0162117021
  18   0       -0.0284584111        0.0000000000
  18  -1       -0.0249549133        0.0162117021
  18  -2        0.0133246043       -0.0288574686
  18  -3       -0.0043534712       -0.0003993581
  18  -4        0.0282100966        0.0597634640
  18  -5        0.0633122265       -0.0009144986
  18  -6        0.0483977748        0.0299658132
  18  -7       -0.0051310919       -0.0038301371
  18  -8       -0.0267628827        0.0197593228
  18  -9        0.0496442950        0.0018651394
  18 -10        0.0222764219       -0.0248132092
  18 -11        0.0390779274        0.0021692321
  18 -12       -0.0432259691        0.0150918912
  18 -13        0.0512555507        0.0301899912
  18 -14        0.0118291119       -0.0096731046
  18 -15       -0.0185350754        0.0376578589
  18 -16        0.0313860055       -0.0448717380
  18 -17       -0.0250983085        0.0321160356
  18 -18        0.0204892664       -0.0061068049
  19  19       -0.0078089964       -0.0123714477
  19  18        0.0364845383       -0.0109056048
  19  17        0.0038755657       -0.0059199616
  19  16       -0.0333483515       -0.0319564157
  19  15        0.0130650370        0.0282775668
  19  14       -0.0341810066        0.0382475192
  19  13        0.0329679703        0.0231053045
  19  12        0.0415237095       -0.0377912660
  19  11        0.0198369164        0.0004803697
  19  10       -0.0054307811       -0.0069009912
  19   9        0.0002637806        0.0030677552
  19   8        0.0122579140       -0.0235521602
  19   7       -0.0101549574        0.0182861724
  19   6       -0.0321833140       -0.0272440200
  19   5        0.0048681165       -0.0388165953
  19   4       -0.0320675640       -0.0122993650
  19   3        0.0278751350        0.0601835442
  19   2       -0.0099684894        0.0094459034
  19   1        0.0056221904        0.0129420530
  19   0        0.0437351009        0.0000000000
  19  -1       -0.0056221904        0.0129420530
  19  -2       -0.0099684894       -0.0094459034
  19  -3       -0.0278751350        0.0601835442
  19  -4       -0.0320675640        0.0122993650
  19  -5       -0.0048681165       -0.0388165953
  19  -6       -0.0321833140        0.0272440200
  19  -7        0.0101549574        0.0182861724
  19  -8        0.0122579140        0.0235521602
  19  -9       -0.0002637806        0.0030677552
  19 -10       -0.0054307811        0.0069009912
  19 -11       -0.0198369164        0.0004803697
  19 -12        0.0415237095        0.0377912660
  19 -13       -0.0329679703        0.0231053045
  19 -14       -0.0341810066       -0.0382475192
  19 -15       -0.0130650370        0.0282775668
  19 -16       -0.0333483515        0.0319564157
  19 -17       -0.0038755657       -0.0059199616
  19 -18        0.0364845383        0.0109056048
  19 -19        0.0078089964       -0.0123714477
  20  20        0.0067784514        0.0377570196
  20  19        0.0225742444       -0.0498216215
  20  18        0.0088733780        0.0219380972
  20  17       -0.0202193701       -0.0169394628
  20  16       -0.0019507586        0.0321758643
  20  15        0.0119095958        0.0192450663
  20  14       -0.0066087259        0.0265595885
  20  13       -0.0245665832        0.0121087145
  20  12       -0.0029044486        0.0291319964
  20  11       -0.0312175675       -0.0058572919
  20  10       -0.0091450346        0.0376047323
  20   9       -0.0507131061       -0.0359275206
  20   8       -0.0090783846        0.0274443518
  20   7       -0.0387843591       -0.0058184403
  20   6        0.0146331933       -0.0227681054
  20   5        0.0069745402       -0.0625191666
  20   4        0.0585548823       -0.0014617130
  20   3       -0.0053812285       -0.0309277042
  20   2       -0.0025486656       -0.0025722866
  20   1       -0.0319232377       -0.0072063040
  20   0        0.0113170755        0.0000000000
  20  -1        0.0319232377       -0.0072063040
  20  -2       -0.0025486656        0.0025722866
  20  -3        0.0053812285       -0.0309277042
  20  -4        0.0585548823        0.0014617130
  20  -5       -0.0069745402       -0.0625191666
  20  -6        0.0146331933        0.0227681054
  20  -7        0.0387843591       -0.0058184403
  20  -8       -0.0090783846       -0.0274443518
  20  -9        0.0507131061       -0.0359275206
  20 -10       -0.0091450346       -0.0376047323
  20 -11        0.0312175675       -0.0058572919
  20 -12       -0.0029044486       -0.0291319964
  20 -13        0.0245665832        0.0121087145
  20 -14       -0.0066087259       -0.0265595885
  20 -15       -0.0119095958        0.0192450663
  20 -16       -0.0019507586       -0.0321758643
  20 -17        0.0202193701       -0.0169394628
  20 -18        0.0088733780       -0.0219380972
  20 -19       -0.0225742444       -0.0498216215
  20 -20        0.0067784514       -0.0377570196
  21  21       -0.0239455675       -0.0043513587
  21  20       -0.0049706066        0.0086663650
  21  19        0.0387212347       -0.0160810713
  21  18        0.0230363018        0.0268714032
  21  17        0.0170704329        0.0065303310
  21  16       -0.0405104421        0.0035678487
  21  15       -0.0143427482        0.0429846748
  21  14       -0.0109405490       -0.0088061055
  21  13        0.0000749654        0.0366038676
  21  12        0.0183688332        0.0422215708
  21  11       -0.0089611158       -0.0152777764
  21  10       -0.0273179501        0.0313888341
  21   9       -0.0381197201       -0.0175023109
  21   8       -0.0018754310       -0.0081940733
  21   7        0.0183613143        0.0288284305
  21   6       -0.0071835571       -0.0357336965
  21   5        0.0158880043        0.0178773025
  21   4       -0.0074952107       -0.0008820544
  21   3        0.0354152198        0.0182935339
  21   2        0.0157398732       -0.0164654562
  21   1       -0.0014278721        0.0534937472
  21   0        0.0432356608        0.0000000000
  21  -1        0.0014278721        0.0534937472
  21  -2        0.0157398732        0.0164654562
  21  -3       -0.0354152198        0.0182935339
  21  -4       -0.0074952107        0.0008820544
  21  -5       -0.0158880043        0.0178773025
  21  -6       -0.0071835571        0.0357336965
  21  -7       -0.0183613143        0.0288284305
  21  -8       -0.0018754310        0.0081940733
  21  -9        0.0381197201       -0.0175023109
  21 -10       -0.0273179501       -0.0313888341
  21 -11        0.0089611158       -0.0152777764
  21 -12        0.0183688332       -0.0422215708
  21 -13       -0.0000749654        0.0366038676
  21 -14       -0.0109405490        0.0088061055
  21 -15        0.0143427482        0.0429846748
  21 -16       -0.0405104421       -0.0035678487
  21 -17       -0.0170704329        0.0065303310
  21 -18        0.0230363018       -0.0268714032
  21 -19       -0.0387212347       -0.0160810713
  21 -20       -0.0049706066       -0.0086663650
  21 -21        0.0239455675       -0.0043513587
  22  22       -0.0032955338       -0.0019187930
  22  21        0.0146047444       -0.0216050375
  22  20        0.0444050862       -0.0202842845
  22  19       -0.0041884452        0.0010917849
  22  18        0.0235351726        0.0361592904
  22  17       -0.0057492700       -0.0104943589
  22  16       -0.0623047101       -0.0069370076
  22  15       -0.0279058378        0.0225820813
  22  14       -0.0379323527       -0.0182740641
  22  13       -0.0051454804       -0.0039638834
  22  12        0.0052434997        0.0173441658
  22  11        0.0077305962        0.0254144373
  22  10        0.0027006709        0.0257420235
  22   9       -0.0132817659       -0.0316244143
  22   8       -0.0173346916        0.0327427785
  22   7       -0.0101095321       -0.0093555443
  22   6       -0.0203323951        0.0228754837
  22   5       -0.0034818084       -0.0484008025
  22   4       -0.0234222165       -0.0108713256
  22   3       -0.0107586278       -0.0531924050
  22   2        0.0157367182        0.0339055223
  22   1       -0.0139551994       -0.0148038892
  22   0        0.0196894514        0.0000000000
  22  -1        0.0139551994       -0.0148038892
  22  -2        0.0157367182       -0.0339055223
  22  -3        0.0107586278       -0.0531924050
  22  -4       -0.0234222165        0.0108713256
  22  -5        0.0034818084       -0.0484008025
  22  -6       -0.0203323951       -0.0228754837
  22  -7        0.0101095321       -0.0093555443
  22  -8       -0.0173346916       -0.0327427785
  22  -9        0.0132817659       -0.0316244143
  22 -10        0.0027006709       -0.0257420235
  22 -11       -0.0077305962        0.0254144373
  22 -12        0.0052434997       -0.0173441658
  22 -13        0.0051454804       -0.0039638834
  22 -14       -0.0379323527        0.0182740641
  22 -15        0.0279058378        0.0225820813
  22 -16       -0.0623047101        0.0069370076
  22 -17        0.0057492700       -0.0104943589
  22 -18        0.0235351726       -0.0361592904
  22 -19        0.0041884452        0.0010917849
  22 -20        0.0444050862        0.0202842845
  22 -21       -0.0146047444       -0.0216050375
  22 -22       -0.0032955338        0.0019187930
  23  23        0.0178831955       -0.0009459769
  23  22       -0.0223660243       -0.0160407269
  23  21        0.0068184312        0.0168975888
  23  20        0.0161568486       -0.0185444783
  23  19        0.0152867480       -0.0035066587
  23  18        0.0113889172        0.0285494365
  23  17        0.0328809175       -0.0192938444
  23  16       -0.0005244579        0.0158689009
  23  15        0.0239310672        0.0606876056
  23  14       -0.0125149655        0.0276362499
  23  13        0.0096894365       -0.0180840662
  23  12       -0.0195022781        0.0419230809
  23  11       -0.0280825357       -0.0204477881
  23  10       -0.0189054422        0.0346943322
  23   9       -0.0136475689       -0.0186732071
  23   8       -0.0112314757        0.0235680331
  23   7       -0.0026049407       -0.0083729596
  23   6       -0.0180818960        0.0169906794
  23   5        0.0537021804        0.0293494027
  23   4        0.0322390080       -0.0194720207
  23   3       -0.0088840506        0.0386223470
  23   2       -0.0028120426        0.0482583679
  23   1        0.0108521635        0.0237759198
  23   0       -0.0014459825        0.0000000000
  23  -1       -0.0108521635        0.0237759198
  23  -2       -0.0028120426       -0.0482583679
  23  -3        0.0088840506        0.0386223470
  23  -4        0.0322390080        0.0194720207
  23  -5       -0.0537021804        0.0293494027
  23  -6       -0.0180818960       -0.0169906794
  23  -7        0.0026049407       -0.0083729596
  23  -8       -0.0112314757       -0.0235680331
  23  -9        0.0136475689       -0.0186732071
  23 -10       -0.0189054422       -0.0346943322
  23 -11        0.0280825357       -0.0204477881
  23 -12       -0.0195022781       -0.0419230809
  23 -13       -0.0096894365       -0.0180840662
  23 -14       -0.0125149655       -0.0276362499
  23 -15       -0.0239310672        0.0606876056
  23 -16       -0.0005244579       -0.0158689009
  23 -17       -0.0328809175       -0.0192938444
  23 -18        0.0113889172       -0.0285494365
  23 -19       -0.0152867480       -0.0035066587
  23 -20        0.0161568486        0.0185444783
  23 -21       -0.0068184312        0.0168975888
  23 -22       -0.0223660243        0.0160407269
  23 -23       -0.0178831955       -0.0009459769
  24  24        0.0288002166       -0.0016038692
  24  23       -0.0071999674        0.0429499083
  24  22       -0.0057605200       -0.0157570357
  24  21       -0.0219000178        0.0231106422
  24  20        0.0340886978       -0.0242891531
  24  19        0.0039727878       -0.0156891369
  24  18        0.0077342366        0.0023793684
  24  17        0.0072348183        0.0221840633
  24  16       -0.0078108604       -0.0222227536
  24  15        0.0134763168        0.0113093712
  24  14        0.0164527603       -0.0343068124
  24  13        0.0217192451        0.0508005930
  24  12        0.0211900122        0.0390211032
  24  11       -0.0099070028        0.0243343403
  24  10       -0.0469710286       -0.0062149230
  24   9        0.0045198104       -0.0007206261
  24   8       -0.0126576583       -0.0079971193
  24   7        0.0277302026        0.0070690104
  24   6       -0.0092006209       -0.0007906128
  24   5       -0.0025642710        0.0211549408
  24   4       -0.0049039134        0.0162455871
  24   3       -0.0092870946        0.0063621303
  24   2       -0.0418853853        0.0159126905
  24   1        0.0133606479       -0.0483416687
  24   0       -0.0062976708        0.0000000000
  24  -1       -0.0133606479       -0.0483416687
  24  -2       -0.0418853853       -0.0159126905
  24  -3        0.0092870946        0.0063621303
  24  -4       -0.0049039134       -0.0162455871
  24  -5        0.0025642710        0.0211549408
  24  -6       -0.0092006209        0.0007906128
  24  -7       -0.0277302026        0.0070690104
  24  -8       -0.0126576583        0.0079971193
  24  -9       -0.0045198104       -0.0007206261
  24 -10       -0.0469710286        0.0062149230
  24 -11        0.0099070028        0.0243343403
  24 -12        0.0211900122       -0.0390211032
  24 -13       -0.0217192451        0.0508005930
  24 -14        0.0164527603        0.0343068124
  24 -15       -0.0134763168        0.0113093712
  24 -16       -0.0078108604        0.0222227536
  24 -17       -0.0072348183        0.0221840633
  24 -18        0.0077342366       -0.0023793684
  24 -19       -0.0039727878       -0.0156891369
  24 -20        0.0340886978        0.0242891531
  24 -21        0.0219000178        0.0231106422
  24 -22       -0.0057605200        0.0157570357
  24 -23        0.0071999674        0.0429499083
  24 -24        0.0288002166        0.0016038692
  25  25        0.0307629696        0.0032913316
  25  24        0.0184674007       -0.0130759943
  25  23        0.0006031756       -0.0082801021
  25  22       -0.0289926290        0.0086517601
  25  21        0.0171153507        0.0345928132
  25  20        0.0125450505        0.0370298215
  25  19       -0.0088864909       -0.0245091351
  25  18        0.0209958437        0.0215106297
  25  17        0.0206260534       -0.0033463859
  25  16        0.0036870951       -0.0031604394
  25  15       -0.0311330959        0.0005822064
  25  14        0.0236871998        0.0264398113
  25  13        0.0083101569        0.0236601509
  25  12        0.0145701232        0.0452473253
  25  11       -0.0343089478       -0.0076531239
  25  10       -0.0629774603       -0.0341819560
  25   9        0.0140929936       -0.0047194740
  25   8       -0.0265089422        0.0177528342
  25   7        0.0106895013       -0.0000119632
  25   6        0.0069957551        0.0034187846
  25   5       -0.0075803254        0.0007370821
  25   4       -0.0089907188        0.0199414981
  25   3        0.0094117099        0.0379007642
  25   2       -0.0038421908       -0.0118654573
  25   1        0.0404746011       -0.0097901733
  25   0        0.0049465589        0.0000000000
  25  -1       -0.0404746011       -0.0097901733
  25  -2       -0.0038421908        0.0118654573
  25  -3       -0.0094117099        0.0379007642
  25  -4       -0.0089907188       -0.0199414981
  25  -5        0.0075803254        0.0007370821
  25  -6        0.0069957551       -0.0034187846
  25  -7       -0.0106895013       -0.0000119632
  25  -8       -0.0265089422       -0.0177528342
  25  -9       -0.0140929936       -0.0047194740
  25 -10       -0.0629774603        0.0341819560
  25 -11        0.0343089478       -0.0076531239
  25 -12        0.0145701232       -0.0452473253
  25 -13       -0.0083101569        0.0236601509
  25 -14        0.0236871998       -0.0264398113
  25 -15        0.0311330959        0.0005822064
  25 -16        0.0036870951        0.0031604394
  25 -17       -0.0206260534       -0.0033463859
  25 -18        0.0209958437       -0.0215106297
  25 -19        0.0088864909       -0.0245091351
  25 -20        0.0125450505       -0.0370298215
  25 -21       -0.0171153507        0.0345928132
  25 -22       -0.0289926290       -0.0086517601
  25 -23       -0.0006031756       -0.0082801021
  25 -24        0.0184674007        0.0130759943
  25 -25       -0.0307629696        0.0032913316
  26  26        0.0119984071       -0.0525564705
  26  25       -0.0151010427        0.0041313601
  26  24       -0.0391707571       -0.0309969870
  26  23        0.0246143380        0.0027297318
  26  22        0.0234092640        0.0103811408
  26  21        0.0322144263        0.0122070004
  26  20       -0.0105966823        0.0034290688
  26  19       -0.0015450671       -0.0333225405
  26  18        0.0214820242        0.0047102018
  26  17        0.0238103523       -0.0093676149
  26  16        0.0472415497        0.0037966671
  26  15       -0.0126932814        0.0093583539
  26  14        0.0215264199       -0.0044725045
  26  13        0.0165896303        0.0718590602
  26  12       -0.0125850896       -0.0073214472
  26  11       -0.0058764186       -0.0006703175
  26  10       -0.0061176446       -0.0041001750
  26   9        0.0282503789        0.0298112336
  26   8        0.0023078958        0.0054527279
  26   7       -0.0007166735        0.0241956252
  26   6       -0.0181670655        0.0133000348
  26   5        0.0061461458        0.0020170238
  26   4        0.0123378630       -0.0018027445
  26   3        0.0017841789        0.0184802960
  26   2        0.0033711931       -0.0152323718
  26   1        0.0073393116       -0.0273618086
  26   0        0.0023104722        0.0000000000
  26  -1       -0.0073393116       -0.0273618086
  26  -2        0.0033711931        0.0152323718
  26  -3       -0.0017841789        0.0184802960
  26  -4        0.0123378630        0.0018027445
  26  -5       -0.0061461458        0.0020170238
  26  -6       -0.0181670655       -0.0133000348
  26  -7        0.0007166735        0.0241956252
  26  -8        0.0023078958       -0.0054527279
  26  -9       -0.0282503789        0.0298112336
  26 -10       -0.0061176446        0.0041001750
  26 -11        0.0058764186       -0.0006703175
  26 -12       -0.0125850896        0.0073214472
  26 -13       -0.0165896303        0.0718590602
  26 -14        0.0215264199        0.0044725045
  26 -15        0.0126932814        0.0093583539
  26 -16        0.0472415497       -0.0037966671
  26 -17       -0.0238103523       -0.0093676149
  26 -18        0.0214820242       -0.0047102018
  26 -19        0.0015450671       -0.0333225405
  26 -20       -0.0105966823       -0.0034290688
  26 -21       -0.0322144263        0.0122070004
  26 -22        0.0234092640       -0.0103811408
  26 -23       -0.0246143380        0.0027297318
  26 -24       -0.0391707571        0.0309969870
  26 -25        0.0151010427        0.0041313601
  26 -26        0.0119984071        0.0525564705
  27  27        0.0108725460       -0.0057770599
  27  26       -0.0015271277        0.0355896394
  27  25       -0.0083518114       -0.0303072549
  27  24        0.0188429359       -0.0367192708
  27  23        0.0412825577        0.0072611980
  27  22       -0.0381894231        0.0053907583
  27  21       -0.0136239087        0.0142260314
  27  20        0.0187069112        0.0053147140
  27  19       -0.0092240325       -0.0294557874
  27  18        0.0403557856       -0.0215279821
  27  17       -0.0204454204       -0.0154453188
  27  16        0.0383377807        0.0031012794
  27  15       -0.0152206633       -0.0364833427
  27  14       -0.0227370109       -0.0031362469
  27  13       -0.0073983836        0.0342220134
  27  12       -0.0341501319       -0.0190397011
  27  11        0.0090203992       -0.0181918350
  27  10       -0.0129894565        0.0120317980
  27   9       -0.0147832806        0.0014817226
  27   8       -0.0004194053        0.0022705654
  27   7        0.0156405629        0.0112194296
  27   6        0.0021223413        0.0064984984
  27   5       -0.0142483163        0.0099607450
  27   4       -0.0002715066       -0.0139401646
  27   3        0.0282342207       -0.0087679099
  27   2       -0.0251527186        0.0033609956
  27   1       -0.0156094596        0.0144374597
  27   0       -0.0353793771        0.0000000000
  27  -1        0.0156094596        0.0144374597
  27  -2       -0.0251527186       -0.0033609956
  27  -3       -0.0282342207       -0.0087679099
  27  -4       -0.0002715066        0.0139401646
  27  -5        0.0142483163        0.0099607450
  27  -6        0.0021223413       -0.0064984984
  27  -7       -0.0156405629        0.0112194296
  27  -8       -0.0004194053       -0.0022705654
  27  -9        0.0147832806        0.0014817226
  27 -10       -0.0129894565       -0.0120317980
  27 -11       -0.0090203992       -0.0181918350
  27 -12       -0.0341501319        0.0190397011
  27 -13        0.0073983836        0.0342220134
  27 -14       -0.0227370109        0.0031362469
  27 -15        0.0152206633       -0.0364833427
  27 -16        0.0383377807       -0.0031012794
  27 -17        0.0204454204       -0.0154453188
  27 -18        0.0403557856        0.0215279821
  27 -19        0.0092240325       -0.0294557874
  27 -20        0.0187069112       -0.0053147140
  27 -21        0.0136239087        0.0142260314
  27 -22       -0.0381894231       -0.0053907583
  27 -23       -0.0412825577        0.0072611980
  27 -24        0.0188429359        0.0367192708
  27 -25        0.0083518114       -0.0303072549
  27 -26       -0.0015271277       -0.0355896394
  27 -27       -0.0108725460       -0.0057770599
  28  28       -0.0197780116       -0.0028161914
  28  27       -0.0288430104       -0.0090125105
  28  26       -0.0320513927        0.0196313445
  28  25        0.0147669068       -0.0159762248
  28  24       -0.0058588536       -0.0250250218
  28  23        0.0111886907        0.0083627560
  28  22       -0.0262699319        0.0090099901
  28  21        0.0458537038       -0.0349885701
  28  20        0.0184892386        0.0075175227
  28  19        0.0215838317       -0.0114198511
  28  18        0.0062057947        0.0240271668
  28  17        0.0104255965       -0.0269764969
  28  16        0.0068457202        0.0266049590
  28  15        0.0290058898       -0.0060433964
  28  14        0.0046802303        0.0084390076
  28  13        0.0070090304        0.0093350535
  28  12       -0.0265447184        0.0024710130
  28  11        0.0182623409        0.0194300597
  28  10        0.0058746620       -0.0252184496
  28   9        0.0057595509        0.0126626011
  28   8        0.0201074598       -0.0079489013
  28   7       -0.0027697454       -0.0126715531
  28   6        0.0236646627       -0.0193189220
  28   5       -0.0089370946       -0.0304938963
  28   4        0.0073976494       -0.0199444049
  28   3        0.0190437016       -0.0187977537
  28   2       -0.0215343824       -0.0070648431
  28   1       -0.0048448324        0.0200610748
  28   0        0.0368095745        0.0000000000
  28  -1        0.0048448324        0.0200610748
  28  -2       -0.0215343824        0.0070648431
  28  -3       -0.0190437016       -0.0187977537
  28  -4        0.0073976494        0.0199444049
  28  -5        0.0089370946       -0.0304938963
  28  -6        0.0236646627        0.0193189220
  28  -7        0.0027697454       -0.0126715531
  28  -8        0.0201074598        0.0079489013
  28  -9       -0.0057595509        0.0126626011
  28 -10        0.0058746620        0.0252184496
  28 -11       -0.0182623409        0.0194300597
  28 -12       -0.0265447184       -0.0024710130
  28 -13       -0.0070090304        0.0093350535
  28 -14        0.0046802303       -0.0084390076
  28 -15       -0.0290058898       -0.0060433964
  28 -16        0.0068457202       -0.0266049590
  28 -17       -0.0104255965       -0.0269764969
  28 -18        0.0062057947       -0.0240271668
  28 -19       -0.0215838317       -0.0114198511
  28 -20        0.0184892386       -0.0075175227
  28 -21       -0.0458537038       -0.0349885701
  28 -22       -0.0262699319       -0.0090099901
  28 -23       -0.0111886907        0.0083627560
  28 -24       -0.0058588536        0.0250250218
  28 -25       -0.0147669068       -0.0159762248
  28 -26       -0.0320513927       -0.0196313445
  28 -27        0.0288430104       -0.0090125105
  28 -28       -0.0197780116        0.0028161914
  29  29       -0.0035217343       -0.0449441348
  29  28        0.0091320406        0.0264654618
  29  27       -0.0375822036       -0.0233270800
  29  26        0.0092101162        0.0144829994
  29  25       -0.0039546642       -0.0202729963
  29  24        0.0194619117       -0.0029652341
  29  23       -0.0038073206        0.0101427258
  29  22       -0.0111124374       -0.0046896314
  29  21       -0.0220232794        0.0026042776
  29  20        0.0001879694        0.0144625979
  29  19        0.0090824426       -0.0181515984
  29  18        0.0118147450       -0.0353984010
  29  17       -0.0083842207       -0.0157751822
  29  16        0.0364639418        0.0124196505
  29  15       -0.0290039075        0.0041603210
  29  14       -0.0190045553        0.0260196665
  29  13        0.0270544053        0.0118191369
  29  12       -0.0232195276        0.0293624690
  29  11        0.0225845415        0.0173057073
  29  10        0.0184321047        0.0183824885
  29   9       -0.0200970636        0.0161089406
  29   8       -0.0113229418        0.0036882591
  29   7       -0.0009953136        0.0075159328
  29   6       -0.0115549775       -0.0240735638
  29   5        0.0101594267       -0.0369073087
  29   4       -0.0154089456       -0.0147475720
  29   3        0.0242063842        0.0010516561
  29   2       -0.0040724376       -0.0016105452
  29   1       -0.0074072219        0.0000828428
  29   0       -0.0208342433        0.0000000000
  29  -1        0.0074072219        0.0000828428
  29  -2       -0.0040724376        0.0016105452
  29  -3       -0.0242063842        0.0010516561
  29  -4       -0.0154089456        0.0147475720
  29  -5       -0.0101594267       -0.0369073087
  29  -6       -0.0115549775        0.0240735638
  29  -7        0.0009953136        0.0075159328
  29  -8       -0.0113229418       -0.0036882591
  29  -9        0.0200970636        0.0161089406
  29 -10        0.0184321047       -0.0183824885
  29 -11       -0.0225845415        0.0173057073
  29 -12       -0.0232195276       -0.0293624690
  29 -13       -0.0270544053        0.0118191369
  29 -14       -0.0190045553       -0.0260196665
  29 -15        0.0290039075        0.0041603210
  29 -16        0.0364639418       -0.0124196505
  29 -17        0.0083842207       -0.0157751822
  29 -18        0.0118147450        0.0353984010
  29 -19       -0.0090824426       -0.0181515984
  29 -20        0.0001879694       -0.0144625979
  29 -21        0.0220232794        0.0026042776
  29 -22       -0.0111124374        0.0046896314
  29 -23        0.0038073206        0.0101427258
  29 -24        0.0194619117        0.0029652341
  29 -25        0.0039546642       -0.0202729963
  29 -26        0.0092101162       -0.0144829994
  29 -27        0.0375822036       -0.0233270800
  29 -28        0.0091320406       -0.0264654618
  29 -29        0.0035217343       -0.0449441348
  30  30        0.0168512982       -0.0001589654
  30  29       -0.0065593066       -0.0037609196
  30  28       -0.0136014725       -0.0142544310
  30  27       -0.0169872786       -0.0279340977
  30  26        0.0094822747       -0.0323871100
  30  25       -0.0212226588       -0.0257484290
  30  24        0.0001095471       -0.0170985738
  30  23        0.0035599574       -0.0001358154
  30  22       -0.0180410874       -0.0093890504
  30  21       -0.0120252088       -0.0200791704
  30  20       -0.0060623793       -0.0270098728
  30  19        0.0058826985       -0.0183642688
  30  18       -0.0001963599       -0.0057750068
  30  17        0.0106540258       -0.0239394106
  30  16        0.0026619026        0.0339665647
  30  15       -0.0033746439       -0.0138020872
  30  14       -0.0171855973       -0.0216171348
  30  13        0.0255408419       -0.0039617889
  30  12        0.0172616690       -0.0201421277
  30  11        0.0122812960       -0.0193539243
  30  10        0.0205728964       -0.0023107786
  30   9        0.0084812091        0.0300540236
  30   8        0.0094080218       -0.0000879508
  30   7        0.0144578270       -0.0023798055
  30   6        0.0084830257       -0.0012108766
  30   5       -0.0054094821       -0.0237272725
  30   4       -0.0190128401       -0.0224297736
  30   3        0.0047701307       -0.0067155360
  30   2        0.0129715764       -0.0027448352
  30   1       -0.0021248830        0.0103699619
  30   0        0.0029163012        0.0000000000
  30  -1        0.0021248830        0.0103699619
  30  -2        0.0129715764        0.0027448352
  30  -3       -0.0047701307       -0.0067155360
  30  -4       -0.0190128401        0.0224297736
  30  -5        0.0054094821       -0.0237272725
  30  -6        0.0084830257        0.0012108766
  30  -7       -0.0144578270       -0.0023798055
  30  -8        0.0094080218        0.0000879508
  30  -9       -0.0084812091        0.0300540236
  30 -10        0.0205728964        0.0023107786
  30 -11       -0.0122812960       -0.0193539243
  30 -12        0.0172616690        0.0201421277
  30 -13       -0.0255408419       -0.0039617889
  30 -14       -0.0171855973        0.0216171348
  30 -15        0.0033746439       -0.0138020872
  30 -16        0.0026619026       -0.0339665647
  30 -17       -0.0106540258       -0.0239394106
  30 -18       -0.0001963599        0.0057750068
  30 -19       -0.0058826985       -0.0183642688
  30 -20       -0.0060623793        0.0270098728
  30 -21        0.0120252088       -0.0200791704
  30 -22       -0.0180410874        0.0093890504
  30 -23       -0.0035599574       -0.0001358154
  30 -24        0.0001095471        0.0170985738
  30 -25        0.0212226588       -0.0257484290
  30 -26        0.0094822747        0.0323871100
  30 -27        0.0169872786       -0.0279340977
  30 -28       -0.0136014725        0.0142544310
  30 -29        0.0065593066       -0.0037609196
  30 -30        0.0168512982        0.0001589654
