   0   0      410.0858169981        0.0000000000
   1   1        2.4628838529        0.2968030846
   1   0       -1.5766174470        0.0000000000
   1  -1       -2.4628838529        0.2968030846
   2   2       26.9136388646        4.5399908891
   2   1      -12.9612347922        0.4121999290
   2   0       34.1339211487        0.0000000000
   2  -1       12.9612347922        0.4121999290
   2  -2       26.9136388646       -4.5399908891
   3   3       -5.8125957984       -6.0429529704
   3   2        8.0449067593      -11.9386325207
   3   1       -0.6835922572       -4.8289615035
   3   0        1.6738303701        0.0000000000
   3  -1        0.6835922572       -4.8289615035
   3  -2        8.0449067593       11.9386325207
   3  -3        5.8125957984       -6.0429529704
   4   4        0.4899808324        9.9637682503
   4   3        0.9872063129        1.3592301019
   4   2        3.5232687411       -2.6229399429
   4   1        0.4601236326       11.2995379789
   4   0       -8.2787146270        0.0000000000
   4  -1       -0.4601236326       11.2995379789
   4  -2        3.5232687411        2.6229399429
   4  -3       -0.9872063129        1.3592301019
   4  -4        0.4899808324       -9.9637682503
   5   5       -2.1829730269       -0.8219040504
   5   4        0.5992578106       -3.7638370023
   5   3       -3.6670350912        1.3759225329
   5   2       -5.6276660703       -0.5451652401
   5   1       -2.6771021546        1.9879382899
   5   0       -7.2335748072        0.0000000000
   5  -1        2.6771021546        1.9879382899
   5  -2       -5.6276660703        0.5451652401
   5  -3        3.6670350912        1.3759225329
   5  -4        0.5992578106        3.7638370023
   5  -5        2.1829730269       -0.8219040504
   6   6       -2.1169762961        6.7569566916
   6   5        2.3948528850       -3.2894945421
   6   4       -1.1731864732        1.3831132781
   6   3        1.8646564084        2.8665662627
   6   2       -1.0841757055       -0.5359114900
   6   1       -1.4405063159        0.7755229918
   6   0       -1.2239717767        0.0000000000
   6  -1        1.4405063159        0.7755229918
   6  -2       -1.0841757055        0.5359114900
   6  -3       -1.8646564084        2.8665662627
   6  -4       -1.1731864732       -1.3831132781
   6  -5       -2.3948528850       -3.2894945421
   6  -6       -2.1169762961       -6.7569566916
   7   7        2.3848752454       -1.2129622263
   7   6        2.7695059862       -0.6126910361
   7   5        0.4660790615       -1.6713103167
   7   4       -1.3510957573       -0.4004909762
   7   3        1.0491308135        1.5175639540
   7   2       -3.2808246776       -1.5754334429
   7   1       -0.7390634883        3.1004254709
   7   0       -2.0544426269        0.0000000000
   7  -1        0.7390634883        3.1004254709
   7  -2       -3.2808246776        1.5754334429
   7  -3       -1.0491308135        1.5175639540
   7  -4       -1.3510957573        0.4004909762
   7  -5       -0.4660790615       -1.6713103167
   7  -6        2.7695059862        0.6126910361
   7  -7       -2.3848752454       -1.2129622263
   8   8       -2.8831927028        1.8048956401
   8   7        0.6091710197       -0.4181974095
   8   6        0.4496070862        2.2442093818
   8   5       -0.0858918889        2.2394555959
   8   4        0.0067217096        1.9232357657
   8   3       -0.2522534137        1.8160253168
   8   2       -1.9970439326       -0.7296384696
   8   1        1.2774581922       -1.5491567280
   8   0       -3.0830775686        0.0000000000
   8  -1       -1.2774581922       -1.5491567280
   8  -2       -1.9970439326        0.7296384696
   8  -3        0.2522534137        1.8160253168
   8  -4        0.0067217096       -1.9232357657
   8  -5        0.0858918889        2.2394555959
   8  -6        0.4496070862       -2.2442093818
   8  -7       -0.6091710197       -0.4181974095
   8  -8       -2.8831927028       -1.8048956401
   9   9        1.0260347487       -0.7813166536
   9   8       -0.4268924661       -0.9840571514
   9   7        1.2670664678       -0.8862998851
   9   6        0.5459719206       -0.3076506448
   9   5       -0.7480886221       -0.9569092585
   9   4       -0.5267222009       -0.6985651318
   9   3       -1.7777041761       -0.7233955756
   9   2        0.0141712607       -0.4190467526
   9   1       -0.5662301405        0.5964286189
   9   0       -0.9042776267        0.0000000000
   9  -1        0.5662301405        0.5964286189
   9  -2        0.0141712607        0.4190467526
   9  -3        1.7777041761       -0.7233955756
   9  -4       -0.5267222009        0.6985651318
   9  -5        0.7480886221       -0.9569092585
   9  -6        0.5459719206        0.3076506448
   9  -7       -1.2670664678       -0.8862998851
   9  -8       -0.4268924661        0.9840571514
   9  -9       -1.0260347487       -0.7813166536
  10  10       -1.9298008276       -1.2034050185
  10   9        0.1268131242       -0.3112960725
  10   8       -0.9855220927       -0.3205871265
  10   7       -0.5461144187        0.6779069752
  10   6        0.0382674826       -0.4754235415
  10   5       -1.2439656868        0.4154612287
  10   4        0.6046776234       -1.0781059873
  10   3        1.4976673092        0.0284403566
  10   2        0.2100107259       -0.4728872667
  10   1        0.5965940669       -1.6074976602
  10   0       -0.4510446379        0.0000000000
  10  -1       -0.5965940669       -1.6074976602
  10  -2        0.2100107259        0.4728872667
  10  -3       -1.4976673092        0.0284403566
  10  -4        0.6046776234        1.0781059873
  10  -5        1.2439656868        0.4154612287
  10  -6        0.0382674826        0.4754235415
  10  -7        0.5461144187        0.6779069752
  10  -8       -0.9855220927        0.3205871265
  10  -9       -0.1268131242       -0.3112960725
  10 -10       -1.9298008276        1.2034050185
  11  11        0.5213225748        0.1498125787
  11  10        0.7246261664       -0.3374265612
  11   9        0.5048700001       -0.2151797511
  11   8        0.8757915284       -0.5181092203
  11   7        0.2712485029        0.1002120721
  11   6        0.8551457842       -0.6789595513
  11   5       -0.8047958759       -1.3212639975
  11   4        0.0543402453       -0.5163845736
  11   3       -0.6752333673        0.7890937207
  11   2       -0.2083773855        0.0922010200
  11   1       -0.1627705630       -0.3158229675
  11   0       -0.0941868509        0.0000000000
  11  -1        0.1627705630       -0.3158229675
  11  -2       -0.2083773855       -0.0922010200
  11  -3        0.6752333673        0.7890937207
  11  -4        0.0543402453        0.5163845736
  11  -5        0.8047958759       -1.3212639975
  11  -6        0.8551457842        0.6789595513
  11  -7       -0.2712485029        0.1002120721
  11  -8        0.8757915284        0.5181092203
  11  -9       -0.5048700001       -0.2151797511
  11 -10        0.7246261664        0.3374265612
  11 -11       -0.5213225748        0.1498125787
  12  12       -0.6719371641       -0.5817345547
  12  11        0.4768042260       -0.4137531680
  12  10       -0.9854317784       -0.2119313570
  12   9       -0.7336988893        0.5245909150
  12   8       -0.1583967956        0.3233538418
  12   7       -0.8603993202        0.6895931202
  12   6        0.0370721292       -0.7771567649
  12   5        0.4497672831        0.8588041463
  12   4        0.5465319009       -1.0578605198
  12   3        0.8042429892       -0.1334121199
  12   2        0.2519684071       -0.4940350163
  12   1        0.4595757460       -0.9092321969
  12   0        0.2115016368        0.0000000000
  12  -1       -0.4595757460       -0.9092321969
  12  -2        0.2519684071        0.4940350163
  12  -3       -0.8042429892       -0.1334121199
  12  -4        0.5465319009        1.0578605198
  12  -5       -0.4497672831        0.8588041463
  12  -6        0.0370721292        0.7771567649
  12  -7        0.8603993202        0.6895931202
  12  -8       -0.1583967956       -0.3233538418
  12  -9        0.7336988893        0.5245909150
  12 -10       -0.9854317784        0.2119313570
  12 -11       -0.4768042260       -0.4137531680
  12 -12       -0.6719371641        0.5817345547
  13  13       -0.1986736244        0.8074854123
  13  12       -0.0050744445       -0.1704962936
  13  11        0.0593388427        0.0095006459
  13  10        0.1513759727        0.1791996040
  13   9       -0.4922877517       -0.0973133058
  13   8        0.1934369631        0.0480747036
  13   7        0.4079854997       -0.7634668350
  13   6        0.3852349942       -0.9051992772
  13   5       -0.7405163435       -0.2360781401
  13   4       -0.2021426527       -0.3868101638
  13   3       -0.2239384064        0.3730027449
  13   2       -0.0237471906        0.0426263880
  13   1        0.7144021292        0.0481314888
  13   0        1.3162110915        0.0000000000
  13  -1       -0.7144021292        0.0481314888
  13  -2       -0.0237471906       -0.0426263880
  13  -3        0.2239384064        0.3730027449
  13  -4       -0.2021426527        0.3868101638
  13  -5        0.7405163435       -0.2360781401
  13  -6        0.3852349942        0.9051992772
  13  -7       -0.4079854997       -0.7634668350
  13  -8        0.1934369631       -0.0480747036
  13  -9        0.4922877517       -0.0973133058
  13 -10        0.1513759727       -0.1791996040
  13 -11       -0.0593388427        0.0095006459
  13 -12       -0.0050744445        0.1704962936
  13 -13        0.1986736244        0.8074854123
  14  14        0.3494649372       -0.0786112133
  14  13       -0.2597237551        0.2313086106
  14  12        0.0772472609       -0.2298798634
  14  11       -0.3878990511       -0.1271379736
  14  10       -0.0320668184        0.3197137926
  14   9       -0.6000692499       -0.1305130031
  14   8        0.3675593460        0.0388218130
  14   7        0.1566803742        0.6882307190
  14   6        0.0968763836        0.0152901298
  14   5        1.0862268299        0.3466838067
  14   4        0.0389954158       -0.0118889407
  14   3        0.3556370115       -0.3416705080
  14   2       -0.2783489470       -0.1776152689
  14   1        0.0435125085        0.2870925696
  14   0       -0.3514689620        0.0000000000
  14  -1       -0.0435125085        0.2870925696
  14  -2       -0.2783489470        0.1776152689
  14  -3       -0.3556370115       -0.3416705080
  14  -4        0.0389954158        0.0118889407
  14  -5       -1.0862268299        0.3466838067
  14  -6        0.0968763836       -0.0152901298
  14  -7       -0.1566803742        0.6882307190
  14  -8        0.3675593460       -0.0388218130
  14  -9        0.6000692499       -0.1305130031
  14 -10       -0.0320668184       -0.3197137926
  14 -11        0.3878990511       -0.1271379736
  14 -12        0.0772472609        0.2298798634
  14 -13        0.2597237551        0.2313086106
  14 -14        0.3494649372        0.0786112133
  15  15       -0.1479493303        0.7184633212
  15  14        0.2413992205       -0.1626304197
  15  13        0.0534519574        0.2089947647
  15  12        0.2574615976        0.3078751803
  15  11        0.3234485391        0.2768039277
  15  10        0.5701824945        0.3989567760
  15   9       -0.0368630744       -0.2553134594
  15   8       -0.1519310777        0.1250040013
  15   7       -0.1191984468       -0.2625486152
  15   6       -0.0710323822       -0.2357298959
  15   5        0.0595076542        0.3983734982
  15   4       -0.2764836549       -0.0361302073
  15   3        0.2198884678        0.7953189148
  15   2        0.3466815074       -0.0358663434
  15   1        0.1128654971       -0.0242311201
  15   0        0.8753741047        0.0000000000
  15  -1       -0.1128654971       -0.0242311201
  15  -2        0.3466815074        0.0358663434
  15  -3       -0.2198884678        0.7953189148
  15  -4       -0.2764836549        0.0361302073
  15  -5       -0.0595076542        0.3983734982
  15  -6       -0.0710323822        0.2357298959
  15  -7        0.1191984468       -0.2625486152
  15  -8       -0.1519310777       -0.1250040013
  15  -9        0.0368630744       -0.2553134594
  15 -10        0.5701824945       -0.3989567760
  15 -11       -0.3234485391        0.2768039277
  15 -12        0.2574615976       -0.3078751803
  15 -13       -0.0534519574        0.2089947647
  15 -14        0.2413992205        0.1626304197
  15 -15        0.1479493303        0.7184633212
  16  16        0.4447170621        0.0469943243
  16  15        0.0073196049        0.4226962706
  16  14        0.3807377807       -0.0086398836
  16  13       -0.5165423010       -0.2979953835
  16  12       -0.2077517842        0.2854541304
  16  11        0.0952475916       -0.4808551079
  16  10       -0.2209914804        0.3697591197
  16   9       -0.2177023213        0.2902122956
  16   8       -0.1759531144       -0.0799292362
  16   7        0.2902069952        0.3460558323
  16   6       -0.1180646414        0.0171594061
  16   5        0.3532651773        0.1137752700
  16   4       -0.1106578923        0.3575001374
  16   3        0.0928636332       -0.3297885369
  16   2       -0.0561967510        0.1267777537
  16   1       -0.0832832273        0.1745353147
  16   0       -0.0473299113        0.0000000000
  16  -1        0.0832832273        0.1745353147
  16  -2       -0.0561967510       -0.1267777537
  16  -3       -0.0928636332       -0.3297885369
  16  -4       -0.1106578923       -0.3575001374
  16  -5       -0.3532651773        0.1137752700
  16  -6       -0.1180646414       -0.0171594061
  16  -7       -0.2902069952        0.3460558323
  16  -8       -0.1759531144        0.0799292362
  16  -9        0.2177023213        0.2902122956
  16 -10       -0.2209914804       -0.3697591197
  16 -11       -0.0952475916       -0.4808551079
  16 -12       -0.2077517842       -0.2854541304
  16 -13        0.5165423010       -0.2979953835
  16 -14        0.3807377807        0.0086398836
  16 -15       -0.0073196049        0.4226962706
  16 -16        0.4447170621       -0.0469943243
  17  17       -0.0968242629       -0.4634031792
  17  16        0.1053643130       -0.1795624931
  17  15        0.1646829434        0.4001220750
  17  14        0.0713046249       -0.1665141443
  17  13       -0.2950734980       -0.1258173157
  17  12        0.2648855672        0.4279154234
  17  11        0.1402564222        0.0167975906
  17  10        0.3271776875       -0.0192754224
  17   9        0.0515000936       -0.5982299076
  17   8        0.0649223143       -0.2599472370
  17   7        0.0489004193       -0.2977236898
  17   6       -0.1167560906        0.0359957227
  17   5        0.2717512842        0.1497954787
  17   4       -0.5836440926       -0.0743619659
  17   3        0.2306537259        0.0395880829
  17   2        0.0773161592        0.3177193560
  17   1        0.2214092233       -0.0111661598
  17   0       -0.0124693243        0.0000000000
  17  -1       -0.2214092233       -0.0111661598
  17  -2        0.0773161592       -0.3177193560
  17  -3       -0.2306537259        0.0395880829
  17  -4       -0.5836440926        0.0743619659
  17  -5       -0.2717512842        0.1497954787
  17  -6       -0.1167560906       -0.0359957227
  17  -7       -0.0489004193       -0.2977236898
  17  -8        0.0649223143        0.2599472370
  17  -9       -0.0515000936       -0.5982299076
  17 -10        0.3271776875        0.0192754224
  17 -11       -0.1402564222        0.0167975906
  17 -12        0.2648855672       -0.4279154234
  17 -13        0.2950734980       -0.1258173157
  17 -14        0.0713046249        0.1665141443
  17 -15       -0.1646829434        0.4001220750
  17 -16        0.1053643130        0.1795624931
  17 -17        0.0968242629       -0.4634031792
  18  18       -0.0453465406        0.1587121859
  18  17        0.0490510782       -0.1308561581
  18  16        0.2218557677       -0.0830191493
  18  15        0.3233409214       -0.4036980118
  18  14       -0.2548562799       -0.0515173181
  18  13       -0.0256105931       -0.0906057605
  18  12       -0.0442025085       -0.3983106625
  18  11       -0.1957558396       -0.0383240684
  18  10        0.0885957532       -0.3312085798
  18   9        0.0017749647        0.0981102739
  18   8        0.3245735953        0.2733496817
  18   7        0.0726486439        0.0037493273
  18   6        0.0830407291        0.3987302575
  18   5       -0.0198058229       -0.1399441917
  18   4       -0.2198682959       -0.1000109808
  18   3       -0.1210414417       -0.4985392437
  18   2       -0.1382733261       -0.0314098149
  18   1       -0.0616520842        0.2480770869
  18   0       -0.4124440256        0.0000000000
  18  -1        0.0616520842        0.2480770869
  18  -2       -0.1382733261        0.0314098149
  18  -3        0.1210414417       -0.4985392437
  18  -4       -0.2198682959        0.1000109808
  18  -5        0.0198058229       -0.1399441917
  18  -6        0.0830407291       -0.3987302575
  18  -7       -0.0726486439        0.0037493273
  18  -8        0.3245735953       -0.2733496817
  18  -9       -0.0017749647        0.0981102739
  18 -10        0.0885957532        0.3312085798
  18 -11        0.1957558396       -0.0383240684
  18 -12       -0.0442025085        0.3983106625
  18 -13        0.0256105931       -0.0906057605
  18 -14       -0.2548562799        0.0515173181
  18 -15       -0.3233409214       -0.4036980118
  18 -16        0.2218557677        0.0830191493
  18 -17       -0.0490510782       -0.1308561581
  18 -18       -0.0453465406       -0.1587121859
  19  19        0.2083070971        0.0308708210
  19  18       -0.1156232071       -0.0153310796
  19  17        0.0594279328       -0.0887826033
  19  16       -0.2185590440       -0.2998505271
  19  15       -0.0526556350       -0.1531530700
  19  14       -0.1350175714        0.0835849193
  19  13       -0.0787977259       -0.3868501252
  19  12       -0.0393738949        0.0006863464
  19  11        0.0484932909        0.1137340536
  19  10        0.2390733123       -0.1264206425
  19   9        0.0004248178       -0.0529461423
  19   8       -0.1397913846        0.2832600330
  19   7       -0.3411714801       -0.0287076667
  19   6        0.1354755000        0.0015846825
  19   5       -0.1965678921       -0.1617408065
  19   4       -0.0731971562        0.2291032371
  19   3        0.0393873833       -0.1023804216
  19   2       -0.0740539904        0.3107889772
  19   1        0.1197863487       -0.3095861635
  19   0        0.0353451274        0.0000000000
  19  -1       -0.1197863487       -0.3095861635
  19  -2       -0.0740539904       -0.3107889772
  19  -3       -0.0393873833       -0.1023804216
  19  -4       -0.0731971562       -0.2291032371
  19  -5        0.1965678921       -0.1617408065
  19  -6        0.1354755000       -0.0015846825
  19  -7        0.3411714801       -0.0287076667
  19  -8       -0.1397913846       -0.2832600330
  19  -9       -0.0004248178       -0.0529461423
  19 -10        0.2390733123        0.1264206425
  19 -11       -0.0484932909        0.1137340536
  19 -12       -0.0393738949       -0.0006863464
  19 -13        0.0787977259       -0.3868501252
  19 -14       -0.1350175714       -0.0835849193
  19 -15        0.0526556350       -0.1531530700
  19 -16       -0.2185590440        0.2998505271
  19 -17       -0.0594279328       -0.0887826033
  19 -18       -0.1156232071        0.0153310796
  19 -19       -0.2083070971        0.0308708210
  20  20       -0.2034587201        0.4636025116
  20  19       -0.2385742565       -0.0562741276
  20  18       -0.2784041739        0.0280130184
  20  17        0.3433201693       -0.0769268625
  20  16        0.0324123339        0.1316898646
  20  15        0.1478198231        0.0641992262
  20  14        0.2040370604       -0.1060569885
  20  13        0.0184808901        0.1688845239
  20  12       -0.1013351802        0.2226151886
  20  11       -0.1530684622        0.3753382224
  20  10       -0.3045073949       -0.1264117599
  20   9       -0.1436795917        0.2148049151
  20   8       -0.0498665495        0.0268817616
  20   7        0.1379633467       -0.0506926607
  20   6       -0.0311390307       -0.3873698945
  20   5        0.1173947963       -0.3384354152
  20   4       -0.1068144652        0.1760327746
  20   3       -0.2056194156       -0.2534802974
  20   2       -0.0478562509       -0.0252665349
  20   1       -0.2592036596        0.0414018274
  20   0        0.3251051975        0.0000000000
  20  -1        0.2592036596        0.0414018274
  20  -2       -0.0478562509        0.0252665349
  20  -3        0.2056194156       -0.2534802974
  20  -4       -0.1068144652       -0.1760327746
  20  -5       -0.1173947963       -0.3384354152
  20  -6       -0.0311390307        0.3873698945
  20  -7       -0.1379633467       -0.0506926607
  20  -8       -0.0498665495       -0.0268817616
  20  -9        0.1436795917        0.2148049151
  20 -10       -0.3045073949        0.1264117599
  20 -11        0.1530684622        0.3753382224
  20 -12       -0.1013351802       -0.2226151886
  20 -13       -0.0184808901        0.1688845239
  20 -14        0.2040370604        0.1060569885
  20 -15       -0.1478198231        0.0641992262
  20 -16        0.0324123339       -0.1316898646
  20 -17       -0.3433201693       -0.0769268625
  20 -18       -0.2784041739       -0.0280130184
  20 -19        0.2385742565       -0.0562741276
  20 -20       -0.2034587201       -0.4636025116
  21  21        0.0315586142        0.1863730259
  21  20        0.1133721781       -0.1789969344
  21  19       -0.2588467020        0.5580531061
  21  18        0.3651885107        0.0142790535
  21  17       -0.0143148776       -0.0394667143
  21  16       -0.1358549599        0.1846609824
  21  15       -0.1391286777        0.1760625734
  21  14        0.0145503419       -0.1082457726
  21  13        0.1942286062       -0.2865540662
  21  12        0.0542205650       -0.0957181616
  21  11       -0.2669569924       -0.3307634527
  21  10        0.1600406820       -0.2407075209
  21   9        0.0218814510       -0.2410871774
  21   8       -0.0678227628       -0.2715955728
  21   7       -0.2110155631        0.0611428986
  21   6       -0.0048964176        0.1217011070
  21   5       -0.0792905934        0.4252599250
  21   4       -0.0061168654        0.1763997932
  21   3        0.1522697199       -0.1946732698
  21   2        0.2003140554       -0.0138293378
  21   1       -0.1354518876        0.0015677070
  21   0       -0.0934732203        0.0000000000
  21  -1        0.1354518876        0.0015677070
  21  -2        0.2003140554        0.0138293378
  21  -3       -0.1522697199       -0.1946732698
  21  -4       -0.0061168654       -0.1763997932
  21  -5        0.0792905934        0.4252599250
  21  -6       -0.0048964176       -0.1217011070
  21  -7        0.2110155631        0.0611428986
  21  -8       -0.0678227628        0.2715955728
  21  -9       -0.0218814510       -0.2410871774
  21 -10        0.1600406820        0.2407075209
  21 -11        0.2669569924       -0.3307634527
  21 -12        0.0542205650        0.0957181616
  21 -13       -0.1942286062       -0.2865540662
  21 -14        0.0145503419        0.1082457726
  21 -15        0.1391286777        0.1760625734
  21 -16       -0.1358549599       -0.1846609824
  21 -17        0.0143148776       -0.0394667143
  21 -18        0.3651885107       -0.0142790535
  21 -19        0.2588467020        0.5580531061
  21 -20        0.1133721781        0.1789969344
  21 -21       -0.0315586142        0.1863730259
  22  22        0.0361099904        0.1163052424
  22  21       -0.1815844313       -0.1095923518
  22  20       -0.0385059089       -0.1540533474
  22  19       -0.0169931941        0.2006097818
  22  18       -0.0555952612        0.1029156270
  22  17        0.4680609273       -0.1289043552
  22  16       -0.3325853836        0.1438434936
  22  15        0.0301354903       -0.0074568516
  22  14       -0.2397147853        0.2390333186
  22  13        0.1116018586        0.0579502406
  22  12       -0.0790803441       -0.0329547423
  22  11        0.2568843556       -0.0358570153
  22  10        0.0283126149        0.0979061211
  22   9       -0.0423598526        0.1386598785
  22   8       -0.1229361630       -0.1446544256
  22   7        0.0980729456       -0.0897424406
  22   6       -0.0301205135       -0.0129852592
  22   5        0.0964538817       -0.0651742900
  22   4       -0.1247128682       -0.1070354545
  22   3       -0.1641831322        0.0158945621
  22   2        0.0162990395        0.1582489615
  22   1       -0.1890805397        0.1133569509
  22   0       -0.0192555093        0.0000000000
  22  -1        0.1890805397        0.1133569509
  22  -2        0.0162990395       -0.1582489615
  22  -3        0.1641831322        0.0158945621
  22  -4       -0.1247128682        0.1070354545
  22  -5       -0.0964538817       -0.0651742900
  22  -6       -0.0301205135        0.0129852592
  22  -7       -0.0980729456       -0.0897424406
  22  -8       -0.1229361630        0.1446544256
  22  -9        0.0423598526        0.1386598785
  22 -10        0.0283126149       -0.0979061211
  22 -11       -0.2568843556       -0.0358570153
  22 -12       -0.0790803441        0.0329547423
  22 -13       -0.1116018586        0.0579502406
  22 -14       -0.2397147853       -0.2390333186
  22 -15       -0.0301354903       -0.0074568516
  22 -16       -0.3325853836       -0.1438434936
  22 -17       -0.4680609273       -0.1289043552
  22 -18       -0.0555952612       -0.1029156270
  22 -19        0.0169931941        0.2006097818
  22 -20       -0.0385059089        0.1540533474
  22 -21        0.1815844313       -0.1095923518
  22 -22        0.0361099904       -0.1163052424
  23  23        0.0915699632        0.4881185579
  23  22        0.4128122913       -0.2612085902
  23  21       -0.3101771876       -0.2174800345
  23  20       -0.0010605422        0.2143668573
  23  19       -0.0335013778        0.1100402515
  23  18       -0.0787078425       -0.0071154082
  23  17       -0.1995709154        0.0392931633
  23  16       -0.0310099426        0.0219910786
  23  15        0.0826594938       -0.0228148205
  23  14        0.0736479635        0.0989563817
  23  13       -0.0782264050       -0.0443735690
  23  12        0.2375174621       -0.1175660975
  23  11        0.0235478672        0.0472421283
  23  10        0.1038123032        0.0240221271
  23   9       -0.0159122353        0.1880265327
  23   8       -0.1206958156        0.0037765405
  23   7        0.0772403934       -0.0760871831
  23   6       -0.1152685200        0.0843198554
  23   5        0.2286516522        0.1588341957
  23   4        0.1668572653       -0.2379115090
  23   3       -0.1190217047       -0.1197388822
  23   2        0.2448129176       -0.1826264521
  23   1       -0.0499262286       -0.1236517048
  23   0       -0.2074726102        0.0000000000
  23  -1        0.0499262286       -0.1236517048
  23  -2        0.2448129176        0.1826264521
  23  -3        0.1190217047       -0.1197388822
  23  -4        0.1668572653        0.2379115090
  23  -5       -0.2286516522        0.1588341957
  23  -6       -0.1152685200       -0.0843198554
  23  -7       -0.0772403934       -0.0760871831
  23  -8       -0.1206958156       -0.0037765405
  23  -9        0.0159122353        0.1880265327
  23 -10        0.1038123032       -0.0240221271
  23 -11       -0.0235478672        0.0472421283
  23 -12        0.2375174621        0.1175660975
  23 -13        0.0782264050       -0.0443735690
  23 -14        0.0736479635       -0.0989563817
  23 -15       -0.0826594938       -0.0228148205
  23 -16       -0.0310099426       -0.0219910786
  23 -17        0.1995709154        0.0392931633
  23 -18       -0.0787078425        0.0071154082
  23 -19        0.0335013778        0.1100402515
  23 -20       -0.0010605422       -0.2143668573
  23 -21        0.3101771876       -0.2174800345
  23 -22        0.4128122913        0.2612085902
  23 -23       -0.0915699632        0.4881185579
  24  24       -0.1252834087       -0.1349688563
  24  23       -0.0481544667       -0.2791566896
  24  22       -0.2002686629        0.1382633537
  24  21        0.0148126316        0.0346024461
  24  20        0.0355066690        0.2067166517
  24  19        0.0474944589        0.1033688292
  24  18       -0.1299823322        0.1900837496
  24  17       -0.0491170262        0.1402443156
  24  16       -0.1714032762       -0.1590000484
  24  15       -0.1696875897        0.1769488464
  24  14       -0.0385995348        0.1717572484
  24  13        0.0552165498       -0.0665704666
  24  12        0.0058389154        0.1130264266
  24  11       -0.0561410970       -0.0952641659
  24  10        0.1011783035        0.0329133979
  24   9        0.0303649153        0.1016436311
  24   8        0.2274610838       -0.0702363596
  24   7        0.0968552226       -0.1201707306
  24   6        0.1384520238       -0.1691698308
  24   5        0.1186069700       -0.1252570580
  24   4        0.0829987829       -0.1145264199
  24   3       -0.1585029331        0.3555335305
  24   2        0.0521255335       -0.0646166778
  24   1       -0.1242654979        0.0220309267
  24   0        0.1492773098        0.0000000000
  24  -1        0.1242654979        0.0220309267
  24  -2        0.0521255335        0.0646166778
  24  -3        0.1585029331        0.3555335305
  24  -4        0.0829987829        0.1145264199
  24  -5       -0.1186069700       -0.1252570580
  24  -6        0.1384520238        0.1691698308
  24  -7       -0.0968552226       -0.1201707306
  24  -8        0.2274610838        0.0702363596
  24  -9       -0.0303649153        0.1016436311
  24 -10        0.1011783035       -0.0329133979
  24 -11        0.0561410970       -0.0952641659
  24 -12        0.0058389154       -0.1130264266
  24 -13       -0.0552165498       -0.0665704666
  24 -14       -0.0385995348       -0.1717572484
  24 -15        0.1696875897        0.1769488464
  24 -16       -0.1714032762        0.1590000484
  24 -17        0.0491170262        0.1402443156
  24 -18       -0.1299823322       -0.1900837496
  24 -19       -0.0474944589        0.1033688292
  24 -20        0.0355066690       -0.2067166517
  24 -21       -0.0148126316        0.0346024461
  24 -22       -0.2002686629       -0.1382633537
  24 -23        0.0481544667       -0.2791566896
  24 -24       -0.1252834087        0.1349688563
  25  25        0.0344623575        0.0075882496
  25  24        0.0415665524        0.1969376978
  25  23       -0.0931109066        0.0996996526
  25  22       -0.1451340551       -0.0570010130
  25  21       -0.1036417910        0.0419900958
  25  20        0.0365881909        0.0172390535
  25  19       -0.0982688963        0.1334413475
  25  18        0.2428386900       -0.1628657094
  25  17       -0.2064770836       -0.0487325725
  25  16       -0.2973219315        0.0077169041
  25  15       -0.0100691837        0.0724832239
  25  14        0.0008007328        0.1662917299
  25  13        0.0468596422       -0.1477829732
  25  12        0.0537093552       -0.0846959274
  25  11        0.0507856550        0.0009463892
  25  10       -0.1324534627       -0.0189343045
  25   9       -0.0672817634        0.0668491430
  25   8       -0.0276969180        0.0361564359
  25   7       -0.0181792383        0.1907783086
  25   6        0.0232139960       -0.0060847536
  25   5       -0.0162422574        0.0234674530
  25   4        0.1665757943        0.1410460407
  25   3        0.0252083679        0.0833069736
  25   2        0.0090718267       -0.0654005629
  25   1       -0.1129632021        0.0851354104
  25   0       -0.1307431142        0.0000000000
  25  -1        0.1129632021        0.0851354104
  25  -2        0.0090718267        0.0654005629
  25  -3       -0.0252083679        0.0833069736
  25  -4        0.1665757943       -0.1410460407
  25  -5        0.0162422574        0.0234674530
  25  -6        0.0232139960        0.0060847536
  25  -7        0.0181792383        0.1907783086
  25  -8       -0.0276969180       -0.0361564359
  25  -9        0.0672817634        0.0668491430
  25 -10       -0.1324534627        0.0189343045
  25 -11       -0.0507856550        0.0009463892
  25 -12        0.0537093552        0.0846959274
  25 -13       -0.0468596422       -0.1477829732
  25 -14        0.0008007328       -0.1662917299
  25 -15        0.0100691837        0.0724832239
  25 -16       -0.2973219315       -0.0077169041
  25 -17        0.2064770836       -0.0487325725
  25 -18        0.2428386900        0.1628657094
  25 -19        0.0982688963        0.1334413475
  25 -20        0.0365881909       -0.0172390535
  25 -21        0.1036417910        0.0419900958
  25 -22       -0.1451340551        0.0570010130
  25 -23        0.0931109066        0.0996996526
  25 -24        0.0415665524       -0.1969376978
  25 -25       -0.0344623575        0.0075882496
  26  26        0.4881688577       -0.1430675094
  26  25        0.2350840599       -0.0840488864
  26  24       -0.2246335532       -0.0260272545
  26  23       -0.1577973010        0.0614690120
  26  22       -0.0107660198        0.0784041202
  26  21        0.3097624601        0.1056789354
  26  20       -0.0828063564        0.0702940512
  26  19       -0.0982130315        0.0789821948
  26  18       -0.1728161695       -0.0291151566
  26  17       -0.3206798753       -0.0712737645
  26  16        0.1256392981        0.2718370593
  26  15        0.0906892697        0.1402427033
  26  14        0.0679845398        0.0073461003
  26  13        0.0667016722       -0.0703554515
  26  12       -0.0321972046       -0.0078593248
  26  11        0.2204503813       -0.0724845130
  26  10       -0.0060987935        0.0448665021
  26   9        0.1579557700        0.0145110380
  26   8        0.1098366494       -0.0809109282
  26   7        0.0165520249       -0.1157131595
  26   6       -0.0993434357        0.0265830020
  26   5       -0.0352742703        0.1777961220
  26   4        0.2295992463        0.0218377831
  26   3       -0.1082800317        0.2998809353
  26   2        0.1056477619       -0.0711170010
  26   1        0.0633432268        0.1285498454
  26   0       -0.1012376159        0.0000000000
  26  -1       -0.0633432268        0.1285498454
  26  -2        0.1056477619        0.0711170010
  26  -3        0.1082800317        0.2998809353
  26  -4        0.2295992463       -0.0218377831
  26  -5        0.0352742703        0.1777961220
  26  -6       -0.0993434357       -0.0265830020
  26  -7       -0.0165520249       -0.1157131595
  26  -8        0.1098366494        0.0809109282
  26  -9       -0.1579557700        0.0145110380
  26 -10       -0.0060987935       -0.0448665021
  26 -11       -0.2204503813       -0.0724845130
  26 -12       -0.0321972046        0.0078593248
  26 -13       -0.0667016722       -0.0703554515
  26 -14        0.0679845398       -0.0073461003
  26 -15       -0.0906892697        0.1402427033
  26 -16        0.1256392981       -0.2718370593
  26 -17        0.3206798753       -0.0712737645
  26 -18       -0.1728161695        0.0291151566
  26 -19        0.0982130315        0.0789821948
  26 -20       -0.0828063564       -0.0702940512
  26 -21       -0.3097624601        0.1056789354
  26 -22       -0.0107660198       -0.0784041202
  26 -23        0.1577973010        0.0614690120
  26 -24       -0.2246335532        0.0260272545
  26 -25       -0.2350840599       -0.0840488864
  26 -26        0.4881688577        0.1430675094
