   0   0      505.7002325489        0.0000000000
   1   1        1.0890671961      -12.2463163014
   1   0      -14.0860536844        0.0000000000
   1  -1       -1.0890671961      -12.2463163014
   2   2      -25.1684890572       18.4981130928
   2   1      -27.8809512387      -10.7583183891
   2   0      -89.1197015329        0.0000000000
   2  -1       27.8809512387      -10.7583183891
   2  -2      -25.1684890572      -18.4981130928
   3   3        4.7584346056        7.0055977019
   3   2        0.5742656725       -4.5113028915
   3   1       -0.8577925403      -21.3124912950
   3   0      -15.0454930185        0.0000000000
   3  -1        0.8577925403      -21.3124912950
   3  -2        0.5742656725        4.5113028915
   3  -3       -4.7584346056        7.0055977019
   4   4       -0.4159402810       -0.1480881817
   4   3       11.6267048127       -1.1352607724
   4   2       12.5024342651        5.6253814608
   4   1        3.7158864776       -4.7423823278
   4   0       17.6211161468        0.0000000000
   4  -1       -3.7158864776       -4.7423823278
   4  -2       12.5024342651       -5.6253814608
   4  -3      -11.6267048127       -1.1352607724
   4  -4       -0.4159402810        0.1480881817
   5   5       -1.8711836368       -1.4053224816
   5   4       -1.6078057610       -1.8969206340
   5   3        2.0897349714       -1.8534718540
   5   2       -1.1273338992        4.8028197064
   5   1        1.4779345901       10.1648524726
   5   0        8.5531557258        0.0000000000
   5  -1       -1.4779345901       10.1648524726
   5  -2       -1.1273338992       -4.8028197064
   5  -3       -2.0897349714       -1.8534718540
   5  -4       -1.6078057610        1.8969206340
   5  -5        1.8711836368       -1.4053224816
   6   6       -1.0001131978        4.8155626734
   6   5        0.8852849212        3.3692642783
   6   4        2.5876895417        5.2702117239
   6   3       -7.6114530449       -1.1452923354
   6   2      -10.3875819070       -1.4890263552
   6   1       -0.3839447655        7.2360045032
   6   0       -8.6121537619        0.0000000000
   6  -1        0.3839447655        7.2360045032
   6  -2      -10.3875819070        1.4890263552
   6  -3        7.6114530449       -1.1452923354
   6  -4        2.5876895417       -5.2702117239
   6  -5       -0.8852849212        3.3692642783
   6  -6       -1.0001131978       -4.8155626734
   7   7       -5.5659770154        0.2655124866
   7   6        1.7880918113       -0.4420207431
   7   5       -2.6807111052        2.6348081710
   7   4       -1.1661419997       -0.6462380870
   7   3        0.5986482837       -0.4406947499
   7   2        3.1736186644       -3.4612933919
   7   1        0.7950395979       -5.7777353755
   7   0       -3.7010775313        0.0000000000
   7  -1       -0.7950395979       -5.7777353755
   7  -2        3.1736186644        3.4612933919
   7  -3       -0.5986482837       -0.4406947499
   7  -4       -1.1661419997        0.6462380870
   7  -5        2.6807111052        2.6348081710
   7  -6        1.7880918113        0.4420207431
   7  -7        5.5659770154        0.2655124866
   8   8       -0.5168783174       -0.3174311172
   8   7        1.9235408591       -1.5221257822
   8   6        0.8529435771       -2.5462586817
   8   5       -0.5411543075       -1.2787004866
   8   4       -0.6008672936       -2.8032251417
   8   3        2.2979461823        0.5257887298
   8   2        1.2435995907       -0.6535989357
   8   1       -0.1211123577       -3.6202662473
   8   0        4.4399665168        0.0000000000
   8  -1        0.1211123577       -3.6202662473
   8  -2        1.2435995907        0.6535989357
   8  -3       -2.2979461823        0.5257887298
   8  -4       -0.6008672936        2.8032251417
   8  -5        0.5411543075       -1.2787004866
   8  -6        0.8529435771        2.5462586817
   8  -7       -1.9235408591       -1.5221257822
   8  -8       -0.5168783174        0.3174311172
   9   9       -0.3043583647        1.2731294833
   9   8        0.1677697597       -1.1577313752
   9   7        0.4196014633        0.2953627779
   9   6        1.5775627778       -0.7174151035
   9   5        3.2247620803       -2.8599620451
   9   4       -0.5434186142       -1.1297046264
   9   3        0.9960539343        0.7262329521
   9   2       -0.3531326700        0.8921277044
   9   1        0.9282219088        2.2133275059
   9   0        2.6330089904        0.0000000000
   9  -1       -0.9282219088        2.2133275059
   9  -2       -0.3531326700       -0.8921277044
   9  -3       -0.9960539343        0.7262329521
   9  -4       -0.5434186142        1.1297046264
   9  -5       -3.2247620803       -2.8599620451
   9  -6        1.5775627778        0.7174151035
   9  -7       -0.4196014633        0.2953627779
   9  -8        0.1677697597        1.1577313752
   9  -9        0.3043583647        1.2731294833
  10  10       -0.0105390019        0.0341824945
  10   9       -0.1102642534        0.0238352074
  10   8       -2.8585945505        1.2515296011
  10   7       -2.7720197659        2.1271960523
  10   6       -0.2925879294        1.3283841371
  10   5       -0.1654451593        1.6262470025
  10   4        1.9458901314        2.0300899044
  10   3        0.2708392761        0.6864534812
  10   2        0.3356787545        0.8371899083
  10   1       -1.6273022324        0.3545385731
  10   0       -1.2219236328        0.0000000000
  10  -1        1.6273022324        0.3545385731
  10  -2        0.3356787545       -0.8371899083
  10  -3       -0.2708392761        0.6864534812
  10  -4        1.9458901314       -2.0300899044
  10  -5        0.1654451593        1.6262470025
  10  -6       -0.2925879294       -1.3283841371
  10  -7        2.7720197659        2.1271960523
  10  -8       -2.8585945505       -1.2515296011
  10  -9        0.1102642534        0.0238352074
  10 -10       -0.0105390019       -0.0341824945
  11  11       -1.0839610995        0.2811510537
  11  10        0.4525853376        0.4952362161
  11   9       -0.2879589515       -0.3200156053
  11   8       -0.5781270732        0.0979229699
  11   7       -0.5208383863       -0.3768023839
  11   6       -0.2726484245        0.7929797658
  11   5       -0.3287060771        1.7524766975
  11   4        1.7343414563        1.1678255659
  11   3       -1.6071767277        1.0711003397
  11   2       -0.8139839830        0.7199590000
  11   1       -0.9896510991        0.0466947746
  11   0       -2.2245993761        0.0000000000
  11  -1        0.9896510991        0.0466947746
  11  -2       -0.8139839830       -0.7199590000
  11  -3        1.6071767277        1.0711003397
  11  -4        1.7343414563       -1.1678255659
  11  -5        0.3287060771        1.7524766975
  11  -6       -0.2726484245       -0.7929797658
  11  -7        0.5208383863       -0.3768023839
  11  -8       -0.5781270732       -0.0979229699
  11  -9        0.2879589515       -0.3200156053
  11 -10        0.4525853376       -0.4952362161
  11 -11        1.0839610995        0.2811510537
  12  12       -1.5083265749       -0.2587022150
  12  11       -0.1788344240        0.2291883831
  12  10        0.0804038413        0.4042866513
  12   9        1.5109986788       -0.5710991317
  12   8        1.7721095254        0.8299768966
  12   7       -0.1377312962       -0.2356604036
  12   6       -1.4754317733       -0.3084925070
  12   5       -1.2710021138       -0.6381016801
  12   4       -2.2270734855       -1.3127392149
  12   3       -1.9120193153       -0.0833700543
  12   2       -0.4038296894       -0.4121776517
  12   1       -0.6380973089       -1.5578124854
  12   0       -1.1076265036        0.0000000000
  12  -1        0.6380973089       -1.5578124854
  12  -2       -0.4038296894        0.4121776517
  12  -3        1.9120193153       -0.0833700543
  12  -4       -2.2270734855        1.3127392149
  12  -5        1.2710021138       -0.6381016801
  12  -6       -1.4754317733        0.3084925070
  12  -7        0.1377312962       -0.2356604036
  12  -8        1.7721095254       -0.8299768966
  12  -9       -1.5109986788       -0.5710991317
  12 -10        0.0804038413       -0.4042866513
  12 -11        0.1788344240        0.2291883831
  12 -12       -1.5083265749        0.2587022150
  13  13        0.5131356660       -0.4976771597
  13  12        0.9838645458       -1.3979459098
  13  11       -1.1148711771       -0.8798439552
  13  10       -0.5455496204       -0.3153302049
  13   9       -0.3675334581       -0.1176651036
  13   8        0.4060280173        0.2327218586
  13   7       -0.6463875107       -0.6055208597
  13   6       -0.8181330032       -0.6453075620
  13   5       -0.0834536687       -0.7468422757
  13   4       -0.0523848650       -1.6919361966
  13   3        1.8230451120       -0.7530694899
  13   2        0.7165903755       -0.8770588871
  13   1        1.2827195299        0.4280004520
  13   0        3.0072594943        0.0000000000
  13  -1       -1.2827195299        0.4280004520
  13  -2        0.7165903755        0.8770588871
  13  -3       -1.8230451120       -0.7530694899
  13  -4       -0.0523848650        1.6919361966
  13  -5        0.0834536687       -0.7468422757
  13  -6       -0.8181330032        0.6453075620
  13  -7        0.6463875107       -0.6055208597
  13  -8        0.4060280173       -0.2327218586
  13  -9        0.3675334581       -0.1176651036
  13 -10       -0.5455496204        0.3153302049
  13 -11        1.1148711771       -0.8798439552
  13 -12        0.9838645458        1.3979459098
  13 -13       -0.5131356660       -0.4976771597
  14  14        0.9240512349       -0.0442517532
  14  13        0.7685816464       -0.1657874986
  14  12        0.1133460414        0.1569980371
  14  11        0.6690082887        0.7655220232
  14  10        0.5852566717        0.3701330146
  14   9       -0.8441207828        0.3484909269
  14   8        0.3330934678       -0.5183351856
  14   7        1.0687370980       -0.0540334046
  14   6        1.5326597972        0.0345521134
  14   5        2.2047814061       -1.2687098254
  14   4        0.8637479510        0.3646491041
  14   3        1.7585388154       -0.8507936958
  14   2        0.9219457294        0.7934308698
  14   1        0.5921579553        0.9798509237
  14   0        0.1488702974        0.0000000000
  14  -1       -0.5921579553        0.9798509237
  14  -2        0.9219457294       -0.7934308698
  14  -3       -1.7585388154       -0.8507936958
  14  -4        0.8637479510       -0.3646491041
  14  -5       -2.2047814061       -1.2687098254
  14  -6        1.5326597972       -0.0345521134
  14  -7       -1.0687370980       -0.0540334046
  14  -8        0.3330934678        0.5183351856
  14  -9        0.8441207828        0.3484909269
  14 -10        0.5852566717       -0.3701330146
  14 -11       -0.6690082887        0.7655220232
  14 -12        0.1133460414       -0.1569980371
  14 -13       -0.7685816464       -0.1657874986
  14 -14        0.9240512349        0.0442517532
  15  15        0.9951206198       -0.3434606567
  15  14        0.2226071439        0.6792276936
  15  13        0.0828069165        1.0006800470
  15  12        0.2253642953        0.5883901099
  15  11        0.7694307572        0.7944183168
  15  10       -0.2894987470       -0.3222303936
  15   9        0.3379065909       -0.2035689327
  15   8        0.3255983759        0.2142468712
  15   7        0.3676630172        0.5022094975
  15   6        1.0197633023        0.7818381729
  15   5       -0.4389543477        1.0445638877
  15   4        0.1719554493        2.6647492650
  15   3       -1.0199239013        0.4462456803
  15   2       -0.7221027374        0.6970360139
  15   1       -1.2397861704        0.8463108920
  15   0       -1.3160350676        0.0000000000
  15  -1        1.2397861704        0.8463108920
  15  -2       -0.7221027374       -0.6970360139
  15  -3        1.0199239013        0.4462456803
  15  -4        0.1719554493       -2.6647492650
  15  -5        0.4389543477        1.0445638877
  15  -6        1.0197633023       -0.7818381729
  15  -7       -0.3676630172        0.5022094975
  15  -8        0.3255983759       -0.2142468712
  15  -9       -0.3379065909       -0.2035689327
  15 -10       -0.2894987470        0.3222303936
  15 -11       -0.7694307572        0.7944183168
  15 -12        0.2253642953       -0.5883901099
  15 -13       -0.0828069165        1.0006800470
  15 -14        0.2226071439       -0.6792276936
  15 -15       -0.9951206198       -0.3434606567
  16  16        0.0729779820        0.4871979133
  16  15       -0.3174536868        0.7643886162
  16  14       -0.2331386004       -0.4667562643
  16  13        0.4913589174       -0.5691716340
  16  12       -0.3665534964       -0.1472884810
  16  11       -0.0241924815       -0.1225021803
  16  10       -0.3830784618       -0.4199333345
  16   9        0.2091479847       -0.2807200284
  16   8       -0.4652197153        0.4628562985
  16   7       -1.0253205335       -0.0610008756
  16   6       -0.7815696795        0.4046411382
  16   5       -1.7548496901        0.5929939114
  16   4       -0.1088709590       -0.4715026965
  16   3       -0.8940968738        0.2457353968
  16   2       -0.5265855254       -1.2378770373
  16   1       -0.4947015068       -0.0271740649
  16   0       -0.9081411807        0.0000000000
  16  -1        0.4947015068       -0.0271740649
  16  -2       -0.5265855254        1.2378770373
  16  -3        0.8940968738        0.2457353968
  16  -4       -0.1088709590        0.4715026965
  16  -5        1.7548496901        0.5929939114
  16  -6       -0.7815696795       -0.4046411382
  16  -7        1.0253205335       -0.0610008756
  16  -8       -0.4652197153       -0.4628562985
  16  -9       -0.2091479847       -0.2807200284
  16 -10       -0.3830784618        0.4199333345
  16 -11        0.0241924815       -0.1225021803
  16 -12       -0.3665534964        0.1472884810
  16 -13       -0.4913589174       -0.5691716340
  16 -14       -0.2331386004        0.4667562643
  16 -15        0.3174536868        0.7643886162
  16 -16        0.0729779820       -0.4871979133
  17  17        0.0367847094        0.3310862330
  17  16        0.3115078497       -0.3472231247
  17  15        0.6544837444       -0.7474851593
  17  14       -0.3049996925       -0.6841515940
  17  13       -0.0267635897       -0.8081187526
  17  12       -0.3941799830       -0.2909890777
  17  11        0.0675130243       -0.6496073611
  17  10       -0.4133987680        0.5072083549
  17   9       -0.7434330220       -0.4863540218
  17   8       -0.3482747378       -0.5842019288
  17   7       -0.7697505794       -0.5392050631
  17   6        0.0444544738       -0.8511495289
  17   5        0.3923253224        0.1917249877
  17   4        0.1206057930       -1.0148389299
  17   3        0.7294803622       -0.0592156574
  17   2        0.2862288196       -0.9821177881
  17   1        0.7764305626       -0.9797782250
  17   0        0.9068323030        0.0000000000
  17  -1       -0.7764305626       -0.9797782250
  17  -2        0.2862288196        0.9821177881
  17  -3       -0.7294803622       -0.0592156574
  17  -4        0.1206057930        1.0148389299
  17  -5       -0.3923253224        0.1917249877
  17  -6        0.0444544738        0.8511495289
  17  -7        0.7697505794       -0.5392050631
  17  -8       -0.3482747378        0.5842019288
  17  -9        0.7434330220       -0.4863540218
  17 -10       -0.4133987680       -0.5072083549
  17 -11       -0.0675130243       -0.6496073611
  17 -12       -0.3941799830        0.2909890777
  17 -13        0.0267635897       -0.8081187526
  17 -14       -0.3049996925        0.6841515940
  17 -15       -0.6544837444       -0.7474851593
  17 -16        0.3115078497        0.3472231247
  17 -17       -0.0367847094        0.3310862330
  18  18       -0.1158541880       -0.4376618036
  18  17        0.0804376294       -0.0505141567
  18  16        0.3309668621        0.0142505232
  18  15        0.2470117678       -0.4254135799
  18  14        0.1470984901       -0.2612841537
  18  13        0.3912192920       -0.0478681652
  18  12        0.2839591356       -0.4354555057
  18  11       -0.5258185815       -0.5416893454
  18  10        0.1216390254        0.3574329882
  18   9        0.1524892911       -0.6030945455
  18   8        0.5396982320       -0.7822863512
  18   7        0.7234194092       -0.3381611599
  18   6        0.6902948329       -0.7919557067
  18   5        0.9530376507       -0.8155647533
  18   4       -0.7139849805        0.3931218841
  18   3        0.8523344919       -0.0816146200
  18   2        0.6388748216        0.7273115713
  18   1        0.3986867521       -0.2272165337
  18   0        0.3085066775        0.0000000000
  18  -1       -0.3986867521       -0.2272165337
  18  -2        0.6388748216       -0.7273115713
  18  -3       -0.8523344919       -0.0816146200
  18  -4       -0.7139849805       -0.3931218841
  18  -5       -0.9530376507       -0.8155647533
  18  -6        0.6902948329        0.7919557067
  18  -7       -0.7234194092       -0.3381611599
  18  -8        0.5396982320        0.7822863512
  18  -9       -0.1524892911       -0.6030945455
  18 -10        0.1216390254       -0.3574329882
  18 -11        0.5258185815       -0.5416893454
  18 -12        0.2839591356        0.4354555057
  18 -13       -0.3912192920       -0.0478681652
  18 -14        0.1470984901        0.2612841537
  18 -15       -0.2470117678       -0.4254135799
  18 -16        0.3309668621       -0.0142505232
  18 -17       -0.0804376294       -0.0505141567
  18 -18       -0.1158541880        0.4376618036
  19  19        0.2208029542       -0.3146050484
  19  18        0.2526609880       -0.1574539659
  19  17        0.1845784930       -0.0768823187
  19  16        0.5333607053        0.1306637404
  19  15        0.1215166846        0.5386917592
  19  14        0.7206895785        0.3166518978
  19  13        0.8572008625        0.3523201844
  19  12        0.0169274184       -0.2572717443
  19  11       -0.1451794491        0.5722992127
  19  10        0.5097821473       -0.2692627100
  19   9        0.4517294092        0.6119744406
  19   8        0.4591245544       -0.0437248239
  19   7        0.5258592815        0.4171045494
  19   6        0.0799613492        0.5280831461
  19   5       -0.1287902934       -0.2991854332
  19   4        0.1633723957        0.6959867748
  19   3       -0.5327188468        0.2466167288
  19   2       -0.0986398112        0.9583148585
  19   1       -0.4511260221        0.5578598632
  19   0       -0.3854682251        0.0000000000
  19  -1        0.4511260221        0.5578598632
  19  -2       -0.0986398112       -0.9583148585
  19  -3        0.5327188468        0.2466167288
  19  -4        0.1633723957       -0.6959867748
  19  -5        0.1287902934       -0.2991854332
  19  -6        0.0799613492       -0.5280831461
  19  -7       -0.5258592815        0.4171045494
  19  -8        0.4591245544        0.0437248239
  19  -9       -0.4517294092        0.6119744406
  19 -10        0.5097821473        0.2692627100
  19 -11        0.1451794491        0.5722992127
  19 -12        0.0169274184        0.2572717443
  19 -13       -0.8572008625        0.3523201844
  19 -14        0.7206895785       -0.3166518978
  19 -15       -0.1215166846        0.5386917592
  19 -16        0.5333607053       -0.1306637404
  19 -17       -0.1845784930       -0.0768823187
  19 -18        0.2526609880        0.1574539659
  19 -19       -0.2208029542       -0.3146050484
  20  20       -0.3506427248       -0.3712099521
  20  19        0.3590657470        0.5547541165
  20  18        0.6614841006       -0.0999750123
  20  17       -0.0038523578        0.0436055373
  20  16        0.1918263012       -0.3068704491
  20  15        0.2867411815        0.4712073403
  20  14        0.0927519039        0.6541658432
  20  13       -0.4516553465        0.6957240453
  20  12       -0.2980091214        0.1297568845
  20  11        0.4169156910       -0.0221294840
  20  10       -0.5819808822       -0.4233971108
  20   9        0.1141197546        0.2180930187
  20   8       -0.1352714158        0.2207486579
  20   7       -0.6067771745        0.5867250711
  20   6        0.4811400503        0.6127097483
  20   5       -0.7615415116        0.0999481998
  20   4        1.0682914416        0.0628164094
  20   3       -0.4217868671       -0.0448412979
  20   2       -0.2098929196       -0.4639876303
  20   1       -0.6747591761       -0.2666756150
  20   0       -0.4308350054        0.0000000000
  20  -1        0.6747591761       -0.2666756150
  20  -2       -0.2098929196        0.4639876303
  20  -3        0.4217868671       -0.0448412979
  20  -4        1.0682914416       -0.0628164094
  20  -5        0.7615415116        0.0999481998
  20  -6        0.4811400503       -0.6127097483
  20  -7        0.6067771745        0.5867250711
  20  -8       -0.1352714158       -0.2207486579
  20  -9       -0.1141197546        0.2180930187
  20 -10       -0.5819808822        0.4233971108
  20 -11       -0.4169156910       -0.0221294840
  20 -12       -0.2980091214       -0.1297568845
  20 -13        0.4516553465        0.6957240453
  20 -14        0.0927519039       -0.6541658432
  20 -15       -0.2867411815        0.4712073403
  20 -16        0.1918263012        0.3068704491
  20 -17        0.0038523578        0.0436055373
  20 -18        0.6614841006        0.0999750123
  20 -19       -0.3590657470        0.5547541165
  20 -20       -0.3506427248        0.3712099521
  21  21        0.2263295251       -0.1604718909
  21  20        0.0306645338        0.5171286680
  21  19        0.0637846331        0.3649866479
  21  18       -0.0067096228        0.2831552688
  21  17        0.4033163090        0.2377685381
  21  16       -0.1419842733        0.3532575168
  21  15       -0.2687895502       -0.1634991880
  21  14       -0.5750510351       -0.1815140303
  21  13       -0.4246401252       -0.0290144501
  21  12       -0.5660889875       -0.0041008905
  21  11        0.1310684322       -0.4886979624
  21  10       -0.1915102802       -0.1588191733
  21   9        0.0269318902       -0.3388860505
  21   8       -0.2614970141        0.0197046507
  21   7       -0.1555671797        0.1966073269
  21   6       -0.3194867452       -0.3189546177
  21   5       -0.2632902673        0.4870073912
  21   4        0.2273842691       -0.4670686094
  21   3       -0.0703620894        0.0089543980
  21   2        0.1220079362       -0.3259527977
  21   1        0.2678699595       -0.1854846413
  21   0        0.2921499484        0.0000000000
  21  -1       -0.2678699595       -0.1854846413
  21  -2        0.1220079362        0.3259527977
  21  -3        0.0703620894        0.0089543980
  21  -4        0.2273842691        0.4670686094
  21  -5        0.2632902673        0.4870073912
  21  -6       -0.3194867452        0.3189546177
  21  -7        0.1555671797        0.1966073269
  21  -8       -0.2614970141       -0.0197046507
  21  -9       -0.0269318902       -0.3388860505
  21 -10       -0.1915102802        0.1588191733
  21 -11       -0.1310684322       -0.4886979624
  21 -12       -0.5660889875        0.0041008905
  21 -13        0.4246401252       -0.0290144501
  21 -14       -0.5750510351        0.1815140303
  21 -15        0.2687895502       -0.1634991880
  21 -16       -0.1419842733       -0.3532575168
  21 -17       -0.4033163090        0.2377685381
  21 -18       -0.0067096228       -0.2831552688
  21 -19       -0.0637846331        0.3649866479
  21 -20        0.0306645338       -0.5171286680
  21 -21       -0.2263295251       -0.1604718909
  22  22       -0.2310120636        0.4693066661
  22  21        0.0613751936        0.1532928538
  22  20       -0.1956093947       -0.3684260252
  22  19       -0.0867002032        0.2273124563
  22  18       -0.1661158581       -0.0856844633
  22  17       -0.0547402100        0.0669586944
  22  16       -0.1592022101       -0.0311646740
  22  15       -0.1595936626       -0.2047116674
  22  14        0.1618652332       -0.8581918133
  22  13        0.3631281042       -0.1099863958
  22  12       -0.2999117206        0.0509772485
  22  11        0.4115376778       -0.1531516364
  22  10        0.5129946538       -0.0566092758
  22   9        0.0161324478       -0.1402797861
  22   8        0.0277494491       -0.0903074306
  22   7       -0.0953090565       -0.4688181149
  22   6       -0.5353875861       -0.0939145366
  22   5        0.2165679942       -0.0273400692
  22   4       -0.1918360024       -0.1797249550
  22   3        0.1969616055        0.2402864149
  22   2        0.0049644590       -0.1879847318
  22   1        0.6075042274        0.1376925399
  22   0        0.1308163724        0.0000000000
  22  -1       -0.6075042274        0.1376925399
  22  -2        0.0049644590        0.1879847318
  22  -3       -0.1969616055        0.2402864149
  22  -4       -0.1918360024        0.1797249550
  22  -5       -0.2165679942       -0.0273400692
  22  -6       -0.5353875861        0.0939145366
  22  -7        0.0953090565       -0.4688181149
  22  -8        0.0277494491        0.0903074306
  22  -9       -0.0161324478       -0.1402797861
  22 -10        0.5129946538        0.0566092758
  22 -11       -0.4115376778       -0.1531516364
  22 -12       -0.2999117206       -0.0509772485
  22 -13       -0.3631281042       -0.1099863958
  22 -14        0.1618652332        0.8581918133
  22 -15        0.1595936626       -0.2047116674
  22 -16       -0.1592022101        0.0311646740
  22 -17        0.0547402100        0.0669586944
  22 -18       -0.1661158581        0.0856844633
  22 -19        0.0867002032        0.2273124563
  22 -20       -0.1956093947        0.3684260252
  22 -21       -0.0613751936        0.1532928538
  22 -22       -0.2310120636       -0.4693066661
  23  23       -0.3819157061       -0.4312066368
  23  22        0.2869218146        0.0207345496
  23  21        0.0375888858       -0.4126252482
  23  20        0.0625452595       -0.1429291206
  23  19        0.3821677238       -0.3196668112
  23  18        0.0694814873       -0.3340027547
  23  17       -0.1100067326       -0.0960453790
  23  16        0.2045408556       -0.1596238735
  23  15        0.1220191113        0.1088085846
  23  14        0.3986934309        0.2892951969
  23  13        0.0639689962       -0.1552828545
  23  12        0.2503872070        0.3740636449
  23  11       -0.1702619445       -0.0802267215
  23  10       -0.1260738806       -0.0463113830
  23   9       -0.3681536517        0.0340296053
  23   8        0.2796148749       -0.1683381245
  23   7        0.4111867294       -0.2092028226
  23   6       -0.0305707770        0.2109742988
  23   5        0.0088830347       -0.1425266851
  23   4       -0.4399931966        0.3186580218
  23   3        0.0924694954       -0.2958357881
  23   2       -0.5227267935        0.5079738634
  23   1       -0.2620408921        0.3443293391
  23   0       -0.0641624288        0.0000000000
  23  -1        0.2620408921        0.3443293391
  23  -2       -0.5227267935       -0.5079738634
  23  -3       -0.0924694954       -0.2958357881
  23  -4       -0.4399931966       -0.3186580218
  23  -5       -0.0088830347       -0.1425266851
  23  -6       -0.0305707770       -0.2109742988
  23  -7       -0.4111867294       -0.2092028226
  23  -8        0.2796148749        0.1683381245
  23  -9        0.3681536517        0.0340296053
  23 -10       -0.1260738806        0.0463113830
  23 -11        0.1702619445       -0.0802267215
  23 -12        0.2503872070       -0.3740636449
  23 -13       -0.0639689962       -0.1552828545
  23 -14        0.3986934309       -0.2892951969
  23 -15       -0.1220191113        0.1088085846
  23 -16        0.2045408556        0.1596238735
  23 -17        0.1100067326       -0.0960453790
  23 -18        0.0694814873        0.3340027547
  23 -19       -0.3821677238       -0.3196668112
  23 -20        0.0625452595        0.1429291206
  23 -21       -0.0375888858       -0.4126252482
  23 -22        0.2869218146       -0.0207345496
  23 -23        0.3819157061       -0.4312066368
  24  24        0.4419776616       -0.7608674059
  24  23        0.0179464509        0.1790101150
  24  22        0.3531018822        0.0562301177
  24  21        0.1198471138        0.0745101217
  24  20        0.2553218682        0.2830803803
  24  19        0.4394134684       -0.0753133291
  24  18        0.2234665778        0.1074430333
  24  17        0.2460922064        0.1548320566
  24  16        0.2177689979       -0.1477243680
  24  15       -0.0233784268        0.0755809772
  24  14        0.0572094978        0.1715640635
  24  13        0.0224852386        0.3958809248
  24  12        0.0286011429       -0.2666096607
  24  11        0.1492407531        0.0907674516
  24  10        0.1485922102       -0.5241621627
  24   9        0.2287323805        0.0999713511
  24   8        0.6240554468        0.1465154256
  24   7        0.1466087642        0.2153112418
  24   6        0.5224231224        0.4325504818
  24   5       -0.0332377987       -0.0030891384
  24   4       -0.1489329503        0.3810761565
  24   3       -0.4376579379       -0.3340673194
  24   2       -0.1060377481        0.1776962819
  24   1       -0.1103601565       -0.4243385508
  24   0       -0.2726724876        0.0000000000
  24  -1        0.1103601565       -0.4243385508
  24  -2       -0.1060377481       -0.1776962819
  24  -3        0.4376579379       -0.3340673194
  24  -4       -0.1489329503       -0.3810761565
  24  -5        0.0332377987       -0.0030891384
  24  -6        0.5224231224       -0.4325504818
  24  -7       -0.1466087642        0.2153112418
  24  -8        0.6240554468       -0.1465154256
  24  -9       -0.2287323805        0.0999713511
  24 -10        0.1485922102        0.5241621627
  24 -11       -0.1492407531        0.0907674516
  24 -12        0.0286011429        0.2666096607
  24 -13       -0.0224852386        0.3958809248
  24 -14        0.0572094978       -0.1715640635
  24 -15        0.0233784268        0.0755809772
  24 -16        0.2177689979        0.1477243680
  24 -17       -0.2460922064        0.1548320566
  24 -18        0.2234665778       -0.1074430333
  24 -19       -0.4394134684       -0.0753133291
  24 -20        0.2553218682       -0.2830803803
  24 -21       -0.1198471138        0.0745101217
  24 -22        0.3531018822       -0.0562301177
  24 -23       -0.0179464509        0.1790101150
  24 -24        0.4419776616        0.7608674059
  25  25       -0.1321722343        0.1846424080
  25  24        0.2788182162        0.2790874287
  25  23        0.0943027328        0.1916730623
  25  22       -0.1072741094        0.0060013638
  25  21       -0.4061605225       -0.0295357403
  25  20       -0.0522802677       -0.0347702453
  25  19       -0.5540214463        0.1618697077
  25  18       -0.0112752791        0.4961101356
  25  17        0.3833329557        0.0579929754
  25  16       -0.0719852999       -0.0375581700
  25  15       -0.3550348382        0.0874068980
  25  14        0.1600488694       -0.1269386783
  25  13       -0.1035712844       -0.0339728062
  25  12        0.1726957844       -0.1595833933
  25  11        0.3113520384       -0.0282624006
  25  10        0.1256245623        0.1184946516
  25   9        0.1121531488        0.3168759130
  25   8       -0.2633502880        0.0887428329
  25   7       -0.2463787245        0.6826853975
  25   6       -0.0912293235        0.2473887646
  25   5       -0.4042136322        0.2237488565
  25   4        0.0985175474        0.0059171478
  25   3       -0.4541568085        0.0119937541
  25   2        0.2298792602       -0.2344714114
  25   1       -0.2661428386       -0.2844376771
  25   0        0.0074597935        0.0000000000
  25  -1        0.2661428386       -0.2844376771
  25  -2        0.2298792602        0.2344714114
  25  -3        0.4541568085        0.0119937541
  25  -4        0.0985175474       -0.0059171478
  25  -5        0.4042136322        0.2237488565
  25  -6       -0.0912293235       -0.2473887646
  25  -7        0.2463787245        0.6826853975
  25  -8       -0.2633502880       -0.0887428329
  25  -9       -0.1121531488        0.3168759130
  25 -10        0.1256245623       -0.1184946516
  25 -11       -0.3113520384       -0.0282624006
  25 -12        0.1726957844        0.1595833933
  25 -13        0.1035712844       -0.0339728062
  25 -14        0.1600488694        0.1269386783
  25 -15        0.3550348382        0.0874068980
  25 -16       -0.0719852999        0.0375581700
  25 -17       -0.3833329557        0.0579929754
  25 -18       -0.0112752791       -0.4961101356
  25 -19        0.5540214463        0.1618697077
  25 -20       -0.0522802677        0.0347702453
  25 -21        0.4061605225       -0.0295357403
  25 -22       -0.1072741094       -0.0060013638
  25 -23       -0.0943027328        0.1916730623
  25 -24        0.2788182162       -0.2790874287
  25 -25        0.1321722343        0.1846424080
  26  26        0.1659720036        0.1462789709
  26  25       -0.1096094673       -0.1156739474
  26  24       -0.2865913272        0.1423542729
  26  23        0.2030142935       -0.2153324082
  26  22       -0.2921580587       -0.0132300841
  26  21       -0.0514674513       -0.0002249636
  26  20       -0.2147573296       -0.1151861811
  26  19       -0.1355689518       -0.1033834861
  26  18       -0.0789037255       -0.1110157082
  26  17       -0.4149508853        0.0998040494
  26  16       -0.0562135673       -0.2662914281
  26  15       -0.1940015647        0.2415853889
  26  14       -0.1001833545       -0.0544272682
  26  13        0.2632436587        0.2745581422
  26  12       -0.0067758538        0.4047742758
  26  11       -0.1889185811        0.2423120134
  26  10       -0.0232011457        0.3083676228
  26   9       -0.3338195013        0.0620950312
  26   8       -0.2368243603        0.2188587166
  26   7        0.1397104477       -0.1834287159
  26   6       -0.2431166625       -0.3463259142
  26   5        0.1561732574       -0.1599638292
  26   4        0.0767564097       -0.3943081831
  26   3        0.1256652665        0.5079737981
  26   2        0.1300766781       -0.3053273143
  26   1        0.2034540543        0.2271340033
  26   0        0.1698902468        0.0000000000
  26  -1       -0.2034540543        0.2271340033
  26  -2        0.1300766781        0.3053273143
  26  -3       -0.1256652665        0.5079737981
  26  -4        0.0767564097        0.3943081831
  26  -5       -0.1561732574       -0.1599638292
  26  -6       -0.2431166625        0.3463259142
  26  -7       -0.1397104477       -0.1834287159
  26  -8       -0.2368243603       -0.2188587166
  26  -9        0.3338195013        0.0620950312
  26 -10       -0.0232011457       -0.3083676228
  26 -11        0.1889185811        0.2423120134
  26 -12       -0.0067758538       -0.4047742758
  26 -13       -0.2632436587        0.2745581422
  26 -14       -0.1001833545        0.0544272682
  26 -15        0.1940015647        0.2415853889
  26 -16       -0.0562135673        0.2662914281
  26 -17        0.4149508853        0.0998040494
  26 -18       -0.0789037255        0.1110157082
  26 -19        0.1355689518       -0.1033834861
  26 -20       -0.2147573296        0.1151861811
  26 -21        0.0514674513       -0.0002249636
  26 -22       -0.2921580587        0.0132300841
  26 -23       -0.2030142935       -0.2153324082
  26 -24       -0.2865913272       -0.1423542729
  26 -25        0.1096094673       -0.1156739474
  26 -26        0.1659720036       -0.1462789709
