   0   0      257.8048484869        0.0000000000
   1   1       -0.0311543188        1.1444456380
   1   0       -1.4311459669        0.0000000000
   1  -1        0.0311543188        1.1444456380
   2   2       -0.9342356192       -5.3135943038
   2   1       -9.5610693202      -14.2402189879
   2   0       -1.5374755114        0.0000000000
   2  -1        9.5610693202      -14.2402189879
   2  -2       -0.9342356192        5.3135943038
   3   3       -2.0305578343        2.4534046762
   3   2       -4.4528363042        1.8604069949
   3   1       -3.8835065397       -1.2748688063
   3   0        2.0815607763        0.0000000000
   3  -1        3.8835065397       -1.2748688063
   3  -2       -4.4528363042       -1.8604069949
   3  -3        2.0305578343        2.4534046762
   4   4        0.2255185841       -2.3454143599
   4   3       -0.8199473584        3.4032075336
   4   2       -0.3485469846       -1.1481100294
   4   1       -1.5933549721       -0.8574502662
   4   0       -2.4551183258        0.0000000000
   4  -1        1.5933549721       -0.8574502662
   4  -2       -0.3485469846        1.1481100294
   4  -3        0.8199473584        3.4032075336
   4  -4        0.2255185841        2.3454143599
   5   5        0.6221864418        0.2439072609
   5   4        3.4694865394       -0.2276909126
   5   3        0.2065404619        1.4019326253
   5   2       -2.3719743903       -0.2271117862
   5   1       -0.4066755714       -0.4316692123
   5   0        0.4460628172        0.0000000000
   5  -1        0.4066755714       -0.4316692123
   5  -2       -2.3719743903        0.2271117862
   5  -3       -0.2065404619        1.4019326253
   5  -4        3.4694865394        0.2276909126
   5  -5       -0.6221864418        0.2439072609
   6   6       -0.9310322393       -0.5751883795
   6   5        0.8566544346       -0.4051638405
   6   4        2.0954852145       -0.7707239462
   6   3       -0.2622630662        0.8446929442
   6   2        0.0021220506        0.1313104007
   6   1       -0.6870021964       -1.0015522688
   6   0       -2.0036021356        0.0000000000
   6  -1        0.6870021964       -1.0015522688
   6  -2        0.0021220506       -0.1313104007
   6  -3        0.2622630662        0.8446929442
   6  -4        2.0954852145        0.7707239462
   6  -5       -0.8566544346       -0.4051638405
   6  -6       -0.9310322393        0.5751883795
   7   7        0.2826053849        0.1884056866
   7   6       -0.7331603621       -0.7893416571
   7   5       -0.1213149754        0.4817494997
   7   4       -0.0726235808       -0.7319924593
   7   3       -0.3030859986        0.8439720793
   7   2       -0.1148622021        0.0217052216
   7   1       -0.7279140182        0.1538699850
   7   0        0.1007829945        0.0000000000
   7  -1        0.7279140182        0.1538699850
   7  -2       -0.1148622021       -0.0217052216
   7  -3        0.3030859986        0.8439720793
   7  -4       -0.0726235808        0.7319924593
   7  -5        0.1213149754        0.4817494997
   7  -6       -0.7331603621        0.7893416571
   7  -7       -0.2826053849        0.1884056866
   8   8        0.0870624414        0.8218255710
   8   7       -0.1868954209        0.4249758775
   8   6       -0.9276098966       -0.5153905195
   8   5       -0.0707348636        0.0781106930
   8   4        0.4319065359       -0.1164070189
   8   3        0.4040544063       -0.3559181887
   8   2        0.3166255896        0.4860205910
   8   1       -0.5413767681        0.2447851707
   8   0       -0.3149188598        0.0000000000
   8  -1        0.5413767681        0.2447851707
   8  -2        0.3166255896       -0.4860205910
   8  -3       -0.4040544063       -0.3559181887
   8  -4        0.4319065359        0.1164070189
   8  -5        0.0707348636        0.0781106930
   8  -6       -0.9276098966        0.5153905195
   8  -7        0.1868954209        0.4249758775
   8  -8        0.0870624414       -0.8218255710
   9   9       -0.3996756475        0.4708852170
   9   8       -0.2779663660        0.0457156404
   9   7       -0.0021738818        0.4325621006
   9   6       -0.1013122096       -0.6035383780
   9   5        0.2089459918        0.8531679071
   9   4        0.4370797609       -0.3549608169
   9   3        0.0072956308        0.2587056516
   9   2        0.1754994058        0.1495681170
   9   1       -0.0226439670        0.1960983931
   9   0       -0.2823927365        0.0000000000
   9  -1        0.0226439670        0.1960983931
   9  -2        0.1754994058       -0.1495681170
   9  -3       -0.0072956308        0.2587056516
   9  -4        0.4370797609        0.3549608169
   9  -5       -0.2089459918        0.8531679071
   9  -6       -0.1013122096        0.6035383780
   9  -7        0.0021738818        0.4325621006
   9  -8       -0.2779663660       -0.0457156404
   9  -9        0.3996756475        0.4708852170
  10  10       -0.2408290652        0.3834470665
  10   9       -0.1402282110        0.0387979335
  10   8        0.3388337620        0.5438593129
  10   7        0.0424859778       -0.0270864172
  10   6       -0.1104370197        0.1582528453
  10   5        0.1498614284       -0.1360419935
  10   4       -0.2242257269       -0.4027797613
  10   3        0.2560738018        0.2091336137
  10   2       -0.2303733392       -0.1558829225
  10   1        0.3482872588       -0.2558715437
  10   0       -0.0524214120        0.0000000000
  10  -1       -0.3482872588       -0.2558715437
  10  -2       -0.2303733392        0.1558829225
  10  -3       -0.2560738018        0.2091336137
  10  -4       -0.2242257269        0.4027797613
  10  -5       -0.1498614284       -0.1360419935
  10  -6       -0.1104370197       -0.1582528453
  10  -7       -0.0424859778       -0.0270864172
  10  -8        0.3388337620       -0.5438593129
  10  -9        0.1402282110        0.0387979335
  10 -10       -0.2408290652       -0.3834470665
  11  11       -0.0366978717       -0.1262890349
  11  10        0.4178165478        0.4570269179
  11   9        0.1896305956        0.2972673503
  11   8        0.1256851571        0.7755594590
  11   7       -0.1474244500        0.2216428907
  11   6       -0.2780209502       -0.1295788384
  11   5        0.2956114190       -0.1896255685
  11   4       -0.1705497914        0.1446912565
  11   3        0.0236390239        0.1098298148
  11   2        0.1868440292        0.1496191155
  11   1        0.2195434752        0.0268221946
  11   0       -0.0974458490        0.0000000000
  11  -1       -0.2195434752        0.0268221946
  11  -2        0.1868440292       -0.1496191155
  11  -3       -0.0236390239        0.1098298148
  11  -4       -0.1705497914       -0.1446912565
  11  -5       -0.2956114190       -0.1896255685
  11  -6       -0.2780209502        0.1295788384
  11  -7        0.1474244500        0.2216428907
  11  -8        0.1256851571       -0.7755594590
  11  -9       -0.1896305956        0.2972673503
  11 -10        0.4178165478       -0.4570269179
  11 -11        0.0366978717       -0.1262890349
  12  12       -0.2539248911        0.0106517420
  12  11       -0.4955644784       -0.2512989482
  12  10       -0.0646845041        0.1139750779
  12   9       -0.0615573316        0.0492567611
  12   8       -0.2198680780       -0.0566257446
  12   7       -0.0033392478        0.0093858207
  12   6       -0.0775106712       -0.0000947080
  12   5       -0.1573837570        0.3207180155
  12   4       -0.2164372933       -0.0389692552
  12   3        0.2709690520        0.1372251667
  12   2        0.1204111529       -0.2886254989
  12   1       -0.3829794008        0.2806441797
  12   0       -0.2251064213        0.0000000000
  12  -1        0.3829794008        0.2806441797
  12  -2        0.1204111529        0.2886254989
  12  -3       -0.2709690520        0.1372251667
  12  -4       -0.2164372933        0.0389692552
  12  -5        0.1573837570        0.3207180155
  12  -6       -0.0775106712        0.0000947080
  12  -7        0.0033392478        0.0093858207
  12  -8       -0.2198680780        0.0566257446
  12  -9        0.0615573316        0.0492567611
  12 -10       -0.0646845041       -0.1139750779
  12 -11        0.4955644784       -0.2512989482
  12 -12       -0.2539248911       -0.0106517420
  13  13       -0.2170535526        0.1668159531
  13  12        0.1931409808       -0.1434342831
  13  11        0.2040809800       -0.3647905110
  13  10       -0.0279526213       -0.1152309703
  13   9       -0.1396583849        0.2689507224
  13   8        0.4697102274        0.0572683497
  13   7       -0.1478882409       -0.1358186329
  13   6       -0.0508531968        0.0651681463
  13   5       -0.0241895319       -0.0384497328
  13   4        0.1422185418        0.1104388719
  13   3        0.0130713048       -0.0397079420
  13   2       -0.0860837316       -0.1962840975
  13   1        0.0676978899       -0.0779468935
  13   0       -0.3079128384        0.0000000000
  13  -1       -0.0676978899       -0.0779468935
  13  -2       -0.0860837316        0.1962840975
  13  -3       -0.0130713048       -0.0397079420
  13  -4        0.1422185418       -0.1104388719
  13  -5        0.0241895319       -0.0384497328
  13  -6       -0.0508531968       -0.0651681463
  13  -7        0.1478882409       -0.1358186329
  13  -8        0.4697102274       -0.0572683497
  13  -9        0.1396583849        0.2689507224
  13 -10       -0.0279526213        0.1152309703
  13 -11       -0.2040809800       -0.3647905110
  13 -12        0.1931409808        0.1434342831
  13 -13        0.2170535526        0.1668159531
  14  14        0.1617520327       -0.0674846350
  14  13        0.1551470764        0.0418586698
  14  12       -0.2927580783       -0.1345505189
  14  11        0.0411929759        0.1580983323
  14  10       -0.0130409724       -0.0491849514
  14   9        0.3372173178       -0.4899216027
  14   8        0.0470074065        0.2658590042
  14   7       -0.1258236143        0.0609174629
  14   6        0.0454091435        0.0281974136
  14   5       -0.2684377237        0.1229329529
  14   4       -0.1392817425        0.1174076210
  14   3       -0.0805304930       -0.1369421575
  14   2        0.2550475138        0.0005215527
  14   1        0.0997792159        0.1429687739
  14   0        0.3713351787        0.0000000000
  14  -1       -0.0997792159        0.1429687739
  14  -2        0.2550475138       -0.0005215527
  14  -3        0.0805304930       -0.1369421575
  14  -4       -0.1392817425       -0.1174076210
  14  -5        0.2684377237        0.1229329529
  14  -6        0.0454091435       -0.0281974136
  14  -7        0.1258236143        0.0609174629
  14  -8        0.0470074065       -0.2658590042
  14  -9       -0.3372173178       -0.4899216027
  14 -10       -0.0130409724        0.0491849514
  14 -11       -0.0411929759        0.1580983323
  14 -12       -0.2927580783        0.1345505189
  14 -13       -0.1551470764        0.0418586698
  14 -14        0.1617520327        0.0674846350
  15  15        0.0006264162       -0.0802249487
  15  14        0.0397604614       -0.0165714449
  15  13        0.2338491716        0.0924550679
  15  12       -0.1717789786        0.0723428598
  15  11       -0.1079109422       -0.3155939551
  15  10       -0.0915621672        0.0385487133
  15   9        0.0089723383        0.1826495657
  15   8        0.1243986004        0.1920829148
  15   7        0.0842051034       -0.1268772765
  15   6       -0.0256662734        0.1834778665
  15   5        0.1809839680       -0.1539680698
  15   4        0.0774113202        0.1622564137
  15   3        0.2300147181        0.0946517447
  15   2       -0.0363823845       -0.1953672732
  15   1       -0.0544480319       -0.0472575293
  15   0       -0.0935436853        0.0000000000
  15  -1        0.0544480319       -0.0472575293
  15  -2       -0.0363823845        0.1953672732
  15  -3       -0.2300147181        0.0946517447
  15  -4        0.0774113202       -0.1622564137
  15  -5       -0.1809839680       -0.1539680698
  15  -6       -0.0256662734       -0.1834778665
  15  -7       -0.0842051034       -0.1268772765
  15  -8        0.1243986004       -0.1920829148
  15  -9       -0.0089723383        0.1826495657
  15 -10       -0.0915621672       -0.0385487133
  15 -11        0.1079109422       -0.3155939551
  15 -12       -0.1717789786       -0.0723428598
  15 -13       -0.2338491716        0.0924550679
  15 -14        0.0397604614        0.0165714449
  15 -15       -0.0006264162       -0.0802249487
  16  16        0.3972807893       -0.2117638233
  16  15       -0.0394564947        0.0001050837
  16  14        0.0313139694        0.2044436605
  16  13       -0.1328548072        0.0696685837
  16  12        0.1129950231       -0.3430321102
  16  11       -0.4151416449        0.2099278585
  16  10       -0.0238796627        0.1022966346
  16   9       -0.0986126831       -0.0549111802
  16   8        0.2977956711       -0.1383396813
  16   7       -0.2644463881        0.4144541145
  16   6       -0.1427533435       -0.2912909901
  16   5        0.0775138680        0.0240693320
  16   4       -0.0233482720        0.1732486541
  16   3       -0.0157950184       -0.0619706502
  16   2        0.1034105694        0.0314330442
  16   1       -0.1559051743        0.0835897325
  16   0       -0.0225311798        0.0000000000
  16  -1        0.1559051743        0.0835897325
  16  -2        0.1034105694       -0.0314330442
  16  -3        0.0157950184       -0.0619706502
  16  -4       -0.0233482720       -0.1732486541
  16  -5       -0.0775138680        0.0240693320
  16  -6       -0.1427533435        0.2912909901
  16  -7        0.2644463881        0.4144541145
  16  -8        0.2977956711        0.1383396813
  16  -9        0.0986126831       -0.0549111802
  16 -10       -0.0238796627       -0.1022966346
  16 -11        0.4151416449        0.2099278585
  16 -12        0.1129950231        0.3430321102
  16 -13        0.1328548072        0.0696685837
  16 -14        0.0313139694       -0.2044436605
  16 -15        0.0394564947        0.0001050837
  16 -16        0.3972807893        0.2117638233
  17  17       -0.1050293625       -0.0905679735
  17  16        0.1254497358        0.0687131404
  17  15        0.0269263948       -0.0381681199
  17  14       -0.0531773103       -0.2763133381
  17  13        0.0479790598        0.0150067519
  17  12        0.1008720451       -0.0368735742
  17  11        0.3292523619       -0.3220143910
  17  10       -0.0721137512        0.1357362502
  17   9       -0.0137449328        0.0485249225
  17   8       -0.0780095009        0.2345653735
  17   7        0.1851587104       -0.2282947117
  17   6        0.0896263937        0.0259357210
  17   5        0.1941475125       -0.0374911605
  17   4        0.0363176510        0.2929352365
  17   3        0.1156270253        0.0199220414
  17   2        0.2391372751        0.2002980362
  17   1       -0.1253430610        0.2347524371
  17   0        0.0496523944        0.0000000000
  17  -1        0.1253430610        0.2347524371
  17  -2        0.2391372751       -0.2002980362
  17  -3       -0.1156270253        0.0199220414
  17  -4        0.0363176510       -0.2929352365
  17  -5       -0.1941475125       -0.0374911605
  17  -6        0.0896263937       -0.0259357210
  17  -7       -0.1851587104       -0.2282947117
  17  -8       -0.0780095009       -0.2345653735
  17  -9        0.0137449328        0.0485249225
  17 -10       -0.0721137512       -0.1357362502
  17 -11       -0.3292523619       -0.3220143910
  17 -12        0.1008720451        0.0368735742
  17 -13       -0.0479790598        0.0150067519
  17 -14       -0.0531773103        0.2763133381
  17 -15       -0.0269263948       -0.0381681199
  17 -16        0.1254497358       -0.0687131404
  17 -17        0.1050293625       -0.0905679735
  18  18        0.1640160552       -0.0049820253
  18  17        0.0575174117       -0.0931368083
  18  16        0.0386326201        0.2015336826
  18  15        0.1572119118       -0.0649307808
  18  14        0.1269367931        0.0435306288
  18  13        0.0957861842       -0.1426711475
  18  12       -0.0010479256        0.1159087627
  18  11       -0.0162345074       -0.0322868676
  18  10       -0.0931927921       -0.0739765338
  18   9        0.0653668546        0.1175945259
  18   8       -0.1813303645       -0.1569321906
  18   7        0.1784839404        0.1288524366
  18   6        0.0828239100       -0.2724462230
  18   5        0.2952702488        0.2045137516
  18   4       -0.1416687276       -0.0416284911
  18   3        0.1607526529       -0.1758740686
  18   2       -0.1635425029       -0.2655290563
  18   1        0.0603453475       -0.0802739790
  18   0        0.2791075599        0.0000000000
  18  -1       -0.0603453475       -0.0802739790
  18  -2       -0.1635425029        0.2655290563
  18  -3       -0.1607526529       -0.1758740686
  18  -4       -0.1416687276        0.0416284911
  18  -5       -0.2952702488        0.2045137516
  18  -6        0.0828239100        0.2724462230
  18  -7       -0.1784839404        0.1288524366
  18  -8       -0.1813303645        0.1569321906
  18  -9       -0.0653668546        0.1175945259
  18 -10       -0.0931927921        0.0739765338
  18 -11        0.0162345074       -0.0322868676
  18 -12       -0.0010479256       -0.1159087627
  18 -13       -0.0957861842       -0.1426711475
  18 -14        0.1269367931       -0.0435306288
  18 -15       -0.1572119118       -0.0649307808
  18 -16        0.0386326201       -0.2015336826
  18 -17       -0.0575174117       -0.0931368083
  18 -18        0.1640160552        0.0049820253
  19  19        0.1820758948       -0.2462073297
  19  18        0.0724059372        0.3198583352
  19  17       -0.2058691418       -0.3600581665
  19  16       -0.2531510810       -0.2766823135
  19  15        0.1573730165        0.0063512263
  19  14        0.0326352563        0.3177438203
  19  13        0.0894798664        0.1274874706
  19  12        0.1615940343       -0.0829530703
  19  11       -0.1731149008        0.0958496922
  19  10       -0.4852004346       -0.0456465210
  19   9        0.0432925613        0.2589010651
  19   8        0.1559645721        0.3020056046
  19   7        0.0218164979        0.0896455388
  19   6        0.2617374502        0.3283904660
  19   5        0.1015229103       -0.1754612434
  19   4        0.0082679278        0.1535533795
  19   3        0.1824733885        0.0295478176
  19   2        0.0078793199       -0.0333305721
  19   1        0.1899934706        0.3217897968
  19   0        0.0895619981        0.0000000000
  19  -1       -0.1899934706        0.3217897968
  19  -2        0.0078793199        0.0333305721
  19  -3       -0.1824733885        0.0295478176
  19  -4        0.0082679278       -0.1535533795
  19  -5       -0.1015229103       -0.1754612434
  19  -6        0.2617374502       -0.3283904660
  19  -7       -0.0218164979        0.0896455388
  19  -8        0.1559645721       -0.3020056046
  19  -9       -0.0432925613        0.2589010651
  19 -10       -0.4852004346        0.0456465210
  19 -11        0.1731149008        0.0958496922
  19 -12        0.1615940343        0.0829530703
  19 -13       -0.0894798664        0.1274874706
  19 -14        0.0326352563       -0.3177438203
  19 -15       -0.1573730165        0.0063512263
  19 -16       -0.2531510810        0.2766823135
  19 -17        0.2058691418       -0.3600581665
  19 -18        0.0724059372       -0.3198583352
  19 -19       -0.1820758948       -0.2462073297
  20  20        0.2470647249        0.0103086841
  20  19       -0.0198210081        0.0652712881
  20  18       -0.0103792465        0.1511656326
  20  17       -0.0821279877       -0.1331084885
  20  16        0.0227318084        0.2637597558
  20  15        0.0432716945        0.1422255204
  20  14       -0.0248615935       -0.0700297205
  20  13       -0.1157426277        0.2824863133
  20  12       -0.0125068954       -0.0126658726
  20  11       -0.0612750781        0.0313229376
  20  10       -0.2805775293       -0.2301345782
  20   9       -0.2234657347       -0.3681926772
  20   8       -0.1591247825        0.1224620413
  20   7        0.0195530482        0.0273611673
  20   6        0.1850780351       -0.3441392622
  20   5        0.0196695948       -0.1514680807
  20   4       -0.1104436492        0.2141949623
  20   3       -0.3501781388       -0.1311100129
  20   2        0.0110897343       -0.2860528185
  20   1       -0.1283938432        0.1070161384
  20   0        0.0307806254        0.0000000000
  20  -1        0.1283938432        0.1070161384
  20  -2        0.0110897343        0.2860528185
  20  -3        0.3501781388       -0.1311100129
  20  -4       -0.1104436492       -0.2141949623
  20  -5       -0.0196695948       -0.1514680807
  20  -6        0.1850780351        0.3441392622
  20  -7       -0.0195530482        0.0273611673
  20  -8       -0.1591247825       -0.1224620413
  20  -9        0.2234657347       -0.3681926772
  20 -10       -0.2805775293        0.2301345782
  20 -11        0.0612750781        0.0313229376
  20 -12       -0.0125068954        0.0126658726
  20 -13        0.1157426277        0.2824863133
  20 -14       -0.0248615935        0.0700297205
  20 -15       -0.0432716945        0.1422255204
  20 -16        0.0227318084       -0.2637597558
  20 -17        0.0821279877       -0.1331084885
  20 -18       -0.0103792465       -0.1511656326
  20 -19        0.0198210081        0.0652712881
  20 -20        0.2470647249       -0.0103086841
  21  21       -0.1179629617        0.1218685157
  21  20       -0.2507633496       -0.0108088315
  21  19       -0.0103827423        0.1094312904
  21  18       -0.1247123193       -0.1659863353
  21  17       -0.3875128275        0.2221098700
  21  16       -0.0829058664        0.1948734627
  21  15        0.0491376532       -0.2762221090
  21  14        0.0761309290        0.1865614344
  21  13       -0.0019168104       -0.4124091940
  21  12       -0.0278267310        0.0128223765
  21  11       -0.0498026678       -0.1137943253
  21  10        0.1354570847        0.2013783835
  21   9       -0.1799341129       -0.3159361712
  21   8        0.0421279933       -0.0086711249
  21   7        0.1566979030        0.1123111756
  21   6        0.2426291445        0.1972255690
  21   5       -0.0487308764        0.1194565351
  21   4       -0.0158052149        0.2394504583
  21   3        0.2881170036       -0.0226907547
  21   2        0.1189324267       -0.0575654338
  21   1        0.2766662867        0.1613360003
  21   0        0.1167490540        0.0000000000
  21  -1       -0.2766662867        0.1613360003
  21  -2        0.1189324267        0.0575654338
  21  -3       -0.2881170036       -0.0226907547
  21  -4       -0.0158052149       -0.2394504583
  21  -5        0.0487308764        0.1194565351
  21  -6        0.2426291445       -0.1972255690
  21  -7       -0.1566979030        0.1123111756
  21  -8        0.0421279933        0.0086711249
  21  -9        0.1799341129       -0.3159361712
  21 -10        0.1354570847       -0.2013783835
  21 -11        0.0498026678       -0.1137943253
  21 -12       -0.0278267310       -0.0128223765
  21 -13        0.0019168104       -0.4124091940
  21 -14        0.0761309290       -0.1865614344
  21 -15       -0.0491376532       -0.2762221090
  21 -16       -0.0829058664       -0.1948734627
  21 -17        0.3875128275        0.2221098700
  21 -18       -0.1247123193        0.1659863353
  21 -19        0.0103827423        0.1094312904
  21 -20       -0.2507633496        0.0108088315
  21 -21        0.1179629617        0.1218685157
  22  22       -0.2062747188       -0.0103370996
  22  21        0.1805309593       -0.1729405388
  22  20       -0.0419437725        0.0262325837
  22  19        0.1354127223        0.0505047915
  22  18        0.0808750039       -0.2171172347
  22  17       -0.2730144141        0.0083443868
  22  16        0.1964944045       -0.1888807357
  22  15       -0.0917733281        0.3088140365
  22  14       -0.0764436707        0.1713772369
  22  13        0.0143108751        0.1905994526
  22  12        0.1174295197       -0.0780898244
  22  11       -0.0641275007        0.0029092740
  22  10       -0.2329175849        0.2544699730
  22   9       -0.1694736220        0.0460808026
  22   8        0.0106146492        0.1424203576
  22   7        0.0023666676       -0.1414677190
  22   6        0.0158038169       -0.2039926207
  22   5       -0.1777413844       -0.0809441519
  22   4        0.0802230763       -0.1254495801
  22   3       -0.1289522897        0.1628074389
  22   2        0.0141942798       -0.2326400310
  22   1        0.0753342056        0.2042519870
  22   0       -0.0204054432        0.0000000000
  22  -1       -0.0753342056        0.2042519870
  22  -2        0.0141942798        0.2326400310
  22  -3        0.1289522897        0.1628074389
  22  -4        0.0802230763        0.1254495801
  22  -5        0.1777413844       -0.0809441519
  22  -6        0.0158038169        0.2039926207
  22  -7       -0.0023666676       -0.1414677190
  22  -8        0.0106146492       -0.1424203576
  22  -9        0.1694736220        0.0460808026
  22 -10       -0.2329175849       -0.2544699730
  22 -11        0.0641275007        0.0029092740
  22 -12        0.1174295197        0.0780898244
  22 -13       -0.0143108751        0.1905994526
  22 -14       -0.0764436707       -0.1713772369
  22 -15        0.0917733281        0.3088140365
  22 -16        0.1964944045        0.1888807357
  22 -17        0.2730144141        0.0083443868
  22 -18        0.0808750039        0.2171172347
  22 -19       -0.1354127223        0.0505047915
  22 -20       -0.0419437725       -0.0262325837
  22 -21       -0.1805309593       -0.1729405388
  22 -22       -0.2062747188        0.0103370996
  23  23        0.0707645151        0.0444383384
  23  22       -0.2044811794       -0.1206567271
  23  21        0.0364870438        0.1584923435
  23  20        0.0923481431        0.0972185507
  23  19       -0.0871722491        0.1319994659
  23  18       -0.2048806720       -0.0536297088
  23  17        0.2203583368       -0.1263889264
  23  16       -0.2323504607        0.0488950623
  23  15        0.2231231348        0.1504855594
  23  14       -0.0562201573        0.0158745973
  23  13       -0.0102525759        0.1559584103
  23  12        0.1326657084       -0.0178522199
  23  11       -0.1477085049        0.1365012439
  23  10        0.0865107413       -0.1012081927
  23   9       -0.1050920482        0.2030025063
  23   8        0.0567921828        0.0962030999
  23   7        0.1076315830        0.1604660934
  23   6       -0.1065691824        0.1948280764
  23   5       -0.0765057756       -0.1318318566
  23   4       -0.2411276354       -0.1836241474
  23   3        0.0259566683       -0.0025824114
  23   2       -0.0562791259        0.3469538730
  23   1        0.2468482458        0.1608724492
  23   0       -0.0922038862        0.0000000000
  23  -1       -0.2468482458        0.1608724492
  23  -2       -0.0562791259       -0.3469538730
  23  -3       -0.0259566683       -0.0025824114
  23  -4       -0.2411276354        0.1836241474
  23  -5        0.0765057756       -0.1318318566
  23  -6       -0.1065691824       -0.1948280764
  23  -7       -0.1076315830        0.1604660934
  23  -8        0.0567921828       -0.0962030999
  23  -9        0.1050920482        0.2030025063
  23 -10        0.0865107413        0.1012081927
  23 -11        0.1477085049        0.1365012439
  23 -12        0.1326657084        0.0178522199
  23 -13        0.0102525759        0.1559584103
  23 -14       -0.0562201573       -0.0158745973
  23 -15       -0.2231231348        0.1504855594
  23 -16       -0.2323504607       -0.0488950623
  23 -17       -0.2203583368       -0.1263889264
  23 -18       -0.2048806720        0.0536297088
  23 -19        0.0871722491        0.1319994659
  23 -20        0.0923481431       -0.0972185507
  23 -21       -0.0364870438        0.1584923435
  23 -22       -0.2044811794        0.1206567271
  23 -23       -0.0707645151        0.0444383384
  24  24       -0.1020775717        0.4135937919
  24  23       -0.2442664193        0.2183752880
  24  22       -0.3137931501       -0.2371271709
  24  21       -0.1100378649        0.1385566543
  24  20        0.1459738486       -0.1209581214
  24  19        0.2400282343       -0.1468254664
  24  18       -0.5244319132        0.1257702523
  24  17        0.1404083851       -0.0949801692
  24  16        0.0175642570        0.1720169834
  24  15        0.0703767636       -0.2256222392
  24  14        0.3618103890        0.0745226536
  24  13        0.0599331671       -0.0065411196
  24  12        0.0835905908        0.0623080671
  24  11       -0.1758882017       -0.0166263471
  24  10        0.1119176609        0.0073762389
  24   9       -0.0017016552       -0.2113518009
  24   8       -0.0504808090        0.0029006638
  24   7        0.3539369089       -0.1399351119
  24   6       -0.3722590419       -0.1047522629
  24   5       -0.2143146109       -0.2024428780
  24   4       -0.0384554122       -0.3840034975
  24   3       -0.0359166933       -0.0005072847
  24   2       -0.0547023992        0.1017096045
  24   1       -0.3456711137        0.0281498019
  24   0        0.2360215574        0.0000000000
  24  -1        0.3456711137        0.0281498019
  24  -2       -0.0547023992       -0.1017096045
  24  -3        0.0359166933       -0.0005072847
  24  -4       -0.0384554122        0.3840034975
  24  -5        0.2143146109       -0.2024428780
  24  -6       -0.3722590419        0.1047522629
  24  -7       -0.3539369089       -0.1399351119
  24  -8       -0.0504808090       -0.0029006638
  24  -9        0.0017016552       -0.2113518009
  24 -10        0.1119176609       -0.0073762389
  24 -11        0.1758882017       -0.0166263471
  24 -12        0.0835905908       -0.0623080671
  24 -13       -0.0599331671       -0.0065411196
  24 -14        0.3618103890       -0.0745226536
  24 -15       -0.0703767636       -0.2256222392
  24 -16        0.0175642570       -0.1720169834
  24 -17       -0.1404083851       -0.0949801692
  24 -18       -0.5244319132       -0.1257702523
  24 -19       -0.2400282343       -0.1468254664
  24 -20        0.1459738486        0.1209581214
  24 -21        0.1100378649        0.1385566543
  24 -22       -0.3137931501        0.2371271709
  24 -23        0.2442664193        0.2183752880
  24 -24       -0.1020775717       -0.4135937919
  25  25       -0.1831726710        0.0171638805
  25  24        0.1036332337       -0.2831821994
  25  23        0.2292679030        0.1888871573
  25  22        0.1396076078       -0.1484295623
  25  21       -0.0845602008       -0.3986151667
  25  20        0.2938295308       -0.1226790139
  25  19        0.2292059927        0.3415804467
  25  18       -0.1233151246        0.2034853180
  25  17       -0.1072618804       -0.3569167084
  25  16       -0.0273294925        0.1587644194
  25  15       -0.0483346302       -0.0185161447
  25  14       -0.0045204697        0.1074629943
  25  13        0.0610025703       -0.1819927460
  25  12        0.2290877323       -0.1016161363
  25  11       -0.1501741147        0.0512551926
  25  10        0.1960354121       -0.0033885485
  25   9       -0.0713099659       -0.0134291524
  25   8        0.0780936728        0.0818939869
  25   7       -0.1603064894        0.0102930277
  25   6       -0.1292447020       -0.1852299556
  25   5        0.0187671269       -0.0186461059
  25   4       -0.1427617675       -0.1275103039
  25   3       -0.0417447829        0.0869690072
  25   2       -0.3488095217        0.0732164230
  25   1       -0.0415358931        0.0095685858
  25   0       -0.2412954384        0.0000000000
  25  -1        0.0415358931        0.0095685858
  25  -2       -0.3488095217       -0.0732164230
  25  -3        0.0417447829        0.0869690072
  25  -4       -0.1427617675        0.1275103039
  25  -5       -0.0187671269       -0.0186461059
  25  -6       -0.1292447020        0.1852299556
  25  -7        0.1603064894        0.0102930277
  25  -8        0.0780936728       -0.0818939869
  25  -9        0.0713099659       -0.0134291524
  25 -10        0.1960354121        0.0033885485
  25 -11        0.1501741147        0.0512551926
  25 -12        0.2290877323        0.1016161363
  25 -13       -0.0610025703       -0.1819927460
  25 -14       -0.0045204697       -0.1074629943
  25 -15        0.0483346302       -0.0185161447
  25 -16       -0.0273294925       -0.1587644194
  25 -17        0.1072618804       -0.3569167084
  25 -18       -0.1233151246       -0.2034853180
  25 -19       -0.2292059927        0.3415804467
  25 -20        0.2938295308        0.1226790139
  25 -21        0.0845602008       -0.3986151667
  25 -22        0.1396076078        0.1484295623
  25 -23       -0.2292679030        0.1888871573
  25 -24        0.1036332337        0.2831821994
  25 -25        0.1831726710        0.0171638805
  26  26       -0.1172372040        0.1325330314
  26  25        0.3032494723       -0.0256378324
  26  24        0.0471895234       -0.0915552463
  26  23        0.0053812635       -0.0649593138
  26  22       -0.0234886014        0.1496293786
  26  21       -0.1906948408       -0.0780831033
  26  20        0.1129283528       -0.0140202455
  26  19       -0.2463854316       -0.0898380176
  26  18        0.0800619336        0.2521873642
  26  17       -0.0588968332       -0.0371514226
  26  16        0.1365429840        0.0395786286
  26  15       -0.0453261438        0.0317535772
  26  14        0.0424932989        0.0430310934
  26  13       -0.0595801501        0.1126833838
  26  12       -0.1233043622        0.0268443064
  26  11       -0.0096837891        0.0435591523
  26  10       -0.1361974346       -0.0902684343
  26   9        0.1140684525        0.0038505614
  26   8       -0.1046635351        0.1666312361
  26   7        0.1929941064       -0.1872849236
  26   6       -0.0679862442       -0.0524387785
  26   5        0.0987683237       -0.0892806246
  26   4        0.1421042321       -0.2246215943
  26   3        0.1056227100       -0.0081306816
  26   2        0.0753286868        0.0889356944
  26   1       -0.4295081411       -0.0981767271
  26   0        0.2449148766        0.0000000000
  26  -1        0.4295081411       -0.0981767271
  26  -2        0.0753286868       -0.0889356944
  26  -3       -0.1056227100       -0.0081306816
  26  -4        0.1421042321        0.2246215943
  26  -5       -0.0987683237       -0.0892806246
  26  -6       -0.0679862442        0.0524387785
  26  -7       -0.1929941064       -0.1872849236
  26  -8       -0.1046635351       -0.1666312361
  26  -9       -0.1140684525        0.0038505614
  26 -10       -0.1361974346        0.0902684343
  26 -11        0.0096837891        0.0435591523
  26 -12       -0.1233043622       -0.0268443064
  26 -13        0.0595801501        0.1126833838
  26 -14        0.0424932989       -0.0430310934
  26 -15        0.0453261438        0.0317535772
  26 -16        0.1365429840       -0.0395786286
  26 -17        0.0588968332       -0.0371514226
  26 -18        0.0800619336       -0.2521873642
  26 -19        0.2463854316       -0.0898380176
  26 -20        0.1129283528        0.0140202455
  26 -21        0.1906948408       -0.0780831033
  26 -22       -0.0234886014       -0.1496293786
  26 -23       -0.0053812635       -0.0649593138
  26 -24        0.0471895234        0.0915552463
  26 -25       -0.3032494723       -0.0256378324
  26 -26       -0.1172372040       -0.1325330314
