   0   0      324.8717984204        0.0000000000
   1   1        4.9656020375        5.3479106822
   1   0        3.8941236426        0.0000000000
   1  -1       -4.9656020375        5.3479106822
   2   2      -41.8318939236       11.8133867487
   2   1      -11.3073268686       38.0914176535
   2   0      -20.6447231063        0.0000000000
   2  -1       11.3073268686       38.0914176535
   2  -2      -41.8318939236      -11.8133867487
   3   3        0.7396607077        6.9514777160
   3   2        0.9850723353      -10.3184672752
   3   1       12.6505389845        0.8473566934
   3   0       10.4071474294        0.0000000000
   3  -1      -12.6505389845        0.8473566934
   3  -2        0.9850723353       10.3184672752
   3  -3       -0.7396607077        6.9514777160
   4   4        3.6692063935       -8.5853616321
   4   3        4.6245221098       -6.2267702391
   4   2        6.0177315225       -9.2141729661
   4   1        1.2150979214       -5.3930890262
   4   0        7.9508853160        0.0000000000
   4  -1       -1.2150979214       -5.3930890262
   4  -2        6.0177315225        9.2141729661
   4  -3       -4.6245221098       -6.2267702391
   4  -4        3.6692063935        8.5853616321
   5   5       -3.3145544467       -0.3016376802
   5   4       -2.2183970020        1.4816000980
   5   3       -3.0107046480       -0.0793707324
   5   2       -2.0316164260        4.9150941281
   5   1        1.3323778098        1.5311758884
   5   0        3.1086221492        0.0000000000
   5  -1       -1.3323778098        1.5311758884
   5  -2       -2.0316164260       -4.9150941281
   5  -3        3.0107046480       -0.0793707324
   5  -4       -2.2183970020       -1.4816000980
   5  -5        3.3145544467       -0.3016376802
   6   6       -0.0643630368        2.3541790518
   6   5       -0.9298333652        0.4445422692
   6   4       -3.7994909561        2.1365981332
   6   3       -1.0470790669        1.0984506321
   6   2       -0.2833896716       -0.8770648522
   6   1       -0.4062397268        1.6216207231
   6   0        0.9640235478        0.0000000000
   6  -1        0.4062397268        1.6216207231
   6  -2       -0.2833896716        0.8770648522
   6  -3        1.0470790669        1.0984506321
   6  -4       -3.7994909561       -2.1365981332
   6  -5        0.9298333652        0.4445422692
   6  -6       -0.0643630368       -2.3541790518
   7   7        1.0487495924       -2.0796788402
   7   6       -0.1273093594        0.3363257887
   7   5        0.7648708130       -2.0593338366
   7   4       -0.9087936687       -1.1134419912
   7   3       -0.7496639455       -2.2776497328
   7   2       -1.1492148573       -0.0732839427
   7   1       -1.1756531490       -1.1401057250
   7   0        0.2072396583        0.0000000000
   7  -1        1.1756531490       -1.1401057250
   7  -2       -1.1492148573        0.0732839427
   7  -3        0.7496639455       -2.2776497328
   7  -4       -0.9087936687        1.1134419912
   7  -5       -0.7648708130       -2.0593338366
   7  -6       -0.1273093594       -0.3363257887
   7  -7       -1.0487495924       -2.0796788402
   8   8       -0.6001477925       -0.1363008938
   8   7        2.4125117736       -0.7366319119
   8   6        1.0032343557        0.5669886994
   8   5        1.4702549747       -0.2206889572
   8   4        0.2431198217       -0.3971410796
   8   3        1.7006696849        1.0007923361
   8   2        0.9102713257       -0.4028114556
   8   1        0.5363467322        0.6739359044
   8   0        0.7973473527        0.0000000000
   8  -1       -0.5363467322        0.6739359044
   8  -2        0.9102713257        0.4028114556
   8  -3       -1.7006696849        1.0007923361
   8  -4        0.2431198217        0.3971410796
   8  -5       -1.4702549747       -0.2206889572
   8  -6        1.0032343557       -0.5669886994
   8  -7       -2.4125117736       -0.7366319119
   8  -8       -0.6001477925        0.1363008938
   9   9       -0.3485587474        0.3912007192
   9   8        0.4272222383       -0.0386351213
   9   7        0.0309263899        0.1412950312
   9   6        0.3473216937        0.0867018478
   9   5        0.3685034752       -0.6205613355
   9   4        0.6227665841       -0.1182592503
   9   3        1.5513193179       -0.4222064073
   9   2        1.4580082079       -1.3429573896
   9   1       -0.0513417339        1.2733197914
   9   0        2.0180499480        0.0000000000
   9  -1        0.0513417339        1.2733197914
   9  -2        1.4580082079        1.3429573896
   9  -3       -1.5513193179       -0.4222064073
   9  -4        0.6227665841        0.1182592503
   9  -5       -0.3685034752       -0.6205613355
   9  -6        0.3473216937       -0.0867018478
   9  -7       -0.0309263899        0.1412950312
   9  -8        0.4272222383        0.0386351213
   9  -9        0.3485587474        0.3912007192
  10  10        0.6729935194       -0.4145744691
  10   9       -0.1969187821        0.7227361917
  10   8        0.0233185496       -0.5235526036
  10   7       -1.4565908708        0.4007958085
  10   6       -0.3353397908       -0.1114344743
  10   5       -1.6225598029        0.0202201116
  10   4       -0.8803464515        0.0017121682
  10   3       -0.3876400857        0.1934741006
  10   2       -0.2947197852       -0.5042097076
  10   1       -0.6157268764       -0.6376656132
  10   0        0.0989974411        0.0000000000
  10  -1        0.6157268764       -0.6376656132
  10  -2       -0.2947197852        0.5042097076
  10  -3        0.3876400857        0.1934741006
  10  -4       -0.8803464515       -0.0017121682
  10  -5        1.6225598029        0.0202201116
  10  -6       -0.3353397908        0.1114344743
  10  -7        1.4565908708        0.4007958085
  10  -8        0.0233185496        0.5235526036
  10  -9        0.1969187821        0.7227361917
  10 -10        0.6729935194        0.4145744691
  11  11       -0.2939008326       -0.5943532995
  11  10        0.7035251364       -0.2754627354
  11   9       -0.8874549526        0.0850429313
  11   8        0.8326510166       -0.1801558807
  11   7        0.2961245848        0.6008905849
  11   6        0.3731698413       -0.2854910670
  11   5       -0.3382017712        0.1543446189
  11   4        0.3219470988        0.2638073960
  11   3       -0.1520078915        0.0372957071
  11   2        0.1953063565       -0.5954656825
  11   1       -0.4821570339        0.0827252452
  11   0        0.0953947528        0.0000000000
  11  -1        0.4821570339        0.0827252452
  11  -2        0.1953063565        0.5954656825
  11  -3        0.1520078915        0.0372957071
  11  -4        0.3219470988       -0.2638073960
  11  -5        0.3382017712        0.1543446189
  11  -6        0.3731698413        0.2854910670
  11  -7       -0.2961245848        0.6008905849
  11  -8        0.8326510166        0.1801558807
  11  -9        0.8874549526        0.0850429313
  11 -10        0.7035251364        0.2754627354
  11 -11        0.2939008326       -0.5943532995
  12  12        0.3426064903       -0.1711640567
  12  11       -0.0411643913       -0.1503132796
  12  10       -0.4568217637        0.4276643830
  12   9        0.3210432165       -0.3046305077
  12   8        0.5452116061       -0.1073665515
  12   7        0.2548196866       -0.0337261604
  12   6        0.1629213925       -0.2612266915
  12   5       -0.4174449983       -0.5755757674
  12   4        0.1766192108        0.4040008099
  12   3        0.0282351649       -0.7265505686
  12   2        0.3734555283       -0.1654256350
  12   1        0.1383755223       -0.1640858773
  12   0        0.3926366620        0.0000000000
  12  -1       -0.1383755223       -0.1640858773
  12  -2        0.3734555283        0.1654256350
  12  -3       -0.0282351649       -0.7265505686
  12  -4        0.1766192108       -0.4040008099
  12  -5        0.4174449983       -0.5755757674
  12  -6        0.1629213925        0.2612266915
  12  -7       -0.2548196866       -0.0337261604
  12  -8        0.5452116061        0.1073665515
  12  -9       -0.3210432165       -0.3046305077
  12 -10       -0.4568217637       -0.4276643830
  12 -11        0.0411643913       -0.1503132796
  12 -12        0.3426064903        0.1711640567
  13  13        0.5754829973        0.7398214782
  13  12       -0.7018234013        0.2341463811
  13  11        0.1884075746        0.4893890957
  13  10       -0.1182140846       -0.4214427174
  13   9        0.1302993386        0.2426199128
  13   8       -0.3298646795        0.4410539358
  13   7        0.1147122699       -0.0894786164
  13   6        0.2536027453       -0.1187953764
  13   5       -0.1199513162        0.2498721847
  13   4       -0.1439254076        0.6324213620
  13   3        0.1181029113        0.2602200579
  13   2       -0.4470484022        0.2978283642
  13   1       -0.3075895117        0.4434086956
  13   0       -0.2613900713        0.0000000000
  13  -1        0.3075895117        0.4434086956
  13  -2       -0.4470484022       -0.2978283642
  13  -3       -0.1181029113        0.2602200579
  13  -4       -0.1439254076       -0.6324213620
  13  -5        0.1199513162        0.2498721847
  13  -6        0.2536027453        0.1187953764
  13  -7       -0.1147122699       -0.0894786164
  13  -8       -0.3298646795       -0.4410539358
  13  -9       -0.1302993386        0.2426199128
  13 -10       -0.1182140846        0.4214427174
  13 -11       -0.1884075746        0.4893890957
  13 -12       -0.7018234013       -0.2341463811
  13 -13       -0.5754829973        0.7398214782
  14  14        0.0937840711        0.1505148591
  14  13        0.3497298231        0.6131449332
  14  12        0.0468314099       -0.0296384861
  14  11        0.0619847305       -0.5532760444
  14  10       -0.0190529313       -0.2257676845
  14   9        0.5453581497        0.3919736115
  14   8       -0.1756372561        0.5416029640
  14   7        0.3155143268       -0.3367443747
  14   6       -0.0204127955       -0.4552434928
  14   5        0.4050343283       -0.2697479697
  14   4       -0.4235264873       -0.1285795635
  14   3        0.2292945114        0.2477188070
  14   2        0.1168282705       -0.0032876730
  14   1        0.4560967443        0.4388498004
  14   0        0.2337623909        0.0000000000
  14  -1       -0.4560967443        0.4388498004
  14  -2        0.1168282705        0.0032876730
  14  -3       -0.2292945114        0.2477188070
  14  -4       -0.4235264873        0.1285795635
  14  -5       -0.4050343283       -0.2697479697
  14  -6       -0.0204127955        0.4552434928
  14  -7       -0.3155143268       -0.3367443747
  14  -8       -0.1756372561       -0.5416029640
  14  -9       -0.5453581497        0.3919736115
  14 -10       -0.0190529313        0.2257676845
  14 -11       -0.0619847305       -0.5532760444
  14 -12        0.0468314099        0.0296384861
  14 -13       -0.3497298231        0.6131449332
  14 -14        0.0937840711       -0.1505148591
  15  15       -0.2948683095       -0.5333783111
  15  14        0.0993262872        0.0107386822
  15  13        0.0991860852       -0.3218516076
  15  12       -0.8990539312       -0.1307957276
  15  11        0.3514492136       -0.1176168106
  15  10       -0.1893572188       -0.3220063826
  15   9        0.2065006849        0.2655184102
  15   8       -0.0700560765       -0.3072237347
  15   7       -0.1355891757       -0.3784498932
  15   6       -0.0446026314       -0.3732107173
  15   5        0.1027826418        0.2679057165
  15   4       -0.0528904054       -0.3824083638
  15   3       -0.3290585468       -0.1281401838
  15   2        0.2194675465       -0.3636055375
  15   1       -0.1387485132       -0.4024387456
  15   0        0.4504682037        0.0000000000
  15  -1        0.1387485132       -0.4024387456
  15  -2        0.2194675465        0.3636055375
  15  -3        0.3290585468       -0.1281401838
  15  -4       -0.0528904054        0.3824083638
  15  -5       -0.1027826418        0.2679057165
  15  -6       -0.0446026314        0.3732107173
  15  -7        0.1355891757       -0.3784498932
  15  -8       -0.0700560765        0.3072237347
  15  -9       -0.2065006849        0.2655184102
  15 -10       -0.1893572188        0.3220063826
  15 -11       -0.3514492136       -0.1176168106
  15 -12       -0.8990539312        0.1307957276
  15 -13       -0.0991860852       -0.3218516076
  15 -14        0.0993262872       -0.0107386822
  15 -15        0.2948683095       -0.5333783111
  16  16       -0.2788963003       -0.0133586132
  16  15        0.4015523897       -0.2598837197
  16  14       -0.1906522461       -0.4857940394
  16  13       -0.5176234475        0.5307028306
  16  12        0.1792124367       -0.2369887645
  16  11       -0.0681213202        0.0145476796
  16  10       -0.1099528474        0.0495389397
  16   9       -0.0703540652        0.0460949316
  16   8       -0.2656338435        0.3055432557
  16   7        0.0450532270        0.5477119927
  16   6        0.1959500158        0.3595946622
  16   5       -0.1363148294        0.4196731408
  16   4        0.0296108615       -0.0613361898
  16   3       -0.5052979813       -0.1002079560
  16   2        0.3239804304       -0.0927763154
  16   1        0.0279555960        0.0389137034
  16   0        0.1296894386        0.0000000000
  16  -1       -0.0279555960        0.0389137034
  16  -2        0.3239804304        0.0927763154
  16  -3        0.5052979813       -0.1002079560
  16  -4        0.0296108615        0.0613361898
  16  -5        0.1363148294        0.4196731408
  16  -6        0.1959500158       -0.3595946622
  16  -7       -0.0450532270        0.5477119927
  16  -8       -0.2656338435       -0.3055432557
  16  -9        0.0703540652        0.0460949316
  16 -10       -0.1099528474       -0.0495389397
  16 -11        0.0681213202        0.0145476796
  16 -12        0.1792124367        0.2369887645
  16 -13        0.5176234475        0.5307028306
  16 -14       -0.1906522461        0.4857940394
  16 -15       -0.4015523897       -0.2598837197
  16 -16       -0.2788963003        0.0133586132
  17  17       -0.1012741987        0.3339318202
  17  16        0.2206962624        0.0601266873
  17  15        0.0378505652        0.3733991714
  17  14       -0.0566813527        0.4188476485
  17  13       -0.5929915697       -0.0534991032
  17  12        0.3937961410       -0.2372529010
  17  11        0.1332500478       -0.1176632611
  17  10        0.5326795824       -0.0062821634
  17   9       -0.0684810091       -0.1228984819
  17   8        0.2976026044       -0.6855537672
  17   7        0.0810070407       -0.0626435996
  17   6        0.4246911095        0.3138643211
  17   5       -0.2306844162       -0.0869758320
  17   4       -0.1601584102       -0.0131157472
  17   3       -0.0157705507       -0.1149657553
  17   2        0.2427795897        0.1421957660
  17   1       -0.0657499731       -0.0803294474
  17   0       -0.1203595939        0.0000000000
  17  -1        0.0657499731       -0.0803294474
  17  -2        0.2427795897       -0.1421957660
  17  -3        0.0157705507       -0.1149657553
  17  -4       -0.1601584102        0.0131157472
  17  -5        0.2306844162       -0.0869758320
  17  -6        0.4246911095       -0.3138643211
  17  -7       -0.0810070407       -0.0626435996
  17  -8        0.2976026044        0.6855537672
  17  -9        0.0684810091       -0.1228984819
  17 -10        0.5326795824        0.0062821634
  17 -11       -0.1332500478       -0.1176632611
  17 -12        0.3937961410        0.2372529010
  17 -13        0.5929915697       -0.0534991032
  17 -14       -0.0566813527       -0.4188476485
  17 -15       -0.0378505652        0.3733991714
  17 -16        0.2206962624       -0.0601266873
  17 -17        0.1012741987        0.3339318202
  18  18        0.0771493463       -0.0276043522
  18  17        0.2557157208        0.2432963090
  18  16        0.1839573883        0.1465020293
  18  15        0.2453137507        0.0540804292
  18  14       -0.1035930392       -0.0090203660
  18  13        0.2247847430        0.2987465090
  18  12        0.0101041148        0.7320312455
  18  11       -0.0388917582        0.1744415991
  18  10        0.2168809173        0.1329474766
  18   9       -0.2519206283       -0.0689490153
  18   8       -0.2338445795       -0.0735836972
  18   7        0.1419268907       -0.4720665011
  18   6       -0.2839732810        0.2006371785
  18   5       -0.2671311916        0.1048623899
  18   4       -0.1468121170        0.1922238032
  18   3       -0.2303022495        0.0765419859
  18   2       -0.1933902635        0.0741243234
  18   1       -0.4837062559       -0.0129267339
  18   0       -0.9314447012        0.0000000000
  18  -1        0.4837062559       -0.0129267339
  18  -2       -0.1933902635       -0.0741243234
  18  -3        0.2303022495        0.0765419859
  18  -4       -0.1468121170       -0.1922238032
  18  -5        0.2671311916        0.1048623899
  18  -6       -0.2839732810       -0.2006371785
  18  -7       -0.1419268907       -0.4720665011
  18  -8       -0.2338445795        0.0735836972
  18  -9        0.2519206283       -0.0689490153
  18 -10        0.2168809173       -0.1329474766
  18 -11        0.0388917582        0.1744415991
  18 -12        0.0101041148       -0.7320312455
  18 -13       -0.2247847430        0.2987465090
  18 -14       -0.1035930392        0.0090203660
  18 -15       -0.2453137507        0.0540804292
  18 -16        0.1839573883       -0.1465020293
  18 -17       -0.2557157208        0.2432963090
  18 -18        0.0771493463        0.0276043522
  19  19        0.0740637858        0.0366665273
  19  18        0.2645877736       -0.2626277255
  19  17        0.0609338069       -0.1073937885
  19  16        0.1718173763       -0.1994432471
  19  15       -0.2210704956       -0.0774410464
  19  14        0.1975060101       -0.0927566554
  19  13        0.3690561091        0.0252438563
  19  12       -0.1763551194        0.2436190600
  19  11        0.0917370886       -0.2459031692
  19  10       -0.1582185677        0.1602491580
  19   9        0.1129617788        0.0773337978
  19   8        0.0744958450        0.4973017540
  19   7        0.2762488530        0.2616852258
  19   6        0.2994100657       -0.0137287305
  19   5        0.2298936598        0.0690921030
  19   4        0.4269038502       -0.0596675670
  19   3        0.5017543134        0.1257178206
  19   2       -0.1266413142        0.0183267437
  19   1        0.2908820425        0.0097984238
  19   0       -0.4163167943        0.0000000000
  19  -1       -0.2908820425        0.0097984238
  19  -2       -0.1266413142       -0.0183267437
  19  -3       -0.5017543134        0.1257178206
  19  -4        0.4269038502        0.0596675670
  19  -5       -0.2298936598        0.0690921030
  19  -6        0.2994100657        0.0137287305
  19  -7       -0.2762488530        0.2616852258
  19  -8        0.0744958450       -0.4973017540
  19  -9       -0.1129617788        0.0773337978
  19 -10       -0.1582185677       -0.1602491580
  19 -11       -0.0917370886       -0.2459031692
  19 -12       -0.1763551194       -0.2436190600
  19 -13       -0.3690561091        0.0252438563
  19 -14        0.1975060101        0.0927566554
  19 -15        0.2210704956       -0.0774410464
  19 -16        0.1718173763        0.1994432471
  19 -17       -0.0609338069       -0.1073937885
  19 -18        0.2645877736        0.2626277255
  19 -19       -0.0740637858        0.0366665273
  20  20       -0.1116231717        0.0646075029
  20  19        0.1672523444        0.0075726863
  20  18        0.0319711596       -0.1025533178
  20  17        0.1499906198       -0.0943072772
  20  16        0.1409532523        0.2442936910
  20  15        0.1141982746       -0.2483499501
  20  14        0.0580103952        0.1343035555
  20  13       -0.1448263252       -0.2882813103
  20  12       -0.0302098118        0.0994112180
  20  11        0.2133565950       -0.1538425210
  20  10       -0.4259301285       -0.1790343006
  20   9        0.0013072581       -0.3471059152
  20   8        0.0349086278       -0.2410025894
  20   7       -0.2139657011       -0.2819809522
  20   6       -0.2487116847       -0.0998130106
  20   5        0.2373154358       -0.2598491315
  20   4        0.2390428291       -0.2771308060
  20   3        0.2802732949        0.3370850459
  20   2        0.0646687489        0.0994295165
  20   1        0.0501724789        0.1814976354
  20   0        0.4623382354        0.0000000000
  20  -1       -0.0501724789        0.1814976354
  20  -2        0.0646687489       -0.0994295165
  20  -3       -0.2802732949        0.3370850459
  20  -4        0.2390428291        0.2771308060
  20  -5       -0.2373154358       -0.2598491315
  20  -6       -0.2487116847        0.0998130106
  20  -7        0.2139657011       -0.2819809522
  20  -8        0.0349086278        0.2410025894
  20  -9       -0.0013072581       -0.3471059152
  20 -10       -0.4259301285        0.1790343006
  20 -11       -0.2133565950       -0.1538425210
  20 -12       -0.0302098118       -0.0994112180
  20 -13        0.1448263252       -0.2882813103
  20 -14        0.0580103952       -0.1343035555
  20 -15       -0.1141982746       -0.2483499501
  20 -16        0.1409532523       -0.2442936910
  20 -17       -0.1499906198       -0.0943072772
  20 -18        0.0319711596        0.1025533178
  20 -19       -0.1672523444        0.0075726863
  20 -20       -0.1116231717       -0.0646075029
  21  21       -0.0323367888       -0.2850667021
  21  20       -0.0575417624        0.1543103551
  21  19       -0.0349710990       -0.1652101768
  21  18        0.2441310298        0.0976539459
  21  17       -0.1881063268        0.0950396284
  21  16       -0.0251795098        0.2311122913
  21  15        0.2035995493        0.0186512543
  21  14       -0.0705669846        0.1294794331
  21  13       -0.0825135566        0.1787977765
  21  12       -0.2257784098       -0.1170434443
  21  11       -0.3653278188       -0.1656678397
  21  10       -0.0573675432        0.1362587254
  21   9        0.1258401455        0.2086883437
  21   8       -0.0830194324       -0.0758805772
  21   7       -0.1649461300        0.2150741046
  21   6       -0.0485667237       -0.0322458516
  21   5       -0.1806507818       -0.0223252852
  21   4        0.0353776593       -0.1547101562
  21   3        0.0347405536       -0.0665630620
  21   2        0.0053146988       -0.1950936751
  21   1       -0.0477453279       -0.1308921200
  21   0        0.1729653228        0.0000000000
  21  -1        0.0477453279       -0.1308921200
  21  -2        0.0053146988        0.1950936751
  21  -3       -0.0347405536       -0.0665630620
  21  -4        0.0353776593        0.1547101562
  21  -5        0.1806507818       -0.0223252852
  21  -6       -0.0485667237        0.0322458516
  21  -7        0.1649461300        0.2150741046
  21  -8       -0.0830194324        0.0758805772
  21  -9       -0.1258401455        0.2086883437
  21 -10       -0.0573675432       -0.1362587254
  21 -11        0.3653278188       -0.1656678397
  21 -12       -0.2257784098        0.1170434443
  21 -13        0.0825135566        0.1787977765
  21 -14       -0.0705669846       -0.1294794331
  21 -15       -0.2035995493        0.0186512543
  21 -16       -0.0251795098       -0.2311122913
  21 -17        0.1881063268        0.0950396284
  21 -18        0.2441310298       -0.0976539459
  21 -19        0.0349710990       -0.1652101768
  21 -20       -0.0575417624       -0.1543103551
  21 -21        0.0323367888       -0.2850667021
  22  22        0.1280934258        0.1670201437
  22  21        0.1378606917        0.5715894074
  22  20       -0.0127900397        0.0632215538
  22  19        0.0184708330       -0.1211987443
  22  18        0.2845592614       -0.1381257737
  22  17        0.0237362409        0.4147176862
  22  16       -0.1956601086       -0.0969115111
  22  15       -0.2733796178        0.1276480008
  22  14       -0.3325965805       -0.0552403113
  22  13        0.0334881619        0.1252758916
  22  12        0.0933477376       -0.0954428639
  22  11       -0.1751052369       -0.0084106369
  22  10        0.1285517301       -0.2071374941
  22   9        0.1831081237        0.1709540147
  22   8        0.2045288163       -0.0747483432
  22   7        0.0195032099       -0.2178979675
  22   6        0.1671412134        0.0148925661
  22   5        0.2046109917       -0.1560497463
  22   4       -0.1635790235        0.1664353759
  22   3       -0.2638062032       -0.0623044192
  22   2        0.0139072019       -0.4831033265
  22   1       -0.0360658847       -0.1707029835
  22   0        0.3378046157        0.0000000000
  22  -1        0.0360658847       -0.1707029835
  22  -2        0.0139072019        0.4831033265
  22  -3        0.2638062032       -0.0623044192
  22  -4       -0.1635790235       -0.1664353759
  22  -5       -0.2046109917       -0.1560497463
  22  -6        0.1671412134       -0.0148925661
  22  -7       -0.0195032099       -0.2178979675
  22  -8        0.2045288163        0.0747483432
  22  -9       -0.1831081237        0.1709540147
  22 -10        0.1285517301        0.2071374941
  22 -11        0.1751052369       -0.0084106369
  22 -12        0.0933477376        0.0954428639
  22 -13       -0.0334881619        0.1252758916
  22 -14       -0.3325965805        0.0552403113
  22 -15        0.2733796178        0.1276480008
  22 -16       -0.1956601086        0.0969115111
  22 -17       -0.0237362409        0.4147176862
  22 -18        0.2845592614        0.1381257737
  22 -19       -0.0184708330       -0.1211987443
  22 -20       -0.0127900397       -0.0632215538
  22 -21       -0.1378606917        0.5715894074
  22 -22        0.1280934258       -0.1670201437
  23  23       -0.1204927649       -0.2783873316
  23  22        0.2298185773       -0.2088213694
  23  21        0.1229953247       -0.1338556295
  23  20        0.3043565300        0.0290904410
  23  19        0.2660946223        0.0506617148
  23  18        0.2443642897       -0.0293396562
  23  17       -0.0989014812        0.2988882625
  23  16        0.3689500401        0.1689693097
  23  15       -0.2302180973       -0.2785149625
  23  14        0.2639500557        0.0792562117
  23  13       -0.0488254878        0.0522276746
  23  12       -0.1272755081        0.0515257205
  23  11       -0.0476704065       -0.1352962906
  23  10        0.1844438404       -0.1291096892
  23   9        0.0348270665       -0.1491584982
  23   8        0.2043094353        0.1028142673
  23   7        0.0502740649       -0.2050724271
  23   6        0.0840418195        0.1347596178
  23   5        0.1301462148        0.0647230473
  23   4        0.0564213963        0.3417324230
  23   3       -0.0908033806       -0.0061140360
  23   2       -0.1154734580       -0.2033105528
  23   1       -0.1675659027       -0.1462727737
  23   0       -0.2131692848        0.0000000000
  23  -1        0.1675659027       -0.1462727737
  23  -2       -0.1154734580        0.2033105528
  23  -3        0.0908033806       -0.0061140360
  23  -4        0.0564213963       -0.3417324230
  23  -5       -0.1301462148        0.0647230473
  23  -6        0.0840418195       -0.1347596178
  23  -7       -0.0502740649       -0.2050724271
  23  -8        0.2043094353       -0.1028142673
  23  -9       -0.0348270665       -0.1491584982
  23 -10        0.1844438404        0.1291096892
  23 -11        0.0476704065       -0.1352962906
  23 -12       -0.1272755081       -0.0515257205
  23 -13        0.0488254878        0.0522276746
  23 -14        0.2639500557       -0.0792562117
  23 -15        0.2302180973       -0.2785149625
  23 -16        0.3689500401       -0.1689693097
  23 -17        0.0989014812        0.2988882625
  23 -18        0.2443642897        0.0293396562
  23 -19       -0.2660946223        0.0506617148
  23 -20        0.3043565300       -0.0290904410
  23 -21       -0.1229953247       -0.1338556295
  23 -22        0.2298185773        0.2088213694
  23 -23        0.1204927649       -0.2783873316
  24  24        0.1928181795       -0.2173947396
  24  23        0.0015113839       -0.1450957588
  24  22        0.2015749362        0.0615682124
  24  21       -0.2548862952       -0.0164773340
  24  20       -0.0982657411        0.0511395558
  24  19       -0.1119772693        0.0515331136
  24  18       -0.1200863945        0.0365486776
  24  17        0.2964362904       -0.2580538901
  24  16        0.2769788617       -0.2670276599
  24  15        0.1460125282       -0.1111560565
  24  14        0.1262031325       -0.1199117261
  24  13       -0.1736435297        0.0699143943
  24  12        0.0420060943        0.1539450286
  24  11       -0.1414224998        0.1652655303
  24  10       -0.0997022455        0.1486487354
  24   9       -0.0410765587       -0.0039441810
  24   8       -0.0150652845       -0.0438427100
  24   7        0.0923921523        0.2004794519
  24   6        0.0984855531        0.2578614801
  24   5       -0.0951911439        0.0623743079
  24   4       -0.3451876744        0.0975339710
  24   3        0.1058065182        0.0080587131
  24   2       -0.1668501694        0.3105006002
  24   1        0.1582656261       -0.1727839182
  24   0        0.0124544983        0.0000000000
  24  -1       -0.1582656261       -0.1727839182
  24  -2       -0.1668501694       -0.3105006002
  24  -3       -0.1058065182        0.0080587131
  24  -4       -0.3451876744       -0.0975339710
  24  -5        0.0951911439        0.0623743079
  24  -6        0.0984855531       -0.2578614801
  24  -7       -0.0923921523        0.2004794519
  24  -8       -0.0150652845        0.0438427100
  24  -9        0.0410765587       -0.0039441810
  24 -10       -0.0997022455       -0.1486487354
  24 -11        0.1414224998        0.1652655303
  24 -12        0.0420060943       -0.1539450286
  24 -13        0.1736435297        0.0699143943
  24 -14        0.1262031325        0.1199117261
  24 -15       -0.1460125282       -0.1111560565
  24 -16        0.2769788617        0.2670276599
  24 -17       -0.2964362904       -0.2580538901
  24 -18       -0.1200863945       -0.0365486776
  24 -19        0.1119772693        0.0515331136
  24 -20       -0.0982657411       -0.0511395558
  24 -21        0.2548862952       -0.0164773340
  24 -22        0.2015749362       -0.0615682124
  24 -23       -0.0015113839       -0.1450957588
  24 -24        0.1928181795        0.2173947396
  25  25        0.1947200063        0.0104128704
  25  24       -0.2099383431        0.6732762868
  25  23        0.1808042524       -0.2734802372
  25  22        0.0152516183        0.2424102605
  25  21       -0.0727026949        0.0306472746
  25  20        0.0027056329       -0.1169004467
  25  19        0.0153142735       -0.0204866160
  25  18        0.0279791766       -0.1084928059
  25  17       -0.0608307005        0.2018281249
  25  16       -0.0504632395       -0.0784111061
  25  15       -0.2695636229        0.0395463074
  25  14        0.1178917106        0.0130831019
  25  13        0.1141537393       -0.1035326742
  25  12       -0.1065177036        0.0710863405
  25  11        0.0584389991       -0.0754771518
  25  10        0.2331511123        0.1422265612
  25   9       -0.0797981822        0.1700396443
  25   8        0.1245101541       -0.2799012429
  25   7       -0.1327497080        0.0141285770
  25   6       -0.1592025953       -0.0083098602
  25   5        0.2422832491       -0.0779339419
  25   4        0.0765378753        0.0570326943
  25   3       -0.0047093639       -0.1451764474
  25   2        0.0779405140        0.1614014912
  25   1        0.0170451409        0.2789838587
  25   0       -0.1768509333        0.0000000000
  25  -1       -0.0170451409        0.2789838587
  25  -2        0.0779405140       -0.1614014912
  25  -3        0.0047093639       -0.1451764474
  25  -4        0.0765378753       -0.0570326943
  25  -5       -0.2422832491       -0.0779339419
  25  -6       -0.1592025953        0.0083098602
  25  -7        0.1327497080        0.0141285770
  25  -8        0.1245101541        0.2799012429
  25  -9        0.0797981822        0.1700396443
  25 -10        0.2331511123       -0.1422265612
  25 -11       -0.0584389991       -0.0754771518
  25 -12       -0.1065177036       -0.0710863405
  25 -13       -0.1141537393       -0.1035326742
  25 -14        0.1178917106       -0.0130831019
  25 -15        0.2695636229        0.0395463074
  25 -16       -0.0504632395        0.0784111061
  25 -17        0.0608307005        0.2018281249
  25 -18        0.0279791766        0.1084928059
  25 -19       -0.0153142735       -0.0204866160
  25 -20        0.0027056329        0.1169004467
  25 -21        0.0727026949        0.0306472746
  25 -22        0.0152516183       -0.2424102605
  25 -23       -0.1808042524       -0.2734802372
  25 -24       -0.2099383431       -0.6732762868
  25 -25       -0.1947200063        0.0104128704
  26  26        0.2692235381        0.1119054613
  26  25       -0.2749457039       -0.0311960326
  26  24        0.2083071934       -0.0285559418
  26  23       -0.1373849000        0.2405356034
  26  22        0.1225505646       -0.0250494638
  26  21        0.0506240439        0.0599438602
  26  20       -0.1307388822       -0.0604693472
  26  19       -0.0792290282        0.0669595755
  26  18       -0.1612697382       -0.0297357752
  26  17       -0.0267037726       -0.0859688157
  26  16       -0.2143579138        0.1574278031
  26  15        0.0342243087       -0.2060409338
  26  14        0.1214674205        0.1412226366
  26  13       -0.1606569768        0.0877365535
  26  12        0.1632343248       -0.0095774958
  26  11       -0.1724074430       -0.2413223316
  26  10       -0.0125445888       -0.0117742265
  26   9        0.0350238149        0.2557571198
  26   8       -0.1770031527       -0.0325590175
  26   7       -0.1402966395        0.0046192587
  26   6       -0.1613918422       -0.1960750949
  26   5       -0.1592667080       -0.2791145684
  26   4        0.0719229040       -0.0386935932
  26   3        0.0884278144        0.1145724715
  26   2        0.2678963893       -0.0621921363
  26   1       -0.0012022078        0.1662937443
  26   0       -0.4822358266        0.0000000000
  26  -1        0.0012022078        0.1662937443
  26  -2        0.2678963893        0.0621921363
  26  -3       -0.0884278144        0.1145724715
  26  -4        0.0719229040        0.0386935932
  26  -5        0.1592667080       -0.2791145684
  26  -6       -0.1613918422        0.1960750949
  26  -7        0.1402966395        0.0046192587
  26  -8       -0.1770031527        0.0325590175
  26  -9       -0.0350238149        0.2557571198
  26 -10       -0.0125445888        0.0117742265
  26 -11        0.1724074430       -0.2413223316
  26 -12        0.1632343248        0.0095774958
  26 -13        0.1606569768        0.0877365535
  26 -14        0.1214674205       -0.1412226366
  26 -15       -0.0342243087       -0.2060409338
  26 -16       -0.2143579138       -0.1574278031
  26 -17        0.0267037726       -0.0859688157
  26 -18       -0.1612697382        0.0297357752
  26 -19        0.0792290282        0.0669595755
  26 -20       -0.1307388822        0.0604693472
  26 -21       -0.0506240439        0.0599438602
  26 -22        0.1225505646        0.0250494638
  26 -23        0.1373849000        0.2405356034
  26 -24        0.2083071934        0.0285559418
  26 -25        0.2749457039       -0.0311960326
  26 -26        0.2692235381       -0.1119054613
