   0   0      342.4771443542        0.0000000000
   1   1       -7.5929052389       -4.0006662638
   1   0       -0.8061671284        0.0000000000
   1  -1        7.5929052389       -4.0006662638
   2   2       38.2314528833       52.3309669293
   2   1       -9.1054620353      -14.4994788452
   2   0      -26.0740328351        0.0000000000
   2  -1        9.1054620353      -14.4994788452
   2  -2       38.2314528833      -52.3309669293
   3   3        0.9343246167        2.9138206317
   3   2       -1.4212262069      -13.3737830652
   3   1      -12.2047855338       -4.1100201924
   3   0      -19.7622520540        0.0000000000
   3  -1       12.2047855338       -4.1100201924
   3  -2       -1.4212262069       13.3737830652
   3  -3       -0.9343246167        2.9138206317
   4   4       -6.7987102844       18.5205482619
   4   3        4.3607681638       -2.6953276677
   4   2        0.8447784226       -7.0947408717
   4   1        3.1588815894       -3.6658256128
   4   0        6.2655054842        0.0000000000
   4  -1       -3.1588815894       -3.6658256128
   4  -2        0.8447784226        7.0947408717
   4  -3       -4.3607681638       -2.6953276677
   4  -4       -6.7987102844      -18.5205482619
   5   5       -2.1174186396        1.2173937764
   5   4        5.1558520826       -2.5778340122
   5   3       -4.1794273287       -4.6369921676
   5   2       -4.8198294404       -5.8797483894
   5   1        3.8003995073        0.8323108887
   5   0        2.0596977970        0.0000000000
   5  -1       -3.8003995073        0.8323108887
   5  -2       -4.8198294404        5.8797483894
   5  -3        4.1794273287       -4.6369921676
   5  -4        5.1558520826        2.5778340122
   5  -5        2.1174186396        1.2173937764
   6   6       -4.7942841357        0.5056315037
   6   5        2.5341800250        2.2618180641
   6   4       -0.2646464976        3.0812240531
   6   3        1.6288800335       -1.8208872395
   6   2       -2.6840798277        2.2725923088
   6   1        4.1543278929        1.3820806896
   6   0        1.6337452554        0.0000000000
   6  -1       -4.1543278929        1.3820806896
   6  -2       -2.6840798277       -2.2725923088
   6  -3       -1.6288800335       -1.8208872395
   6  -4       -0.2646464976       -3.0812240531
   6  -5       -2.5341800250        2.2618180641
   6  -6       -4.7942841357       -0.5056315037
   7   7       -0.1499431191        0.2653042278
   7   6        3.1113173817        0.5222827886
   7   5       -0.0317343520       -1.5256186678
   7   4        0.1449862379       -2.6589011544
   7   3       -1.0101420872       -0.4365189615
   7   2       -1.1640523432        1.7783325297
   7   1        0.6159604190        1.7140164273
   7   0       -2.7226113170        0.0000000000
   7  -1       -0.6159604190        1.7140164273
   7  -2       -1.1640523432       -1.7783325297
   7  -3        1.0101420872       -0.4365189615
   7  -4        0.1449862379        2.6589011544
   7  -5        0.0317343520       -1.5256186678
   7  -6        3.1113173817       -0.5222827886
   7  -7        0.1499431191        0.2653042278
   8   8        0.5023458961        1.4496615348
   8   7        0.8101710464        2.2895048099
   8   6       -2.9388049460       -0.1206146177
   8   5        1.1785140505        0.8327401309
   8   4       -1.3868516192       -1.6288181873
   8   3        0.5456829346        1.2030451980
   8   2        0.9554742408        0.6328268967
   8   1       -1.2784079576       -0.7784738999
   8   0       -0.0646137940        0.0000000000
   8  -1        1.2784079576       -0.7784738999
   8  -2        0.9554742408       -0.6328268967
   8  -3       -0.5456829346        1.2030451980
   8  -4       -1.3868516192        1.6288181873
   8  -5       -1.1785140505        0.8327401309
   8  -6       -2.9388049460        0.1206146177
   8  -7       -0.8101710464        2.2895048099
   8  -8        0.5023458961       -1.4496615348
   9   9       -0.4486020328        0.7677019585
   9   8        0.7606922760        1.7954337042
   9   7        0.4965830289       -0.9024441457
   9   6        0.7869742121        0.0763754778
   9   5        0.3085199789       -1.4685945696
   9   4       -1.1546385065       -0.3137249294
   9   3        0.5230109868        1.1038054273
   9   2        0.1585787516       -1.7828631791
   9   1       -2.8968247379       -0.0027024027
   9   0        0.7391018457        0.0000000000
   9  -1        2.8968247379       -0.0027024027
   9  -2        0.1585787516        1.7828631791
   9  -3       -0.5230109868        1.1038054273
   9  -4       -1.1546385065        0.3137249294
   9  -5       -0.3085199789       -1.4685945696
   9  -6        0.7869742121       -0.0763754778
   9  -7       -0.4965830289       -0.9024441457
   9  -8        0.7606922760       -1.7954337042
   9  -9        0.4486020328        0.7677019585
  10  10       -1.6759355277        1.8796061766
  10   9       -0.2094480122        1.4561922666
  10   8       -0.9695670468       -2.0257006213
  10   7       -0.5592187089        1.1241993886
  10   6        0.4345327736       -0.7771520691
  10   5       -0.3518422912        0.1762662559
  10   4       -0.2691896918        1.0448630519
  10   3        1.2559101714       -0.0365557388
  10   2       -0.0694230395       -1.1643507039
  10   1       -0.7148370008       -0.0620444800
  10   0        2.0616720839        0.0000000000
  10  -1        0.7148370008       -0.0620444800
  10  -2       -0.0694230395        1.1643507039
  10  -3       -1.2559101714       -0.0365557388
  10  -4       -0.2691896918       -1.0448630519
  10  -5        0.3518422912        0.1762662559
  10  -6        0.4345327736        0.7771520691
  10  -7        0.5592187089        1.1241993886
  10  -8       -0.9695670468        2.0257006213
  10  -9        0.2094480122        1.4561922666
  10 -10       -1.6759355277       -1.8796061766
  11  11       -1.0838914841        0.1770573117
  11  10       -0.2844628531        0.4591562644
  11   9        0.3861740203       -0.5658314468
  11   8       -0.1356833440       -0.3494584619
  11   7        0.2397934085       -0.4475911494
  11   6        0.0151364901       -0.2454911248
  11   5       -0.0098683228        0.1877422940
  11   4        0.3750934228        0.6672003895
  11   3       -0.1167359742       -1.0393855766
  11   2       -0.2223261458        0.1692471507
  11   1        0.6604963035        0.4311433707
  11   0       -0.3849250388        0.0000000000
  11  -1       -0.6604963035        0.4311433707
  11  -2       -0.2223261458       -0.1692471507
  11  -3        0.1167359742       -1.0393855766
  11  -4        0.3750934228       -0.6672003895
  11  -5        0.0098683228        0.1877422940
  11  -6        0.0151364901        0.2454911248
  11  -7       -0.2397934085       -0.4475911494
  11  -8       -0.1356833440        0.3494584619
  11  -9       -0.3861740203       -0.5658314468
  11 -10       -0.2844628531       -0.4591562644
  11 -11        1.0838914841        0.1770573117
  12  12       -1.5253025808       -0.3705956862
  12  11       -0.1419979685        0.1736779642
  12  10        0.6842399719       -0.9776886509
  12   9       -0.8704797990       -0.2129814534
  12   8        0.1199622496       -0.0671486229
  12   7       -0.0220200337        0.1237194696
  12   6       -0.0146394121       -0.0093958771
  12   5        0.2719146195        1.0556080328
  12   4        0.4680584654       -0.0004039066
  12   3       -0.6885221379       -0.5787246911
  12   2        0.0802073387        0.5256796005
  12   1        0.7214850859        0.0750753381
  12   0       -0.6230653282        0.0000000000
  12  -1       -0.7214850859        0.0750753381
  12  -2        0.0802073387       -0.5256796005
  12  -3        0.6885221379       -0.5787246911
  12  -4        0.4680584654        0.0004039066
  12  -5       -0.2719146195        1.0556080328
  12  -6       -0.0146394121        0.0093958771
  12  -7        0.0220200337        0.1237194696
  12  -8        0.1199622496        0.0671486229
  12  -9        0.8704797990       -0.2129814534
  12 -10        0.6842399719        0.9776886509
  12 -11        0.1419979685        0.1736779642
  12 -12       -1.5253025808        0.3705956862
  13  13       -1.0316028506       -0.2208009113
  13  12        0.0492259057        0.4912763174
  13  11        0.0093596488        0.5162711519
  13  10        0.0404457140        0.1767026973
  13   9        0.4205067841       -0.2073727126
  13   8       -0.0603367499        0.1425405352
  13   7        0.2112102955        0.2081733909
  13   6       -0.1630694818        0.4402677167
  13   5        0.0039813126        0.3400774141
  13   4        0.2222285462       -0.3946541150
  13   3       -0.9031102052       -0.0070349415
  13   2        0.2808651811        0.4244221436
  13   1        0.3018403214       -0.3415829960
  13   0       -0.7405081065        0.0000000000
  13  -1       -0.3018403214       -0.3415829960
  13  -2        0.2808651811       -0.4244221436
  13  -3        0.9031102052       -0.0070349415
  13  -4        0.2222285462        0.3946541150
  13  -5       -0.0039813126        0.3400774141
  13  -6       -0.1630694818       -0.4402677167
  13  -7       -0.2112102955        0.2081733909
  13  -8       -0.0603367499       -0.1425405352
  13  -9       -0.4205067841       -0.2073727126
  13 -10        0.0404457140       -0.1767026973
  13 -11       -0.0093596488        0.5162711519
  13 -12        0.0492259057       -0.4912763174
  13 -13        1.0316028506       -0.2208009113
  14  14       -0.0422946057       -0.1985138680
  14  13       -0.2834136552        0.4801383334
  14  12        0.4036654636        0.3631013612
  14  11        0.1830246637       -0.4732519461
  14  10        0.0744482042       -0.0921661684
  14   9       -0.3316994997        0.2509123705
  14   8        0.3419829665       -0.0669801443
  14   7       -0.4124250668       -0.0303977388
  14   6       -0.1068688892        0.5866131802
  14   5        0.1599873560       -0.1341566538
  14   4       -0.2943429822       -0.5675582797
  14   3       -0.1282147241        0.1823906622
  14   2        0.1785405124        0.0636987506
  14   1       -0.0909455900       -0.2824585669
  14   0       -0.3474709051        0.0000000000
  14  -1        0.0909455900       -0.2824585669
  14  -2        0.1785405124       -0.0636987506
  14  -3        0.1282147241        0.1823906622
  14  -4       -0.2943429822        0.5675582797
  14  -5       -0.1599873560       -0.1341566538
  14  -6       -0.1068688892       -0.5866131802
  14  -7        0.4124250668       -0.0303977388
  14  -8        0.3419829665        0.0669801443
  14  -9        0.3316994997        0.2509123705
  14 -10        0.0744482042        0.0921661684
  14 -11       -0.1830246637       -0.4732519461
  14 -12        0.4036654636       -0.3631013612
  14 -13        0.2834136552        0.4801383334
  14 -14       -0.0422946057        0.1985138680
  15  15       -0.3265924660        0.0211432766
  15  14        0.1629167846        0.8132310673
  15  13        0.1466266509       -0.0060853199
  15  12        0.0196027397       -0.0170759554
  15  11        0.3952119974        0.6756219269
  15  10       -0.0331574660       -0.0106072370
  15   9        0.1051011461        0.0077206744
  15   8        0.0765850623        0.2500381867
  15   7        0.2271041956       -0.0724870035
  15   6        0.1656421728        0.3123845676
  15   5        0.0908658272       -0.5051674214
  15   4       -0.4371584617        0.2253678036
  15   3        0.3407621902        0.0419816537
  15   2       -0.1362401943       -0.4087860098
  15   1       -0.3251144700       -0.2046414128
  15   0        0.5774191607        0.0000000000
  15  -1        0.3251144700       -0.2046414128
  15  -2       -0.1362401943        0.4087860098
  15  -3       -0.3407621902        0.0419816537
  15  -4       -0.4371584617       -0.2253678036
  15  -5       -0.0908658272       -0.5051674214
  15  -6        0.1656421728       -0.3123845676
  15  -7       -0.2271041956       -0.0724870035
  15  -8        0.0765850623       -0.2500381867
  15  -9       -0.1051011461        0.0077206744
  15 -10       -0.0331574660        0.0106072370
  15 -11       -0.3952119974        0.6756219269
  15 -12        0.0196027397        0.0170759554
  15 -13       -0.1466266509       -0.0060853199
  15 -14        0.1629167846       -0.8132310673
  15 -15        0.3265924660        0.0211432766
  16  16       -0.4053836161        0.0338099535
  16  15        0.2311618885        0.4097445567
  16  14       -0.1427605891        0.3768435601
  16  13       -0.0973268411        0.1820206286
  16  12        0.2200622704        0.1150080236
  16  11       -0.2032757901       -0.0988903099
  16  10       -0.0512181449        0.4535208841
  16   9        0.1682467043        0.1239843835
  16   8       -0.2526228714       -0.1700078219
  16   7       -0.1181780510        0.1275841120
  16   6        0.1405885893       -0.1393513585
  16   5       -0.0596461186       -0.3915299038
  16   4        0.0677460096        0.3315586528
  16   3        0.1596604211        0.1136751040
  16   2       -0.3487859827       -0.0759886605
  16   1       -0.2700441629        0.0953470251
  16   0        0.1252813253        0.0000000000
  16  -1        0.2700441629        0.0953470251
  16  -2       -0.3487859827        0.0759886605
  16  -3       -0.1596604211        0.1136751040
  16  -4        0.0677460096       -0.3315586528
  16  -5        0.0596461186       -0.3915299038
  16  -6        0.1405885893        0.1393513585
  16  -7        0.1181780510        0.1275841120
  16  -8       -0.2526228714        0.1700078219
  16  -9       -0.1682467043        0.1239843835
  16 -10       -0.0512181449       -0.4535208841
  16 -11        0.2032757901       -0.0988903099
  16 -12        0.2200622704       -0.1150080236
  16 -13        0.0973268411        0.1820206286
  16 -14       -0.1427605891       -0.3768435601
  16 -15       -0.2311618885        0.4097445567
  16 -16       -0.4053836161       -0.0338099535
  17  17       -0.5464516556       -0.1042345091
  17  16       -0.5986568309        0.3413486260
  17  15        0.1096430016        0.2673601879
  17  14       -0.3018614643        0.1073588492
  17  13       -0.4079941216        0.0908788748
  17  12        0.1065720345       -0.1269608375
  17  11        0.2215959991        0.2663689260
  17  10        0.1986754471        0.2926631105
  17   9       -0.0428576186        0.1644099600
  17   8        0.0559567749        0.2504393766
  17   7        0.4227598424       -0.2363145459
  17   6        0.0118899426       -0.1196878958
  17   5       -0.1555184104        0.1073598684
  17   4       -0.0147228890        0.1429236529
  17   3        0.0952649614       -0.3507510423
  17   2       -0.4356927841        0.0356998207
  17   1        0.2594640726        0.4212186427
  17   0       -0.1898649932        0.0000000000
  17  -1       -0.2594640726        0.4212186427
  17  -2       -0.4356927841       -0.0356998207
  17  -3       -0.0952649614       -0.3507510423
  17  -4       -0.0147228890       -0.1429236529
  17  -5        0.1555184104        0.1073598684
  17  -6        0.0118899426        0.1196878958
  17  -7       -0.4227598424       -0.2363145459
  17  -8        0.0559567749       -0.2504393766
  17  -9        0.0428576186        0.1644099600
  17 -10        0.1986754471       -0.2926631105
  17 -11       -0.2215959991        0.2663689260
  17 -12        0.1065720345        0.1269608375
  17 -13        0.4079941216        0.0908788748
  17 -14       -0.3018614643       -0.1073588492
  17 -15       -0.1096430016        0.2673601879
  17 -16       -0.5986568309       -0.3413486260
  17 -17        0.5464516556       -0.1042345091
  18  18       -0.0396856386        0.0435222359
  18  17       -0.6145698226        0.1022524730
  18  16        0.1718448717        0.2841577578
  18  15       -0.1555313528        0.1372787584
  18  14       -0.1131600849        0.2980783538
  18  13        0.1542793713       -0.1129675932
  18  12       -0.1157816030       -0.0988409318
  18  11       -0.2239902368        0.3006286644
  18  10        0.0322253909        0.1664275020
  18   9       -0.1573838142       -0.0265636694
  18   8        0.0942492739        0.1716469720
  18   7        0.2631018613       -0.0226234374
  18   6       -0.0299437942        0.0105429567
  18   5       -0.2242985084        0.0689911398
  18   4        0.0896019595       -0.2345857822
  18   3       -0.2574287068       -0.5426375822
  18   2        0.0408638516        0.2328463457
  18   1        0.1348569360       -0.0465294807
  18   0       -0.2121805459        0.0000000000
  18  -1       -0.1348569360       -0.0465294807
  18  -2        0.0408638516       -0.2328463457
  18  -3        0.2574287068       -0.5426375822
  18  -4        0.0896019595        0.2345857822
  18  -5        0.2242985084        0.0689911398
  18  -6       -0.0299437942       -0.0105429567
  18  -7       -0.2631018613       -0.0226234374
  18  -8        0.0942492739       -0.1716469720
  18  -9        0.1573838142       -0.0265636694
  18 -10        0.0322253909       -0.1664275020
  18 -11        0.2239902368        0.3006286644
  18 -12       -0.1157816030        0.0988409318
  18 -13       -0.1542793713       -0.1129675932
  18 -14       -0.1131600849       -0.2980783538
  18 -15        0.1555313528        0.1372787584
  18 -16        0.1718448717       -0.2841577578
  18 -17        0.6145698226        0.1022524730
  18 -18       -0.0396856386       -0.0435222359
  19  19        0.1164745175       -0.1647099342
  19  18       -0.1311489206       -0.2940807056
  19  17       -0.1787957586        0.1352269585
  19  16       -0.3577428107       -0.0456091929
  19  15       -0.2346893982       -0.1661233790
  19  14        0.0211623803       -0.0423756141
  19  13       -0.3743223991        0.2524987188
  19  12       -0.2153884166        0.1512342317
  19  11       -0.0229053541       -0.1671787166
  19  10        0.1270406275       -0.1868215790
  19   9       -0.4247934326       -0.0508338702
  19   8        0.1689271281        0.2394737901
  19   7       -0.0356620041       -0.2642976675
  19   6       -0.1469634151        0.3873048803
  19   5        0.4410348692       -0.1082192981
  19   4       -0.2072290699        0.0035821906
  19   3        0.0916294727       -0.0087840689
  19   2        0.0970904957        0.1217759750
  19   1        0.1758323174        0.1893418199
  19   0       -0.2441501135        0.0000000000
  19  -1       -0.1758323174        0.1893418199
  19  -2        0.0970904957       -0.1217759750
  19  -3       -0.0916294727       -0.0087840689
  19  -4       -0.2072290699       -0.0035821906
  19  -5       -0.4410348692       -0.1082192981
  19  -6       -0.1469634151       -0.3873048803
  19  -7        0.0356620041       -0.2642976675
  19  -8        0.1689271281       -0.2394737901
  19  -9        0.4247934326       -0.0508338702
  19 -10        0.1270406275        0.1868215790
  19 -11        0.0229053541       -0.1671787166
  19 -12       -0.2153884166       -0.1512342317
  19 -13        0.3743223991        0.2524987188
  19 -14        0.0211623803        0.0423756141
  19 -15        0.2346893982       -0.1661233790
  19 -16       -0.3577428107        0.0456091929
  19 -17        0.1787957586        0.1352269585
  19 -18       -0.1311489206        0.2940807056
  19 -19       -0.1164745175       -0.1647099342
  20  20       -0.1223392963        0.1109274967
  20  19       -0.1073426859       -0.2676856543
  20  18       -0.3370107115        0.1160639977
  20  17       -0.1030820282        0.2962360022
  20  16       -0.2605119759        0.0264258375
  20  15       -0.0326106148        0.0761448871
  20  14        0.0719521959        0.0565171475
  20  13       -0.0503000503       -0.0244567982
  20  12       -0.0827433975       -0.2347114125
  20  11       -0.1457129616        0.0744636635
  20  10       -0.1090776736       -0.0260297916
  20   9        0.2252985040       -0.1298447365
  20   8       -0.1006601777        0.0765260151
  20   7        0.0974167816       -0.3299607865
  20   6        0.0646444727        0.3021625610
  20   5        0.2133656997       -0.2291034801
  20   4        0.1349787420        0.1370019830
  20   3        0.1970473204        0.0921463716
  20   2        0.2578357007       -0.2666757714
  20   1        0.1952829929        0.1977642072
  20   0        0.0870588100        0.0000000000
  20  -1       -0.1952829929        0.1977642072
  20  -2        0.2578357007        0.2666757714
  20  -3       -0.1970473204        0.0921463716
  20  -4        0.1349787420       -0.1370019830
  20  -5       -0.2133656997       -0.2291034801
  20  -6        0.0646444727       -0.3021625610
  20  -7       -0.0974167816       -0.3299607865
  20  -8       -0.1006601777       -0.0765260151
  20  -9       -0.2252985040       -0.1298447365
  20 -10       -0.1090776736        0.0260297916
  20 -11        0.1457129616        0.0744636635
  20 -12       -0.0827433975        0.2347114125
  20 -13        0.0503000503       -0.0244567982
  20 -14        0.0719521959       -0.0565171475
  20 -15        0.0326106148        0.0761448871
  20 -16       -0.2605119759       -0.0264258375
  20 -17        0.1030820282        0.2962360022
  20 -18       -0.3370107115       -0.1160639977
  20 -19        0.1073426859       -0.2676856543
  20 -20       -0.1223392963       -0.1109274967
  21  21       -0.2607484069        0.0494015281
  21  20       -0.0567031176       -0.2900659130
  21  19       -0.4312304447        0.0528993972
  21  18       -0.0331648539       -0.0200127719
  21  17       -0.3185743692        0.0147375938
  21  16       -0.2891261787       -0.2179204344
  21  15       -0.1716783183       -0.2948171036
  21  14       -0.4637963362       -0.0334702702
  21  13        0.0880550607       -0.1789111745
  21  12        0.0355977641       -0.2516594543
  21  11       -0.0161243567        0.1160805855
  21  10        0.0084691042        0.0559532260
  21   9        0.3412127054        0.3292476780
  21   8        0.1254065246       -0.0367040695
  21   7       -0.1433003219        0.1551264272
  21   6        0.2258359173        0.0406507466
  21   5        0.2438073329       -0.3607641714
  21   4        0.0429630046        0.2104562249
  21   3        0.2905742732       -0.0580730307
  21   2       -0.0553141537        0.0585976896
  21   1       -0.0718596849        0.1212405723
  21   0       -0.2889445687        0.0000000000
  21  -1        0.0718596849        0.1212405723
  21  -2       -0.0553141537       -0.0585976896
  21  -3       -0.2905742732       -0.0580730307
  21  -4        0.0429630046       -0.2104562249
  21  -5       -0.2438073329       -0.3607641714
  21  -6        0.2258359173       -0.0406507466
  21  -7        0.1433003219        0.1551264272
  21  -8        0.1254065246        0.0367040695
  21  -9       -0.3412127054        0.3292476780
  21 -10        0.0084691042       -0.0559532260
  21 -11        0.0161243567        0.1160805855
  21 -12        0.0355977641        0.2516594543
  21 -13       -0.0880550607       -0.1789111745
  21 -14       -0.4637963362        0.0334702702
  21 -15        0.1716783183       -0.2948171036
  21 -16       -0.2891261787        0.2179204344
  21 -17        0.3185743692        0.0147375938
  21 -18       -0.0331648539        0.0200127719
  21 -19        0.4312304447        0.0528993972
  21 -20       -0.0567031176        0.2900659130
  21 -21        0.2607484069        0.0494015281
  22  22       -0.4012724243       -0.1328020447
  22  21        0.1851018573       -0.2273352775
  22  20       -0.2687956561        0.0049807212
  22  19        0.1430177126        0.0597395751
  22  18       -0.1390344811        0.0299566699
  22  17       -0.0145099113        0.0967956557
  22  16       -0.0046447751       -0.0132184805
  22  15       -0.0366520814        0.0830778861
  22  14        0.0020571608       -0.2998436497
  22  13       -0.2341459121       -0.0375705458
  22  12        0.1970219806       -0.1610386118
  22  11       -0.0737168049       -0.0442518107
  22  10        0.1226801723        0.2053843024
  22   9        0.1303820686       -0.2495697122
  22   8       -0.1114655660        0.0659003212
  22   7        0.1357535073        0.1420068648
  22   6        0.1535328580       -0.2562785049
  22   5       -0.1512241274       -0.1933315858
  22   4        0.0061961462        0.0964955173
  22   3        0.1447185073        0.1852252188
  22   2       -0.0599374244        0.1839800751
  22   1       -0.1200603443        0.2320017077
  22   0        0.1693757785        0.0000000000
  22  -1        0.1200603443        0.2320017077
  22  -2       -0.0599374244       -0.1839800751
  22  -3       -0.1447185073        0.1852252188
  22  -4        0.0061961462       -0.0964955173
  22  -5        0.1512241274       -0.1933315858
  22  -6        0.1535328580        0.2562785049
  22  -7       -0.1357535073        0.1420068648
  22  -8       -0.1114655660       -0.0659003212
  22  -9       -0.1303820686       -0.2495697122
  22 -10        0.1226801723       -0.2053843024
  22 -11        0.0737168049       -0.0442518107
  22 -12        0.1970219806        0.1610386118
  22 -13        0.2341459121       -0.0375705458
  22 -14        0.0020571608        0.2998436497
  22 -15        0.0366520814        0.0830778861
  22 -16       -0.0046447751        0.0132184805
  22 -17        0.0145099113        0.0967956557
  22 -18       -0.1390344811       -0.0299566699
  22 -19       -0.1430177126        0.0597395751
  22 -20       -0.2687956561       -0.0049807212
  22 -21       -0.1851018573       -0.2273352775
  22 -22       -0.4012724243        0.1328020447
  23  23       -0.1105681642       -0.2172696752
  23  22       -0.1233288098       -0.2591825937
  23  21       -0.1391436318       -0.1285998897
  23  20       -0.0122570035       -0.1606923799
  23  19        0.0693462368        0.1637945196
  23  18        0.1404868578       -0.0650834651
  23  17        0.0849681993       -0.2267776871
  23  16       -0.2177908107        0.0520588825
  23  15       -0.1811477388        0.0252599916
  23  14        0.0106163248        0.0943430889
  23  13        0.2655057714        0.1258213207
  23  12       -0.2097833634       -0.0953578104
  23  11       -0.0738776590        0.1304670996
  23  10       -0.0291484827        0.0783632887
  23   9       -0.1366550255       -0.3630567303
  23   8       -0.1473985194        0.1714168134
  23   7        0.2202486446       -0.0581751246
  23   6        0.0176467277       -0.0409245835
  23   5        0.0710714608        0.1916155083
  23   4       -0.0927612255        0.0424964326
  23   3       -0.2007922141       -0.1082530369
  23   2       -0.0584973657        0.2159979385
  23   1       -0.0442717455        0.1400448133
  23   0        0.0612063507        0.0000000000
  23  -1        0.0442717455        0.1400448133
  23  -2       -0.0584973657       -0.2159979385
  23  -3        0.2007922141       -0.1082530369
  23  -4       -0.0927612255       -0.0424964326
  23  -5       -0.0710714608        0.1916155083
  23  -6        0.0176467277        0.0409245835
  23  -7       -0.2202486446       -0.0581751246
  23  -8       -0.1473985194       -0.1714168134
  23  -9        0.1366550255       -0.3630567303
  23 -10       -0.0291484827       -0.0783632887
  23 -11        0.0738776590        0.1304670996
  23 -12       -0.2097833634        0.0953578104
  23 -13       -0.2655057714        0.1258213207
  23 -14        0.0106163248       -0.0943430889
  23 -15        0.1811477388        0.0252599916
  23 -16       -0.2177908107       -0.0520588825
  23 -17       -0.0849681993       -0.2267776871
  23 -18        0.1404868578        0.0650834651
  23 -19       -0.0693462368        0.1637945196
  23 -20       -0.0122570035        0.1606923799
  23 -21        0.1391436318       -0.1285998897
  23 -22       -0.1233288098        0.2591825937
  23 -23        0.1105681642       -0.2172696752
  24  24        0.0679358669       -0.1677240848
  24  23       -0.0927880048       -0.1016640269
  24  22        0.1339581698       -0.0603371940
  24  21       -0.0555782312       -0.1872784688
  24  20        0.1591507181       -0.0626533200
  24  19       -0.0837573031        0.0023692863
  24  18       -0.1945876434       -0.1459922895
  24  17       -0.0398208936        0.0863528145
  24  16        0.0139383904       -0.0009607621
  24  15        0.2352144242        0.2892220941
  24  14        0.1656627670        0.0082667257
  24  13       -0.0418605926        0.0329933025
  24  12       -0.2435164930       -0.1582310830
  24  11       -0.0001065028        0.2698182399
  24  10        0.0667086033       -0.1149446024
  24   9        0.0408664509        0.1164081529
  24   8       -0.0231943476        0.1394494186
  24   7        0.0304178183        0.2945345958
  24   6       -0.2936696398        0.0430859048
  24   5        0.2017605543        0.2784673169
  24   4       -0.2857111425       -0.2354704336
  24   3       -0.1709567003        0.0805255925
  24   2        0.1720925793        0.3019365612
  24   1       -0.0830211423       -0.0473796243
  24   0       -0.0008673394        0.0000000000
  24  -1        0.0830211423       -0.0473796243
  24  -2        0.1720925793       -0.3019365612
  24  -3        0.1709567003        0.0805255925
  24  -4       -0.2857111425        0.2354704336
  24  -5       -0.2017605543        0.2784673169
  24  -6       -0.2936696398       -0.0430859048
  24  -7       -0.0304178183        0.2945345958
  24  -8       -0.0231943476       -0.1394494186
  24  -9       -0.0408664509        0.1164081529
  24 -10        0.0667086033        0.1149446024
  24 -11        0.0001065028        0.2698182399
  24 -12       -0.2435164930        0.1582310830
  24 -13        0.0418605926        0.0329933025
  24 -14        0.1656627670       -0.0082667257
  24 -15       -0.2352144242        0.2892220941
  24 -16        0.0139383904        0.0009607621
  24 -17        0.0398208936        0.0863528145
  24 -18       -0.1945876434        0.1459922895
  24 -19        0.0837573031        0.0023692863
  24 -20        0.1591507181        0.0626533200
  24 -21        0.0555782312       -0.1872784688
  24 -22        0.1339581698        0.0603371940
  24 -23        0.0927880048       -0.1016640269
  24 -24        0.0679358669        0.1677240848
  25  25       -0.1332399971        0.1730533256
  25  24       -0.3133067582       -0.2486451655
  25  23        0.3465282151        0.1983580473
  25  22        0.3085247806        0.2123012469
  25  21        0.2140882900       -0.1398686282
  25  20        0.1397200016        0.1820672602
  25  19        0.2649806461        0.0261751325
  25  18        0.0585039215       -0.1373481206
  25  17       -0.0793103909        0.0191537429
  25  16       -0.1422399558       -0.1209176237
  25  15       -0.1232055313       -0.0100971941
  25  14        0.1636998162       -0.1099605226
  25  13       -0.1495449111       -0.2005037148
  25  12        0.0367210541        0.2805424705
  25  11        0.0553480462        0.0451564282
  25  10       -0.0495202208       -0.0103232283
  25   9       -0.1953790980        0.0402860490
  25   8        0.1411863329        0.1319985482
  25   7        0.0519602984       -0.1822609865
  25   6       -0.0548729175        0.1860874225
  25   5        0.0664186661       -0.1415963835
  25   4       -0.0054041077        0.0065770184
  25   3        0.1824657976       -0.0804345264
  25   2        0.0766556390       -0.1332163337
  25   1        0.3257864625        0.1566534927
  25   0        0.4604191511        0.0000000000
  25  -1       -0.3257864625        0.1566534927
  25  -2        0.0766556390        0.1332163337
  25  -3       -0.1824657976       -0.0804345264
  25  -4       -0.0054041077       -0.0065770184
  25  -5       -0.0664186661       -0.1415963835
  25  -6       -0.0548729175       -0.1860874225
  25  -7       -0.0519602984       -0.1822609865
  25  -8        0.1411863329       -0.1319985482
  25  -9        0.1953790980        0.0402860490
  25 -10       -0.0495202208        0.0103232283
  25 -11       -0.0553480462        0.0451564282
  25 -12        0.0367210541       -0.2805424705
  25 -13        0.1495449111       -0.2005037148
  25 -14        0.1636998162        0.1099605226
  25 -15        0.1232055313       -0.0100971941
  25 -16       -0.1422399558        0.1209176237
  25 -17        0.0793103909        0.0191537429
  25 -18        0.0585039215        0.1373481206
  25 -19       -0.2649806461        0.0261751325
  25 -20        0.1397200016       -0.1820672602
  25 -21       -0.2140882900       -0.1398686282
  25 -22        0.3085247806       -0.2123012469
  25 -23       -0.3465282151        0.1983580473
  25 -24       -0.3133067582        0.2486451655
  25 -25        0.1332399971        0.1730533256
  26  26       -0.1716314267        0.0454303986
  26  25       -0.0994139044       -0.3633721312
  26  24       -0.1292190954        0.0657990025
  26  23        0.0518141723        0.2909896990
  26  22       -0.0977508616        0.1088030280
  26  21       -0.0672078236        0.1071635480
  26  20       -0.1053177936        0.1711305969
  26  19       -0.0951222980       -0.2284449337
  26  18       -0.2618063993        0.1266572416
  26  17       -0.0863613424       -0.0180783402
  26  16       -0.2205718549        0.0200590354
  26  15       -0.0645777479        0.0369874846
  26  14        0.1757860573        0.1064483436
  26  13        0.1273928158        0.0643456736
  26  12        0.0302206025        0.2015585865
  26  11        0.0530864367       -0.2693423317
  26  10       -0.0299410023       -0.1320775170
  26   9       -0.1056290576        0.1675846122
  26   8        0.2057541547       -0.2253801051
  26   7       -0.2346678303       -0.1291005555
  26   6        0.2889480543        0.1045143575
  26   5        0.0247191777       -0.0533676288
  26   4       -0.0559015311       -0.2044232916
  26   3       -0.0229848495        0.1195597513
  26   2        0.1893304662       -0.0335423036
  26   1        0.1863163280        0.1608964290
  26   0       -0.1135404790        0.0000000000
  26  -1       -0.1863163280        0.1608964290
  26  -2        0.1893304662        0.0335423036
  26  -3        0.0229848495        0.1195597513
  26  -4       -0.0559015311        0.2044232916
  26  -5       -0.0247191777       -0.0533676288
  26  -6        0.2889480543       -0.1045143575
  26  -7        0.2346678303       -0.1291005555
  26  -8        0.2057541547        0.2253801051
  26  -9        0.1056290576        0.1675846122
  26 -10       -0.0299410023        0.1320775170
  26 -11       -0.0530864367       -0.2693423317
  26 -12        0.0302206025       -0.2015585865
  26 -13       -0.1273928158        0.0643456736
  26 -14        0.1757860573       -0.1064483436
  26 -15        0.0645777479        0.0369874846
  26 -16       -0.2205718549       -0.0200590354
  26 -17        0.0863613424       -0.0180783402
  26 -18       -0.2618063993       -0.1266572416
  26 -19        0.0951222980       -0.2284449337
  26 -20       -0.1053177936       -0.1711305969
  26 -21        0.0672078236        0.1071635480
  26 -22       -0.0977508616       -0.1088030280
  26 -23       -0.0518141723        0.2909896990
  26 -24       -0.1292190954       -0.0657990025
  26 -25        0.0994139044       -0.3633721312
  26 -26       -0.1716314267       -0.0454303986
