   0   0      403.7589139647        0.0000000000
   1   1      -14.8359422336        0.4978447004
   1   0      -15.0860008836        0.0000000000
   1  -1       14.8359422336        0.4978447004
   2   2      -47.9840021818      -16.8832214723
   2   1      -18.9979578153      -26.0345240194
   2   0      -37.2390834690        0.0000000000
   2  -1       18.9979578153      -26.0345240194
   2  -2      -47.9840021818       16.8832214723
   3   3      -13.1855802612       -6.7921612836
   3   2       -0.1114915314      -10.8073350214
   3   1        9.3501684220        0.9454447901
   3   0      -24.9019993986        0.0000000000
   3  -1       -9.3501684220        0.9454447901
   3  -2       -0.1114915314       10.8073350214
   3  -3       13.1855802612       -6.7921612836
   4   4        7.1620192151        9.3708188001
   4   3        0.6740636731       17.0521068858
   4   2       16.0887194358       13.6514894712
   4   1       -1.2312192817       15.9251007174
   4   0       14.5540303081        0.0000000000
   4  -1        1.2312192817       15.9251007174
   4  -2       16.0887194358      -13.6514894712
   4  -3       -0.6740636731       17.0521068858
   4  -4        7.1620192151       -9.3708188001
   5   5        8.0302696189        6.5490371641
   5   4        0.1290912106        7.0911624207
   5   3       -2.1149458366        5.4048662497
   5   2        2.2267238960        0.8142742784
   5   1        3.5416999063        7.2197259322
   5   0       11.9421837599        0.0000000000
   5  -1       -3.5416999063        7.2197259322
   5  -2        2.2267238960       -0.8142742784
   5  -3        2.1149458366        5.4048662497
   5  -4        0.1290912106       -7.0911624207
   5  -5       -8.0302696189        6.5490371641
   6   6       -0.4083951883       -2.3787836246
   6   5        3.0604142821       -1.8176042793
   6   4       -3.6206230773       -7.2146036450
   6   3        4.1827875763      -10.4889591525
   6   2       -2.5274156257       -3.3383191644
   6   1        0.7246693528       -4.3293778645
   6   0       -2.5441186628        0.0000000000
   6  -1       -0.7246693528       -4.3293778645
   6  -2       -2.5274156257        3.3383191644
   6  -3       -4.1827875763      -10.4889591525
   6  -4       -3.6206230773        7.2146036450
   6  -5       -3.0604142821       -1.8176042793
   6  -6       -0.4083951883        2.3787836246
   7   7       -0.2065976162       -5.6117618091
   7   6        1.1854610305       -3.3685731873
   7   5        3.5685442151       -4.9842703674
   7   4        0.2263075056       -4.1114819196
   7   3        1.8344182730       -3.3527192879
   7   2       -3.2003164771       -3.5220916037
   7   1       -1.4037671419       -6.7197010570
   7   0       -2.2409561606        0.0000000000
   7  -1        1.4037671419       -6.7197010570
   7  -2       -3.2003164771        3.5220916037
   7  -3       -1.8344182730       -3.3527192879
   7  -4        0.2263075056        4.1114819196
   7  -5       -3.5685442151       -4.9842703674
   7  -6        1.1854610305        3.3685731873
   7  -7        0.2065976162       -5.6117618091
   8   8       -0.5207667159        1.0035720503
   8   7       -1.7498109846       -2.4197198883
   8   6       -0.2292709877        3.0135781219
   8   5       -2.7475380649        4.4460584053
   8   4       -1.7934439677        2.9702158412
   8   3       -0.2293679557        0.2249574640
   8   2        1.3498119502        0.5632154879
   8   1        0.1670410742        1.0287705428
   8   0       -0.7976115474        0.0000000000
   8  -1       -0.1670410742        1.0287705428
   8  -2        1.3498119502       -0.5632154879
   8  -3        0.2293679557        0.2249574640
   8  -4       -1.7934439677       -2.9702158412
   8  -5        2.7475380649        4.4460584053
   8  -6       -0.2292709877       -3.0135781219
   8  -7        1.7498109846       -2.4197198883
   8  -8       -0.5207667159       -1.0035720503
   9   9       -2.1710796389        2.3362254470
   9   8       -1.1462374059        2.3013275331
   9   7       -2.1744018725        1.3190617772
   9   6       -0.4166907029        3.0116818560
   9   5       -3.8559592963        2.0265573813
   9   4       -0.0154720730        0.4356033785
   9   3       -1.1535808951        3.3718464856
   9   2        0.4156320268        0.7874852444
   9   1       -0.2462397793        4.3454902728
   9   0       -1.7725233363        0.0000000000
   9  -1        0.2462397793        4.3454902728
   9  -2        0.4156320268       -0.7874852444
   9  -3        1.1535808951        3.3718464856
   9  -4       -0.0154720730       -0.4356033785
   9  -5        3.8559592963        2.0265573813
   9  -6       -0.4166907029       -3.0116818560
   9  -7        2.1744018725        1.3190617772
   9  -8       -1.1462374059       -2.3013275331
   9  -9        2.1710796389        2.3362254470
  10  10       -0.3278342160       -1.1948476440
  10   9       -0.2511754839        0.6478223144
  10   8       -0.8289399700       -0.6563766290
  10   7        2.3094585394       -1.1845179336
  10   6        0.7961717642       -1.4863204490
  10   5        1.0250819380       -0.2177651570
  10   4       -1.8053979993        1.2020655185
  10   3       -0.4229979394       -0.1071352725
  10   2       -0.8733920763        0.3541644557
  10   1        0.7036595234        1.4908150824
  10   0       -1.3660598820        0.0000000000
  10  -1       -0.7036595234        1.4908150824
  10  -2       -0.8733920763       -0.3541644557
  10  -3        0.4229979394       -0.1071352725
  10  -4       -1.8053979993       -1.2020655185
  10  -5       -1.0250819380       -0.2177651570
  10  -6        0.7961717642        1.4863204490
  10  -7       -2.3094585394       -1.1845179336
  10  -8       -0.8289399700        0.6563766290
  10  -9        0.2511754839        0.6478223144
  10 -10       -0.3278342160        1.1948476440
  11  11        1.3239650872       -0.9036105259
  11  10        1.8065432953       -0.7656444664
  11   9        1.1216279473       -0.2231696911
  11   8        1.4241586271       -0.6215898371
  11   7        3.1778631109       -0.1144958602
  11   6        0.8994245600        0.2850087443
  11   5        1.5435265640       -0.4341156229
  11   4       -0.3412179245       -0.5933345693
  11   3        1.3687775545       -1.5789806425
  11   2       -0.2898182030        0.1576117817
  11   1        1.2984727920       -2.5459556262
  11   0        1.2491711108        0.0000000000
  11  -1       -1.2984727920       -2.5459556262
  11  -2       -0.2898182030       -0.1576117817
  11  -3       -1.3687775545       -1.5789806425
  11  -4       -0.3412179245        0.5933345693
  11  -5       -1.5435265640       -0.4341156229
  11  -6        0.8994245600       -0.2850087443
  11  -7       -3.1778631109       -0.1144958602
  11  -8        1.4241586271        0.6215898371
  11  -9       -1.1216279473       -0.2231696911
  11 -10        1.8065432953        0.7656444664
  11 -11       -1.3239650872       -0.9036105259
  12  12        1.0884271001       -0.3199444733
  12  11        1.1795469837        0.1886485540
  12  10        0.5158011588        0.2915848901
  12   9       -0.4990643489        0.0569395381
  12   8       -0.0984288593       -0.1867459189
  12   7       -0.0848246784        0.3463829762
  12   6        0.3963143558       -0.5678591700
  12   5        1.6350529342        0.0257747221
  12   4        0.1727337188        0.0406820091
  12   3        1.5343683443       -0.7954963106
  12   2        0.0269052979       -0.7165277424
  12   1        0.1997147959       -1.3562170536
  12   0        1.5756325459        0.0000000000
  12  -1       -0.1997147959       -1.3562170536
  12  -2        0.0269052979        0.7165277424
  12  -3       -1.5343683443       -0.7954963106
  12  -4        0.1727337188       -0.0406820091
  12  -5       -1.6350529342        0.0257747221
  12  -6        0.3963143558        0.5678591700
  12  -7        0.0848246784        0.3463829762
  12  -8       -0.0984288593        0.1867459189
  12  -9        0.4990643489        0.0569395381
  12 -10        0.5158011588       -0.2915848901
  12 -11       -1.1795469837        0.1886485540
  12 -12        1.0884271001        0.3199444733
  13  13       -0.4268291761       -0.3433324225
  13  12       -0.9832993128       -0.0671072741
  13  11       -0.2219836097        0.4562528809
  13  10       -1.4399833513       -0.0533255425
  13   9       -0.7584007825       -0.6542917230
  13   8       -1.2136138645       -0.6545026851
  13   7       -0.7290661690       -1.1183687623
  13   6        0.0598406989        0.7017393015
  13   5       -1.1304650944       -0.0325178606
  13   4        0.3725570604       -0.3753850894
  13   3       -0.7819036458        0.6787352774
  13   2       -0.4326288584       -0.3920528235
  13   1       -1.5145733887        1.3679977412
  13   0       -0.2548625723        0.0000000000
  13  -1        1.5145733887        1.3679977412
  13  -2       -0.4326288584        0.3920528235
  13  -3        0.7819036458        0.6787352774
  13  -4        0.3725570604        0.3753850894
  13  -5        1.1304650944       -0.0325178606
  13  -6        0.0598406989       -0.7017393015
  13  -7        0.7290661690       -1.1183687623
  13  -8       -1.2136138645        0.6545026851
  13  -9        0.7584007825       -0.6542917230
  13 -10       -1.4399833513        0.0533255425
  13 -11        0.2219836097        0.4562528809
  13 -12       -0.9832993128        0.0671072741
  13 -13        0.4268291761       -0.3433324225
  14  14       -0.6349057373       -0.1807339155
  14  13       -1.1438388612       -0.5349596481
  14  12       -0.5321466102       -0.6287551914
  14  11       -0.7574517667       -0.2176245659
  14  10        0.4055867548       -0.6437138787
  14   9        0.1566435847        0.1249111065
  14   8       -0.1315887978        0.0012512831
  14   7       -0.4375072954        0.1922616139
  14   6       -1.0321412961       -0.3667957112
  14   5       -0.9475056446       -0.7938401705
  14   4       -0.5655973952        0.3126281605
  14   3       -0.8965028872        0.9583112106
  14   2        0.1393835893       -0.0532023659
  14   1       -0.5732831149        1.4155210133
  14   0       -0.7934422806        0.0000000000
  14  -1        0.5732831149        1.4155210133
  14  -2        0.1393835893        0.0532023659
  14  -3        0.8965028872        0.9583112106
  14  -4       -0.5655973952       -0.3126281605
  14  -5        0.9475056446       -0.7938401705
  14  -6       -1.0321412961        0.3667957112
  14  -7        0.4375072954        0.1922616139
  14  -8       -0.1315887978       -0.0012512831
  14  -9       -0.1566435847        0.1249111065
  14 -10        0.4055867548        0.6437138787
  14 -11        0.7574517667       -0.2176245659
  14 -12       -0.5321466102        0.6287551914
  14 -13        1.1438388612       -0.5349596481
  14 -14       -0.6349057373        0.1807339155
  15  15        0.0869838102        0.2295233720
  15  14       -0.0480702168        0.3735955557
  15  13        0.4498093102       -0.5577367600
  15  12        0.1522105710       -0.1771010253
  15  11        0.4034947423        0.0498742691
  15  10        0.3663753974        0.2435190594
  15   9        0.3408375955        0.9047047413
  15   8       -0.0807784726        0.2124951224
  15   7        0.4108179061        0.2874703650
  15   6        0.0482550771       -0.1326339721
  15   5        0.5138037342        0.3784791411
  15   4        0.0931384111       -0.4530607551
  15   3        0.4862835906        0.3259277573
  15   2        0.1381732763        0.3880112446
  15   1        0.0336107075       -0.8177579372
  15   0       -0.5268570528        0.0000000000
  15  -1       -0.0336107075       -0.8177579372
  15  -2        0.1381732763       -0.3880112446
  15  -3       -0.4862835906        0.3259277573
  15  -4        0.0931384111        0.4530607551
  15  -5       -0.5138037342        0.3784791411
  15  -6        0.0482550771        0.1326339721
  15  -7       -0.4108179061        0.2874703650
  15  -8       -0.0807784726       -0.2124951224
  15  -9       -0.3408375955        0.9047047413
  15 -10        0.3663753974       -0.2435190594
  15 -11       -0.4034947423        0.0498742691
  15 -12        0.1522105710        0.1771010253
  15 -13       -0.4498093102       -0.5577367600
  15 -14       -0.0480702168       -0.3735955557
  15 -15       -0.0869838102        0.2295233720
  16  16        0.7356519300       -0.2337557125
  16  15       -0.2193157039        0.3593949534
  16  14        0.6002825925        0.8708110692
  16  13        0.8108261127        0.3420046355
  16  12       -0.1874519600        1.2760266403
  16  11        0.2174523654        0.3193256022
  16  10       -0.4894595720        0.4407303293
  16   9        0.0144109938        0.0633733706
  16   8        0.9341590876        0.2798043246
  16   7        0.8074863450        0.3558959063
  16   6        0.4146439562        0.2413938989
  16   5        0.4923955588       -0.1691418397
  16   4        0.3067949451       -0.1468507778
  16   3        0.6894048446       -0.6005004519
  16   2       -0.3601788928        0.0245237965
  16   1        0.6280226716       -1.1228692292
  16   0       -0.4392197595        0.0000000000
  16  -1       -0.6280226716       -1.1228692292
  16  -2       -0.3601788928       -0.0245237965
  16  -3       -0.6894048446       -0.6005004519
  16  -4        0.3067949451        0.1468507778
  16  -5       -0.4923955588       -0.1691418397
  16  -6        0.4146439562       -0.2413938989
  16  -7       -0.8074863450        0.3558959063
  16  -8        0.9341590876       -0.2798043246
  16  -9       -0.0144109938        0.0633733706
  16 -10       -0.4894595720       -0.4407303293
  16 -11       -0.2174523654        0.3193256022
  16 -12       -0.1874519600       -1.2760266403
  16 -13       -0.8108261127        0.3420046355
  16 -14        0.6002825925       -0.8708110692
  16 -15        0.2193157039        0.3593949534
  16 -16        0.7356519300        0.2337557125
  17  17        0.2818263877       -0.3756170250
  17  16        0.2473143970        0.4934878805
  17  15       -0.5202466562       -0.2531471510
  17  14        0.3672157633        0.3578689144
  17  13       -0.1031114396        0.3409275214
  17  12       -0.2038529135       -0.0939568522
  17  11       -0.1097488160       -0.4136493187
  17  10        0.1709884857       -0.0874459783
  17   9       -0.3437777712       -0.2160145155
  17   8        0.3718130436        0.4967382048
  17   7       -0.2401962106       -0.0657441030
  17   6        0.1352015772        0.0732788737
  17   5       -0.3782485523        0.2423255623
  17   4        0.1491288895       -0.0903197092
  17   3       -0.2401478639       -0.3558124305
  17   2        0.0992226380        0.0425076241
  17   1       -0.0581472629        0.1189655946
  17   0        0.0280410870        0.0000000000
  17  -1        0.0581472629        0.1189655946
  17  -2        0.0992226380       -0.0425076241
  17  -3        0.2401478639       -0.3558124305
  17  -4        0.1491288895        0.0903197092
  17  -5        0.3782485523        0.2423255623
  17  -6        0.1352015772       -0.0732788737
  17  -7        0.2401962106       -0.0657441030
  17  -8        0.3718130436       -0.4967382048
  17  -9        0.3437777712       -0.2160145155
  17 -10        0.1709884857        0.0874459783
  17 -11        0.1097488160       -0.4136493187
  17 -12       -0.2038529135        0.0939568522
  17 -13        0.1031114396        0.3409275214
  17 -14        0.3672157633       -0.3578689144
  17 -15        0.5202466562       -0.2531471510
  17 -16        0.2473143970       -0.4934878805
  17 -17       -0.2818263877       -0.3756170250
  18  18       -0.2952978253       -0.4707502629
  18  17       -0.6233417137       -0.0182758252
  18  16        0.5300171670       -0.4530656532
  18  15       -0.6372225974       -0.1956879960
  18  14        0.3354707748       -0.2635757760
  18  13        0.0716533379        0.0255186432
  18  12        0.4770386098       -0.1580949251
  18  11        0.1990100134        0.0263850938
  18  10        0.2609648522       -0.2661371011
  18   9       -0.5686331420       -0.4664436281
  18   8        0.1109808690       -0.6378561155
  18   7       -0.0693065174       -0.1821312725
  18   6       -0.2510782990       -0.0223896821
  18   5       -0.1937417113        0.2264432118
  18   4        0.3037645667        0.3284427001
  18   3       -0.3010556594        0.3427872017
  18   2       -0.1508264346        0.0883007161
  18   1       -0.0882499897        0.6948570067
  18   0        0.3544599527        0.0000000000
  18  -1        0.0882499897        0.6948570067
  18  -2       -0.1508264346       -0.0883007161
  18  -3        0.3010556594        0.3427872017
  18  -4        0.3037645667       -0.3284427001
  18  -5        0.1937417113        0.2264432118
  18  -6       -0.2510782990        0.0223896821
  18  -7        0.0693065174       -0.1821312725
  18  -8        0.1109808690        0.6378561155
  18  -9        0.5686331420       -0.4664436281
  18 -10        0.2609648522        0.2661371011
  18 -11       -0.1990100134        0.0263850938
  18 -12        0.4770386098        0.1580949251
  18 -13       -0.0716533379        0.0255186432
  18 -14        0.3354707748        0.2635757760
  18 -15        0.6372225974       -0.1956879960
  18 -16        0.5300171670        0.4530656532
  18 -17        0.6233417137       -0.0182758252
  18 -18       -0.2952978253        0.4707502629
  19  19       -0.2334797968       -0.1185510978
  19  18        0.0725944535       -0.2347639743
  19  17       -0.0126117669        0.3549925053
  19  16        0.2204682488       -0.1221864967
  19  15        0.1023464236        0.0630244416
  19  14        0.3702287142       -0.2947719774
  19  13        0.0974122160        0.4116149379
  19  12        0.0811364397       -0.1999826409
  19  11       -0.3657670963        0.7282790662
  19  10       -0.0186658957       -0.0931405484
  19   9        0.2035101916       -0.1990784132
  19   8        0.2250906239       -0.1560849848
  19   7        0.0949643042       -0.2724171167
  19   6        0.0377861391        0.0396015300
  19   5        0.0088827513       -0.0322469411
  19   4        0.1960269937        0.0659398013
  19   3       -0.1816951043        0.1178850691
  19   2       -0.2967687503       -0.2867783673
  19   1       -0.2359870076        0.3853716170
  19   0       -0.4091977396        0.0000000000
  19  -1        0.2359870076        0.3853716170
  19  -2       -0.2967687503        0.2867783673
  19  -3        0.1816951043        0.1178850691
  19  -4        0.1960269937       -0.0659398013
  19  -5       -0.0088827513       -0.0322469411
  19  -6        0.0377861391       -0.0396015300
  19  -7       -0.0949643042       -0.2724171167
  19  -8        0.2250906239        0.1560849848
  19  -9       -0.2035101916       -0.1990784132
  19 -10       -0.0186658957        0.0931405484
  19 -11        0.3657670963        0.7282790662
  19 -12        0.0811364397        0.1999826409
  19 -13       -0.0974122160        0.4116149379
  19 -14        0.3702287142        0.2947719774
  19 -15       -0.1023464236        0.0630244416
  19 -16        0.2204682488        0.1221864967
  19 -17        0.0126117669        0.3549925053
  19 -18        0.0725944535        0.2347639743
  19 -19        0.2334797968       -0.1185510978
  20  20       -0.2771414368       -0.2231558901
  20  19        0.4139733906        0.6337948497
  20  18        0.1361643337        0.2614205068
  20  17       -0.2112983349        0.3159623938
  20  16        0.0511786357       -0.3330814036
  20  15       -0.0209030011       -0.2311561097
  20  14       -0.4313797850       -0.1414005152
  20  13        0.0189219800       -0.1550372669
  20  12       -0.3058240859       -0.0314029282
  20  11        0.1227682446       -0.0323961901
  20  10        0.2295102894       -0.2678031772
  20   9        0.2259738171        0.2550443790
  20   8       -0.0507603696       -0.0874024795
  20   7        0.4186954307        0.0412890681
  20   6        0.2474146209       -0.0969677033
  20   5       -0.0292559333       -0.6581640921
  20   4       -0.2228280223       -0.1230695138
  20   3       -0.0605226550       -0.0730864036
  20   2       -0.4199521851       -0.1168239670
  20   1        0.0741907213        0.0628565732
  20   0       -0.1011946797        0.0000000000
  20  -1       -0.0741907213        0.0628565732
  20  -2       -0.4199521851        0.1168239670
  20  -3        0.0605226550       -0.0730864036
  20  -4       -0.2228280223        0.1230695138
  20  -5        0.0292559333       -0.6581640921
  20  -6        0.2474146209        0.0969677033
  20  -7       -0.4186954307        0.0412890681
  20  -8       -0.0507603696        0.0874024795
  20  -9       -0.2259738171        0.2550443790
  20 -10        0.2295102894        0.2678031772
  20 -11       -0.1227682446       -0.0323961901
  20 -12       -0.3058240859        0.0314029282
  20 -13       -0.0189219800       -0.1550372669
  20 -14       -0.4313797850        0.1414005152
  20 -15        0.0209030011       -0.2311561097
  20 -16        0.0511786357        0.3330814036
  20 -17        0.2112983349        0.3159623938
  20 -18        0.1361643337       -0.2614205068
  20 -19       -0.4139733906        0.6337948497
  20 -20       -0.2771414368        0.2231558901
  21  21       -0.3347804287       -0.0437043351
  21  20        0.2286440012       -0.1192507979
  21  19        0.1236458359        0.2728555920
  21  18       -0.3641856164       -0.0663381553
  21  17       -0.0159575094       -0.1581273040
  21  16       -0.5564559443        0.1761485016
  21  15       -0.2260522006       -0.1956880624
  21  14       -0.2900415137        0.0876790002
  21  13       -0.0694346166       -0.0341158769
  21  12       -0.0903952267        0.2397818459
  21  11       -0.0423693830       -0.2092621377
  21  10       -0.3839243616        0.0317420410
  21   9       -0.1092878122       -0.0378716499
  21   8       -0.2199067876        0.2009468600
  21   7       -0.1237120432        0.0795232986
  21   6       -0.2141736509        0.2977859952
  21   5       -0.0236548512        0.0665797955
  21   4       -0.0897974350        0.2753061509
  21   3        0.2667276205        0.1018498192
  21   2        0.1202168332        0.3676942325
  21   1        0.0369995564       -0.1683918322
  21   0       -0.1409436747        0.0000000000
  21  -1       -0.0369995564       -0.1683918322
  21  -2        0.1202168332       -0.3676942325
  21  -3       -0.2667276205        0.1018498192
  21  -4       -0.0897974350       -0.2753061509
  21  -5        0.0236548512        0.0665797955
  21  -6       -0.2141736509       -0.2977859952
  21  -7        0.1237120432        0.0795232986
  21  -8       -0.2199067876       -0.2009468600
  21  -9        0.1092878122       -0.0378716499
  21 -10       -0.3839243616       -0.0317420410
  21 -11        0.0423693830       -0.2092621377
  21 -12       -0.0903952267       -0.2397818459
  21 -13        0.0694346166       -0.0341158769
  21 -14       -0.2900415137       -0.0876790002
  21 -15        0.2260522006       -0.1956880624
  21 -16       -0.5564559443       -0.1761485016
  21 -17        0.0159575094       -0.1581273040
  21 -18       -0.3641856164        0.0663381553
  21 -19       -0.1236458359        0.2728555920
  21 -20        0.2286440012        0.1192507979
  21 -21        0.3347804287       -0.0437043351
  22  22       -0.2027820356        0.1162260275
  22  21        0.0722862256       -0.3343933043
  22  20       -0.2205879779       -0.4441938225
  22  19       -0.1098475837       -0.0471174872
  22  18       -0.0488270051       -0.3236483078
  22  17       -0.1230617951       -0.2092086267
  22  16       -0.4902059696        0.0484789751
  22  15       -0.3637845793        0.3664149309
  22  14       -0.1789660379        0.0622680793
  22  13       -0.0225920487        0.0161300059
  22  12        0.0860269095        0.2038037919
  22  11       -0.3128243656       -0.3052540634
  22  10        0.0281522554        0.1421846638
  22   9       -0.0307702502       -0.1496378935
  22   8       -0.0912547243        0.3317239453
  22   7       -0.2467577204        0.1178581354
  22   6        0.1863884452        0.3601239226
  22   5        0.1358998345        0.1727177279
  22   4        0.1449922769        0.2195534254
  22   3        0.4659803119       -0.0776031042
  22   2        0.1022928712        0.0249378136
  22   1        0.2381575798       -0.2014545945
  22   0        0.3076196285        0.0000000000
  22  -1       -0.2381575798       -0.2014545945
  22  -2        0.1022928712       -0.0249378136
  22  -3       -0.4659803119       -0.0776031042
  22  -4        0.1449922769       -0.2195534254
  22  -5       -0.1358998345        0.1727177279
  22  -6        0.1863884452       -0.3601239226
  22  -7        0.2467577204        0.1178581354
  22  -8       -0.0912547243       -0.3317239453
  22  -9        0.0307702502       -0.1496378935
  22 -10        0.0281522554       -0.1421846638
  22 -11        0.3128243656       -0.3052540634
  22 -12        0.0860269095       -0.2038037919
  22 -13        0.0225920487        0.0161300059
  22 -14       -0.1789660379       -0.0622680793
  22 -15        0.3637845793        0.3664149309
  22 -16       -0.4902059696       -0.0484789751
  22 -17        0.1230617951       -0.2092086267
  22 -18       -0.0488270051        0.3236483078
  22 -19        0.1098475837       -0.0471174872
  22 -20       -0.2205879779        0.4441938225
  22 -21       -0.0722862256       -0.3343933043
  22 -22       -0.2027820356       -0.1162260275
  23  23        0.0862651753       -0.1804637334
  23  22       -0.1863868523        0.3255816739
  23  21        0.1615508858       -0.4741848666
  23  20        0.1311800061        0.2836041736
  23  19        0.1204472839       -0.0331391795
  23  18        0.4961363214        0.2197682845
  23  17        0.1187346216        0.1737385835
  23  16        0.2399336275        0.2851538696
  23  15       -0.1451512837        0.0228095297
  23  14       -0.0111412976       -0.0787151683
  23  13       -0.0181304250        0.3138068734
  23  12        0.1607531142       -0.0739045044
  23  11        0.1540017554        0.3627388978
  23  10        0.3143557644        0.0739140927
  23   9        0.0323072648        0.1746734002
  23   8        0.4207141341       -0.1664950283
  23   7        0.2194237111       -0.2234517746
  23   6        0.2186828696       -0.1627277123
  23   5       -0.0628330169       -0.0047806203
  23   4        0.0840199081       -0.2045239547
  23   3       -0.0012766879       -0.3496166013
  23   2        0.2464251080       -0.1314605058
  23   1        0.1198134580       -0.0911280428
  23   0       -0.1600315229        0.0000000000
  23  -1       -0.1198134580       -0.0911280428
  23  -2        0.2464251080        0.1314605058
  23  -3        0.0012766879       -0.3496166013
  23  -4        0.0840199081        0.2045239547
  23  -5        0.0628330169       -0.0047806203
  23  -6        0.2186828696        0.1627277123
  23  -7       -0.2194237111       -0.2234517746
  23  -8        0.4207141341        0.1664950283
  23  -9       -0.0323072648        0.1746734002
  23 -10        0.3143557644       -0.0739140927
  23 -11       -0.1540017554        0.3627388978
  23 -12        0.1607531142        0.0739045044
  23 -13        0.0181304250        0.3138068734
  23 -14       -0.0111412976        0.0787151683
  23 -15        0.1451512837        0.0228095297
  23 -16        0.2399336275       -0.2851538696
  23 -17       -0.1187346216        0.1737385835
  23 -18        0.4961363214       -0.2197682845
  23 -19       -0.1204472839       -0.0331391795
  23 -20        0.1311800061       -0.2836041736
  23 -21       -0.1615508858       -0.4741848666
  23 -22       -0.1863868523       -0.3255816739
  23 -23       -0.0862651753       -0.1804637334
  24  24        0.3724363518        0.1723796461
  24  23        0.0381598839        0.0567651415
  24  22       -0.0428792677        0.2980875664
  24  21        0.2241496608        0.0615063251
  24  20        0.4083082519        0.3607627158
  24  19       -0.0147657236       -0.0055494264
  24  18        0.2456237399        0.1390759841
  24  17        0.2759631964        0.2974252231
  24  16        0.2476682189       -0.0318300724
  24  15       -0.0865581505       -0.1089041244
  24  14        0.0484135902       -0.0195265329
  24  13        0.1492275261        0.0961228600
  24  12        0.0238816723        0.1520034352
  24  11        0.1754173094        0.1701812281
  24  10        0.2952026177       -0.3506228632
  24   9        0.2750189764       -0.0287616882
  24   8       -0.0527502256       -0.5390890678
  24   7        0.1378675732       -0.1486003397
  24   6       -0.1573510738       -0.3604754651
  24   5        0.1136569692       -0.1842509389
  24   4       -0.5230835036       -0.4814399152
  24   3       -0.3329782765       -0.2542689573
  24   2       -0.2515840306       -0.1753576729
  24   1        0.0615950877       -0.0108130967
  24   0        0.1043346810        0.0000000000
  24  -1       -0.0615950877       -0.0108130967
  24  -2       -0.2515840306        0.1753576729
  24  -3        0.3329782765       -0.2542689573
  24  -4       -0.5230835036        0.4814399152
  24  -5       -0.1136569692       -0.1842509389
  24  -6       -0.1573510738        0.3604754651
  24  -7       -0.1378675732       -0.1486003397
  24  -8       -0.0527502256        0.5390890678
  24  -9       -0.2750189764       -0.0287616882
  24 -10        0.2952026177        0.3506228632
  24 -11       -0.1754173094        0.1701812281
  24 -12        0.0238816723       -0.1520034352
  24 -13       -0.1492275261        0.0961228600
  24 -14        0.0484135902        0.0195265329
  24 -15        0.0865581505       -0.1089041244
  24 -16        0.2476682189        0.0318300724
  24 -17       -0.2759631964        0.2974252231
  24 -18        0.2456237399       -0.1390759841
  24 -19        0.0147657236       -0.0055494264
  24 -20        0.4083082519       -0.3607627158
  24 -21       -0.2241496608        0.0615063251
  24 -22       -0.0428792677       -0.2980875664
  24 -23       -0.0381598839        0.0567651415
  24 -24        0.3724363518       -0.1723796461
  25  25        0.1093844947        0.1869989456
  25  24        0.2221692796       -0.0765095871
  25  23       -0.0849128919        0.2778879467
  25  22        0.1404021091       -0.0702345916
  25  21        0.0852480081       -0.0661602120
  25  20       -0.0006081859       -0.0927120811
  25  19        0.0336523727       -0.1590226596
  25  18       -0.3691112645       -0.3631825683
  25  17        0.1378224821       -0.0585438881
  25  16        0.0080942083        0.1347092275
  25  15        0.2538901251       -0.1330969075
  25  14        0.0326347846        0.0242943939
  25  13        0.1393539408       -0.0804763096
  25  12       -0.0184466180       -0.0051298707
  25  11       -0.1182339441       -0.1124561882
  25  10       -0.1067962561        0.2681848400
  25   9        0.0858796445       -0.2293279140
  25   8       -0.4622569192       -0.1501746750
  25   7       -0.2220296750        0.1506499267
  25   6       -0.2600900768        0.0466388305
  25   5       -0.0997815256        0.1090635556
  25   4       -0.2132544058        0.1254932491
  25   3       -0.2178164718       -0.1404883869
  25   2       -0.2945786655       -0.0000081352
  25   1        0.1415048336       -0.0028352092
  25   0        0.1238698356        0.0000000000
  25  -1       -0.1415048336       -0.0028352092
  25  -2       -0.2945786655        0.0000081352
  25  -3        0.2178164718       -0.1404883869
  25  -4       -0.2132544058       -0.1254932491
  25  -5        0.0997815256        0.1090635556
  25  -6       -0.2600900768       -0.0466388305
  25  -7        0.2220296750        0.1506499267
  25  -8       -0.4622569192        0.1501746750
  25  -9       -0.0858796445       -0.2293279140
  25 -10       -0.1067962561       -0.2681848400
  25 -11        0.1182339441       -0.1124561882
  25 -12       -0.0184466180        0.0051298707
  25 -13       -0.1393539408       -0.0804763096
  25 -14        0.0326347846       -0.0242943939
  25 -15       -0.2538901251       -0.1330969075
  25 -16        0.0080942083       -0.1347092275
  25 -17       -0.1378224821       -0.0585438881
  25 -18       -0.3691112645        0.3631825683
  25 -19       -0.0336523727       -0.1590226596
  25 -20       -0.0006081859        0.0927120811
  25 -21       -0.0852480081       -0.0661602120
  25 -22        0.1404021091        0.0702345916
  25 -23        0.0849128919        0.2778879467
  25 -24        0.2221692796        0.0765095871
  25 -25       -0.1093844947        0.1869989456
  26  26        0.1387986330       -0.2940127169
  26  25       -0.1601461701        0.0338384387
  26  24       -0.0006908510       -0.2176429247
  26  23       -0.2917068008        0.0568666759
  26  22       -0.2254963591        0.0126821257
  26  21       -0.1532956639       -0.1959626333
  26  20       -0.0291591288       -0.1345760590
  26  19        0.0977890605       -0.2029065821
  26  18       -0.2338219206       -0.0565028322
  26  17       -0.1264357908       -0.3413493295
  26  16       -0.3710360909        0.4197908207
  26  15       -0.0574875709       -0.1813503268
  26  14       -0.2568175509       -0.1018377270
  26  13       -0.3234403412       -0.2263661083
  26  12       -0.1163190067        0.1358330719
  26  11       -0.3187713805       -0.1186524601
  26  10       -0.2247062068        0.3987304133
  26   9       -0.2864775738        0.1281886032
  26   8       -0.1507070612        0.3506344476
  26   7        0.0871078600        0.1409282316
  26   6       -0.0741434714        0.3934630934
  26   5        0.1769405316        0.4867798834
  26   4        0.3537233690        0.3625765193
  26   3       -0.0506163423        0.1424789672
  26   2        0.1497550622        0.2478845021
  26   1       -0.0439647070        0.0003901304
  26   0        0.0714104016        0.0000000000
  26  -1        0.0439647070        0.0003901304
  26  -2        0.1497550622       -0.2478845021
  26  -3        0.0506163423        0.1424789672
  26  -4        0.3537233690       -0.3625765193
  26  -5       -0.1769405316        0.4867798834
  26  -6       -0.0741434714       -0.3934630934
  26  -7       -0.0871078600        0.1409282316
  26  -8       -0.1507070612       -0.3506344476
  26  -9        0.2864775738        0.1281886032
  26 -10       -0.2247062068       -0.3987304133
  26 -11        0.3187713805       -0.1186524601
  26 -12       -0.1163190067       -0.1358330719
  26 -13        0.3234403412       -0.2263661083
  26 -14       -0.2568175509        0.1018377270
  26 -15        0.0574875709       -0.1813503268
  26 -16       -0.3710360909       -0.4197908207
  26 -17        0.1264357908       -0.3413493295
  26 -18       -0.2338219206        0.0565028322
  26 -19       -0.0977890605       -0.2029065821
  26 -20       -0.0291591288        0.1345760590
  26 -21        0.1532956639       -0.1959626333
  26 -22       -0.2254963591       -0.0126821257
  26 -23        0.2917068008        0.0568666759
  26 -24       -0.0006908510        0.2176429247
  26 -25        0.1601461701        0.0338384387
  26 -26        0.1387986330        0.2940127169
