   0   0      476.2592855114        0.0000000000
   1   1        1.4623571957       -5.3225627033
   1   0       -0.5843832438        0.0000000000
   1  -1       -1.4623571957       -5.3225627033
   2   2      -21.4757400649      -52.6715033928
   2   1        5.1207200674       23.7668950819
   2   0       21.1506885163        0.0000000000
   2  -1       -5.1207200674       23.7668950819
   2  -2      -21.4757400649       52.6715033928
   3   3        4.3424513668       12.5018489608
   3   2        3.3949585296        4.4426939320
   3   1       17.4442805279       14.6697183113
   3   0       -1.7915739740        0.0000000000
   3  -1      -17.4442805279       14.6697183113
   3  -2        3.3949585296       -4.4426939320
   3  -3       -4.3424513668       12.5018489608
   4   4      -12.9920802324        8.4453638212
   4   3        4.7161145893       -2.2928799284
   4   2      -12.2571048640        1.0172088717
   4   1       -0.0332733588        3.4412227355
   4   0        4.6538290334        0.0000000000
   4  -1        0.0332733588        3.4412227355
   4  -2      -12.2571048640       -1.0172088717
   4  -3       -4.7161145893       -2.2928799284
   4  -4      -12.9920802324       -8.4453638212
   5   5        1.4199173774       -5.9853039784
   5   4        6.9052214025        2.6920175703
   5   3        4.9532095688       -3.1942415686
   5   2        3.7200278924        7.5679218349
   5   1        7.7885342045        3.1692747394
   5   0       -8.6642670074        0.0000000000
   5  -1       -7.7885342045        3.1692747394
   5  -2        3.7200278924       -7.5679218349
   5  -3       -4.9532095688       -3.1942415686
   5  -4        6.9052214025       -2.6920175703
   5  -5       -1.4199173774       -5.9853039784
   6   6        3.4750042220        4.4279056179
   6   5        1.8016025999        0.7039697906
   6   4       -1.4411789091        3.6869935958
   6   3        0.7965382829       -2.2371176680
   6   2       -4.3988891408       -2.1323731394
   6   1        0.6431718796        2.0920237528
   6   0       -0.6282712764        0.0000000000
   6  -1       -0.6431718796        2.0920237528
   6  -2       -4.3988891408        2.1323731394
   6  -3       -0.7965382829       -2.2371176680
   6  -4       -1.4411789091       -3.6869935958
   6  -5       -1.8016025999        0.7039697906
   6  -6        3.4750042220       -4.4279056179
   7   7       -3.5971698365        4.0833134757
   7   6       -0.7318591540       -4.4113885626
   7   5       -1.0251780483       -0.9224205133
   7   4        0.3048279302        1.0967000682
   7   3        1.2071901867       -0.1530495700
   7   2        2.9285466331        3.6226790448
   7   1        1.5038754054       -2.6447357549
   7   0       -2.8056912025        0.0000000000
   7  -1       -1.5038754054       -2.6447357549
   7  -2        2.9285466331       -3.6226790448
   7  -3       -1.2071901867       -0.1530495700
   7  -4        0.3048279302       -1.0967000682
   7  -5        1.0251780483       -0.9224205133
   7  -6       -0.7318591540        4.4113885626
   7  -7        3.5971698365        4.0833134757
   8   8        1.3709382157       -2.1244014807
   8   7       -0.7579549949       -0.2008758378
   8   6        0.9894246659       -0.2234484347
   8   5       -0.2654161934        0.5072038955
   8   4       -0.6412327248        3.6041395699
   8   3        1.9258446557        0.4014876837
   8   2       -0.1240347958        1.8453215636
   8   1       -0.0713508602        1.1823693815
   8   0       -1.1366604176        0.0000000000
   8  -1        0.0713508602        1.1823693815
   8  -2       -0.1240347958       -1.8453215636
   8  -3       -1.9258446557        0.4014876837
   8  -4       -0.6412327248       -3.6041395699
   8  -5        0.2654161934        0.5072038955
   8  -6        0.9894246659        0.2234484347
   8  -7        0.7579549949       -0.2008758378
   8  -8        1.3709382157        2.1244014807
   9   9        2.3315704046        0.2065962866
   9   8       -2.7440747186       -0.9255113215
   9   7       -0.4288971055        0.6178705171
   9   6       -0.1449803634        0.4810280499
   9   5       -1.5194310372       -0.9176466547
   9   4       -0.8317309210        0.8709573827
   9   3        0.3319969401       -2.2403375780
   9   2        1.0754951646       -0.5705673774
   9   1       -0.2733095180       -2.3211411380
   9   0       -1.2821346818        0.0000000000
   9  -1        0.2733095180       -2.3211411380
   9  -2        1.0754951646        0.5705673774
   9  -3       -0.3319969401       -2.2403375780
   9  -4       -0.8317309210       -0.8709573827
   9  -5        1.5194310372       -0.9176466547
   9  -6       -0.1449803634       -0.4810280499
   9  -7        0.4288971055        0.6178705171
   9  -8       -2.7440747186        0.9255113215
   9  -9       -2.3315704046        0.2065962866
  10  10       -1.3519854835       -0.5350160161
  10   9        0.2540440177        0.3264216915
  10   8       -0.5143991956        0.2553375037
  10   7       -0.0443300068        0.1895356070
  10   6        2.4899198157       -0.0136070258
  10   5        0.0012369524       -0.7307987454
  10   4        0.9873896595        0.7966647150
  10   3        1.3158392563        1.2634641657
  10   2       -0.4521172938        1.0281218876
  10   1       -0.2376579332        0.7823519014
  10   0       -1.0219545362        0.0000000000
  10  -1        0.2376579332        0.7823519014
  10  -2       -0.4521172938       -1.0281218876
  10  -3       -1.3158392563        1.2634641657
  10  -4        0.9873896595       -0.7966647150
  10  -5       -0.0012369524       -0.7307987454
  10  -6        2.4899198157        0.0136070258
  10  -7        0.0443300068        0.1895356070
  10  -8       -0.5143991956       -0.2553375037
  10  -9       -0.2540440177        0.3264216915
  10 -10       -1.3519854835        0.5350160161
  11  11       -0.5959301582       -0.5882218870
  11  10       -1.4024645048        0.4535619362
  11   9        0.0436942161        0.1827841510
  11   8       -0.2863916567        0.9879496953
  11   7        0.4979812683        1.5811105633
  11   6        1.8467284731       -0.2868841411
  11   5       -1.9066406635       -0.8597249246
  11   4        0.1168246870        0.8693407480
  11   3       -0.3943055957       -0.9371929028
  11   2        1.0241894125        0.0229250507
  11   1       -0.6258580247       -0.2870605259
  11   0        1.5562151287        0.0000000000
  11  -1        0.6258580247       -0.2870605259
  11  -2        1.0241894125       -0.0229250507
  11  -3        0.3943055957       -0.9371929028
  11  -4        0.1168246870       -0.8693407480
  11  -5        1.9066406635       -0.8597249246
  11  -6        1.8467284731        0.2868841411
  11  -7       -0.4979812683        1.5811105633
  11  -8       -0.2863916567       -0.9879496953
  11  -9       -0.0436942161        0.1827841510
  11 -10       -1.4024645048       -0.4535619362
  11 -11        0.5959301582       -0.5882218870
  12  12        0.1322993204        0.2807321187
  12  11        0.2617838972       -0.0460498040
  12  10        1.1285138696        0.5948296944
  12   9        0.5111934538        0.5627825806
  12   8       -0.0544304777       -0.3680384755
  12   7        0.0403319208        0.7514102154
  12   6        1.1684331856        0.3082442123
  12   5        0.0448441703       -1.1923061328
  12   4        0.5460204084        0.3472392666
  12   3        0.2884643029        0.0664131438
  12   2       -0.3448063253        0.0063512425
  12   1       -0.0510078782        0.0368543656
  12   0       -0.1163387630        0.0000000000
  12  -1        0.0510078782        0.0368543656
  12  -2       -0.3448063253       -0.0063512425
  12  -3       -0.2884643029        0.0664131438
  12  -4        0.5460204084       -0.3472392666
  12  -5       -0.0448441703       -1.1923061328
  12  -6        1.1684331856       -0.3082442123
  12  -7       -0.0403319208        0.7514102154
  12  -8       -0.0544304777        0.3680384755
  12  -9       -0.5111934538        0.5627825806
  12 -10        1.1285138696       -0.5948296944
  12 -11       -0.2617838972       -0.0460498040
  12 -12        0.1322993204       -0.2807321187
  13  13        0.7568845093        0.1872886687
  13  12        0.2904122149        0.3679573620
  13  11        0.0664416392       -0.3534213973
  13  10        0.5644580928       -0.4457644838
  13   9        0.4590204107       -0.3656668023
  13   8       -0.1540277032       -0.7956792353
  13   7        0.3803418007        1.4504876178
  13   6        1.5383170125       -0.5998794064
  13   5       -0.5216090199        0.0329228618
  13   4        0.6504290150        0.5423348944
  13   3        0.6005426092        0.2790665755
  13   2       -0.0542239389       -0.4341686686
  13   1       -0.7830296480       -0.4903071169
  13   0        0.5474327706        0.0000000000
  13  -1        0.7830296480       -0.4903071169
  13  -2       -0.0542239389        0.4341686686
  13  -3       -0.6005426092        0.2790665755
  13  -4        0.6504290150       -0.5423348944
  13  -5        0.5216090199        0.0329228618
  13  -6        1.5383170125        0.5998794064
  13  -7       -0.3803418007        1.4504876178
  13  -8       -0.1540277032        0.7956792353
  13  -9       -0.4590204107       -0.3656668023
  13 -10        0.5644580928        0.4457644838
  13 -11       -0.0664416392       -0.3534213973
  13 -12        0.2904122149       -0.3679573620
  13 -13       -0.7568845093        0.1872886687
  14  14       -0.2732752295       -0.3905233237
  14  13        0.3365042980        0.2191291333
  14  12        0.2530779892       -0.9266785097
  14  11        0.5776614266       -0.3112068253
  14  10        0.2746484424        0.4161598673
  14   9        0.2111147550        0.0432210103
  14   8       -0.3307076393       -0.0486989122
  14   7       -0.1484935523        0.8794236055
  14   6        0.5137482193       -0.4669746649
  14   5        0.3810577093       -0.7004829901
  14   4       -0.1912959500       -0.0486051864
  14   3       -0.1868789591       -0.1798926445
  14   2       -0.1627373202       -0.1468371453
  14   1       -0.0067757669        0.3267081541
  14   0       -0.2414529966        0.0000000000
  14  -1        0.0067757669        0.3267081541
  14  -2       -0.1627373202        0.1468371453
  14  -3        0.1868789591       -0.1798926445
  14  -4       -0.1912959500        0.0486051864
  14  -5       -0.3810577093       -0.7004829901
  14  -6        0.5137482193        0.4669746649
  14  -7        0.1484935523        0.8794236055
  14  -8       -0.3307076393        0.0486989122
  14  -9       -0.2111147550        0.0432210103
  14 -10        0.2746484424       -0.4161598673
  14 -11       -0.5776614266       -0.3112068253
  14 -12        0.2530779892        0.9266785097
  14 -13       -0.3365042980        0.2191291333
  14 -14       -0.2732752295        0.3905233237
  15  15       -0.3858751930       -0.3584196760
  15  14        0.5468370690        0.0324892502
  15  13       -0.3516720366        0.1113790229
  15  12       -0.5519978314       -0.0248306259
  15  11       -0.2098670640       -0.2313280234
  15  10       -0.1105572786        0.3735065623
  15   9        0.8047113310       -0.4776951384
  15   8       -0.4637391380       -0.2871504992
  15   7        0.5140894514        1.2324846613
  15   6        1.3600904630       -0.5611919364
  15   5       -0.4938673639        0.2126167968
  15   4        0.5167932458        0.4228168929
  15   3        0.3224841773        0.4466630756
  15   2       -0.4815826014       -0.5366605171
  15   1       -0.6821183974        0.2021093293
  15   0        0.5349452667        0.0000000000
  15  -1        0.6821183974        0.2021093293
  15  -2       -0.4815826014        0.5366605171
  15  -3       -0.3224841773        0.4466630756
  15  -4        0.5167932458       -0.4228168929
  15  -5        0.4938673639        0.2126167968
  15  -6        1.3600904630        0.5611919364
  15  -7       -0.5140894514        1.2324846613
  15  -8       -0.4637391380        0.2871504992
  15  -9       -0.8047113310       -0.4776951384
  15 -10       -0.1105572786       -0.3735065623
  15 -11        0.2098670640       -0.2313280234
  15 -12       -0.5519978314        0.0248306259
  15 -13        0.3516720366        0.1113790229
  15 -14        0.5468370690       -0.0324892502
  15 -15        0.3858751930       -0.3584196760
  16  16       -0.0415446663        0.5406142018
  16  15        0.1128094190       -0.1368592421
  16  14       -0.4101006463        0.0413025211
  16  13       -0.2864516333       -0.7565555610
  16  12       -0.1643293832       -0.4320546617
  16  11       -0.1072250228       -0.2973247569
  16  10        0.2989041126        0.5520163799
  16   9        0.4131607643        0.1445064671
  16   8       -0.2856287277       -0.2064656778
  16   7       -0.1262069441        0.3654755432
  16   6        0.5204150200       -0.5376960408
  16   5       -0.0843660162        0.2957892371
  16   4       -0.2209786563        0.2664314065
  16   3       -0.0184636998        0.3372282533
  16   2        0.0317172761        0.5013906361
  16   1       -0.0162099184        0.6299877974
  16   0       -0.1417042329        0.0000000000
  16  -1        0.0162099184        0.6299877974
  16  -2        0.0317172761       -0.5013906361
  16  -3        0.0184636998        0.3372282533
  16  -4       -0.2209786563       -0.2664314065
  16  -5        0.0843660162        0.2957892371
  16  -6        0.5204150200        0.5376960408
  16  -7        0.1262069441        0.3654755432
  16  -8       -0.2856287277        0.2064656778
  16  -9       -0.4131607643        0.1445064671
  16 -10        0.2989041126       -0.5520163799
  16 -11        0.1072250228       -0.2973247569
  16 -12       -0.1643293832        0.4320546617
  16 -13        0.2864516333       -0.7565555610
  16 -14       -0.4101006463       -0.0413025211
  16 -15       -0.1128094190       -0.1368592421
  16 -16       -0.0415446663       -0.5406142018
  17  17       -0.1789664781        0.0975185575
  17  16       -0.2021437911        0.0707981025
  17  15        0.5490061040        0.3201641211
  17  14        0.4048693447        0.8119469978
  17  13       -0.0132038516        0.2788942261
  17  12        0.4546173244        0.2016366787
  17  11       -0.0399878363       -0.2400022465
  17  10        0.1913902808        0.0693099377
  17   9        0.4527475435       -0.0140316137
  17   8       -1.0025055105       -0.4690998475
  17   7        0.2704597044        0.8201972796
  17   6        0.0986116194       -0.1170565370
  17   5       -0.3345247867       -0.1756873536
  17   4        0.1087520029        0.3905625646
  17   3        0.2873247138        0.1049927438
  17   2       -0.4873945793       -0.4200570876
  17   1       -0.1310885772       -0.0631356091
  17   0        0.8278348603        0.0000000000
  17  -1        0.1310885772       -0.0631356091
  17  -2       -0.4873945793        0.4200570876
  17  -3       -0.2873247138        0.1049927438
  17  -4        0.1087520029       -0.3905625646
  17  -5        0.3345247867       -0.1756873536
  17  -6        0.0986116194        0.1170565370
  17  -7       -0.2704597044        0.8201972796
  17  -8       -1.0025055105        0.4690998475
  17  -9       -0.4527475435       -0.0140316137
  17 -10        0.1913902808       -0.0693099377
  17 -11        0.0399878363       -0.2400022465
  17 -12        0.4546173244       -0.2016366787
  17 -13        0.0132038516        0.2788942261
  17 -14        0.4048693447       -0.8119469978
  17 -15       -0.5490061040        0.3201641211
  17 -16       -0.2021437911       -0.0707981025
  17 -17        0.1789664781        0.0975185575
  18  18        0.2763929340       -0.2178215630
  18  17        0.2414244725        0.0954959351
  18  16       -0.1670565346        0.1206717229
  18  15       -0.2597708017       -0.1496721591
  18  14       -0.2445981593       -0.1945722271
  18  13       -0.1512877662       -0.1274221357
  18  12        0.1564385533       -0.0923903590
  18  11        0.1600411688       -0.3522436696
  18  10        0.3395936729        0.2618932914
  18   9        0.5023980539       -0.3405726684
  18   8       -0.1480790642       -0.2789541473
  18   7       -0.0609166502        0.3034064762
  18   6        0.2450791653       -0.0599019047
  18   5       -0.2299606745        0.2254681044
  18   4       -0.1682551089       -0.2290225666
  18   3        0.0927107381        0.0072958707
  18   2       -0.1073802097        0.2506236942
  18   1       -0.0294470110       -0.1781794183
  18   0       -0.1775918817        0.0000000000
  18  -1        0.0294470110       -0.1781794183
  18  -2       -0.1073802097       -0.2506236942
  18  -3       -0.0927107381        0.0072958707
  18  -4       -0.1682551089        0.2290225666
  18  -5        0.2299606745        0.2254681044
  18  -6        0.2450791653        0.0599019047
  18  -7        0.0609166502        0.3034064762
  18  -8       -0.1480790642        0.2789541473
  18  -9       -0.5023980539       -0.3405726684
  18 -10        0.3395936729       -0.2618932914
  18 -11       -0.1600411688       -0.3522436696
  18 -12        0.1564385533        0.0923903590
  18 -13        0.1512877662       -0.1274221357
  18 -14       -0.2445981593        0.1945722271
  18 -15        0.2597708017       -0.1496721591
  18 -16       -0.1670565346       -0.1206717229
  18 -17       -0.2414244725        0.0954959351
  18 -18        0.2763929340        0.2178215630
  19  19        0.0355329881       -0.2085385993
  19  18        0.0157874066        0.2289763170
  19  17       -0.1432486197       -0.6106987485
  19  16        0.5930362977       -0.5034990017
  19  15        0.1227590288        0.3189381922
  19  14        0.2396529715       -0.0604205973
  19  13        0.2155772484       -0.0274680794
  19  12        0.3371089185       -0.0478973227
  19  11       -0.0490349445        0.1793658255
  19  10        0.2790419251        0.6477014378
  19   9        0.3738413265       -0.1194599726
  19   8       -0.5307422216       -0.1209992648
  19   7        0.2388429755        0.5261209611
  19   6       -0.1219448403       -0.5775701424
  19   5       -0.2033838781       -0.2363882276
  19   4       -0.1491879532        0.1089473584
  19   3        0.0955352395       -0.3813883847
  19   2       -0.1519612287       -0.0757188687
  19   1       -0.0744445988        0.1572485950
  19   0        0.4913789683        0.0000000000
  19  -1        0.0744445988        0.1572485950
  19  -2       -0.1519612287        0.0757188687
  19  -3       -0.0955352395       -0.3813883847
  19  -4       -0.1491879532       -0.1089473584
  19  -5        0.2033838781       -0.2363882276
  19  -6       -0.1219448403        0.5775701424
  19  -7       -0.2388429755        0.5261209611
  19  -8       -0.5307422216        0.1209992648
  19  -9       -0.3738413265       -0.1194599726
  19 -10        0.2790419251       -0.6477014378
  19 -11        0.0490349445        0.1793658255
  19 -12        0.3371089185        0.0478973227
  19 -13       -0.2155772484       -0.0274680794
  19 -14        0.2396529715        0.0604205973
  19 -15       -0.1227590288        0.3189381922
  19 -16        0.5930362977        0.5034990017
  19 -17        0.1432486197       -0.6106987485
  19 -18        0.0157874066       -0.2289763170
  19 -19       -0.0355329881       -0.2085385993
  20  20        0.0634358996        0.0446662026
  20  19       -0.3046556286        0.2810086025
  20  18        0.2998924958        0.0883672805
  20  17        0.1404372515        0.2282723612
  20  16       -0.0921970169       -0.1202776555
  20  15       -0.1375043765        0.1658873748
  20  14       -0.1599757506       -0.0223670944
  20  13        0.2376728279        0.0196805060
  20  12        0.3606902143       -0.1557667776
  20  11        0.1815296092        0.1326828866
  20  10        0.0013450916        0.3323083646
  20   9        0.4072199990       -0.2720370610
  20   8       -0.5129772363        0.1975282053
  20   7        0.1832625281        0.2985982671
  20   6       -0.0143600604        0.0896777778
  20   5       -0.2093072418       -0.0118835774
  20   4       -0.3132521689        0.0507470771
  20   3       -0.2756966997       -0.0474109029
  20   2       -0.2190408316       -0.0054098783
  20   1       -0.0079423210        0.1810920001
  20   0       -0.3418851044        0.0000000000
  20  -1        0.0079423210        0.1810920001
  20  -2       -0.2190408316        0.0054098783
  20  -3        0.2756966997       -0.0474109029
  20  -4       -0.3132521689       -0.0507470771
  20  -5        0.2093072418       -0.0118835774
  20  -6       -0.0143600604       -0.0896777778
  20  -7       -0.1832625281        0.2985982671
  20  -8       -0.5129772363       -0.1975282053
  20  -9       -0.4072199990       -0.2720370610
  20 -10        0.0013450916       -0.3323083646
  20 -11       -0.1815296092        0.1326828866
  20 -12        0.3606902143        0.1557667776
  20 -13       -0.2376728279        0.0196805060
  20 -14       -0.1599757506        0.0223670944
  20 -15        0.1375043765        0.1658873748
  20 -16       -0.0921970169        0.1202776555
  20 -17       -0.1404372515        0.2282723612
  20 -18        0.2998924958       -0.0883672805
  20 -19        0.3046556286        0.2810086025
  20 -20        0.0634358996       -0.0446662026
  21  21       -0.1415751772        0.1201634758
  21  20       -0.4012276914        0.2214717279
  21  19        0.0108796359        0.3247574010
  21  18       -0.0316319120       -0.1805709941
  21  17        0.1110545267       -0.2468201263
  21  16       -0.0866773743       -0.3393003130
  21  15       -0.0265325728       -0.1062530816
  21  14        0.0875311010        0.0821170327
  21  13       -0.2229212268        0.0220696902
  21  12        0.1326940126        0.1252749278
  21  11        0.1267694022       -0.1741938553
  21  10        0.2844139716        0.5204666848
  21   9        0.3133698493       -0.2214401770
  21   8       -0.2726527411        0.0627831724
  21   7        0.0659645505       -0.0243305597
  21   6       -0.0579669764       -0.3360663462
  21   5       -0.0338553984        0.0324759237
  21   4        0.0868012193        0.0886468649
  21   3       -0.0050493288        0.0685624594
  21   2       -0.0671586075        0.0873837254
  21   1        0.2094501678        0.1117273841
  21   0       -0.1452237132        0.0000000000
  21  -1       -0.2094501678        0.1117273841
  21  -2       -0.0671586075       -0.0873837254
  21  -3        0.0050493288        0.0685624594
  21  -4        0.0868012193       -0.0886468649
  21  -5        0.0338553984        0.0324759237
  21  -6       -0.0579669764        0.3360663462
  21  -7       -0.0659645505       -0.0243305597
  21  -8       -0.2726527411       -0.0627831724
  21  -9       -0.3133698493       -0.2214401770
  21 -10        0.2844139716       -0.5204666848
  21 -11       -0.1267694022       -0.1741938553
  21 -12        0.1326940126       -0.1252749278
  21 -13        0.2229212268        0.0220696902
  21 -14        0.0875311010       -0.0821170327
  21 -15        0.0265325728       -0.1062530816
  21 -16       -0.0866773743        0.3393003130
  21 -17       -0.1110545267       -0.2468201263
  21 -18       -0.0316319120        0.1805709941
  21 -19       -0.0108796359        0.3247574010
  21 -20       -0.4012276914       -0.2214717279
  21 -21        0.1415751772        0.1201634758
  22  22       -0.0959864740        0.0944560943
  22  21        0.6573399088       -0.2084514518
  22  20       -0.3709574512       -0.1600176920
  22  19        0.1782055051       -0.0071407073
  22  18        0.1453676113        0.4530381309
  22  17        0.0764277649       -0.1259967102
  22  16        0.1242211005       -0.1588608539
  22  15        0.0854605488        0.1648975366
  22  14        0.2150909722       -0.3105714395
  22  13        0.3480270865        0.1085751910
  22  12        0.5128060464        0.0722485191
  22  11       -0.0708122644       -0.1185758319
  22  10       -0.1636493200        0.3779861525
  22   9        0.0431446325       -0.0345429758
  22   8       -0.3699995592        0.2302874960
  22   7        0.3310575709        0.1381438026
  22   6       -0.0975134590       -0.1366830897
  22   5       -0.0649890395       -0.0682880910
  22   4       -0.0761144473       -0.0986269486
  22   3       -0.1439191389        0.0296546879
  22   2        0.1910919175        0.0625238473
  22   1       -0.1812668093        0.1062289005
  22   0       -0.3873107392        0.0000000000
  22  -1        0.1812668093        0.1062289005
  22  -2        0.1910919175       -0.0625238473
  22  -3        0.1439191389        0.0296546879
  22  -4       -0.0761144473        0.0986269486
  22  -5        0.0649890395       -0.0682880910
  22  -6       -0.0975134590        0.1366830897
  22  -7       -0.3310575709        0.1381438026
  22  -8       -0.3699995592       -0.2302874960
  22  -9       -0.0431446325       -0.0345429758
  22 -10       -0.1636493200       -0.3779861525
  22 -11        0.0708122644       -0.1185758319
  22 -12        0.5128060464       -0.0722485191
  22 -13       -0.3480270865        0.1085751910
  22 -14        0.2150909722        0.3105714395
  22 -15       -0.0854605488        0.1648975366
  22 -16        0.1242211005        0.1588608539
  22 -17       -0.0764277649       -0.1259967102
  22 -18        0.1453676113       -0.4530381309
  22 -19       -0.1782055051       -0.0071407073
  22 -20       -0.3709574512        0.1600176920
  22 -21       -0.6573399088       -0.2084514518
  22 -22       -0.0959864740       -0.0944560943
  23  23        0.0606936732        0.1315288262
  23  22        0.2804876568       -0.1733408211
  23  21        0.2884896632       -0.1791317610
  23  20        0.0925253618        0.0264670048
  23  19       -0.1466920026        0.1471448322
  23  18       -0.0484915486       -0.1695230652
  23  17       -0.1880238856        0.0465182776
  23  16        0.0619763629       -0.0087684259
  23  15       -0.0247507375        0.0765334141
  23  14        0.1522728925       -0.0572643336
  23  13        0.0203557023       -0.1277911901
  23  12        0.1122993514        0.0171894775
  23  11        0.0066041373       -0.1932717304
  23  10       -0.1069651469        0.2540259714
  23   9        0.2584828690       -0.3086428106
  23   8       -0.1922080452        0.1278822806
  23   7        0.0692107894        0.2234299724
  23   6        0.1551867193       -0.0709380819
  23   5        0.1228744058        0.3056763170
  23   4        0.1802529673        0.1108186802
  23   3       -0.1022880624       -0.2563163071
  23   2       -0.1395108699       -0.3055125733
  23   1       -0.0546123229        0.1906354018
  23   0        0.0557533904        0.0000000000
  23  -1        0.0546123229        0.1906354018
  23  -2       -0.1395108699        0.3055125733
  23  -3        0.1022880624       -0.2563163071
  23  -4        0.1802529673       -0.1108186802
  23  -5       -0.1228744058        0.3056763170
  23  -6        0.1551867193        0.0709380819
  23  -7       -0.0692107894        0.2234299724
  23  -8       -0.1922080452       -0.1278822806
  23  -9       -0.2584828690       -0.3086428106
  23 -10       -0.1069651469       -0.2540259714
  23 -11       -0.0066041373       -0.1932717304
  23 -12        0.1122993514       -0.0171894775
  23 -13       -0.0203557023       -0.1277911901
  23 -14        0.1522728925        0.0572643336
  23 -15        0.0247507375        0.0765334141
  23 -16        0.0619763629        0.0087684259
  23 -17        0.1880238856        0.0465182776
  23 -18       -0.0484915486        0.1695230652
  23 -19        0.1466920026        0.1471448322
  23 -20        0.0925253618       -0.0264670048
  23 -21       -0.2884896632       -0.1791317610
  23 -22        0.2804876568        0.1733408211
  23 -23       -0.0606936732        0.1315288262
  24  24        0.1881510920       -0.0132939654
  24  23       -0.1803198327       -0.0619088175
  24  22        0.3911217898       -0.0489731617
  24  21       -0.0126223585        0.1768150316
  24  20        0.1383204453       -0.0824046885
  24  19        0.2109908498       -0.0445563332
  24  18       -0.1293533407        0.0363408320
  24  17        0.2168108063        0.0348243218
  24  16       -0.2820662399       -0.1304333501
  24  15       -0.2716454504       -0.0046046554
  24  14        0.2382120972       -0.0153207386
  24  13        0.0670084758        0.0272491071
  24  12       -0.0215316435       -0.1296147602
  24  11       -0.1426257305        0.0266178160
  24  10        0.0971371105        0.3174784000
  24   9        0.0393740508       -0.0632053361
  24   8       -0.0889136712        0.0980815390
  24   7        0.1206001714       -0.0138789125
  24   6       -0.0477344293       -0.1061586049
  24   5        0.1339995864       -0.0583604976
  24   4        0.0420134029        0.0544157857
  24   3        0.1495084087        0.0323545397
  24   2        0.0344984187        0.0807212545
  24   1       -0.0487713165        0.0104550574
  24   0       -0.2498604700        0.0000000000
  24  -1        0.0487713165        0.0104550574
  24  -2        0.0344984187       -0.0807212545
  24  -3       -0.1495084087        0.0323545397
  24  -4        0.0420134029       -0.0544157857
  24  -5       -0.1339995864       -0.0583604976
  24  -6       -0.0477344293        0.1061586049
  24  -7       -0.1206001714       -0.0138789125
  24  -8       -0.0889136712       -0.0980815390
  24  -9       -0.0393740508       -0.0632053361
  24 -10        0.0971371105       -0.3174784000
  24 -11        0.1426257305        0.0266178160
  24 -12       -0.0215316435        0.1296147602
  24 -13       -0.0670084758        0.0272491071
  24 -14        0.2382120972        0.0153207386
  24 -15        0.2716454504       -0.0046046554
  24 -16       -0.2820662399        0.1304333501
  24 -17       -0.2168108063        0.0348243218
  24 -18       -0.1293533407       -0.0363408320
  24 -19       -0.2109908498       -0.0445563332
  24 -20        0.1383204453        0.0824046885
  24 -21        0.0126223585        0.1768150316
  24 -22        0.3911217898        0.0489731617
  24 -23        0.1803198327       -0.0619088175
  24 -24        0.1881510920        0.0132939654
  25  25        0.4076879981       -0.0502013227
  25  24       -0.1593410722       -0.0400858516
  25  23       -0.0185644450        0.0834961803
  25  22        0.0922314178        0.1943188807
  25  21       -0.1954971553       -0.0201961784
  25  20       -0.0175593150       -0.1700760275
  25  19       -0.2248880308        0.1328081769
  25  18       -0.1708552789        0.3771405647
  25  17       -0.0526761890       -0.0085193156
  25  16        0.2855099032       -0.1243801814
  25  15        0.0380560309        0.2575115016
  25  14        0.0128201421       -0.0155525684
  25  13       -0.3024677516        0.1283813507
  25  12        0.0996600167       -0.0830207925
  25  11       -0.1301516426       -0.0541391548
  25  10        0.0994356484        0.2154897701
  25   9        0.0438426591       -0.0195143562
  25   8       -0.0311897637       -0.0256140791
  25   7        0.1952193281       -0.0718071446
  25   6       -0.1389001580        0.1857147388
  25   5        0.1402078772        0.2658530486
  25   4        0.2771124584        0.0231454301
  25   3        0.2410067774       -0.3476698747
  25   2        0.0263139504       -0.1978426676
  25   1        0.2090542716        0.0468494311
  25   0        0.2573499888        0.0000000000
  25  -1       -0.2090542716        0.0468494311
  25  -2        0.0263139504        0.1978426676
  25  -3       -0.2410067774       -0.3476698747
  25  -4        0.2771124584       -0.0231454301
  25  -5       -0.1402078772        0.2658530486
  25  -6       -0.1389001580       -0.1857147388
  25  -7       -0.1952193281       -0.0718071446
  25  -8       -0.0311897637        0.0256140791
  25  -9       -0.0438426591       -0.0195143562
  25 -10        0.0994356484       -0.2154897701
  25 -11        0.1301516426       -0.0541391548
  25 -12        0.0996600167        0.0830207925
  25 -13        0.3024677516        0.1283813507
  25 -14        0.0128201421        0.0155525684
  25 -15       -0.0380560309        0.2575115016
  25 -16        0.2855099032        0.1243801814
  25 -17        0.0526761890       -0.0085193156
  25 -18       -0.1708552789       -0.3771405647
  25 -19        0.2248880308        0.1328081769
  25 -20       -0.0175593150        0.1700760275
  25 -21        0.1954971553       -0.0201961784
  25 -22        0.0922314178       -0.1943188807
  25 -23        0.0185644450        0.0834961803
  25 -24       -0.1593410722        0.0400858516
  25 -25       -0.4076879981       -0.0502013227
  26  26       -0.0096691153        0.0810985783
  26  25        0.2095542875        0.0674148250
  26  24        0.0199145186       -0.0390774938
  26  23        0.2953885384        0.0064880498
  26  22       -0.2335521882       -0.0184450839
  26  21       -0.0205941242       -0.0286226387
  26  20       -0.0356346092        0.2174258989
  26  19       -0.1048247937        0.0762268555
  26  18       -0.2382135878       -0.0594618453
  26  17        0.1253369522       -0.0113813690
  26  16       -0.1777829949       -0.1679689544
  26  15       -0.0558591889       -0.2269867429
  26  14        0.0232020714        0.0872263357
  26  13       -0.1476004067       -0.2034298542
  26  12        0.1208143134       -0.0325382161
  26  11       -0.1634868317       -0.2742711326
  26  10        0.1991915867        0.1127473250
  26   9        0.0704560526       -0.1282026883
  26   8       -0.2067939948        0.0130941642
  26   7       -0.0198858440        0.0656533325
  26   6        0.0643535484        0.0610047140
  26   5        0.0665665133       -0.1317357816
  26   4       -0.0064450216        0.0981441120
  26   3       -0.0009568892       -0.0038121272
  26   2       -0.0642378790       -0.0592262851
  26   1       -0.2054356216        0.0971515531
  26   0       -0.0235262196        0.0000000000
  26  -1        0.2054356216        0.0971515531
  26  -2       -0.0642378790        0.0592262851
  26  -3        0.0009568892       -0.0038121272
  26  -4       -0.0064450216       -0.0981441120
  26  -5       -0.0665665133       -0.1317357816
  26  -6        0.0643535484       -0.0610047140
  26  -7        0.0198858440        0.0656533325
  26  -8       -0.2067939948       -0.0130941642
  26  -9       -0.0704560526       -0.1282026883
  26 -10        0.1991915867       -0.1127473250
  26 -11        0.1634868317       -0.2742711326
  26 -12        0.1208143134        0.0325382161
  26 -13        0.1476004067       -0.2034298542
  26 -14        0.0232020714       -0.0872263357
  26 -15        0.0558591889       -0.2269867429
  26 -16       -0.1777829949        0.1679689544
  26 -17       -0.1253369522       -0.0113813690
  26 -18       -0.2382135878        0.0594618453
  26 -19        0.1048247937        0.0762268555
  26 -20       -0.0356346092       -0.2174258989
  26 -21        0.0205941242       -0.0286226387
  26 -22       -0.2335521882        0.0184450839
  26 -23       -0.2953885384        0.0064880498
  26 -24        0.0199145186        0.0390774938
  26 -25       -0.2095542875        0.0674148250
  26 -26       -0.0096691153       -0.0810985783
