   0   0      346.0717472891        0.0000000000
   1   1        4.7911884344        1.9879214948
   1   0       -8.1529644640        0.0000000000
   1  -1       -4.7911884344        1.9879214948
   2   2       29.6890901238       28.9913525643
   2   1      -14.5131690778      -13.1895551973
   2   0        1.6167708561        0.0000000000
   2  -1       14.5131690778      -13.1895551973
   2  -2       29.6890901238      -28.9913525643
   3   3        7.0395952442       -5.1496756053
   3   2       10.1782805947       13.1168607252
   3   1        2.3066008460        6.3851561320
   3   0        1.2643106921        0.0000000000
   3  -1       -2.3066008460        6.3851561320
   3  -2       10.1782805947      -13.1168607252
   3  -3       -7.0395952442       -5.1496756053
   4   4       -0.6732695971        6.9480483779
   4   3       -6.7301093062       -7.8831254365
   4   2       -8.5365934472        5.8612579682
   4   1       -6.9062467160        4.4629292822
   4   0       -6.9583488806        0.0000000000
   4  -1        6.9062467160        4.4629292822
   4  -2       -8.5365934472       -5.8612579682
   4  -3        6.7301093062       -7.8831254365
   4  -4       -0.6732695971       -6.9480483779
   5   5        2.9567331435       -1.1560469920
   5   4       -0.9805741491        6.5177188899
   5   3       -3.1067783355       -1.4051423842
   5   2       -0.5801536031       -0.3224722678
   5   1        3.1076020464        0.4808873736
   5   0        4.8488217587        0.0000000000
   5  -1       -3.1076020464        0.4808873736
   5  -2       -0.5801536031        0.3224722678
   5  -3        3.1067783355       -1.4051423842
   5  -4       -0.9805741491       -6.5177188899
   5  -5       -2.9567331435       -1.1560469920
   6   6       -0.5731050915       -1.4071680228
   6   5        1.4316118245       -4.1736266649
   6   4        0.9730414593        4.1726992775
   6   3       -2.6220816197       -5.0358224359
   6   2       -0.0526679825        1.4597686980
   6   1       -0.9738885868        1.5417036861
   6   0        1.8010820805        0.0000000000
   6  -1        0.9738885868        1.5417036861
   6  -2       -0.0526679825       -1.4597686980
   6  -3        2.6220816197       -5.0358224359
   6  -4        0.9730414593       -4.1726992775
   6  -5       -1.4316118245       -4.1736266649
   6  -6       -0.5731050915        1.4071680228
   7   7        0.2650873757       -0.9954611805
   7   6       -1.2161715564        2.2025179590
   7   5       -1.3815131647       -2.4724653883
   7   4        0.2670741480       -1.9453978024
   7   3       -3.1980024579       -0.4582621010
   7   2       -1.6027569888        0.1801723317
   7   1        1.4280755084        2.1661998561
   7   0       -1.1639824085        0.0000000000
   7  -1       -1.4280755084        2.1661998561
   7  -2       -1.6027569888       -0.1801723317
   7  -3        3.1980024579       -0.4582621010
   7  -4        0.2670741480        1.9453978024
   7  -5        1.3815131647       -2.4724653883
   7  -6       -1.2161715564       -2.2025179590
   7  -7       -0.2650873757       -0.9954611805
   8   8       -0.7451581729       -1.0040620991
   8   7        1.1570732707       -1.4461833527
   8   6        0.2913296025        3.1683716577
   8   5       -0.1543142310       -1.7779460488
   8   4        0.6908893162        1.3579908387
   8   3        0.8658626683       -1.1243525147
   8   2        0.4238476192        1.6299446490
   8   1       -0.9817827729       -0.2102404801
   8   0       -0.3418853794        0.0000000000
   8  -1        0.9817827729       -0.2102404801
   8  -2        0.4238476192       -1.6299446490
   8  -3       -0.8658626683       -1.1243525147
   8  -4        0.6908893162       -1.3579908387
   8  -5        0.1543142310       -1.7779460488
   8  -6        0.2913296025       -3.1683716577
   8  -7       -1.1570732707       -1.4461833527
   8  -8       -0.7451581729        1.0040620991
   9   9        0.3597782518       -0.4914842017
   9   8       -0.4466218797        0.9096898147
   9   7        1.5376864909       -1.5525884085
   9   6        1.1009623813        0.8836130010
   9   5       -1.0587195158       -2.2274748426
   9   4        0.1321043423       -0.0237792933
   9   3       -1.0544561646       -0.0346379537
   9   2       -1.3319077421       -0.9340384565
   9   1       -1.0343222688       -0.5977109346
   9   0        2.4338524275        0.0000000000
   9  -1        1.0343222688       -0.5977109346
   9  -2       -1.3319077421        0.9340384565
   9  -3        1.0544561646       -0.0346379537
   9  -4        0.1321043423        0.0237792933
   9  -5        1.0587195158       -2.2274748426
   9  -6        1.1009623813       -0.8836130010
   9  -7       -1.5376864909       -1.5525884085
   9  -8       -0.4466218797       -0.9096898147
   9  -9       -0.3597782518       -0.4914842017
  10  10       -0.0855869460       -0.5508064497
  10   9        1.1771987572        0.4934806076
  10   8       -0.7049649566        1.9461991403
  10   7       -0.6135696460       -1.5972834518
  10   6        0.1128825861        0.8354050032
  10   5       -0.4896135969       -0.1420220481
  10   4       -0.9689848469       -0.5538870594
  10   3        0.2295629545       -0.1747712030
  10   2        0.9975875038       -0.5049789296
  10   1       -0.9564388638        1.3212996431
  10   0       -0.1135337581        0.0000000000
  10  -1        0.9564388638        1.3212996431
  10  -2        0.9975875038        0.5049789296
  10  -3       -0.2295629545       -0.1747712030
  10  -4       -0.9689848469        0.5538870594
  10  -5        0.4896135969       -0.1420220481
  10  -6        0.1128825861       -0.8354050032
  10  -7        0.6135696460       -1.5972834518
  10  -8       -0.7049649566       -1.9461991403
  10  -9       -1.1771987572        0.4934806076
  10 -10       -0.0855869460        0.5508064497
  11  11        0.7589383056        0.5281954911
  11  10       -0.5244718563        0.1610752496
  11   9        0.3602569658       -0.1909793850
  11   8        0.2210452909        1.0686027959
  11   7       -0.7865198241       -0.9701455984
  11   6        1.1823403677        0.1680504393
  11   5       -0.1285803914        0.2257178502
  11   4        0.3424586934       -0.6101045032
  11   3        0.0022516581        0.3354345209
  11   2        0.1830101024       -0.0427006668
  11   1       -0.5034097752        0.0381674652
  11   0       -0.3804198489        0.0000000000
  11  -1        0.5034097752        0.0381674652
  11  -2        0.1830101024        0.0427006668
  11  -3       -0.0022516581        0.3354345209
  11  -4        0.3424586934        0.6101045032
  11  -5        0.1285803914        0.2257178502
  11  -6        1.1823403677       -0.1680504393
  11  -7        0.7865198241       -0.9701455984
  11  -8        0.2210452909       -1.0686027959
  11  -9       -0.3602569658       -0.1909793850
  11 -10       -0.5244718563       -0.1610752496
  11 -11       -0.7589383056        0.5281954911
  12  12       -0.0437963533       -0.0511396926
  12  11        0.6987204228        0.1368565669
  12  10       -0.3968376786        0.3941814156
  12   9        0.6718092006       -1.1936822056
  12   8        0.1740262788        1.2272796979
  12   7        0.1219464358       -0.9070503913
  12   6        0.2220417003       -0.2665263917
  12   5        0.3991932926       -0.3428457240
  12   4       -0.0447372758       -0.0005096642
  12   3        0.0231404237       -0.4862336941
  12   2        0.5271403202        0.1281366567
  12   1        0.4627073156       -0.1510574026
  12   0       -0.6365958027        0.0000000000
  12  -1       -0.4627073156       -0.1510574026
  12  -2        0.5271403202       -0.1281366567
  12  -3       -0.0231404237       -0.4862336941
  12  -4       -0.0447372758        0.0005096642
  12  -5       -0.3991932926       -0.3428457240
  12  -6        0.2220417003        0.2665263917
  12  -7       -0.1219464358       -0.9070503913
  12  -8        0.1740262788       -1.2272796979
  12  -9       -0.6718092006       -1.1936822056
  12 -10       -0.3968376786       -0.3941814156
  12 -11       -0.6987204228        0.1368565669
  12 -12       -0.0437963533        0.0511396926
  13  13       -0.2661268306        0.4255216789
  13  12       -0.5667624488       -0.2990184140
  13  11        0.6396758510       -0.2247538550
  13  10       -0.5556252639        0.8249626213
  13   9       -0.2597332375       -0.8075369273
  13   8        0.6987667832        1.0441269958
  13   7       -0.4473041353        0.1228825465
  13   6        0.0958717534        0.0679309194
  13   5        0.0469486210        0.3931955736
  13   4        0.3878663978        0.0935369362
  13   3       -0.3869315441        0.0729807386
  13   2        0.0981685888       -0.0064260979
  13   1       -0.4703174820        0.6357363943
  13   0       -0.4902267008        0.0000000000
  13  -1        0.4703174820        0.6357363943
  13  -2        0.0981685888        0.0064260979
  13  -3        0.3869315441        0.0729807386
  13  -4        0.3878663978       -0.0935369362
  13  -5       -0.0469486210        0.3931955736
  13  -6        0.0958717534       -0.0679309194
  13  -7        0.4473041353        0.1228825465
  13  -8        0.6987667832       -1.0441269958
  13  -9        0.2597332375       -0.8075369273
  13 -10       -0.5556252639       -0.8249626213
  13 -11       -0.6396758510       -0.2247538550
  13 -12       -0.5667624488        0.2990184140
  13 -13        0.2661268306        0.4255216789
  14  14        0.5945297594       -0.0610946589
  14  13       -0.2717790652        0.2781639432
  14  12       -0.6212444295        0.3369904808
  14  11        0.6820684493       -0.2015142715
  14  10        0.3616939101        1.1855953298
  14   9       -0.1535264960       -0.3766049825
  14   8        0.5530248058        0.6584987566
  14   7        0.1363186680       -0.0107688974
  14   6       -0.0413118420        0.4175783909
  14   5        0.2770960537       -0.0588508293
  14   4       -0.2573973474        0.1947708079
  14   3        0.1208091217        0.0624064108
  14   2       -0.3351598602       -0.8250825063
  14   1        0.4230131740       -0.0541413438
  14   0       -0.1237766873        0.0000000000
  14  -1       -0.4230131740       -0.0541413438
  14  -2       -0.3351598602        0.8250825063
  14  -3       -0.1208091217        0.0624064108
  14  -4       -0.2573973474       -0.1947708079
  14  -5       -0.2770960537       -0.0588508293
  14  -6       -0.0413118420       -0.4175783909
  14  -7       -0.1363186680       -0.0107688974
  14  -8        0.5530248058       -0.6584987566
  14  -9        0.1535264960       -0.3766049825
  14 -10        0.3616939101       -1.1855953298
  14 -11       -0.6820684493       -0.2015142715
  14 -12       -0.6212444295       -0.3369904808
  14 -13        0.2717790652        0.2781639432
  14 -14        0.5945297594        0.0610946589
  15  15        0.0845815094       -0.7678226724
  15  14       -0.1896835241       -0.0180878097
  15  13        0.4138666672        0.1002167268
  15  12       -0.6327420369        0.6125440544
  15  11        0.0975475137       -0.8562314303
  15  10        0.2125226447        0.8792544223
  15   9       -0.6767322845       -0.4945692304
  15   8        0.5088522568        0.0657727323
  15   7       -0.1637490297       -0.3069937136
  15   6       -0.0898655023       -0.2046752741
  15   5        0.1378385723       -0.1931848492
  15   4        0.3024150871        0.1042242683
  15   3       -0.0955679241       -0.2859399522
  15   2       -0.2115404560       -0.1441626516
  15   1        0.0110852870       -0.0920626251
  15   0        0.0354867574        0.0000000000
  15  -1       -0.0110852870       -0.0920626251
  15  -2       -0.2115404560        0.1441626516
  15  -3        0.0955679241       -0.2859399522
  15  -4        0.3024150871       -0.1042242683
  15  -5       -0.1378385723       -0.1931848492
  15  -6       -0.0898655023        0.2046752741
  15  -7        0.1637490297       -0.3069937136
  15  -8        0.5088522568       -0.0657727323
  15  -9        0.6767322845       -0.4945692304
  15 -10        0.2125226447       -0.8792544223
  15 -11       -0.0975475137       -0.8562314303
  15 -12       -0.6327420369       -0.6125440544
  15 -13       -0.4138666672        0.1002167268
  15 -14       -0.1896835241        0.0180878097
  15 -15       -0.0845815094       -0.7678226724
  16  16       -0.4658591717        0.1777276466
  16  15        0.2446420808        0.1833645411
  16  14       -0.2895261388       -0.2178751074
  16  13        0.5402045527       -0.1595731441
  16  12       -0.3408364228        0.5897294219
  16  11       -0.2991881371       -0.5827792652
  16  10        0.2145071055        0.8810454372
  16   9       -0.1368540005        0.0021793474
  16   8        0.0891440320        0.0399588421
  16   7        0.5529742409        0.3125974034
  16   6       -0.1812314906        0.1333056081
  16   5       -0.2461820857       -0.2301655553
  16   4        0.2303608347        0.3983279203
  16   3       -0.1053485036        0.0529290165
  16   2       -0.3882015766       -0.0327200101
  16   1        0.2851418806        0.0267179953
  16   0        0.3185968746        0.0000000000
  16  -1       -0.2851418806        0.0267179953
  16  -2       -0.3882015766        0.0327200101
  16  -3        0.1053485036        0.0529290165
  16  -4        0.2303608347       -0.3983279203
  16  -5        0.2461820857       -0.2301655553
  16  -6       -0.1812314906       -0.1333056081
  16  -7       -0.5529742409        0.3125974034
  16  -8        0.0891440320       -0.0399588421
  16  -9        0.1368540005        0.0021793474
  16 -10        0.2145071055       -0.8810454372
  16 -11        0.2991881371       -0.5827792652
  16 -12       -0.3408364228       -0.5897294219
  16 -13       -0.5402045527       -0.1595731441
  16 -14       -0.2895261388        0.2178751074
  16 -15       -0.2446420808        0.1833645411
  16 -16       -0.4658591717       -0.1777276466
  17  17        0.0252230994       -0.0406375269
  17  16        0.1698579063        0.0269941323
  17  15        0.4070944673        0.2940468727
  17  14       -0.3399219524        0.0489617550
  17  13        0.3941361016       -0.1388393917
  17  12        0.0725860877        0.7527257328
  17  11       -0.1213528590       -0.0752498793
  17  10        0.3059150784        0.7427599145
  17   9       -0.2131117897       -0.1754101261
  17   8       -0.1302280764        0.0485639825
  17   7       -0.2414781098        0.3158047284
  17   6       -0.0513163401       -0.0231043101
  17   5       -0.2438301943        0.1240212121
  17   4        0.0361867205       -0.1350617604
  17   3       -0.0913737595        0.2230901160
  17   2       -0.0319064817       -0.1831947348
  17   1       -0.1916541319       -0.1065447652
  17   0       -0.4126599433        0.0000000000
  17  -1        0.1916541319       -0.1065447652
  17  -2       -0.0319064817        0.1831947348
  17  -3        0.0913737595        0.2230901160
  17  -4        0.0361867205        0.1350617604
  17  -5        0.2438301943        0.1240212121
  17  -6       -0.0513163401        0.0231043101
  17  -7        0.2414781098        0.3158047284
  17  -8       -0.1302280764       -0.0485639825
  17  -9        0.2131117897       -0.1754101261
  17 -10        0.3059150784       -0.7427599145
  17 -11        0.1213528590       -0.0752498793
  17 -12        0.0725860877       -0.7527257328
  17 -13       -0.3941361016       -0.1388393917
  17 -14       -0.3399219524       -0.0489617550
  17 -15       -0.4070944673        0.2940468727
  17 -16        0.1698579063       -0.0269941323
  17 -17       -0.0252230994       -0.0406375269
  18  18       -0.2767225464        0.0162470490
  18  17       -0.2391755661       -0.0120481207
  18  16        0.0194058898        0.0226036377
  18  15        0.0383839914        0.0778822530
  18  14       -0.2754500022        0.2907348319
  18  13        0.2664390314       -0.8064371179
  18  12       -0.1280237910        0.4724084984
  18  11       -0.1420713447       -0.4375605031
  18  10        0.0770357362       -0.0898270838
  18   9        0.0360154170        0.0073462718
  18   8       -0.1812416173       -0.2670329504
  18   7       -0.0639996995       -0.1507751441
  18   6        0.2493014070        0.0948536810
  18   5        0.0573791633       -0.1760847190
  18   4       -0.1916054052       -0.2608705759
  18   3        0.0542972522        0.0430697428
  18   2       -0.0121940225        0.0429651357
  18   1       -0.0906764499       -0.3784792900
  18   0       -0.1661996648        0.0000000000
  18  -1        0.0906764499       -0.3784792900
  18  -2       -0.0121940225       -0.0429651357
  18  -3       -0.0542972522        0.0430697428
  18  -4       -0.1916054052        0.2608705759
  18  -5       -0.0573791633       -0.1760847190
  18  -6        0.2493014070       -0.0948536810
  18  -7        0.0639996995       -0.1507751441
  18  -8       -0.1812416173        0.2670329504
  18  -9       -0.0360154170        0.0073462718
  18 -10        0.0770357362        0.0898270838
  18 -11        0.1420713447       -0.4375605031
  18 -12       -0.1280237910       -0.4724084984
  18 -13       -0.2664390314       -0.8064371179
  18 -14       -0.2754500022       -0.2907348319
  18 -15       -0.0383839914        0.0778822530
  18 -16        0.0194058898       -0.0226036377
  18 -17        0.2391755661       -0.0120481207
  18 -18       -0.2767225464       -0.0162470490
  19  19       -0.1793127275        0.2816681845
  19  18        0.0115039119       -0.0136054372
  19  17        0.0332971675        0.0643785072
  19  16       -0.1819335800       -0.0531040896
  19  15        0.0249654807       -0.5139283079
  19  14       -0.5103318911        0.2836353184
  19  13       -0.1891227418       -0.2794015283
  19  12        0.1849631325        0.1760772749
  19  11       -0.4264535742       -0.3741975074
  19  10        0.4089096456        0.2312552143
  19   9       -0.1053882234       -0.1451573767
  19   8       -0.0857811475        0.0193425149
  19   7       -0.1264447922        0.0648618293
  19   6        0.1746621363        0.1926910377
  19   5       -0.2107055522        0.2236634325
  19   4       -0.1096673463       -0.0705598885
  19   3        0.2150847216       -0.2301719288
  19   2       -0.0053933668       -0.2400118267
  19   1       -0.0881621068       -0.0640142643
  19   0        0.0787418955        0.0000000000
  19  -1        0.0881621068       -0.0640142643
  19  -2       -0.0053933668        0.2400118267
  19  -3       -0.2150847216       -0.2301719288
  19  -4       -0.1096673463        0.0705598885
  19  -5        0.2107055522        0.2236634325
  19  -6        0.1746621363       -0.1926910377
  19  -7        0.1264447922        0.0648618293
  19  -8       -0.0857811475       -0.0193425149
  19  -9        0.1053882234       -0.1451573767
  19 -10        0.4089096456       -0.2312552143
  19 -11        0.4264535742       -0.3741975074
  19 -12        0.1849631325       -0.1760772749
  19 -13        0.1891227418       -0.2794015283
  19 -14       -0.5103318911       -0.2836353184
  19 -15       -0.0249654807       -0.5139283079
  19 -16       -0.1819335800        0.0531040896
  19 -17       -0.0332971675        0.0643785072
  19 -18        0.0115039119        0.0136054372
  19 -19        0.1793127275        0.2816681845
  20  20        0.5271082547        0.0561771254
  20  19        0.2346850058       -0.0452161986
  20  18        0.1701672062        0.2578318579
  20  17       -0.1320771651        0.1848303286
  20  16        0.0307930908       -0.1259169852
  20  15        0.1026692658       -0.1686687598
  20  14        0.1727563484        0.4890567126
  20  13       -0.0423294675        0.1015744859
  20  12        0.0954043308        0.1049178100
  20  11        0.0358857921        0.2583068493
  20  10        0.0568320058       -0.1949481023
  20   9       -0.0628857684        0.0211262703
  20   8       -0.2833136652       -0.0346437261
  20   7        0.0108457700        0.0302662606
  20   6       -0.0060451696       -0.1275779341
  20   5        0.2393009798        0.0730331126
  20   4       -0.0181261961       -0.2813358538
  20   3        0.1616916152        0.1665920906
  20   2       -0.0273696031        0.1161644419
  20   1       -0.2858639460        0.0063903147
  20   0       -0.0333132344        0.0000000000
  20  -1        0.2858639460        0.0063903147
  20  -2       -0.0273696031       -0.1161644419
  20  -3       -0.1616916152        0.1665920906
  20  -4       -0.0181261961        0.2813358538
  20  -5       -0.2393009798        0.0730331126
  20  -6       -0.0060451696        0.1275779341
  20  -7       -0.0108457700        0.0302662606
  20  -8       -0.2833136652        0.0346437261
  20  -9        0.0628857684        0.0211262703
  20 -10        0.0568320058        0.1949481023
  20 -11       -0.0358857921        0.2583068493
  20 -12        0.0954043308       -0.1049178100
  20 -13        0.0423294675        0.1015744859
  20 -14        0.1727563484       -0.4890567126
  20 -15       -0.1026692658       -0.1686687598
  20 -16        0.0307930908        0.1259169852
  20 -17        0.1320771651        0.1848303286
  20 -18        0.1701672062       -0.2578318579
  20 -19       -0.2346850058       -0.0452161986
  20 -20        0.5271082547       -0.0561771254
  21  21        0.2045797686        0.2872004562
  21  20       -0.0324733775       -0.0041931662
  21  19        0.1333566950       -0.0233133975
  21  18       -0.1894269290       -0.2078277732
  21  17        0.1700919478        0.0307185289
  21  16        0.0593906745       -0.0249525005
  21  15        0.0509316618       -0.3477802631
  21  14        0.1149133426        0.6243335959
  21  13        0.0368188209       -0.1027343048
  21  12       -0.0613179656       -0.0357502720
  21  11        0.1385034104       -0.0690345248
  21  10       -0.2681093061       -0.2333966272
  21   9       -0.0680738602        0.0203895404
  21   8       -0.2016142514        0.0043438091
  21   7       -0.1644874729       -0.2411248533
  21   6        0.0540618877        0.0236950628
  21   5        0.3679445379       -0.1202634503
  21   4       -0.0965635471       -0.1452330936
  21   3        0.0510541301       -0.0790655957
  21   2       -0.0053942280        0.1507670642
  21   1        0.0540411986        0.1269501195
  21   0       -0.0280201328        0.0000000000
  21  -1       -0.0540411986        0.1269501195
  21  -2       -0.0053942280       -0.1507670642
  21  -3       -0.0510541301       -0.0790655957
  21  -4       -0.0965635471        0.1452330936
  21  -5       -0.3679445379       -0.1202634503
  21  -6        0.0540618877       -0.0236950628
  21  -7        0.1644874729       -0.2411248533
  21  -8       -0.2016142514       -0.0043438091
  21  -9        0.0680738602        0.0203895404
  21 -10       -0.2681093061        0.2333966272
  21 -11       -0.1385034104       -0.0690345248
  21 -12       -0.0613179656        0.0357502720
  21 -13       -0.0368188209       -0.1027343048
  21 -14        0.1149133426       -0.6243335959
  21 -15       -0.0509316618       -0.3477802631
  21 -16        0.0593906745        0.0249525005
  21 -17       -0.1700919478        0.0307185289
  21 -18       -0.1894269290        0.2078277732
  21 -19       -0.1333566950       -0.0233133975
  21 -20       -0.0324733775        0.0041931662
  21 -21       -0.2045797686        0.2872004562
  22  22        0.2705405053       -0.2675037063
  22  21        0.0255577936        0.1009365586
  22  20        0.2300684114       -0.0132384022
  22  19        0.1653930942       -0.3483904425
  22  18       -0.2129575954       -0.0156394225
  22  17        0.4187876041        0.1572933844
  22  16       -0.1518118529        0.2606805431
  22  15       -0.2310035890       -0.5768080124
  22  14       -0.1651148864        0.1799824820
  22  13       -0.3873600480        0.0115480706
  22  12       -0.1460336220        0.3246154451
  22  11       -0.1988817373        0.0423566219
  22  10       -0.0915316019        0.0087711255
  22   9       -0.0617558928        0.0252520517
  22   8       -0.0675371171        0.4216523331
  22   7       -0.0766136051        0.0347654339
  22   6        0.2609492009       -0.1378405738
  22   5        0.2668967728       -0.3366545666
  22   4       -0.0845199222        0.1300989757
  22   3       -0.0629244231        0.1691111193
  22   2       -0.1023006972        0.1664619923
  22   1        0.1778931549       -0.0480791977
  22   0        0.4268705078        0.0000000000
  22  -1       -0.1778931549       -0.0480791977
  22  -2       -0.1023006972       -0.1664619923
  22  -3        0.0629244231        0.1691111193
  22  -4       -0.0845199222       -0.1300989757
  22  -5       -0.2668967728       -0.3366545666
  22  -6        0.2609492009        0.1378405738
  22  -7        0.0766136051        0.0347654339
  22  -8       -0.0675371171       -0.4216523331
  22  -9        0.0617558928        0.0252520517
  22 -10       -0.0915316019       -0.0087711255
  22 -11        0.1988817373        0.0423566219
  22 -12       -0.1460336220       -0.3246154451
  22 -13        0.3873600480        0.0115480706
  22 -14       -0.1651148864       -0.1799824820
  22 -15        0.2310035890       -0.5768080124
  22 -16       -0.1518118529       -0.2606805431
  22 -17       -0.4187876041        0.1572933844
  22 -18       -0.2129575954        0.0156394225
  22 -19       -0.1653930942       -0.3483904425
  22 -20        0.2300684114        0.0132384022
  22 -21       -0.0255577936        0.1009365586
  22 -22        0.2705405053        0.2675037063
  23  23       -0.3582937102       -0.4544341314
  23  22        0.1313764103       -0.2089906249
  23  21        0.2841492381        0.0784352262
  23  20       -0.0385438344        0.0984315448
  23  19        0.1023985229       -0.1652689617
  23  18       -0.1287763001        0.1931672024
  23  17        0.5754183062        0.1124933114
  23  16       -0.0449390225        0.1882198776
  23  15       -0.0067922845       -0.0949274935
  23  14        0.2982280403        0.1903733094
  23  13       -0.0461714182       -0.1754123353
  23  12        0.0617315609       -0.1662732960
  23  11       -0.0314905661       -0.0443586425
  23  10       -0.0125181677       -0.1061252814
  23   9       -0.1160222227        0.0437673622
  23   8        0.3724686280        0.1789858217
  23   7        0.0135327470        0.1337296404
  23   6        0.0850753918        0.1356777035
  23   5        0.0126643605        0.2452856195
  23   4        0.0886348491       -0.0651674759
  23   3       -0.3532088996       -0.1895171140
  23   2       -0.0400618514        0.2009092575
  23   1        0.3096657420        0.0288939607
  23   0       -0.2741727036        0.0000000000
  23  -1       -0.3096657420        0.0288939607
  23  -2       -0.0400618514       -0.2009092575
  23  -3        0.3532088996       -0.1895171140
  23  -4        0.0886348491        0.0651674759
  23  -5       -0.0126643605        0.2452856195
  23  -6        0.0850753918       -0.1356777035
  23  -7       -0.0135327470        0.1337296404
  23  -8        0.3724686280       -0.1789858217
  23  -9        0.1160222227        0.0437673622
  23 -10       -0.0125181677        0.1061252814
  23 -11        0.0314905661       -0.0443586425
  23 -12        0.0617315609        0.1662732960
  23 -13        0.0461714182       -0.1754123353
  23 -14        0.2982280403       -0.1903733094
  23 -15        0.0067922845       -0.0949274935
  23 -16       -0.0449390225       -0.1882198776
  23 -17       -0.5754183062        0.1124933114
  23 -18       -0.1287763001       -0.1931672024
  23 -19       -0.1023985229       -0.1652689617
  23 -20       -0.0385438344       -0.0984315448
  23 -21       -0.2841492381        0.0784352262
  23 -22        0.1313764103        0.2089906249
  23 -23        0.3582937102       -0.4544341314
  24  24        0.0953045875        0.0043887520
  24  23       -0.0891526681       -0.2456347477
  24  22       -0.0770031761       -0.0558020280
  24  21       -0.1612760509        0.0708839746
  24  20       -0.1290156376       -0.2274129061
  24  19        0.0089414355       -0.0569846061
  24  18       -0.0507481162        0.2036593873
  24  17        0.3626169797       -0.2660005217
  24  16        0.2157007864        0.3741256859
  24  15       -0.1155460376       -0.1882176190
  24  14        0.4553811909        0.0011051871
  24  13        0.0841683323       -0.1067106091
  24  12        0.0483128558        0.0595495439
  24  11       -0.0349196766        0.1745423249
  24  10       -0.2567026885       -0.1173985003
  24   9       -0.1840692407        0.1636092476
  24   8        0.0895252422        0.1866713731
  24   7        0.1121666488       -0.0210333223
  24   6       -0.2635749351       -0.1467782153
  24   5       -0.1882873220        0.2395990388
  24   4        0.0599016222        0.0661331138
  24   3       -0.1273180075        0.0400563149
  24   2       -0.1606081691        0.1664934117
  24   1        0.2556818409        0.1061787572
  24   0        0.2256421763        0.0000000000
  24  -1       -0.2556818409        0.1061787572
  24  -2       -0.1606081691       -0.1664934117
  24  -3        0.1273180075        0.0400563149
  24  -4        0.0599016222       -0.0661331138
  24  -5        0.1882873220        0.2395990388
  24  -6       -0.2635749351        0.1467782153
  24  -7       -0.1121666488       -0.0210333223
  24  -8        0.0895252422       -0.1866713731
  24  -9        0.1840692407        0.1636092476
  24 -10       -0.2567026885        0.1173985003
  24 -11        0.0349196766        0.1745423249
  24 -12        0.0483128558       -0.0595495439
  24 -13       -0.0841683323       -0.1067106091
  24 -14        0.4553811909       -0.0011051871
  24 -15        0.1155460376       -0.1882176190
  24 -16        0.2157007864       -0.3741256859
  24 -17       -0.3626169797       -0.2660005217
  24 -18       -0.0507481162       -0.2036593873
  24 -19       -0.0089414355       -0.0569846061
  24 -20       -0.1290156376        0.2274129061
  24 -21        0.1612760509        0.0708839746
  24 -22       -0.0770031761        0.0558020280
  24 -23        0.0891526681       -0.2456347477
  24 -24        0.0953045875       -0.0043887520
  25  25       -0.1239177272       -0.0019888162
  25  24       -0.0428003188       -0.2488155831
  25  23        0.0778626252       -0.1381996567
  25  22       -0.1479535252        0.0500972260
  25  21        0.0864358969       -0.0845394290
  25  20        0.1828426579        0.0942912801
  25  19       -0.0121403581       -0.4618291033
  25  18       -0.0384058573        0.4815900085
  25  17        0.0696689464       -0.3428319390
  25  16        0.0088126674        0.1304948313
  25  15       -0.2082637614       -0.2798809223
  25  14        0.1532525693        0.2977849249
  25  13        0.0116397794       -0.0311724990
  25  12       -0.0979398038        0.2237730743
  25  11       -0.1735927923        0.0301127000
  25  10       -0.0066186093        0.1778103034
  25   9        0.0700216636        0.0940173892
  25   8       -0.1012742291        0.1223001035
  25   7       -0.0491016531       -0.0681948438
  25   6       -0.0234785182        0.0097305866
  25   5        0.0805848930       -0.0779497899
  25   4       -0.0917971539        0.0407488871
  25   3        0.1520802920       -0.0226659348
  25   2        0.1148528991       -0.0679690477
  25   1       -0.1105289088       -0.1850729757
  25   0       -0.1055098057        0.0000000000
  25  -1        0.1105289088       -0.1850729757
  25  -2        0.1148528991        0.0679690477
  25  -3       -0.1520802920       -0.0226659348
  25  -4       -0.0917971539       -0.0407488871
  25  -5       -0.0805848930       -0.0779497899
  25  -6       -0.0234785182       -0.0097305866
  25  -7        0.0491016531       -0.0681948438
  25  -8       -0.1012742291       -0.1223001035
  25  -9       -0.0700216636        0.0940173892
  25 -10       -0.0066186093       -0.1778103034
  25 -11        0.1735927923        0.0301127000
  25 -12       -0.0979398038       -0.2237730743
  25 -13       -0.0116397794       -0.0311724990
  25 -14        0.1532525693       -0.2977849249
  25 -15        0.2082637614       -0.2798809223
  25 -16        0.0088126674       -0.1304948313
  25 -17       -0.0696689464       -0.3428319390
  25 -18       -0.0384058573       -0.4815900085
  25 -19        0.0121403581       -0.4618291033
  25 -20        0.1828426579       -0.0942912801
  25 -21       -0.0864358969       -0.0845394290
  25 -22       -0.1479535252       -0.0500972260
  25 -23       -0.0778626252       -0.1381996567
  25 -24       -0.0428003188        0.2488155831
  25 -25        0.1239177272       -0.0019888162
  26  26       -0.1008996240       -0.0430355778
  26  25        0.1003578552        0.0114761991
  26  24       -0.3011699228       -0.1251264625
  26  23        0.3718948696       -0.0007184337
  26  22       -0.2084601136        0.1666362405
  26  21       -0.0033914513       -0.0331433689
  26  20       -0.2107295996        0.0560615479
  26  19        0.0298624264       -0.0141690770
  26  18        0.2111661878        0.3080475196
  26  17       -0.1815802498       -0.0214753711
  26  16        0.1366770290       -0.0537098400
  26  15       -0.0937551228       -0.0890945590
  26  14        0.2343048401       -0.1936325448
  26  13        0.0510932181        0.0889233109
  26  12       -0.0288077877       -0.1548722709
  26  11        0.1135931703       -0.0365041253
  26  10       -0.0298569979       -0.0428691600
  26   9       -0.0183118837       -0.1591480532
  26   8       -0.1165580581        0.0949138753
  26   7       -0.0386010594        0.0516706561
  26   6       -0.0587428309       -0.0599454818
  26   5        0.0953567344       -0.1435771064
  26   4       -0.0628605799        0.1350320617
  26   3       -0.1777433509        0.1684291585
  26   2       -0.1393452637       -0.0517993396
  26   1        0.2481380429       -0.0377066339
  26   0       -0.0766254836        0.0000000000
  26  -1       -0.2481380429       -0.0377066339
  26  -2       -0.1393452637        0.0517993396
  26  -3        0.1777433509        0.1684291585
  26  -4       -0.0628605799       -0.1350320617
  26  -5       -0.0953567344       -0.1435771064
  26  -6       -0.0587428309        0.0599454818
  26  -7        0.0386010594        0.0516706561
  26  -8       -0.1165580581       -0.0949138753
  26  -9        0.0183118837       -0.1591480532
  26 -10       -0.0298569979        0.0428691600
  26 -11       -0.1135931703       -0.0365041253
  26 -12       -0.0288077877        0.1548722709
  26 -13       -0.0510932181        0.0889233109
  26 -14        0.2343048401        0.1936325448
  26 -15        0.0937551228       -0.0890945590
  26 -16        0.1366770290        0.0537098400
  26 -17        0.1815802498       -0.0214753711
  26 -18        0.2111661878       -0.3080475196
  26 -19       -0.0298624264       -0.0141690770
  26 -20       -0.2107295996       -0.0560615479
  26 -21        0.0033914513       -0.0331433689
  26 -22       -0.2084601136       -0.1666362405
  26 -23       -0.3718948696       -0.0007184337
  26 -24       -0.3011699228        0.1251264625
  26 -25       -0.1003578552        0.0114761991
  26 -26       -0.1008996240        0.0430355778
