   0   0      321.4539312558        0.0000000000
   1   1       -0.1518284203       -0.7532045089
   1   0       -3.2730722197        0.0000000000
   1  -1        0.1518284203       -0.7532045089
   2   2       18.1256810401      -10.3744802539
   2   1       -4.6140622049      -17.2042910854
   2   0       22.9243788039        0.0000000000
   2  -1        4.6140622049      -17.2042910854
   2  -2       18.1256810401       10.3744802539
   3   3       -1.6855544524       -4.1697398281
   3   2       10.3120019853       -2.0098212405
   3   1        1.0587982632       -1.5072204775
   3   0        3.2582812791        0.0000000000
   3  -1       -1.0587982632       -1.5072204775
   3  -2       10.3120019853        2.0098212405
   3  -3        1.6855544524       -4.1697398281
   4   4        5.1979595511       -0.9743545328
   4   3        1.4201133684       -6.6213729861
   4   2        1.4562234236        1.7220858244
   4   1       -5.9388382231       -0.3896917490
   4   0        1.9712593653        0.0000000000
   4  -1        5.9388382231       -0.3896917490
   4  -2        1.4562234236       -1.7220858244
   4  -3       -1.4201133684       -6.6213729861
   4  -4        5.1979595511        0.9743545328
   5   5       -2.7672953131       -0.1072536636
   5   4       -0.1348821390        0.9501257066
   5   3       -0.2167128630        2.1163099028
   5   2        1.5866183355        0.0589201303
   5   1       -1.1370415097       -1.2123779711
   5   0       -1.2531594319        0.0000000000
   5  -1        1.1370415097       -1.2123779711
   5  -2        1.5866183355       -0.0589201303
   5  -3        0.2167128630        2.1163099028
   5  -4       -0.1348821390       -0.9501257066
   5  -5        2.7672953131       -0.1072536636
   6   6        2.9909053837        0.3162509435
   6   5       -1.0645186658       -1.6372431706
   6   4       -0.1652576758       -0.6031943722
   6   3        0.3662775606       -0.7707035791
   6   2        2.0621944899        0.6427969204
   6   1       -2.2110969335        1.0488939463
   6   0        1.4426311295        0.0000000000
   6  -1        2.2110969335        1.0488939463
   6  -2        2.0621944899       -0.6427969204
   6  -3       -0.3662775606       -0.7707035791
   6  -4       -0.1652576758        0.6031943722
   6  -5        1.0645186658       -1.6372431706
   6  -6        2.9909053837       -0.3162509435
   7   7       -0.8659621840       -0.6009713167
   7   6       -0.2127333730       -0.3533978925
   7   5        1.1750335579       -0.8709602570
   7   4        2.1457783370       -1.6412293495
   7   3        0.9038245200        0.6788552673
   7   2       -0.0815230263        0.2070108745
   7   1        1.1937605985       -0.1028301432
   7   0       -0.0325978514        0.0000000000
   7  -1       -1.1937605985       -0.1028301432
   7  -2       -0.0815230263       -0.2070108745
   7  -3       -0.9038245200        0.6788552673
   7  -4        2.1457783370        1.6412293495
   7  -5       -1.1750335579       -0.8709602570
   7  -6       -0.2127333730        0.3533978925
   7  -7        0.8659621840       -0.6009713167
   8   8        0.6803091351        1.5382121627
   8   7       -1.4345164885       -0.7686248104
   8   6        0.7660192089       -0.8565317234
   8   5        0.7163639337        0.3076236993
   8   4        0.1576507401        1.1763945453
   8   3       -0.7337176181        0.1799759848
   8   2        1.1519746228       -0.2831626866
   8   1       -0.3993726065       -0.3836033304
   8   0        0.3158864797        0.0000000000
   8  -1        0.3993726065       -0.3836033304
   8  -2        1.1519746228        0.2831626866
   8  -3        0.7337176181        0.1799759848
   8  -4        0.1576507401       -1.1763945453
   8  -5       -0.7163639337        0.3076236993
   8  -6        0.7660192089        0.8565317234
   8  -7        1.4345164885       -0.7686248104
   8  -8        0.6803091351       -1.5382121627
   9   9       -0.2321041269       -1.4016451754
   9   8       -0.2371491404        0.2520415439
   9   7        0.2295035231       -0.5062817217
   9   6        1.3503176443       -0.2450736249
   9   5        0.3838804878        0.0667837550
   9   4        0.3781076566       -1.0740800584
   9   3       -0.3192943884        0.2629141579
   9   2       -0.4447177843       -0.2641394083
   9   1        1.0071809189       -0.3314953316
   9   0       -0.0826631324        0.0000000000
   9  -1       -1.0071809189       -0.3314953316
   9  -2       -0.4447177843        0.2641394083
   9  -3        0.3192943884        0.2629141579
   9  -4        0.3781076566        1.0740800584
   9  -5       -0.3838804878        0.0667837550
   9  -6        1.3503176443        0.2450736249
   9  -7       -0.2295035231       -0.5062817217
   9  -8       -0.2371491404       -0.2520415439
   9  -9        0.2321041269       -1.4016451754
  10  10       -0.0611060544        0.1308536066
  10   9        0.2341323317       -0.8820129818
  10   8        0.4578723058        0.1271288487
  10   7       -0.2002035280       -0.2759314021
  10   6        0.0381192189        0.1640933955
  10   5        0.5087827103       -0.3279012567
  10   4       -0.2965795356        0.2285496250
  10   3       -0.2561658778       -0.3227344595
  10   2        1.0660702624       -0.2709018674
  10   1        0.4685896385       -0.0222395360
  10   0       -0.2946810636        0.0000000000
  10  -1       -0.4685896385       -0.0222395360
  10  -2        1.0660702624        0.2709018674
  10  -3        0.2561658778       -0.3227344595
  10  -4       -0.2965795356       -0.2285496250
  10  -5       -0.5087827103       -0.3279012567
  10  -6        0.0381192189       -0.1640933955
  10  -7        0.2002035280       -0.2759314021
  10  -8        0.4578723058       -0.1271288487
  10  -9       -0.2341323317       -0.8820129818
  10 -10       -0.0611060544       -0.1308536066
  11  11       -0.0499329603       -0.3394564361
  11  10        0.1707164135       -0.5652638929
  11   9        0.3696202340        0.3475672885
  11   8       -0.3094223132       -0.3819060399
  11   7       -0.0838597851       -0.4804540055
  11   6        0.4886600176       -0.2577928765
  11   5        0.0053235604        0.5936687981
  11   4        0.0401928939       -0.7758636708
  11   3       -0.2167350244        0.3314834575
  11   2       -0.0521168619       -0.3525391870
  11   1        0.5703710865       -0.1455222073
  11   0       -0.0242507423        0.0000000000
  11  -1       -0.5703710865       -0.1455222073
  11  -2       -0.0521168619        0.3525391870
  11  -3        0.2167350244        0.3314834575
  11  -4        0.0401928939        0.7758636708
  11  -5       -0.0053235604        0.5936687981
  11  -6        0.4886600176        0.2577928765
  11  -7        0.0838597851       -0.4804540055
  11  -8       -0.3094223132        0.3819060399
  11  -9       -0.3696202340        0.3475672885
  11 -10        0.1707164135        0.5652638929
  11 -11        0.0499329603       -0.3394564361
  12  12       -0.2747400393        0.6195839195
  12  11        0.1140951797        0.1621837928
  12  10        0.0400986020        0.1539169059
  12   9       -0.1336773517       -0.7124551894
  12   8        0.3107932417       -0.0297086800
  12   7        0.3178969199       -0.0926405839
  12   6        0.2141120422        0.2279710548
  12   5       -0.0311588289       -0.2690794981
  12   4       -0.1869302314        0.0342361693
  12   3       -0.1432305626       -0.0843423666
  12   2        0.3881332066        0.1310424295
  12   1       -0.1920831004       -0.2381792769
  12   0       -0.3892286502        0.0000000000
  12  -1        0.1920831004       -0.2381792769
  12  -2        0.3881332066       -0.1310424295
  12  -3        0.1432305626       -0.0843423666
  12  -4       -0.1869302314       -0.0342361693
  12  -5        0.0311588289       -0.2690794981
  12  -6        0.2141120422       -0.2279710548
  12  -7       -0.3178969199       -0.0926405839
  12  -8        0.3107932417        0.0297086800
  12  -9        0.1336773517       -0.7124551894
  12 -10        0.0400986020       -0.1539169059
  12 -11       -0.1140951797        0.1621837928
  12 -12       -0.2747400393       -0.6195839195
  13  13       -0.3605580354       -0.1341375190
  13  12       -0.1217058460        0.2192483032
  13  11       -0.1086020602       -0.0781676959
  13  10       -0.0149972766       -0.3480834952
  13   9        0.3447092068       -0.3462041353
  13   8        0.0798814666        0.3112767474
  13   7        0.1240200240        0.2502343581
  13   6        0.0365883089        0.0001289283
  13   5        0.2710800138        0.2083619718
  13   4        0.0898630876       -0.3484791625
  13   3       -0.1284184352        0.4294183429
  13   2       -0.0132434794       -0.0665516681
  13   1        0.3857224101       -0.1199465355
  13   0        0.2088913586        0.0000000000
  13  -1       -0.3857224101       -0.1199465355
  13  -2       -0.0132434794        0.0665516681
  13  -3        0.1284184352        0.4294183429
  13  -4        0.0898630876        0.3484791625
  13  -5       -0.2710800138        0.2083619718
  13  -6        0.0365883089       -0.0001289283
  13  -7       -0.1240200240        0.2502343581
  13  -8        0.0798814666       -0.3112767474
  13  -9       -0.3447092068       -0.3462041353
  13 -10       -0.0149972766        0.3480834952
  13 -11        0.1086020602       -0.0781676959
  13 -12       -0.1217058460       -0.2192483032
  13 -13        0.3605580354       -0.1341375190
  14  14       -0.0110479518       -0.1628165674
  14  13        0.0077257149        0.2158593030
  14  12        0.5970135201        0.2028421834
  14  11        0.1307816510       -0.6760581612
  14  10        0.0061377671        0.1783353607
  14   9        0.3990744239        0.1307714546
  14   8       -0.0315158568       -0.0516817558
  14   7        0.3571334063       -0.1628357866
  14   6       -0.2161421331       -0.3024971665
  14   5       -0.0816389980        0.1549451418
  14   4        0.1117231487       -0.0451430699
  14   3       -0.0198130553       -0.0723145380
  14   2        0.2138446185       -0.1741702630
  14   1        0.1162421828        0.0940375740
  14   0       -0.1851305278        0.0000000000
  14  -1       -0.1162421828        0.0940375740
  14  -2        0.2138446185        0.1741702630
  14  -3        0.0198130553       -0.0723145380
  14  -4        0.1117231487        0.0451430699
  14  -5        0.0816389980        0.1549451418
  14  -6       -0.2161421331        0.3024971665
  14  -7       -0.3571334063       -0.1628357866
  14  -8       -0.0315158568        0.0516817558
  14  -9       -0.3990744239        0.1307714546
  14 -10        0.0061377671       -0.1783353607
  14 -11       -0.1307816510       -0.6760581612
  14 -12        0.5970135201       -0.2028421834
  14 -13       -0.0077257149        0.2158593030
  14 -14       -0.0110479518        0.1628165674
  15  15       -0.0036858240       -0.0479771940
  15  14       -0.2230812874        0.1923145809
  15  13        0.4158366355        0.2978250440
  15  12        0.0466509838       -0.1264497717
  15  11        0.1157883387        0.0915777649
  15  10       -0.1128841501        0.0809629886
  15   9        0.1530868003        0.0079777828
  15   8        0.4048652038        0.0543384845
  15   7        0.0149649321        0.3311181937
  15   6        0.0426546837       -0.0650259291
  15   5       -0.1145351510        0.0231572477
  15   4        0.0873509830       -0.1664282617
  15   3       -0.0150807076        0.2612936042
  15   2        0.1235304886       -0.4195165606
  15   1        0.1576084643        0.1641074298
  15   0       -0.0971811620        0.0000000000
  15  -1       -0.1576084643        0.1641074298
  15  -2        0.1235304886        0.4195165606
  15  -3        0.0150807076        0.2612936042
  15  -4        0.0873509830        0.1664282617
  15  -5        0.1145351510        0.0231572477
  15  -6        0.0426546837        0.0650259291
  15  -7       -0.0149649321        0.3311181937
  15  -8        0.4048652038       -0.0543384845
  15  -9       -0.1530868003        0.0079777828
  15 -10       -0.1128841501       -0.0809629886
  15 -11       -0.1157883387        0.0915777649
  15 -12        0.0466509838        0.1264497717
  15 -13       -0.4158366355        0.2978250440
  15 -14       -0.2230812874       -0.1923145809
  15 -15        0.0036858240       -0.0479771940
  16  16       -0.3477363816        0.3411087015
  16  15       -0.0557101579        0.0625509039
  16  14       -0.0387668379        0.0795688899
  16  13        0.2101555433       -0.1823541217
  16  12        0.0365888232       -0.0731186075
  16  11        0.0321836898       -0.0767896882
  16  10        0.2364222472        0.0778670502
  16   9        0.1402339828        0.0121958626
  16   8        0.2301298294       -0.1875472646
  16   7        0.0235898393       -0.1630213645
  16   6       -0.0334945763       -0.3951655942
  16   5        0.0731440372        0.0454705394
  16   4       -0.0949917225       -0.1650668912
  16   3       -0.2389228973       -0.0834493317
  16   2        0.1420322261        0.0202082693
  16   1       -0.1910210105        0.1969044547
  16   0       -0.5470315328        0.0000000000
  16  -1        0.1910210105        0.1969044547
  16  -2        0.1420322261       -0.0202082693
  16  -3        0.2389228973       -0.0834493317
  16  -4       -0.0949917225        0.1650668912
  16  -5       -0.0731440372        0.0454705394
  16  -6       -0.0334945763        0.3951655942
  16  -7       -0.0235898393       -0.1630213645
  16  -8        0.2301298294        0.1875472646
  16  -9       -0.1402339828        0.0121958626
  16 -10        0.2364222472       -0.0778670502
  16 -11       -0.0321836898       -0.0767896882
  16 -12        0.0365888232        0.0731186075
  16 -13       -0.2101555433       -0.1823541217
  16 -14       -0.0387668379       -0.0795688899
  16 -15        0.0557101579        0.0625509039
  16 -16       -0.3477363816       -0.3411087015
  17  17       -0.1975692491       -0.1708333945
  17  16        0.1174514150        0.1452597007
  17  15        0.0235622103        0.1290999175
  17  14       -0.0152075409       -0.1221623215
  17  13        0.2569693370        0.0146633631
  17  12        0.1984727905       -0.3383953713
  17  11        0.0049999228       -0.0780550038
  17  10        0.0972706555        0.1000468466
  17   9       -0.0583572707        0.2293897930
  17   8        0.0607664732        0.1334060633
  17   7       -0.1018183915        0.0387501007
  17   6       -0.0029306350       -0.1164923130
  17   5        0.0263204480        0.0752707062
  17   4        0.0034943170       -0.0677579924
  17   3       -0.0131668909       -0.0157161461
  17   2        0.0647206393       -0.2595847254
  17   1        0.1664009843       -0.1945739642
  17   0       -0.1371346242        0.0000000000
  17  -1       -0.1664009843       -0.1945739642
  17  -2        0.0647206393        0.2595847254
  17  -3        0.0131668909       -0.0157161461
  17  -4        0.0034943170        0.0677579924
  17  -5       -0.0263204480        0.0752707062
  17  -6       -0.0029306350        0.1164923130
  17  -7        0.1018183915        0.0387501007
  17  -8        0.0607664732       -0.1334060633
  17  -9        0.0583572707        0.2293897930
  17 -10        0.0972706555       -0.1000468466
  17 -11       -0.0049999228       -0.0780550038
  17 -12        0.1984727905        0.3383953713
  17 -13       -0.2569693370        0.0146633631
  17 -14       -0.0152075409        0.1221623215
  17 -15       -0.0235622103        0.1290999175
  17 -16        0.1174514150       -0.1452597007
  17 -17        0.1975692491       -0.1708333945
  18  18       -0.1365592804       -0.2591532258
  18  17       -0.0434464190        0.0307908632
  18  16       -0.3713038044       -0.0914399879
  18  15       -0.0316726025       -0.0336218789
  18  14        0.1064289370        0.1018295132
  18  13        0.3303501862       -0.1170025542
  18  12        0.0003651615        0.1881626664
  18  11        0.1841174307       -0.2574179679
  18  10        0.0826746654       -0.0023444956
  18   9        0.0366879291        0.1299986430
  18   8       -0.2479709630        0.0092098813
  18   7        0.0843990021       -0.2992820475
  18   6        0.0860079969       -0.0683539143
  18   5       -0.0484664268        0.0783390156
  18   4        0.2588595533       -0.1358703399
  18   3        0.0995702472        0.0435343110
  18   2        0.2439468741        0.2079289856
  18   1       -0.2548496962        0.2224149869
  18   0       -0.0687826577        0.0000000000
  18  -1        0.2548496962        0.2224149869
  18  -2        0.2439468741       -0.2079289856
  18  -3       -0.0995702472        0.0435343110
  18  -4        0.2588595533        0.1358703399
  18  -5        0.0484664268        0.0783390156
  18  -6        0.0860079969        0.0683539143
  18  -7       -0.0843990021       -0.2992820475
  18  -8       -0.2479709630       -0.0092098813
  18  -9       -0.0366879291        0.1299986430
  18 -10        0.0826746654        0.0023444956
  18 -11       -0.1841174307       -0.2574179679
  18 -12        0.0003651615       -0.1881626664
  18 -13       -0.3303501862       -0.1170025542
  18 -14        0.1064289370       -0.1018295132
  18 -15        0.0316726025       -0.0336218789
  18 -16       -0.3713038044        0.0914399879
  18 -17        0.0434464190        0.0307908632
  18 -18       -0.1365592804        0.2591532258
  19  19       -0.1805197474       -0.0738617849
  19  18       -0.0084349493       -0.3154360596
  19  17        0.1293688473        0.2051351641
  19  16       -0.0278559082        0.1992645929
  19  15        0.1189295380        0.0013572491
  19  14       -0.0350252155        0.1488853378
  19  13       -0.1104156703        0.0542746434
  19  12        0.0610756422       -0.1027948029
  19  11        0.0273399093       -0.0512376436
  19  10        0.0019607745        0.3096009950
  19   9        0.1246951739       -0.0994770364
  19   8        0.0353260406       -0.2985004245
  19   7       -0.1673199530       -0.1404800426
  19   6       -0.1483981265        0.0677628952
  19   5        0.1161569598        0.0630281238
  19   4        0.1110376811        0.1260964243
  19   3       -0.1199813249        0.2245766707
  19   2        0.0752714087       -0.0456186068
  19   1       -0.0944026316        0.0109607857
  19   0       -0.0869765364        0.0000000000
  19  -1        0.0944026316        0.0109607857
  19  -2        0.0752714087        0.0456186068
  19  -3        0.1199813249        0.2245766707
  19  -4        0.1110376811       -0.1260964243
  19  -5       -0.1161569598        0.0630281238
  19  -6       -0.1483981265       -0.0677628952
  19  -7        0.1673199530       -0.1404800426
  19  -8        0.0353260406        0.2985004245
  19  -9       -0.1246951739       -0.0994770364
  19 -10        0.0019607745       -0.3096009950
  19 -11       -0.0273399093       -0.0512376436
  19 -12        0.0610756422        0.1027948029
  19 -13        0.1104156703        0.0542746434
  19 -14       -0.0350252155       -0.1488853378
  19 -15       -0.1189295380        0.0013572491
  19 -16       -0.0278559082       -0.1992645929
  19 -17       -0.1293688473        0.2051351641
  19 -18       -0.0084349493        0.3154360596
  19 -19        0.1805197474       -0.0738617849
  20  20       -0.0885979674        0.1507675009
  20  19       -0.1991755551        0.2047389050
  20  18        0.0266704197        0.0787352899
  20  17        0.1073774716        0.3076221043
  20  16        0.0166365590        0.0900347032
  20  15       -0.1159693263       -0.0286677020
  20  14        0.0590443192       -0.1201740628
  20  13       -0.1418692095        0.1333969364
  20  12        0.0809206451        0.0161246350
  20  11       -0.1467823784       -0.2283693690
  20  10        0.0975996282        0.1300272399
  20   9       -0.0293247494       -0.1344471337
  20   8       -0.1133245159       -0.1642845561
  20   7        0.0380495988        0.0233885896
  20   6        0.2766594212        0.1918133420
  20   5        0.0249138990        0.2071971241
  20   4        0.1562438662        0.2243474657
  20   3        0.0196180753       -0.0492657393
  20   2       -0.0629870396       -0.0675157575
  20   1       -0.0520393544        0.1455878744
  20   0        0.1933418356        0.0000000000
  20  -1        0.0520393544        0.1455878744
  20  -2       -0.0629870396        0.0675157575
  20  -3       -0.0196180753       -0.0492657393
  20  -4        0.1562438662       -0.2243474657
  20  -5       -0.0249138990        0.2071971241
  20  -6        0.2766594212       -0.1918133420
  20  -7       -0.0380495988        0.0233885896
  20  -8       -0.1133245159        0.1642845561
  20  -9        0.0293247494       -0.1344471337
  20 -10        0.0975996282       -0.1300272399
  20 -11        0.1467823784       -0.2283693690
  20 -12        0.0809206451       -0.0161246350
  20 -13        0.1418692095        0.1333969364
  20 -14        0.0590443192        0.1201740628
  20 -15        0.1159693263       -0.0286677020
  20 -16        0.0166365590       -0.0900347032
  20 -17       -0.1073774716        0.3076221043
  20 -18        0.0266704197       -0.0787352899
  20 -19        0.1991755551        0.2047389050
  20 -20       -0.0885979674       -0.1507675009
  21  21       -0.0499846171       -0.2407281738
  21  20        0.0229851389        0.3163479986
  21  19       -0.3614595552        0.1024017208
  21  18       -0.3216463487        0.2031133556
  21  17       -0.0823993847       -0.0268396950
  21  16        0.0163490517        0.0608860746
  21  15       -0.2345882518       -0.0914111257
  21  14       -0.0993567710        0.2462743129
  21  13        0.0430207103        0.0481451020
  21  12       -0.0649444366        0.0203969087
  21  11        0.0744108310       -0.0645376127
  21  10        0.0984674772        0.0600705951
  21   9        0.1275233731        0.0914602255
  21   8        0.1111858568       -0.1971493438
  21   7       -0.0744965691       -0.0492201692
  21   6        0.0438956510        0.1281999927
  21   5       -0.0453291620       -0.1814687762
  21   4       -0.1835099572        0.1466640201
  21   3        0.0032125699       -0.0218140714
  21   2       -0.1403927049       -0.1609685463
  21   1        0.1322215289        0.0299244751
  21   0       -0.0694301948        0.0000000000
  21  -1       -0.1322215289        0.0299244751
  21  -2       -0.1403927049        0.1609685463
  21  -3       -0.0032125699       -0.0218140714
  21  -4       -0.1835099572       -0.1466640201
  21  -5        0.0453291620       -0.1814687762
  21  -6        0.0438956510       -0.1281999927
  21  -7        0.0744965691       -0.0492201692
  21  -8        0.1111858568        0.1971493438
  21  -9       -0.1275233731        0.0914602255
  21 -10        0.0984674772       -0.0600705951
  21 -11       -0.0744108310       -0.0645376127
  21 -12       -0.0649444366       -0.0203969087
  21 -13       -0.0430207103        0.0481451020
  21 -14       -0.0993567710       -0.2462743129
  21 -15        0.2345882518       -0.0914111257
  21 -16        0.0163490517       -0.0608860746
  21 -17        0.0823993847       -0.0268396950
  21 -18       -0.3216463487       -0.2031133556
  21 -19        0.3614595552        0.1024017208
  21 -20        0.0229851389       -0.3163479986
  21 -21        0.0499846171       -0.2407281738
  22  22       -0.2943560001       -0.2264287870
  22  21       -0.0351110295        0.2361457220
  22  20       -0.3510497005       -0.0233446563
  22  19       -0.2733755201        0.0886236074
  22  18        0.0965358493       -0.0815223756
  22  17       -0.0769794339        0.1709329860
  22  16        0.2081367325       -0.0155214240
  22  15       -0.0455794076        0.0392948210
  22  14        0.0283034552        0.0660312334
  22  13        0.1119106837       -0.2058793776
  22  12       -0.0296305360        0.1749837544
  22  11        0.1339329150        0.1702764790
  22  10        0.0277498479       -0.1466967637
  22   9        0.1514155691        0.0227717796
  22   8       -0.0876361297        0.0195338903
  22   7        0.1222214996        0.0629654650
  22   6       -0.0104084087       -0.0523182554
  22   5        0.0926866388        0.0366089141
  22   4        0.0119912134       -0.1650691263
  22   3       -0.1320676742        0.0958065791
  22   2       -0.0797577541       -0.1529158523
  22   1        0.0368953471        0.0580095655
  22   0        0.1052797189        0.0000000000
  22  -1       -0.0368953471        0.0580095655
  22  -2       -0.0797577541        0.1529158523
  22  -3        0.1320676742        0.0958065791
  22  -4        0.0119912134        0.1650691263
  22  -5       -0.0926866388        0.0366089141
  22  -6       -0.0104084087        0.0523182554
  22  -7       -0.1222214996        0.0629654650
  22  -8       -0.0876361297       -0.0195338903
  22  -9       -0.1514155691        0.0227717796
  22 -10        0.0277498479        0.1466967637
  22 -11       -0.1339329150        0.1702764790
  22 -12       -0.0296305360       -0.1749837544
  22 -13       -0.1119106837       -0.2058793776
  22 -14        0.0283034552       -0.0660312334
  22 -15        0.0455794076        0.0392948210
  22 -16        0.2081367325        0.0155214240
  22 -17        0.0769794339        0.1709329860
  22 -18        0.0965358493        0.0815223756
  22 -19        0.2733755201        0.0886236074
  22 -20       -0.3510497005        0.0233446563
  22 -21        0.0351110295        0.2361457220
  22 -22       -0.2943560001        0.2264287870
  23  23        0.0374050845       -0.1138139461
  23  22       -0.0203098071        0.1355567436
  23  21       -0.1516420102        0.0060817476
  23  20        0.0434362556        0.2338673902
  23  19        0.1649397247       -0.1428263452
  23  18       -0.0129155250        0.0095016915
  23  17        0.0521617548       -0.1580117561
  23  16       -0.0944132914       -0.0671475044
  23  15        0.1457477979        0.0525711696
  23  14       -0.0730595853        0.0872286263
  23  13       -0.0508946713       -0.0676135996
  23  12       -0.0578311889       -0.0101386106
  23  11       -0.2131349951       -0.1340401050
  23  10       -0.1505861181       -0.0391528723
  23   9       -0.0046808922       -0.0014259633
  23   8       -0.1235133880       -0.0999602794
  23   7        0.0059816159        0.0145993481
  23   6       -0.1071846006        0.0006608919
  23   5        0.1622936760       -0.0064506505
  23   4       -0.1723473861       -0.0507325902
  23   3       -0.0096392911       -0.0237861779
  23   2        0.0158228534       -0.1420883337
  23   1        0.0579663348        0.1716883924
  23   0       -0.0956172829        0.0000000000
  23  -1       -0.0579663348        0.1716883924
  23  -2        0.0158228534        0.1420883337
  23  -3        0.0096392911       -0.0237861779
  23  -4       -0.1723473861        0.0507325902
  23  -5       -0.1622936760       -0.0064506505
  23  -6       -0.1071846006       -0.0006608919
  23  -7       -0.0059816159        0.0145993481
  23  -8       -0.1235133880        0.0999602794
  23  -9        0.0046808922       -0.0014259633
  23 -10       -0.1505861181        0.0391528723
  23 -11        0.2131349951       -0.1340401050
  23 -12       -0.0578311889        0.0101386106
  23 -13        0.0508946713       -0.0676135996
  23 -14       -0.0730595853       -0.0872286263
  23 -15       -0.1457477979        0.0525711696
  23 -16       -0.0944132914        0.0671475044
  23 -17       -0.0521617548       -0.1580117561
  23 -18       -0.0129155250       -0.0095016915
  23 -19       -0.1649397247       -0.1428263452
  23 -20        0.0434362556       -0.2338673902
  23 -21        0.1516420102        0.0060817476
  23 -22       -0.0203098071       -0.1355567436
  23 -23       -0.0374050845       -0.1138139461
  24  24       -0.2131371502       -0.3847955858
  24  23        0.0136486668        0.2113196285
  24  22       -0.1044669491       -0.1051482597
  24  21        0.0352850469        0.1241356631
  24  20       -0.0185899995        0.3248180981
  24  19       -0.2549771692       -0.1653301406
  24  18        0.0870948986        0.0628478146
  24  17        0.0532585517       -0.1019164059
  24  16       -0.0899050618       -0.0338128423
  24  15        0.0565081297        0.0568812085
  24  14        0.0453903789       -0.0331652635
  24  13       -0.0199987138        0.0397452281
  24  12        0.0224708137       -0.0896637145
  24  11       -0.0204824400       -0.1515680308
  24  10        0.1752278981        0.0698763669
  24   9        0.0172284025       -0.0608439791
  24   8       -0.0900702002       -0.0277147261
  24   7        0.0414840542       -0.3578293471
  24   6        0.0887348044       -0.1072739463
  24   5       -0.1496196152       -0.0628286545
  24   4       -0.0304788428       -0.1007313783
  24   3        0.1107807180       -0.1248854854
  24   2       -0.2005811552       -0.2162175247
  24   1       -0.0664563179       -0.0559123277
  24   0       -0.1474274443        0.0000000000
  24  -1        0.0664563179       -0.0559123277
  24  -2       -0.2005811552        0.2162175247
  24  -3       -0.1107807180       -0.1248854854
  24  -4       -0.0304788428        0.1007313783
  24  -5        0.1496196152       -0.0628286545
  24  -6        0.0887348044        0.1072739463
  24  -7       -0.0414840542       -0.3578293471
  24  -8       -0.0900702002        0.0277147261
  24  -9       -0.0172284025       -0.0608439791
  24 -10        0.1752278981       -0.0698763669
  24 -11        0.0204824400       -0.1515680308
  24 -12        0.0224708137        0.0896637145
  24 -13        0.0199987138        0.0397452281
  24 -14        0.0453903789        0.0331652635
  24 -15       -0.0565081297        0.0568812085
  24 -16       -0.0899050618        0.0338128423
  24 -17       -0.0532585517       -0.1019164059
  24 -18        0.0870948986       -0.0628478146
  24 -19        0.2549771692       -0.1653301406
  24 -20       -0.0185899995       -0.3248180981
  24 -21       -0.0352850469        0.1241356631
  24 -22       -0.1044669491        0.1051482597
  24 -23       -0.0136486668        0.2113196285
  24 -24       -0.2131371502        0.3847955858
  25  25       -0.1274011355       -0.3810181485
  25  24       -0.1628991856        0.1922583273
  25  23        0.0185310141        0.1133591579
  25  22       -0.0458071754        0.0233339557
  25  21        0.0075316068       -0.3272909018
  25  20        0.1415685667       -0.0012102574
  25  19        0.1629931836       -0.0980164890
  25  18        0.2001766593       -0.0578110368
  25  17        0.1716013208       -0.0142678869
  25  16        0.2380896225       -0.0987314160
  25  15        0.2320322791        0.0724679651
  25  14        0.0766144059       -0.0292874000
  25  13        0.1117914456        0.1733707298
  25  12        0.1857015566       -0.3615305142
  25  11       -0.0307022838       -0.2013570052
  25  10        0.0240571011       -0.0925131606
  25   9       -0.2042715904        0.0037076732
  25   8        0.0849597300       -0.0790617497
  25   7       -0.0746881834       -0.1299189510
  25   6       -0.0213868469        0.0480981955
  25   5        0.1134774363        0.1304105442
  25   4       -0.0818317720       -0.1165989168
  25   3        0.0754882773        0.1830723729
  25   2        0.0446669029       -0.0414906896
  25   1       -0.1107275751       -0.1657774472
  25   0       -0.0163372619        0.0000000000
  25  -1        0.1107275751       -0.1657774472
  25  -2        0.0446669029        0.0414906896
  25  -3       -0.0754882773        0.1830723729
  25  -4       -0.0818317720        0.1165989168
  25  -5       -0.1134774363        0.1304105442
  25  -6       -0.0213868469       -0.0480981955
  25  -7        0.0746881834       -0.1299189510
  25  -8        0.0849597300        0.0790617497
  25  -9        0.2042715904        0.0037076732
  25 -10        0.0240571011        0.0925131606
  25 -11        0.0307022838       -0.2013570052
  25 -12        0.1857015566        0.3615305142
  25 -13       -0.1117914456        0.1733707298
  25 -14        0.0766144059        0.0292874000
  25 -15       -0.2320322791        0.0724679651
  25 -16        0.2380896225        0.0987314160
  25 -17       -0.1716013208       -0.0142678869
  25 -18        0.2001766593        0.0578110368
  25 -19       -0.1629931836       -0.0980164890
  25 -20        0.1415685667        0.0012102574
  25 -21       -0.0075316068       -0.3272909018
  25 -22       -0.0458071754       -0.0233339557
  25 -23       -0.0185310141        0.1133591579
  25 -24       -0.1628991856       -0.1922583273
  25 -25        0.1274011355       -0.3810181485
  26  26        0.0016852685       -0.4858204932
  26  25        0.0367862354       -0.1147770096
  26  24       -0.0830424139        0.0099962416
  26  23       -0.1424138867        0.0682611281
  26  22        0.0266149650       -0.1540456309
  26  21        0.1916422330       -0.0656319493
  26  20        0.3123377965        0.0852959443
  26  19        0.0852420375        0.0777751435
  26  18        0.0222781554        0.0229091567
  26  17        0.0839773634        0.0477612296
  26  16        0.1977837260       -0.0425443142
  26  15        0.2047560784       -0.0178189588
  26  14       -0.1183263891        0.0848620478
  26  13        0.2918965307        0.1223143787
  26  12        0.1103149140        0.1135828304
  26  11        0.1916397716       -0.0980163753
  26  10        0.2015803853       -0.0723117324
  26   9        0.2982491433        0.0983472610
  26   8        0.0486331045        0.0237928413
  26   7       -0.0567420110       -0.0229662903
  26   6        0.0304589701       -0.0207431112
  26   5        0.1003738099       -0.0885785323
  26   4        0.1964339843        0.1330044665
  26   3        0.1318913115       -0.2350087849
  26   2       -0.0757003453       -0.0073568056
  26   1        0.0984523444       -0.0303622724
  26   0        0.2093035006        0.0000000000
  26  -1       -0.0984523444       -0.0303622724
  26  -2       -0.0757003453        0.0073568056
  26  -3       -0.1318913115       -0.2350087849
  26  -4        0.1964339843       -0.1330044665
  26  -5       -0.1003738099       -0.0885785323
  26  -6        0.0304589701        0.0207431112
  26  -7        0.0567420110       -0.0229662903
  26  -8        0.0486331045       -0.0237928413
  26  -9       -0.2982491433        0.0983472610
  26 -10        0.2015803853        0.0723117324
  26 -11       -0.1916397716       -0.0980163753
  26 -12        0.1103149140       -0.1135828304
  26 -13       -0.2918965307        0.1223143787
  26 -14       -0.1183263891       -0.0848620478
  26 -15       -0.2047560784       -0.0178189588
  26 -16        0.1977837260        0.0425443142
  26 -17       -0.0839773634        0.0477612296
  26 -18        0.0222781554       -0.0229091567
  26 -19       -0.0852420375        0.0777751435
  26 -20        0.3123377965       -0.0852959443
  26 -21       -0.1916422330       -0.0656319493
  26 -22        0.0266149650        0.1540456309
  26 -23        0.1424138867        0.0682611281
  26 -24       -0.0830424139       -0.0099962416
  26 -25       -0.0367862354       -0.1147770096
  26 -26        0.0016852685        0.4858204932
