   0   0       18.5951801782        0.0000000000
   1   1       -0.0628656182       -0.5803408323
   1   0        0.5466807642        0.0000000000
   1  -1        0.0628656182       -0.5803408323
   2   2       -3.1825379047        1.8878484941
   2   1       -0.6587107609        0.8090807643
   2   0        3.7411771803        0.0000000000
   2  -1        0.6587107609        0.8090807643
   2  -2       -3.1825379047       -1.8878484941
   3   3       -0.2082500114       -0.0767838151
   3   2       -0.4549505661       -0.4552794030
   3   1        0.0098380180        0.5068049242
   3   0       -0.5233636969        0.0000000000
   3  -1       -0.0098380180        0.5068049242
   3  -2       -0.4549505661        0.4552794030
   3  -3        0.2082500114       -0.0767838151
   4   4        0.3689855503       -0.8468404623
   4   3        0.0825804934       -0.4144815423
   4   2       -0.7709250240        0.1056962164
   4   1       -0.6933287421       -0.1321998593
   4   0        1.2598420849        0.0000000000
   4  -1        0.6933287421       -0.1321998593
   4  -2       -0.7709250240       -0.1056962164
   4  -3       -0.0825804934       -0.4144815423
   4  -4        0.3689855503        0.8468404623
   5   5        0.0393547954        0.0784063888
   5   4        0.4658999609        0.0958830674
   5   3       -0.1025630580       -0.3182700581
   5   2       -0.0110679791       -0.1693916575
   5   1        0.3139399118        0.2982646618
   5   0       -0.5713015384        0.0000000000
   5  -1       -0.3139399118        0.2982646618
   5  -2       -0.0110679791        0.1693916575
   5  -3        0.1025630580       -0.3182700581
   5  -4        0.4658999609       -0.0958830674
   5  -5       -0.0393547954        0.0784063888
   6   6       -0.0143438726        0.2114505723
   6   5        0.1191013726        0.0978479422
   6   4        0.2959303516       -0.0511015356
   6   3        0.3417167884       -0.0512297634
   6   2       -0.1201707003        0.0346080272
   6   1       -0.4487062910        0.0300874865
   6   0        0.2986951835        0.0000000000
   6  -1        0.4487062910        0.0300874865
   6  -2       -0.1201707003       -0.0346080272
   6  -3       -0.3417167884       -0.0512297634
   6  -4        0.2959303516        0.0511015356
   6  -5       -0.1191013726        0.0978479422
   6  -6       -0.0143438726       -0.2114505723
   7   7        0.0266909081       -0.0160802526
   7   6       -0.2214515105       -0.0588780406
   7   5        0.0735110933       -0.0820224301
   7   4        0.1004569236        0.1408597216
   7   3       -0.1068637982       -0.0128130573
   7   2       -0.0344871329       -0.1856435550
   7   1        0.1821900494        0.0216931462
   7   0       -0.0861816187        0.0000000000
   7  -1       -0.1821900494        0.0216931462
   7  -2       -0.0344871329        0.1856435550
   7  -3        0.1068637982       -0.0128130573
   7  -4        0.1004569236       -0.1408597216
   7  -5       -0.0735110933       -0.0820224301
   7  -6       -0.2214515105        0.0588780406
   7  -7       -0.0266909081       -0.0160802526
   8   8       -0.0610716469       -0.0079807868
   8   7        0.0422332170        0.0014436546
   8   6       -0.0196120253        0.0596836984
   8   5       -0.0524991238        0.0721754617
   8   4        0.0231887480        0.0313713191
   8   3        0.0235202036       -0.0264928409
   8   2        0.0890935600        0.1664455088
   8   1       -0.2753080388        0.0045547405
   8   0        0.0840618434        0.0000000000
   8  -1        0.2753080388        0.0045547405
   8  -2        0.0890935600       -0.1664455088
   8  -3       -0.0235202036       -0.0264928409
   8  -4        0.0231887480       -0.0313713191
   8  -5        0.0524991238        0.0721754617
   8  -6       -0.0196120253       -0.0596836984
   8  -7       -0.0422332170        0.0014436546
   8  -8       -0.0610716469        0.0079807868
   9   9        0.0103634420       -0.0390679242
   9   8        0.0642866017        0.1447396106
   9   7       -0.0213270293        0.0744764138
   9   6       -0.0564051022        0.0258709727
   9   5        0.0815827677        0.0550748246
   9   4        0.0385967833        0.0877242423
   9   3       -0.1613543861       -0.0485253279
   9   2       -0.0775957732       -0.0116955255
   9   1        0.0873105530       -0.0535110073
   9   0        0.0987003315        0.0000000000
   9  -1       -0.0873105530       -0.0535110073
   9  -2       -0.0775957732        0.0116955255
   9  -3        0.1613543861       -0.0485253279
   9  -4        0.0385967833       -0.0877242423
   9  -5       -0.0815827677        0.0550748246
   9  -6       -0.0564051022       -0.0258709727
   9  -7        0.0213270293        0.0744764138
   9  -8        0.0642866017       -0.1447396106
   9  -9       -0.0103634420       -0.0390679242
  10  10       -0.0354531110       -0.0101256260
  10   9       -0.0043412363       -0.0679272089
  10   8        0.0423006008        0.0696631349
  10   7       -0.0416684732        0.0165206453
  10   6       -0.0266271638       -0.0031418669
  10   5       -0.0215999141       -0.0054683890
  10   4        0.0200194092        0.0317595120
  10   3        0.0108687647        0.0398259635
  10   2        0.0688677196       -0.0821415783
  10   1        0.0138182100        0.1000504043
  10   0        0.0134462169        0.0000000000
  10  -1       -0.0138182100        0.1000504043
  10  -2        0.0688677196        0.0821415783
  10  -3       -0.0108687647        0.0398259635
  10  -4        0.0200194092       -0.0317595120
  10  -5        0.0215999141       -0.0054683890
  10  -6       -0.0266271638        0.0031418669
  10  -7        0.0416684732        0.0165206453
  10  -8        0.0423006008       -0.0696631349
  10  -9        0.0043412363       -0.0679272089
  10 -10       -0.0354531110        0.0101256260
  11  11       -0.0881134630       -0.0377418068
  11  10        0.0330041615       -0.0262045421
  11   9        0.0225220689       -0.0280469914
  11   8        0.0227242620        0.0583762425
  11   7       -0.0192178700        0.0501936156
  11   6        0.0390495117        0.0444083659
  11   5        0.0351357537        0.0013896577
  11   4        0.0427651396       -0.0100313532
  11   3        0.0244017970        0.0548330728
  11   2       -0.1279965276        0.0733656546
  11   1        0.0227028806       -0.0421597378
  11   0        0.0859047306        0.0000000000
  11  -1       -0.0227028806       -0.0421597378
  11  -2       -0.1279965276       -0.0733656546
  11  -3       -0.0244017970        0.0548330728
  11  -4        0.0427651396        0.0100313532
  11  -5       -0.0351357537        0.0013896577
  11  -6        0.0390495117       -0.0444083659
  11  -7        0.0192178700        0.0501936156
  11  -8        0.0227242620       -0.0583762425
  11  -9       -0.0225220689       -0.0280469914
  11 -10        0.0330041615        0.0262045421
  11 -11        0.0881134630       -0.0377418068
  12  12        0.0385404833        0.0214080085
  12  11        0.0291660729        0.0855663835
  12  10       -0.0160707163       -0.0628556435
  12   9        0.0032125714       -0.0013940638
  12   8        0.0235222637       -0.0428868494
  12   7        0.0633895872       -0.0191250305
  12   6       -0.0538201810       -0.0186985742
  12   5        0.0676443457        0.0116938584
  12   4        0.0529530619        0.0315980249
  12   3       -0.0254611063       -0.0201513520
  12   2       -0.0006928126       -0.1231875661
  12   1        0.0437135159       -0.0228872046
  12   0       -0.1114904541        0.0000000000
  12  -1       -0.0437135159       -0.0228872046
  12  -2       -0.0006928126        0.1231875661
  12  -3        0.0254611063       -0.0201513520
  12  -4        0.0529530619       -0.0315980249
  12  -5       -0.0676443457        0.0116938584
  12  -6       -0.0538201810        0.0186985742
  12  -7       -0.0633895872       -0.0191250305
  12  -8        0.0235222637        0.0428868494
  12  -9       -0.0032125714       -0.0013940638
  12 -10       -0.0160707163        0.0628556435
  12 -11       -0.0291660729        0.0855663835
  12 -12        0.0385404833       -0.0214080085
  13  13        0.0751621323        0.0204823295
  13  12        0.0066797833        0.0164746390
  13  11        0.0759916226       -0.0071819412
  13  10        0.0525579379       -0.0174698220
  13   9        0.0496101056        0.0069117133
  13   8       -0.0026423859        0.0258097299
  13   7        0.0075875092       -0.0152706836
  13   6        0.0018920278        0.0029772692
  13   5       -0.0611180425       -0.0537410048
  13   4        0.0479207588        0.0458097670
  13   3        0.1384272411       -0.0753310724
  13   2       -0.1014274672        0.0414318200
  13   1        0.0291737976        0.0577311664
  13   0        0.0204773855        0.0000000000
  13  -1       -0.0291737976        0.0577311664
  13  -2       -0.1014274672       -0.0414318200
  13  -3       -0.1384272411       -0.0753310724
  13  -4        0.0479207588       -0.0458097670
  13  -5        0.0611180425       -0.0537410048
  13  -6        0.0018920278       -0.0029772692
  13  -7       -0.0075875092       -0.0152706836
  13  -8       -0.0026423859       -0.0258097299
  13  -9       -0.0496101056        0.0069117133
  13 -10        0.0525579379        0.0174698220
  13 -11       -0.0759916226       -0.0071819412
  13 -12        0.0066797833       -0.0164746390
  13 -13       -0.0751621323        0.0204823295
  14  14       -0.0647261557       -0.0689158556
  14  13       -0.0474341274       -0.0347214347
  14  12       -0.0671112039        0.0176708645
  14  11       -0.0308125920       -0.0175165517
  14  10        0.0343913142       -0.0048320040
  14   9        0.0505526698       -0.0095503888
  14   8        0.0073629374       -0.0436679866
  14   7        0.0763976790        0.0408615392
  14   6       -0.0530831116       -0.0489903663
  14   5       -0.0143674513        0.0389029983
  14   4        0.0245508969        0.1102230265
  14   3       -0.0987148785       -0.0032581102
  14   2       -0.0017743750       -0.0610717980
  14   1       -0.0120731694       -0.0360063736
  14   0       -0.0089154699        0.0000000000
  14  -1        0.0120731694       -0.0360063736
  14  -2       -0.0017743750        0.0610717980
  14  -3        0.0987148785       -0.0032581102
  14  -4        0.0245508969       -0.1102230265
  14  -5        0.0143674513        0.0389029983
  14  -6       -0.0530831116        0.0489903663
  14  -7       -0.0763976790        0.0408615392
  14  -8        0.0073629374        0.0436679866
  14  -9       -0.0505526698       -0.0095503888
  14 -10        0.0343913142        0.0048320040
  14 -11        0.0308125920       -0.0175165517
  14 -12       -0.0671112039       -0.0176708645
  14 -13        0.0474341274       -0.0347214347
  14 -14       -0.0647261557        0.0689158556
  15  15       -0.0044097177       -0.0674690713
  15  14       -0.0244437847        0.0222841729
  15  13        0.0210605459        0.0544392140
  15  12       -0.0420899845       -0.0366745546
  15  11       -0.0249043877        0.0418252239
  15  10       -0.0149354977       -0.0057771366
  15   9        0.0370354553       -0.0037506524
  15   8       -0.0642101033        0.0338413407
  15   7       -0.0403213674       -0.0500261736
  15   6       -0.0215426617       -0.0170350814
  15   5        0.0521367594       -0.0087000250
  15   4       -0.0148903116        0.0417031433
  15   3        0.0944718958       -0.0133202366
  15   2        0.0513137730        0.0043195588
  15   1       -0.0877391057       -0.0628538827
  15   0        0.0405473217        0.0000000000
  15  -1        0.0877391057       -0.0628538827
  15  -2        0.0513137730       -0.0043195588
  15  -3       -0.0944718958       -0.0133202366
  15  -4       -0.0148903116       -0.0417031433
  15  -5       -0.0521367594       -0.0087000250
  15  -6       -0.0215426617        0.0170350814
  15  -7        0.0403213674       -0.0500261736
  15  -8       -0.0642101033       -0.0338413407
  15  -9       -0.0370354553       -0.0037506524
  15 -10       -0.0149354977        0.0057771366
  15 -11        0.0249043877        0.0418252239
  15 -12       -0.0420899845        0.0366745546
  15 -13       -0.0210605459        0.0544392140
  15 -14       -0.0244437847       -0.0222841729
  15 -15        0.0044097177       -0.0674690713
  16  16        0.0062102924       -0.0008188430
  16  15       -0.0159233962        0.0389291221
  16  14        0.0096267649       -0.0099346858
  16  13        0.0049216434       -0.0326497228
  16  12        0.0061233564       -0.0160334459
  16  11        0.0047352248       -0.0223728799
  16  10        0.0205314523        0.0446762778
  16   9        0.0173041670       -0.0566364362
  16   8        0.0256512703        0.0222389397
  16   7       -0.0282607891        0.0594943675
  16   6       -0.0089944682       -0.0043977216
  16   5       -0.0327668419        0.0614366539
  16   4       -0.0096474179        0.0013612601
  16   3       -0.1038033879        0.0471647272
  16   2        0.0217839261       -0.0563100956
  16   1        0.0389956121        0.0534311220
  16   0       -0.0409936925        0.0000000000
  16  -1       -0.0389956121        0.0534311220
  16  -2        0.0217839261        0.0563100956
  16  -3        0.1038033879        0.0471647272
  16  -4       -0.0096474179       -0.0013612601
  16  -5        0.0327668419        0.0614366539
  16  -6       -0.0089944682        0.0043977216
  16  -7        0.0282607891        0.0594943675
  16  -8        0.0256512703       -0.0222389397
  16  -9       -0.0173041670       -0.0566364362
  16 -10        0.0205314523       -0.0446762778
  16 -11       -0.0047352248       -0.0223728799
  16 -12        0.0061233564        0.0160334459
  16 -13       -0.0049216434       -0.0326497228
  16 -14        0.0096267649        0.0099346858
  16 -15        0.0159233962        0.0389291221
  16 -16        0.0062102924        0.0008188430
  17  17        0.0445080188        0.0255350786
  17  16        0.0338970882       -0.0436903060
  17  15        0.0263076091        0.0090782150
  17  14        0.0675833519        0.0235243884
  17  13       -0.0121904150        0.0001379319
  17  12       -0.0340950969        0.0076236483
  17  11        0.0284471772        0.0235627541
  17  10       -0.0281639812        0.0064551397
  17   9        0.0422918942        0.0751332291
  17   8       -0.0429789538        0.0200130925
  17   7       -0.0822380595       -0.0495054076
  17   6        0.0043452151       -0.0059098078
  17   5        0.0652758355       -0.0002960748
  17   4       -0.0385336921        0.0336478540
  17   3       -0.0256836791       -0.0475623106
  17   2        0.0543179118       -0.0131378261
  17   1        0.0253965762       -0.0458097326
  17   0       -0.0089225602        0.0000000000
  17  -1       -0.0253965762       -0.0458097326
  17  -2        0.0543179118        0.0131378261
  17  -3        0.0256836791       -0.0475623106
  17  -4       -0.0385336921       -0.0336478540
  17  -5       -0.0652758355       -0.0002960748
  17  -6        0.0043452151        0.0059098078
  17  -7        0.0822380595       -0.0495054076
  17  -8       -0.0429789538       -0.0200130925
  17  -9       -0.0422918942        0.0751332291
  17 -10       -0.0281639812       -0.0064551397
  17 -11       -0.0284471772        0.0235627541
  17 -12       -0.0340950969       -0.0076236483
  17 -13        0.0121904150        0.0001379319
  17 -14        0.0675833519       -0.0235243884
  17 -15       -0.0263076091        0.0090782150
  17 -16        0.0338970882        0.0436903060
  17 -17       -0.0445080188        0.0255350786
  18  18        0.0069740950        0.0281871265
  18  17        0.0117351819        0.0074278656
  18  16       -0.0673634295        0.0099766321
  18  15       -0.0171460684        0.0476903874
  18  14       -0.0149305952        0.0200795392
  18  13        0.0508288299        0.0529220639
  18  12       -0.0131388094        0.0332127708
  18  11        0.0387971314        0.0459517277
  18  10       -0.0578326372       -0.0580715647
  18   9       -0.0205061806       -0.0082393284
  18   8       -0.0069481503       -0.0444435440
  18   7        0.0184518776        0.0254537729
  18   6        0.0095859558        0.0382887645
  18   5        0.0511551911        0.0747483402
  18   4       -0.0196490112       -0.0340108770
  18   3       -0.0182196008        0.0485702505
  18   2       -0.0080440233       -0.0344362739
  18   1        0.0827763112       -0.0106767770
  18   0       -0.0142640841        0.0000000000
  18  -1       -0.0827763112       -0.0106767770
  18  -2       -0.0080440233        0.0344362739
  18  -3        0.0182196008        0.0485702505
  18  -4       -0.0196490112        0.0340108770
  18  -5       -0.0511551911        0.0747483402
  18  -6        0.0095859558       -0.0382887645
  18  -7       -0.0184518776        0.0254537729
  18  -8       -0.0069481503        0.0444435440
  18  -9        0.0205061806       -0.0082393284
  18 -10       -0.0578326372        0.0580715647
  18 -11       -0.0387971314        0.0459517277
  18 -12       -0.0131388094       -0.0332127708
  18 -13       -0.0508288299        0.0529220639
  18 -14       -0.0149305952       -0.0200795392
  18 -15        0.0171460684        0.0476903874
  18 -16       -0.0673634295       -0.0099766321
  18 -17       -0.0117351819        0.0074278656
  18 -18        0.0069740950       -0.0281871265
  19  19        0.0633146389       -0.0364921009
  19  18       -0.0161031641        0.0441444421
  19  17        0.0047437983       -0.0198740396
  19  16       -0.0034308542        0.0218387075
  19  15        0.0532310760       -0.0062540896
  19  14        0.0266204839        0.0081000067
  19  13        0.0042815267        0.0054910461
  19  12        0.0094693617        0.0382944621
  19  11        0.0023243803       -0.0452618649
  19  10       -0.0133189184        0.0018072227
  19   9        0.0140035637        0.0346535098
  19   8       -0.0090339609        0.0072558406
  19   7       -0.0428693673       -0.0346938025
  19   6        0.0116982082        0.0494783155
  19   5        0.0542800329       -0.0525031246
  19   4       -0.0084957701        0.0028916195
  19   3       -0.0735717540       -0.0079238069
  19   2        0.0353849630        0.0520094167
  19   1       -0.0055774095        0.0413846036
  19   0       -0.0321998666        0.0000000000
  19  -1        0.0055774095        0.0413846036
  19  -2        0.0353849630       -0.0520094167
  19  -3        0.0735717540       -0.0079238069
  19  -4       -0.0084957701       -0.0028916195
  19  -5       -0.0542800329       -0.0525031246
  19  -6        0.0116982082       -0.0494783155
  19  -7        0.0428693673       -0.0346938025
  19  -8       -0.0090339609       -0.0072558406
  19  -9       -0.0140035637        0.0346535098
  19 -10       -0.0133189184       -0.0018072227
  19 -11       -0.0023243803       -0.0452618649
  19 -12        0.0094693617       -0.0382944621
  19 -13       -0.0042815267        0.0054910461
  19 -14        0.0266204839       -0.0081000067
  19 -15       -0.0532310760       -0.0062540896
  19 -16       -0.0034308542       -0.0218387075
  19 -17       -0.0047437983       -0.0198740396
  19 -18       -0.0161031641       -0.0441444421
  19 -19       -0.0633146389       -0.0364921009
  20  20       -0.0203421728       -0.0213915995
  20  19       -0.0422587227       -0.0320088414
  20  18       -0.0046547301       -0.0273853645
  20  17        0.0304487846       -0.0048386770
  20  16        0.0383294701        0.0193838192
  20  15       -0.0381031829        0.0020006267
  20  14       -0.0089459199        0.0028455716
  20  13        0.0089086219        0.0267291136
  20  12        0.0523664787        0.0340407086
  20  11        0.0236788739       -0.0063185573
  20  10       -0.0094719015       -0.0496412371
  20   9        0.0144952173       -0.0085119898
  20   8       -0.0448756520       -0.0723381595
  20   7        0.0081077479        0.0072070057
  20   6       -0.0224452747        0.0301742398
  20   5        0.0105507147        0.0628576186
  20   4       -0.0247294619       -0.0117330197
  20   3        0.0624666117       -0.0031983951
  20   2        0.0261676697       -0.0019851869
  20   1        0.0264234005        0.0039422560
  20   0        0.0243616883        0.0000000000
  20  -1       -0.0264234005        0.0039422560
  20  -2        0.0261676697        0.0019851869
  20  -3       -0.0624666117       -0.0031983951
  20  -4       -0.0247294619        0.0117330197
  20  -5       -0.0105507147        0.0628576186
  20  -6       -0.0224452747       -0.0301742398
  20  -7       -0.0081077479        0.0072070057
  20  -8       -0.0448756520        0.0723381595
  20  -9       -0.0144952173       -0.0085119898
  20 -10       -0.0094719015        0.0496412371
  20 -11       -0.0236788739       -0.0063185573
  20 -12        0.0523664787       -0.0340407086
  20 -13       -0.0089086219        0.0267291136
  20 -14       -0.0089459199       -0.0028455716
  20 -15        0.0381031829        0.0020006267
  20 -16        0.0383294701       -0.0193838192
  20 -17       -0.0304487846       -0.0048386770
  20 -18       -0.0046547301        0.0273853645
  20 -19        0.0422587227       -0.0320088414
  20 -20       -0.0203421728        0.0213915995
  21  21       -0.0211553095        0.0407348412
  21  20       -0.0031364814       -0.0241257171
  21  19        0.0256755973        0.0110324013
  21  18       -0.0210272742       -0.0475632339
  21  17       -0.0447398603        0.0120363219
  21  16        0.0368055792       -0.0197602730
  21  15        0.0075054995       -0.0058772868
  21  14        0.0162003842        0.0164509212
  21  13       -0.0413167164        0.0287089860
  21  12        0.0117060247       -0.0002446873
  21  11        0.0107096677       -0.0268609418
  21  10        0.0632277164        0.0202493866
  21   9       -0.0254908103       -0.0093172370
  21   8        0.0280459988        0.0077949239
  21   7       -0.0042876481       -0.0297004428
  21   6       -0.0049671680        0.0399647082
  21   5       -0.0280887113       -0.0523881255
  21   4       -0.0009884897       -0.0071440163
  21   3       -0.0420988608       -0.0222396828
  21   2       -0.0154967249       -0.0252105928
  21   1        0.0239473145        0.0474402003
  21   0       -0.0471238621        0.0000000000
  21  -1       -0.0239473145        0.0474402003
  21  -2       -0.0154967249        0.0252105928
  21  -3        0.0420988608       -0.0222396828
  21  -4       -0.0009884897        0.0071440163
  21  -5        0.0280887113       -0.0523881255
  21  -6       -0.0049671680       -0.0399647082
  21  -7        0.0042876481       -0.0297004428
  21  -8        0.0280459988       -0.0077949239
  21  -9        0.0254908103       -0.0093172370
  21 -10        0.0632277164       -0.0202493866
  21 -11       -0.0107096677       -0.0268609418
  21 -12        0.0117060247        0.0002446873
  21 -13        0.0413167164        0.0287089860
  21 -14        0.0162003842       -0.0164509212
  21 -15       -0.0075054995       -0.0058772868
  21 -16        0.0368055792        0.0197602730
  21 -17        0.0447398603        0.0120363219
  21 -18       -0.0210272742        0.0475632339
  21 -19       -0.0256755973        0.0110324013
  21 -20       -0.0031364814        0.0241257171
  21 -21        0.0211553095        0.0407348412
  22  22       -0.0001947274       -0.0251323391
  22  21        0.0488696374        0.0207182785
  22  20        0.0142601822       -0.0243040550
  22  19       -0.0335628465        0.0230142449
  22  18       -0.0579902374        0.0007932492
  22  17        0.0034983816        0.0111882589
  22  16       -0.0123204253        0.0285857586
  22  15       -0.0136695086       -0.0259485841
  22  14       -0.0289413587        0.0105646343
  22  13        0.0071093559       -0.0255718768
  22  12        0.0035229869        0.0270542164
  22  11       -0.0034049327       -0.0037898523
  22  10       -0.0254791881       -0.0101890648
  22   9        0.0603659589        0.0075992789
  22   8       -0.0416588123       -0.0273294719
  22   7       -0.0130501938        0.0093659001
  22   6        0.0137398257        0.0011268335
  22   5       -0.0315702647        0.0123589752
  22   4       -0.0241677788       -0.0053353780
  22   3        0.0938864869       -0.0545102125
  22   2        0.0085108308        0.0447661333
  22   1       -0.0046546842       -0.0343460168
  22   0       -0.0074221254        0.0000000000
  22  -1        0.0046546842       -0.0343460168
  22  -2        0.0085108308       -0.0447661333
  22  -3       -0.0938864869       -0.0545102125
  22  -4       -0.0241677788        0.0053353780
  22  -5        0.0315702647        0.0123589752
  22  -6        0.0137398257       -0.0011268335
  22  -7        0.0130501938        0.0093659001
  22  -8       -0.0416588123        0.0273294719
  22  -9       -0.0603659589        0.0075992789
  22 -10       -0.0254791881        0.0101890648
  22 -11        0.0034049327       -0.0037898523
  22 -12        0.0035229869       -0.0270542164
  22 -13       -0.0071093559       -0.0255718768
  22 -14       -0.0289413587       -0.0105646343
  22 -15        0.0136695086       -0.0259485841
  22 -16       -0.0123204253       -0.0285857586
  22 -17       -0.0034983816        0.0111882589
  22 -18       -0.0579902374       -0.0007932492
  22 -19        0.0335628465        0.0230142449
  22 -20        0.0142601822        0.0243040550
  22 -21       -0.0488696374        0.0207182785
  22 -22       -0.0001947274        0.0251323391
  23  23        0.0420348600        0.0375823054
  23  22       -0.0217769827        0.0071766898
  23  21        0.0105913944       -0.0084536469
  23  20        0.0170524956        0.0043392140
  23  19        0.0411756572       -0.0168757293
  23  18       -0.0249449559       -0.0201880261
  23  17        0.0013981548        0.0008796869
  23  16        0.0072910863       -0.0344887881
  23  15        0.0459161169       -0.0434046688
  23  14        0.0254805328        0.0109897126
  23  13       -0.0410006889        0.0146885205
  23  12       -0.0153746562       -0.0147524814
  23  11        0.0160789581        0.0123717885
  23  10        0.0556817350        0.0465093764
  23   9       -0.0491333338       -0.0565156709
  23   8        0.0681402405        0.0410749041
  23   7        0.0129256993       -0.0672492345
  23   6       -0.0299533169        0.0323489038
  23   5        0.0214950476        0.0126278594
  23   4        0.0416448003        0.0027148546
  23   3       -0.0173077912        0.0429005396
  23   2        0.0030280080       -0.0451316182
  23   1        0.0360892124        0.0563816841
  23   0       -0.0134620098        0.0000000000
  23  -1       -0.0360892124        0.0563816841
  23  -2        0.0030280080        0.0451316182
  23  -3        0.0173077912        0.0429005396
  23  -4        0.0416448003       -0.0027148546
  23  -5       -0.0214950476        0.0126278594
  23  -6       -0.0299533169       -0.0323489038
  23  -7       -0.0129256993       -0.0672492345
  23  -8        0.0681402405       -0.0410749041
  23  -9        0.0491333338       -0.0565156709
  23 -10        0.0556817350       -0.0465093764
  23 -11       -0.0160789581        0.0123717885
  23 -12       -0.0153746562        0.0147524814
  23 -13        0.0410006889        0.0146885205
  23 -14        0.0254805328       -0.0109897126
  23 -15       -0.0459161169       -0.0434046688
  23 -16        0.0072910863        0.0344887881
  23 -17       -0.0013981548        0.0008796869
  23 -18       -0.0249449559        0.0201880261
  23 -19       -0.0411756572       -0.0168757293
  23 -20        0.0170524956       -0.0043392140
  23 -21       -0.0105913944       -0.0084536469
  23 -22       -0.0217769827       -0.0071766898
  23 -23       -0.0420348600        0.0375823054
  24  24        0.0651171825        0.0124350511
  24  23       -0.0299728149        0.0049381841
  24  22        0.0045245850        0.0471909448
  24  21        0.0107354041       -0.0137307441
  24  20       -0.0016484669       -0.0075424894
  24  19        0.0252699257       -0.0057963947
  24  18       -0.0239870968       -0.0379845893
  24  17        0.0031251431        0.0197640665
  24  16        0.0081742296       -0.0061417757
  24  15        0.0281176837       -0.0090662813
  24  14       -0.0051337519        0.0151683099
  24  13        0.0086102728       -0.0343955530
  24  12       -0.0154412174       -0.0017365011
  24  11       -0.0071548262       -0.0263590825
  24  10       -0.0345716229        0.0095713254
  24   9        0.0533377541       -0.0151934863
  24   8       -0.0394360444       -0.0220660208
  24   7        0.0128517167        0.0287823454
  24   6       -0.0110278959       -0.0204277199
  24   5       -0.0289444747       -0.0173510769
  24   4       -0.0610734800       -0.0287886139
  24   3        0.0719078100       -0.0090879543
  24   2       -0.0015923234        0.0053872205
  24   1       -0.0033813453       -0.0248916575
  24   0        0.0305512725        0.0000000000
  24  -1        0.0033813453       -0.0248916575
  24  -2       -0.0015923234       -0.0053872205
  24  -3       -0.0719078100       -0.0090879543
  24  -4       -0.0610734800        0.0287886139
  24  -5        0.0289444747       -0.0173510769
  24  -6       -0.0110278959        0.0204277199
  24  -7       -0.0128517167        0.0287823454
  24  -8       -0.0394360444        0.0220660208
  24  -9       -0.0533377541       -0.0151934863
  24 -10       -0.0345716229       -0.0095713254
  24 -11        0.0071548262       -0.0263590825
  24 -12       -0.0154412174        0.0017365011
  24 -13       -0.0086102728       -0.0343955530
  24 -14       -0.0051337519       -0.0151683099
  24 -15       -0.0281176837       -0.0090662813
  24 -16        0.0081742296        0.0061417757
  24 -17       -0.0031251431        0.0197640665
  24 -18       -0.0239870968        0.0379845893
  24 -19       -0.0252699257       -0.0057963947
  24 -20       -0.0016484669        0.0075424894
  24 -21       -0.0107354041       -0.0137307441
  24 -22        0.0045245850       -0.0471909448
  24 -23        0.0299728149        0.0049381841
  24 -24        0.0651171825       -0.0124350511
  25  25       -0.0418539487       -0.0038734868
  25  24        0.0171344148       -0.0112251212
  25  23        0.0144874657        0.0317987913
  25  22       -0.0021895603        0.0284425362
  25  21       -0.0062110078       -0.0034856134
  25  20        0.0052134029        0.0298173285
  25  19        0.0299518526        0.0124338063
  25  18       -0.0223658028        0.0253184934
  25  17       -0.0013958128        0.0125806460
  25  16       -0.0304555582        0.0038632203
  25  15        0.0267050410        0.0036550708
  25  14        0.0323389048       -0.0020879501
  25  13       -0.0487834559       -0.0125226784
  25  12        0.0208128331       -0.0169179086
  25  11        0.0273985125        0.0012234925
  25  10        0.0285142344        0.0275380310
  25   9       -0.0333268143        0.0048760941
  25   8        0.0346269209       -0.0117356821
  25   7       -0.0184756307        0.0198321611
  25   6       -0.0027277760       -0.0269141956
  25   5       -0.0387198743        0.0237370207
  25   4        0.0245216994       -0.0012090026
  25   3       -0.0212795297       -0.0078673884
  25   2       -0.0289971528        0.0097260597
  25   1        0.0191947416       -0.0532792913
  25   0        0.0123980527        0.0000000000
  25  -1       -0.0191947416       -0.0532792913
  25  -2       -0.0289971528       -0.0097260597
  25  -3        0.0212795297       -0.0078673884
  25  -4        0.0245216994        0.0012090026
  25  -5        0.0387198743        0.0237370207
  25  -6       -0.0027277760        0.0269141956
  25  -7        0.0184756307        0.0198321611
  25  -8        0.0346269209        0.0117356821
  25  -9        0.0333268143        0.0048760941
  25 -10        0.0285142344       -0.0275380310
  25 -11       -0.0273985125        0.0012234925
  25 -12        0.0208128331        0.0169179086
  25 -13        0.0487834559       -0.0125226784
  25 -14        0.0323389048        0.0020879501
  25 -15       -0.0267050410        0.0036550708
  25 -16       -0.0304555582       -0.0038632203
  25 -17        0.0013958128        0.0125806460
  25 -18       -0.0223658028       -0.0253184934
  25 -19       -0.0299518526        0.0124338063
  25 -20        0.0052134029       -0.0298173285
  25 -21        0.0062110078       -0.0034856134
  25 -22       -0.0021895603       -0.0284425362
  25 -23       -0.0144874657        0.0317987913
  25 -24        0.0171344148        0.0112251212
  25 -25        0.0418539487       -0.0038734868
  26  26       -0.0385482225        0.0252833114
  26  25       -0.0025682528        0.0054409086
  26  24       -0.0323780394       -0.0255435360
  26  23       -0.0059836217        0.0076044946
  26  22        0.0199201105       -0.0197876543
  26  21       -0.0115113214        0.0163687519
  26  20        0.0239216549        0.0014458210
  26  19        0.0193223218        0.0003434707
  26  18        0.0234642644        0.0284442751
  26  17       -0.0039566240        0.0296139139
  26  16       -0.0067380543        0.0076745225
  26  15       -0.0195012590        0.0235081083
  26  14       -0.0162506855        0.0080538062
  26  13       -0.0148766159       -0.0109725038
  26  12       -0.0287906689       -0.0100305555
  26  11        0.0242777915       -0.0000570250
  26  10       -0.0265265551       -0.0200141239
  26   9        0.0081651035       -0.0426611165
  26   8       -0.0283397863       -0.0173613388
  26   7        0.0489628483        0.0232467446
  26   6        0.0213107087       -0.0038365120
  26   5        0.0294661433       -0.0162408261
  26   4       -0.0224438664        0.0102517863
  26   3        0.0528437117       -0.0182583679
  26   2       -0.0198170124        0.0360070284
  26   1       -0.0103443033       -0.0041391403
  26   0       -0.0319125183        0.0000000000
  26  -1        0.0103443033       -0.0041391403
  26  -2       -0.0198170124       -0.0360070284
  26  -3       -0.0528437117       -0.0182583679
  26  -4       -0.0224438664       -0.0102517863
  26  -5       -0.0294661433       -0.0162408261
  26  -6        0.0213107087        0.0038365120
  26  -7       -0.0489628483        0.0232467446
  26  -8       -0.0283397863        0.0173613388
  26  -9       -0.0081651035       -0.0426611165
  26 -10       -0.0265265551        0.0200141239
  26 -11       -0.0242777915       -0.0000570250
  26 -12       -0.0287906689        0.0100305555
  26 -13        0.0148766159       -0.0109725038
  26 -14       -0.0162506855       -0.0080538062
  26 -15        0.0195012590        0.0235081083
  26 -16       -0.0067380543       -0.0076745225
  26 -17        0.0039566240        0.0296139139
  26 -18        0.0234642644       -0.0284442751
  26 -19       -0.0193223218        0.0003434707
  26 -20        0.0239216549       -0.0014458210
  26 -21        0.0115113214        0.0163687519
  26 -22        0.0199201105        0.0197876543
  26 -23        0.0059836217        0.0076044946
  26 -24       -0.0323780394        0.0255435360
  26 -25        0.0025682528        0.0054409086
  26 -26       -0.0385482225       -0.0252833114
  27  27        0.0136730913        0.0261263044
  27  26       -0.0458620886       -0.0058013244
  27  25       -0.0155750589       -0.0007750562
  27  24       -0.0205465131       -0.0302064207
  27  23        0.0128719985        0.0136422512
  27  22        0.0023886375        0.0054449756
  27  21       -0.0208600253       -0.0067860206
  27  20        0.0042538100        0.0002258439
  27  19        0.0164097821        0.0100209295
  27  18        0.0036380276        0.0124007335
  27  17       -0.0107422798       -0.0501338629
  27  16       -0.0065533761        0.0202337799
  27  15        0.0372782062       -0.0282779415
  27  14        0.0070183947        0.0346255964
  27  13       -0.0002961570       -0.0039018960
  27  12        0.0046166833       -0.0015908694
  27  11        0.0264616119        0.0096335138
  27  10        0.0317473160        0.0122817667
  27   9        0.0068638207       -0.0317771995
  27   8       -0.0025454179        0.0043687422
  27   7        0.0523843136        0.0143316201
  27   6       -0.0165412647       -0.0253835679
  27   5       -0.0066636510        0.0385232275
  27   4        0.0205613280       -0.0025439455
  27   3        0.0146763368       -0.0070882968
  27   2       -0.0106050134        0.0440927019
  27   1        0.0089824569       -0.0254827381
  27   0        0.0038628192        0.0000000000
  27  -1       -0.0089824569       -0.0254827381
  27  -2       -0.0106050134       -0.0440927019
  27  -3       -0.0146763368       -0.0070882968
  27  -4        0.0205613280        0.0025439455
  27  -5        0.0066636510        0.0385232275
  27  -6       -0.0165412647        0.0253835679
  27  -7       -0.0523843136        0.0143316201
  27  -8       -0.0025454179       -0.0043687422
  27  -9       -0.0068638207       -0.0317771995
  27 -10        0.0317473160       -0.0122817667
  27 -11       -0.0264616119        0.0096335138
  27 -12        0.0046166833        0.0015908694
  27 -13        0.0002961570       -0.0039018960
  27 -14        0.0070183947       -0.0346255964
  27 -15       -0.0372782062       -0.0282779415
  27 -16       -0.0065533761       -0.0202337799
  27 -17        0.0107422798       -0.0501338629
  27 -18        0.0036380276       -0.0124007335
  27 -19       -0.0164097821        0.0100209295
  27 -20        0.0042538100       -0.0002258439
  27 -21        0.0208600253       -0.0067860206
  27 -22        0.0023886375       -0.0054449756
  27 -23       -0.0128719985        0.0136422512
  27 -24       -0.0205465131        0.0302064207
  27 -25        0.0155750589       -0.0007750562
  27 -26       -0.0458620886        0.0058013244
  27 -27       -0.0136730913        0.0261263044
  28  28       -0.0123396993        0.0131710504
  28  27        0.0001299792       -0.0381211009
  28  26        0.0050262156       -0.0175431390
  28  25        0.0010376857       -0.0121363957
  28  24       -0.0039644033        0.0095866495
  28  23        0.0029576342       -0.0210646941
  28  22       -0.0071735078        0.0067384910
  28  21        0.0022829110        0.0035521682
  28  20       -0.0416140127       -0.0073292623
  28  19       -0.0136794500        0.0212226677
  28  18       -0.0099875040       -0.0066781700
  28  17       -0.0148325140       -0.0019813304
  28  16        0.0090464758       -0.0141726404
  28  15       -0.0368702973        0.0119309196
  28  14        0.0219998813       -0.0182081988
  28  13       -0.0309736251        0.0139656027
  28  12        0.0078902262        0.0281885755
  28  11        0.0019526139        0.0154510448
  28  10       -0.0097724093       -0.0099061024
  28   9       -0.0297480761       -0.0474902936
  28   8        0.0006877584        0.0040788810
  28   7        0.0000986878       -0.0074720889
  28   6        0.0055421719       -0.0069792521
  28   5        0.0190620956       -0.0285388868
  28   4        0.0403046182       -0.0146874705
  28   3        0.0127510731       -0.0123333513
  28   2        0.0107573313       -0.0135280262
  28   1       -0.0323250778       -0.0040563081
  28   0       -0.0017525792        0.0000000000
  28  -1        0.0323250778       -0.0040563081
  28  -2        0.0107573313        0.0135280262
  28  -3       -0.0127510731       -0.0123333513
  28  -4        0.0403046182        0.0146874705
  28  -5       -0.0190620956       -0.0285388868
  28  -6        0.0055421719        0.0069792521
  28  -7       -0.0000986878       -0.0074720889
  28  -8        0.0006877584       -0.0040788810
  28  -9        0.0297480761       -0.0474902936
  28 -10       -0.0097724093        0.0099061024
  28 -11       -0.0019526139        0.0154510448
  28 -12        0.0078902262       -0.0281885755
  28 -13        0.0309736251        0.0139656027
  28 -14        0.0219998813        0.0182081988
  28 -15        0.0368702973        0.0119309196
  28 -16        0.0090464758        0.0141726404
  28 -17        0.0148325140       -0.0019813304
  28 -18       -0.0099875040        0.0066781700
  28 -19        0.0136794500        0.0212226677
  28 -20       -0.0416140127        0.0073292623
  28 -21       -0.0022829110        0.0035521682
  28 -22       -0.0071735078       -0.0067384910
  28 -23       -0.0029576342       -0.0210646941
  28 -24       -0.0039644033       -0.0095866495
  28 -25       -0.0010376857       -0.0121363957
  28 -26        0.0050262156        0.0175431390
  28 -27       -0.0001299792       -0.0381211009
  28 -28       -0.0123396993       -0.0131710504
  29  29       -0.0075424105       -0.0090198412
  29  28        0.0463620459       -0.0201722986
  29  27        0.0087464222        0.0191845427
  29  26       -0.0049120518        0.0195654827
  29  25        0.0060863353        0.0055211947
  29  24       -0.0226791722       -0.0204997053
  29  23        0.0105343070        0.0200417989
  29  22        0.0017450930        0.0010941873
  29  21       -0.0133819516       -0.0060726589
  29  20       -0.0005590275       -0.0312085002
  29  19        0.0323118617        0.0608408958
  29  18        0.0147760988        0.0052198393
  29  17       -0.0095621551        0.0143152192
  29  16       -0.0013887949       -0.0038795135
  29  15       -0.0010513073       -0.0096120917
  29  14       -0.0073925388        0.0244963689
  29  13       -0.0119156711       -0.0127090891
  29  12       -0.0085255121       -0.0045714050
  29  11        0.0021719262        0.0316739198
  29  10        0.0279493029       -0.0056556301
  29   9        0.0110420913       -0.0114380753
  29   8        0.0151289971       -0.0060211128
  29   7        0.0271230655        0.0149224165
  29   6       -0.0064930166       -0.0066336931
  29   5       -0.0039466507        0.0055071353
  29   4       -0.0097571548        0.0197422581
  29   3        0.0369353900        0.0105815853
  29   2       -0.0334388223        0.0256315005
  29   1       -0.0275008128        0.0023036652
  29   0        0.0046583723        0.0000000000
  29  -1        0.0275008128        0.0023036652
  29  -2       -0.0334388223       -0.0256315005
  29  -3       -0.0369353900        0.0105815853
  29  -4       -0.0097571548       -0.0197422581
  29  -5        0.0039466507        0.0055071353
  29  -6       -0.0064930166        0.0066336931
  29  -7       -0.0271230655        0.0149224165
  29  -8        0.0151289971        0.0060211128
  29  -9       -0.0110420913       -0.0114380753
  29 -10        0.0279493029        0.0056556301
  29 -11       -0.0021719262        0.0316739198
  29 -12       -0.0085255121        0.0045714050
  29 -13        0.0119156711       -0.0127090891
  29 -14       -0.0073925388       -0.0244963689
  29 -15        0.0010513073       -0.0096120917
  29 -16       -0.0013887949        0.0038795135
  29 -17        0.0095621551        0.0143152192
  29 -18        0.0147760988       -0.0052198393
  29 -19       -0.0323118617        0.0608408958
  29 -20       -0.0005590275        0.0312085002
  29 -21        0.0133819516       -0.0060726589
  29 -22        0.0017450930       -0.0010941873
  29 -23       -0.0105343070        0.0200417989
  29 -24       -0.0226791722        0.0204997053
  29 -25       -0.0060863353        0.0055211947
  29 -26       -0.0049120518       -0.0195654827
  29 -27       -0.0087464222        0.0191845427
  29 -28        0.0463620459        0.0201722986
  29 -29        0.0075424105       -0.0090198412
  30  30       -0.0033030564       -0.0438737342
  30  29        0.0163924676        0.0198378050
  30  28        0.0009580131        0.0026570482
  30  27        0.0007923483       -0.0163055274
  30  26        0.0007694740        0.0043896801
  30  25        0.0044606288        0.0013619217
  30  24       -0.0155787838       -0.0081435233
  30  23       -0.0199943653       -0.0070918163
  30  22        0.0169834126       -0.0268154921
  30  21        0.0064180003       -0.0277198002
  30  20       -0.0010873212       -0.0216048250
  30  19       -0.0158783156        0.0136645301
  30  18       -0.0042577849       -0.0203225221
  30  17        0.0098421617       -0.0121904139
  30  16        0.0156708416        0.0081637536
  30  15       -0.0056779311        0.0121252507
  30  14        0.0087003524       -0.0307351907
  30  13        0.0036073909        0.0116850474
  30  12       -0.0148396442        0.0120408419
  30  11        0.0284083840        0.0086960072
  30  10       -0.0327670369        0.0015469319
  30   9       -0.0281244270       -0.0100455157
  30   8        0.0171796517        0.0112953074
  30   7        0.0001731821       -0.0375958510
  30   6       -0.0232900802        0.0268462413
  30   5        0.0254753447       -0.0076496426
  30   4        0.0592314989        0.0271922027
  30   3        0.0096242403       -0.0193615099
  30   2        0.0039014213        0.0131650808
  30   1       -0.0073893245        0.0008306702
  30   0       -0.0079812701        0.0000000000
  30  -1        0.0073893245        0.0008306702
  30  -2        0.0039014213       -0.0131650808
  30  -3       -0.0096242403       -0.0193615099
  30  -4        0.0592314989       -0.0271922027
  30  -5       -0.0254753447       -0.0076496426
  30  -6       -0.0232900802       -0.0268462413
  30  -7       -0.0001731821       -0.0375958510
  30  -8        0.0171796517       -0.0112953074
  30  -9        0.0281244270       -0.0100455157
  30 -10       -0.0327670369       -0.0015469319
  30 -11       -0.0284083840        0.0086960072
  30 -12       -0.0148396442       -0.0120408419
  30 -13       -0.0036073909        0.0116850474
  30 -14        0.0087003524        0.0307351907
  30 -15        0.0056779311        0.0121252507
  30 -16        0.0156708416       -0.0081637536
  30 -17       -0.0098421617       -0.0121904139
  30 -18       -0.0042577849        0.0203225221
  30 -19        0.0158783156        0.0136645301
  30 -20       -0.0010873212        0.0216048250
  30 -21       -0.0064180003       -0.0277198002
  30 -22        0.0169834126        0.0268154921
  30 -23        0.0199943653       -0.0070918163
  30 -24       -0.0155787838        0.0081435233
  30 -25       -0.0044606288        0.0013619217
  30 -26        0.0007694740       -0.0043896801
  30 -27       -0.0007923483       -0.0163055274
  30 -28        0.0009580131       -0.0026570482
  30 -29       -0.0163924676        0.0198378050
  30 -30       -0.0033030564        0.0438737342
