   0   0        5.8862009781        0.0000000000
   1   1        0.0798238536       -0.0075409947
   1   0       -0.0653325133        0.0000000000
   1  -1       -0.0798238536       -0.0075409947
   2   2       -0.1988385663       -0.2366193552
   2   1       -0.0743545228        0.1575379164
   2   0       -0.9002409578        0.0000000000
   2  -1        0.0743545228        0.1575379164
   2  -2       -0.1988385663        0.2366193552
   3   3        0.2129772467        0.0867037768
   3   2        0.0659806304       -0.1400978049
   3   1        0.0267378724        0.0717257923
   3   0       -0.0625981857        0.0000000000
   3  -1       -0.0267378724        0.0717257923
   3  -2        0.0659806304        0.1400978049
   3  -3       -0.2129772467        0.0867037768
   4   4       -0.0384248495       -0.0120005368
   4   3        0.0611959294       -0.0356583188
   4   2        0.0547532679        0.0435503157
   4   1        0.0171804378       -0.1013195548
   4   0        0.2208631274        0.0000000000
   4  -1       -0.0171804378       -0.1013195548
   4  -2        0.0547532679       -0.0435503157
   4  -3       -0.0611959294       -0.0356583188
   4  -4       -0.0384248495        0.0120005368
   5   5       -0.0153773053       -0.0493589500
   5   4        0.0484132124        0.1034479310
   5   3       -0.0634134635       -0.0037833055
   5   2       -0.0093142098        0.1020393689
   5   1        0.0019273898       -0.0023078561
   5   0        0.0471133137        0.0000000000
   5  -1       -0.0019273898       -0.0023078561
   5  -2       -0.0093142098       -0.1020393689
   5  -3        0.0634134635       -0.0037833055
   5  -4        0.0484132124       -0.1034479310
   5  -5        0.0153773053       -0.0493589500
   6   6        0.0149751065        0.0036084072
   6   5       -0.0419552567       -0.0340536239
   6   4       -0.0039192564        0.0125684307
   6   3       -0.0138444532        0.0298071192
   6   2       -0.0288810732       -0.0102443306
   6   1       -0.0256743310        0.0562280008
   6   0       -0.0625478160        0.0000000000
   6  -1        0.0256743310        0.0562280008
   6  -2       -0.0288810732        0.0102443306
   6  -3        0.0138444532        0.0298071192
   6  -4       -0.0039192564       -0.0125684307
   6  -5        0.0419552567       -0.0340536239
   6  -6        0.0149751065       -0.0036084072
   7   7       -0.0237157470       -0.0186864415
   7   6        0.0174569468        0.0040059348
   7   5        0.0083434590        0.0160437385
   7   4        0.0165347017       -0.0153878143
   7   3        0.0016764276       -0.0066205625
   7   2        0.0296652493       -0.0268631849
   7   1        0.0109604604        0.0164983892
   7   0       -0.0148732413        0.0000000000
   7  -1       -0.0109604604        0.0164983892
   7  -2        0.0296652493        0.0268631849
   7  -3       -0.0016764276       -0.0066205625
   7  -4        0.0165347017        0.0153878143
   7  -5       -0.0083434590        0.0160437385
   7  -6        0.0174569468       -0.0040059348
   7  -7        0.0237157470       -0.0186864415
   8   8       -0.0166921515       -0.0330455373
   8   7        0.0061582678        0.0211705854
   8   6       -0.0020750466       -0.0149075633
   8   5       -0.0046266525        0.0079338874
   8   4       -0.0126063460        0.0164836544
   8   3        0.0117109691       -0.0038764973
   8   2        0.0183478032       -0.0163202052
   8   1        0.0150974143       -0.0359454502
   8   0        0.0104109424        0.0000000000
   8  -1       -0.0150974143       -0.0359454502
   8  -2        0.0183478032        0.0163202052
   8  -3       -0.0117109691       -0.0038764973
   8  -4       -0.0126063460       -0.0164836544
   8  -5        0.0046266525        0.0079338874
   8  -6       -0.0020750466        0.0149075633
   8  -7       -0.0061582678        0.0211705854
   8  -8       -0.0166921515        0.0330455373
   9   9        0.0038626222        0.0105357555
   9   8        0.0033535800       -0.0130043938
   9   7       -0.0033643000       -0.0052060316
   9   6        0.0014685030       -0.0120848389
   9   5        0.0038640859        0.0012971155
   9   4       -0.0205857240       -0.0029652239
   9   3       -0.0120041616        0.0026973757
   9   2       -0.0089897769        0.0015825995
   9   1       -0.0044387673       -0.0107392819
   9   0       -0.0158787711        0.0000000000
   9  -1        0.0044387673       -0.0107392819
   9  -2       -0.0089897769       -0.0015825995
   9  -3        0.0120041616        0.0026973757
   9  -4       -0.0205857240        0.0029652239
   9  -5       -0.0038640859        0.0012971155
   9  -6        0.0014685030        0.0120848389
   9  -7        0.0033643000       -0.0052060316
   9  -8        0.0033535800        0.0130043938
   9  -9       -0.0038626222        0.0105357555
  10  10       -0.0178970164        0.0062320412
  10   9        0.0044810649       -0.0021081977
  10   8        0.0009811767        0.0141116264
  10   7       -0.0179568508        0.0051343704
  10   6       -0.0231291158       -0.0020541697
  10   5       -0.0000475373        0.0108844625
  10   4        0.0094024444        0.0011804124
  10   3       -0.0035401377       -0.0043059513
  10   2       -0.0024723875        0.0046133752
  10   1       -0.0152038414        0.0214654704
  10   0       -0.0019272589        0.0000000000
  10  -1        0.0152038414        0.0214654704
  10  -2       -0.0024723875       -0.0046133752
  10  -3        0.0035401377       -0.0043059513
  10  -4        0.0094024444       -0.0011804124
  10  -5        0.0000475373        0.0108844625
  10  -6       -0.0231291158        0.0020541697
  10  -7        0.0179568508        0.0051343704
  10  -8        0.0009811767       -0.0141116264
  10  -9       -0.0044810649       -0.0021081977
  10 -10       -0.0178970164       -0.0062320412
  11  11        0.0038010698       -0.0055954616
  11  10        0.0000058138        0.0039828226
  11   9        0.0054730567       -0.0030662970
  11   8       -0.0065604762        0.0006481314
  11   7        0.0089014752        0.0126395535
  11   6        0.0113712051        0.0051759538
  11   5        0.0075011041        0.0042503520
  11   4        0.0097713114       -0.0117068769
  11   3        0.0017909638       -0.0088912051
  11   2        0.0039606791        0.0157325577
  11   1       -0.0069751942        0.0116530617
  11   0        0.0123835549        0.0000000000
  11  -1        0.0069751942        0.0116530617
  11  -2        0.0039606791       -0.0157325577
  11  -3       -0.0017909638       -0.0088912051
  11  -4        0.0097713114        0.0117068769
  11  -5       -0.0075011041        0.0042503520
  11  -6        0.0113712051       -0.0051759538
  11  -7       -0.0089014752        0.0126395535
  11  -8       -0.0065604762       -0.0006481314
  11  -9       -0.0054730567       -0.0030662970
  11 -10        0.0000058138       -0.0039828226
  11 -11       -0.0038010698       -0.0055954616
  12  12       -0.0032796229       -0.0011985234
  12  11       -0.0039087631       -0.0162181788
  12  10       -0.0063900740        0.0035527503
  12   9        0.0077808464       -0.0022815645
  12   8       -0.0029504883        0.0019519630
  12   7        0.0157339066        0.0022087126
  12   6        0.0105513937       -0.0053942449
  12   5       -0.0052449120       -0.0108567588
  12   4       -0.0031937620       -0.0035207605
  12   3       -0.0068361808        0.0120985161
  12   2        0.0036065592        0.0025470432
  12   1        0.0136844388       -0.0081889599
  12   0        0.0049333873        0.0000000000
  12  -1       -0.0136844388       -0.0081889599
  12  -2        0.0036065592       -0.0025470432
  12  -3        0.0068361808        0.0120985161
  12  -4       -0.0031937620        0.0035207605
  12  -5        0.0052449120       -0.0108567588
  12  -6        0.0105513937        0.0053942449
  12  -7       -0.0157339066        0.0022087126
  12  -8       -0.0029504883       -0.0019519630
  12  -9       -0.0077808464       -0.0022815645
  12 -10       -0.0063900740       -0.0035527503
  12 -11        0.0039087631       -0.0162181788
  12 -12       -0.0032796229        0.0011985234
  13  13       -0.0094458544       -0.0079322755
  13  12        0.0074595586        0.0078019353
  13  11       -0.0037343021        0.0062311333
  13  10       -0.0079727294       -0.0005045389
  13   9       -0.0021874591       -0.0042123372
  13   8       -0.0013798471       -0.0002479018
  13   7       -0.0080220331       -0.0031682113
  13   6       -0.0085714990        0.0046892686
  13   5       -0.0139326320       -0.0012899953
  13   4       -0.0045408755        0.0006821835
  13   3       -0.0020553605        0.0024248183
  13   2       -0.0025979507       -0.0148837104
  13   1        0.0042887519       -0.0099431310
  13   0       -0.0081416592        0.0000000000
  13  -1       -0.0042887519       -0.0099431310
  13  -2       -0.0025979507        0.0148837104
  13  -3        0.0020553605        0.0024248183
  13  -4       -0.0045408755       -0.0006821835
  13  -5        0.0139326320       -0.0012899953
  13  -6       -0.0085714990       -0.0046892686
  13  -7        0.0080220331       -0.0031682113
  13  -8       -0.0013798471        0.0002479018
  13  -9        0.0021874591       -0.0042123372
  13 -10       -0.0079727294        0.0005045389
  13 -11        0.0037343021        0.0062311333
  13 -12        0.0074595586       -0.0078019353
  13 -13        0.0094458544       -0.0079322755
  14  14        0.0023269136        0.0021302381
  14  13       -0.0099015884       -0.0008618191
  14  12       -0.0023947992       -0.0082798309
  14  11       -0.0059664221       -0.0006242311
  14  10        0.0055959899        0.0021074064
  14   9       -0.0037759836       -0.0060084599
  14   8       -0.0015765024        0.0008527175
  14   7       -0.0093964180        0.0018338240
  14   6       -0.0080856582       -0.0011538637
  14   5        0.0010741440        0.0079357170
  14   4       -0.0042390268       -0.0038873674
  14   3       -0.0061357464       -0.0059114257
  14   2       -0.0063669719       -0.0039008527
  14   1       -0.0035904169       -0.0052464903
  14   0       -0.0043066090        0.0000000000
  14  -1        0.0035904169       -0.0052464903
  14  -2       -0.0063669719        0.0039008527
  14  -3        0.0061357464       -0.0059114257
  14  -4       -0.0042390268        0.0038873674
  14  -5       -0.0010741440        0.0079357170
  14  -6       -0.0080856582        0.0011538637
  14  -7        0.0093964180        0.0018338240
  14  -8       -0.0015765024       -0.0008527175
  14  -9        0.0037759836       -0.0060084599
  14 -10        0.0055959899       -0.0021074064
  14 -11        0.0059664221       -0.0006242311
  14 -12       -0.0023947992        0.0082798309
  14 -13        0.0099015884       -0.0008618191
  14 -14        0.0023269136       -0.0021302381
  15  15        0.0038674569        0.0017067793
  15  14       -0.0087088411       -0.0043172264
  15  13        0.0011365473        0.0071184995
  15  12        0.0034948364       -0.0017253223
  15  11       -0.0017577168       -0.0037300764
  15  10        0.0050641936        0.0005686710
  15   9        0.0047815976       -0.0021652951
  15   8       -0.0045909961        0.0003352588
  15   7        0.0055181440        0.0014250887
  15   6        0.0013583153        0.0020914724
  15   5        0.0050712209        0.0034428915
  15   4        0.0037424726        0.0028326201
  15   3        0.0036933354       -0.0039413645
  15   2        0.0026016116        0.0032849238
  15   1        0.0027242387        0.0069488612
  15   0       -0.0012552803        0.0000000000
  15  -1       -0.0027242387        0.0069488612
  15  -2        0.0026016116       -0.0032849238
  15  -3       -0.0036933354       -0.0039413645
  15  -4        0.0037424726       -0.0028326201
  15  -5       -0.0050712209        0.0034428915
  15  -6        0.0013583153       -0.0020914724
  15  -7       -0.0055181440        0.0014250887
  15  -8       -0.0045909961       -0.0003352588
  15  -9       -0.0047815976       -0.0021652951
  15 -10        0.0050641936       -0.0005686710
  15 -11        0.0017577168       -0.0037300764
  15 -12        0.0034948364        0.0017253223
  15 -13       -0.0011365473        0.0071184995
  15 -14       -0.0087088411        0.0043172264
  15 -15       -0.0038674569        0.0017067793
  16  16       -0.0054467689       -0.0037902275
  16  15       -0.0028541632        0.0094105306
  16  14        0.0025122645        0.0030994994
  16  13        0.0003665855        0.0011626827
  16  12        0.0009864130       -0.0035072687
  16  11       -0.0011132159        0.0059654242
  16  10       -0.0014734968       -0.0002007439
  16   9        0.0000255666        0.0028678467
  16   8       -0.0003972986        0.0003973367
  16   7        0.0059022457        0.0019227079
  16   6       -0.0004107244        0.0003853619
  16   5       -0.0019011451       -0.0027091323
  16   4        0.0012433772        0.0033974675
  16   3        0.0086593509        0.0016466221
  16   2        0.0046979141        0.0032759877
  16   1        0.0035395034        0.0026497845
  16   0        0.0100186499        0.0000000000
  16  -1       -0.0035395034        0.0026497845
  16  -2        0.0046979141       -0.0032759877
  16  -3       -0.0086593509        0.0016466221
  16  -4        0.0012433772       -0.0033974675
  16  -5        0.0019011451       -0.0027091323
  16  -6       -0.0004107244       -0.0003853619
  16  -7       -0.0059022457        0.0019227079
  16  -8       -0.0003972986       -0.0003973367
  16  -9       -0.0000255666        0.0028678467
  16 -10       -0.0014734968        0.0002007439
  16 -11        0.0011132159        0.0059654242
  16 -12        0.0009864130        0.0035072687
  16 -13       -0.0003665855        0.0011626827
  16 -14        0.0025122645       -0.0030994994
  16 -15        0.0028541632        0.0094105306
  16 -16       -0.0054467689        0.0037902275
  17  17        0.0005952336       -0.0062641932
  17  16        0.0006271710        0.0020505584
  17  15        0.0020175320       -0.0017160314
  17  14       -0.0034367739        0.0064854632
  17  13        0.0033041719       -0.0015380256
  17  12       -0.0002721093        0.0001027243
  17  11       -0.0030641920        0.0032295875
  17  10       -0.0001473414        0.0034968126
  17   9       -0.0020075536       -0.0014916653
  17   8        0.0051363169       -0.0012537494
  17   7        0.0000527870       -0.0033212058
  17   6        0.0004257420       -0.0011531785
  17   5       -0.0031706845       -0.0033083182
  17   4       -0.0004109916        0.0059272779
  17   3        0.0003845830       -0.0016982735
  17   2       -0.0000312849        0.0030170850
  17   1        0.0022670550       -0.0014171675
  17   0        0.0028081524        0.0000000000
  17  -1       -0.0022670550       -0.0014171675
  17  -2       -0.0000312849       -0.0030170850
  17  -3       -0.0003845830       -0.0016982735
  17  -4       -0.0004109916       -0.0059272779
  17  -5        0.0031706845       -0.0033083182
  17  -6        0.0004257420        0.0011531785
  17  -7       -0.0000527870       -0.0033212058
  17  -8        0.0051363169        0.0012537494
  17  -9        0.0020075536       -0.0014916653
  17 -10       -0.0001473414       -0.0034968126
  17 -11        0.0030641920        0.0032295875
  17 -12       -0.0002721093       -0.0001027243
  17 -13       -0.0033041719       -0.0015380256
  17 -14       -0.0034367739       -0.0064854632
  17 -15       -0.0020175320       -0.0017160314
  17 -16        0.0006271710       -0.0020505584
  17 -17       -0.0005952336       -0.0062641932
  18  18       -0.0010061359        0.0000171530
  18  17        0.0018225490        0.0023447798
  18  16       -0.0020586798        0.0018398607
  18  15        0.0023232805       -0.0031221498
  18  14       -0.0041303860       -0.0045330714
  18  13       -0.0021898322        0.0008465029
  18  12       -0.0004017896       -0.0006850834
  18  11       -0.0021905481        0.0044639350
  18  10       -0.0027960250       -0.0002867371
  18   9       -0.0032451287       -0.0010236317
  18   8        0.0004235603       -0.0004778350
  18   7       -0.0033765417       -0.0026418852
  18   6        0.0024481919        0.0002357665
  18   5       -0.0013237480        0.0000227314
  18   4        0.0002807665        0.0007662627
  18   3       -0.0046206473        0.0009819227
  18   2       -0.0008201034       -0.0003489335
  18   1       -0.0024051703        0.0042991543
  18   0       -0.0052263398        0.0000000000
  18  -1        0.0024051703        0.0042991543
  18  -2       -0.0008201034        0.0003489335
  18  -3        0.0046206473        0.0009819227
  18  -4        0.0002807665       -0.0007662627
  18  -5        0.0013237480        0.0000227314
  18  -6        0.0024481919       -0.0002357665
  18  -7        0.0033765417       -0.0026418852
  18  -8        0.0004235603        0.0004778350
  18  -9        0.0032451287       -0.0010236317
  18 -10       -0.0027960250        0.0002867371
  18 -11        0.0021905481        0.0044639350
  18 -12       -0.0004017896        0.0006850834
  18 -13        0.0021898322        0.0008465029
  18 -14       -0.0041303860        0.0045330714
  18 -15       -0.0023232805       -0.0031221498
  18 -16       -0.0020586798       -0.0018398607
  18 -17       -0.0018225490        0.0023447798
  18 -18       -0.0010061359       -0.0000171530
  19  19        0.0017946915        0.0010268377
  19  18        0.0045668500        0.0008617018
  19  17        0.0008306792       -0.0004171049
  19  16        0.0014268160       -0.0019646774
  19  15       -0.0017423017       -0.0000260889
  19  14       -0.0007894002       -0.0031553612
  19  13       -0.0012390594       -0.0001189275
  19  12       -0.0014811402        0.0019787142
  19  11        0.0008712386       -0.0001821635
  19  10        0.0015935863       -0.0011038205
  19   9       -0.0015439735       -0.0019503665
  19   8       -0.0001382716       -0.0017028549
  19   7       -0.0037013263       -0.0005582135
  19   6        0.0039586098        0.0009778187
  19   5        0.0040204720        0.0020829004
  19   4        0.0006354462        0.0000516169
  19   3        0.0012897726        0.0038125921
  19   2        0.0006195905       -0.0019370620
  19   1       -0.0012221225        0.0020099788
  19   0       -0.0017435821        0.0000000000
  19  -1        0.0012221225        0.0020099788
  19  -2        0.0006195905        0.0019370620
  19  -3       -0.0012897726        0.0038125921
  19  -4        0.0006354462       -0.0000516169
  19  -5       -0.0040204720        0.0020829004
  19  -6        0.0039586098       -0.0009778187
  19  -7        0.0037013263       -0.0005582135
  19  -8       -0.0001382716        0.0017028549
  19  -9        0.0015439735       -0.0019503665
  19 -10        0.0015935863        0.0011038205
  19 -11       -0.0008712386       -0.0001821635
  19 -12       -0.0014811402       -0.0019787142
  19 -13        0.0012390594       -0.0001189275
  19 -14       -0.0007894002        0.0031553612
  19 -15        0.0017423017       -0.0000260889
  19 -16        0.0014268160        0.0019646774
  19 -17       -0.0008306792       -0.0004171049
  19 -18        0.0045668500       -0.0008617018
  19 -19       -0.0017946915        0.0010268377
  20  20        0.0006545738       -0.0023804036
  20  19        0.0012879433       -0.0009797951
  20  18       -0.0004833556       -0.0021388376
  20  17       -0.0024742431        0.0015806422
  20  16        0.0016486116        0.0011483863
  20  15        0.0021027604        0.0008630886
  20  14        0.0003581571        0.0007926606
  20  13        0.0032842988       -0.0009913628
  20  12        0.0010501071        0.0026418444
  20  11        0.0009590027       -0.0014143637
  20  10        0.0029203252        0.0000024388
  20   9       -0.0028198440       -0.0022742244
  20   8        0.0000086468        0.0004757241
  20   7       -0.0015637124       -0.0004972055
  20   6        0.0005983756        0.0002283702
  20   5       -0.0006075403       -0.0008241695
  20   4       -0.0008828546       -0.0023261731
  20   3        0.0070266679       -0.0001020030
  20   2        0.0002631541        0.0016450026
  20   1        0.0010436493       -0.0009885830
  20   0       -0.0017505520        0.0000000000
  20  -1       -0.0010436493       -0.0009885830
  20  -2        0.0002631541       -0.0016450026
  20  -3       -0.0070266679       -0.0001020030
  20  -4       -0.0008828546        0.0023261731
  20  -5        0.0006075403       -0.0008241695
  20  -6        0.0005983756       -0.0002283702
  20  -7        0.0015637124       -0.0004972055
  20  -8        0.0000086468       -0.0004757241
  20  -9        0.0028198440       -0.0022742244
  20 -10        0.0029203252       -0.0000024388
  20 -11       -0.0009590027       -0.0014143637
  20 -12        0.0010501071       -0.0026418444
  20 -13       -0.0032842988       -0.0009913628
  20 -14        0.0003581571       -0.0007926606
  20 -15       -0.0021027604        0.0008630886
  20 -16        0.0016486116       -0.0011483863
  20 -17        0.0024742431        0.0015806422
  20 -18       -0.0004833556        0.0021388376
  20 -19       -0.0012879433       -0.0009797951
  20 -20        0.0006545738        0.0023804036
  21  21       -0.0013049875       -0.0008584430
  21  20       -0.0010626031       -0.0016395614
  21  19        0.0003435742        0.0017586715
  21  18       -0.0004636006       -0.0012118059
  21  17       -0.0019100963       -0.0003230995
  21  16       -0.0026838172        0.0004996122
  21  15        0.0019918297       -0.0013069344
  21  14       -0.0009588081       -0.0002968544
  21  13        0.0007465220       -0.0001518606
  21  12       -0.0018512736       -0.0014082166
  21  11       -0.0025249202       -0.0022738645
  21  10       -0.0023912409       -0.0008458181
  21   9        0.0028757160        0.0009120098
  21   8       -0.0031187391       -0.0013753354
  21   7        0.0013939139       -0.0012330577
  21   6       -0.0002547954       -0.0006952219
  21   5        0.0004962870       -0.0005009004
  21   4       -0.0009267699       -0.0004926618
  21   3       -0.0010441365       -0.0011805882
  21   2       -0.0033953727       -0.0016566877
  21   1        0.0013660687        0.0005735884
  21   0       -0.0050418084        0.0000000000
  21  -1       -0.0013660687        0.0005735884
  21  -2       -0.0033953727        0.0016566877
  21  -3        0.0010441365       -0.0011805882
  21  -4       -0.0009267699        0.0004926618
  21  -5       -0.0004962870       -0.0005009004
  21  -6       -0.0002547954        0.0006952219
  21  -7       -0.0013939139       -0.0012330577
  21  -8       -0.0031187391        0.0013753354
  21  -9       -0.0028757160        0.0009120098
  21 -10       -0.0023912409        0.0008458181
  21 -11        0.0025249202       -0.0022738645
  21 -12       -0.0018512736        0.0014082166
  21 -13       -0.0007465220       -0.0001518606
  21 -14       -0.0009588081        0.0002968544
  21 -15       -0.0019918297       -0.0013069344
  21 -16       -0.0026838172       -0.0004996122
  21 -17        0.0019100963       -0.0003230995
  21 -18       -0.0004636006        0.0012118059
  21 -19       -0.0003435742        0.0017586715
  21 -20       -0.0010626031        0.0016395614
  21 -21        0.0013049875       -0.0008584430
  22  22        0.0007196371        0.0018943482
  22  21        0.0037419980       -0.0031402629
  22  20       -0.0001234001        0.0001808682
  22  19       -0.0019221899       -0.0005834874
  22  18        0.0000383887        0.0002982387
  22  17        0.0025085213        0.0002720560
  22  16        0.0003233875        0.0007761345
  22  15       -0.0000711909        0.0004922667
  22  14        0.0021646055        0.0006824981
  22  13        0.0029096837        0.0005515409
  22  12       -0.0006260235       -0.0000489233
  22  11        0.0047927212       -0.0003164093
  22  10       -0.0028559584       -0.0002569333
  22   9        0.0022812565        0.0007501583
  22   8       -0.0017737868       -0.0003979588
  22   7        0.0004505561        0.0038870087
  22   6       -0.0016914091        0.0017868635
  22   5        0.0001544945        0.0038362401
  22   4       -0.0013970161        0.0006281618
  22   3       -0.0041671710        0.0004026230
  22   2        0.0009817652       -0.0016471861
  22   1       -0.0019575433        0.0011235836
  22   0       -0.0004006442        0.0000000000
  22  -1        0.0019575433        0.0011235836
  22  -2        0.0009817652        0.0016471861
  22  -3        0.0041671710        0.0004026230
  22  -4       -0.0013970161       -0.0006281618
  22  -5       -0.0001544945        0.0038362401
  22  -6       -0.0016914091       -0.0017868635
  22  -7       -0.0004505561        0.0038870087
  22  -8       -0.0017737868        0.0003979588
  22  -9       -0.0022812565        0.0007501583
  22 -10       -0.0028559584        0.0002569333
  22 -11       -0.0047927212       -0.0003164093
  22 -12       -0.0006260235        0.0000489233
  22 -13       -0.0029096837        0.0005515409
  22 -14        0.0021646055       -0.0006824981
  22 -15        0.0000711909        0.0004922667
  22 -16        0.0003233875       -0.0007761345
  22 -17       -0.0025085213        0.0002720560
  22 -18        0.0000383887       -0.0002982387
  22 -19        0.0019221899       -0.0005834874
  22 -20       -0.0001234001       -0.0001808682
  22 -21       -0.0037419980       -0.0031402629
  22 -22        0.0007196371       -0.0018943482
  23  23       -0.0002191907       -0.0029265604
  23  22       -0.0016017639       -0.0017020566
  23  21       -0.0008987057        0.0008774335
  23  20       -0.0014827375        0.0003064665
  23  19       -0.0006615549        0.0008528922
  23  18        0.0009790060       -0.0010001644
  23  17       -0.0010149458       -0.0005601962
  23  16        0.0020970828        0.0018565893
  23  15       -0.0031886058       -0.0002992566
  23  14        0.0018532365        0.0015368747
  23  13       -0.0006255569        0.0015938909
  23  12        0.0015266541       -0.0019001691
  23  11        0.0008019335       -0.0013456773
  23  10        0.0003120534        0.0006977454
  23   9       -0.0013707910        0.0008259736
  23   8        0.0029071759        0.0036490247
  23   7       -0.0000354819        0.0012675377
  23   6        0.0001516748        0.0028684883
  23   5        0.0009796293       -0.0000285597
  23   4        0.0004652996       -0.0001145969
  23   3       -0.0014679370        0.0008474095
  23   2        0.0031896968       -0.0009806837
  23   1       -0.0008480328       -0.0014307448
  23   0        0.0014823631        0.0000000000
  23  -1        0.0008480328       -0.0014307448
  23  -2        0.0031896968        0.0009806837
  23  -3        0.0014679370        0.0008474095
  23  -4        0.0004652996        0.0001145969
  23  -5       -0.0009796293       -0.0000285597
  23  -6        0.0001516748       -0.0028684883
  23  -7        0.0000354819        0.0012675377
  23  -8        0.0029071759       -0.0036490247
  23  -9        0.0013707910        0.0008259736
  23 -10        0.0003120534       -0.0006977454
  23 -11       -0.0008019335       -0.0013456773
  23 -12        0.0015266541        0.0019001691
  23 -13        0.0006255569        0.0015938909
  23 -14        0.0018532365       -0.0015368747
  23 -15        0.0031886058       -0.0002992566
  23 -16        0.0020970828       -0.0018565893
  23 -17        0.0010149458       -0.0005601962
  23 -18        0.0009790060        0.0010001644
  23 -19        0.0006615549        0.0008528922
  23 -20       -0.0014827375       -0.0003064665
  23 -21        0.0008987057        0.0008774335
  23 -22       -0.0016017639        0.0017020566
  23 -23        0.0002191907       -0.0029265604
  24  24       -0.0007847133       -0.0009906386
  24  23        0.0010166904        0.0018847600
  24  22        0.0033731211        0.0019755350
  24  21       -0.0010208043       -0.0001793497
  24  20       -0.0028013588        0.0004057668
  24  19        0.0015528369        0.0004510665
  24  18        0.0006612158        0.0009465603
  24  17        0.0001343046        0.0001944266
  24  16       -0.0005455398       -0.0010132395
  24  15       -0.0006689415        0.0001245032
  24  14        0.0002372506        0.0002935990
  24  13       -0.0032718200       -0.0017750433
  24  12        0.0014638446       -0.0029432091
  24  11       -0.0014071300        0.0009911835
  24  10        0.0021608153        0.0009621654
  24   9       -0.0006370594       -0.0002673783
  24   8        0.0005923298        0.0035869903
  24   7       -0.0002744587       -0.0016152199
  24   6       -0.0022982247       -0.0013189374
  24   5        0.0003048227        0.0011781804
  24   4        0.0005432094       -0.0023928588
  24   3        0.0004254454        0.0012850569
  24   2        0.0006726650        0.0012208199
  24   1        0.0013782605       -0.0008595471
  24   0        0.0028859357        0.0000000000
  24  -1       -0.0013782605       -0.0008595471
  24  -2        0.0006726650       -0.0012208199
  24  -3       -0.0004254454        0.0012850569
  24  -4        0.0005432094        0.0023928588
  24  -5       -0.0003048227        0.0011781804
  24  -6       -0.0022982247        0.0013189374
  24  -7        0.0002744587       -0.0016152199
  24  -8        0.0005923298       -0.0035869903
  24  -9        0.0006370594       -0.0002673783
  24 -10        0.0021608153       -0.0009621654
  24 -11        0.0014071300        0.0009911835
  24 -12        0.0014638446        0.0029432091
  24 -13        0.0032718200       -0.0017750433
  24 -14        0.0002372506       -0.0002935990
  24 -15        0.0006689415        0.0001245032
  24 -16       -0.0005455398        0.0010132395
  24 -17       -0.0001343046        0.0001944266
  24 -18        0.0006612158       -0.0009465603
  24 -19       -0.0015528369        0.0004510665
  24 -20       -0.0028013588       -0.0004057668
  24 -21        0.0010208043       -0.0001793497
  24 -22        0.0033731211       -0.0019755350
  24 -23       -0.0010166904        0.0018847600
  24 -24       -0.0007847133        0.0009906386
  25  25       -0.0025234742       -0.0008372078
  25  24        0.0010204073       -0.0008604341
  25  23       -0.0011071484       -0.0013650045
  25  22       -0.0000914747        0.0008777013
  25  21       -0.0013134816        0.0007878007
  25  20        0.0002125420       -0.0007676740
  25  19        0.0002241213        0.0019390312
  25  18        0.0004888354        0.0019801344
  25  17        0.0007089741        0.0037846683
  25  16        0.0009158317       -0.0011176491
  25  15       -0.0011358870        0.0012427996
  25  14       -0.0030022697       -0.0009937549
  25  13        0.0003431740        0.0007191884
  25  12        0.0009038124       -0.0023654227
  25  11       -0.0014611626        0.0001691784
  25  10        0.0006489748       -0.0009827410
  25   9       -0.0004653509        0.0017239848
  25   8       -0.0014282235       -0.0000619235
  25   7       -0.0000988974       -0.0007059136
  25   6       -0.0010984419       -0.0022306296
  25   5       -0.0019164815        0.0017285300
  25   4       -0.0000383950       -0.0010751310
  25   3        0.0002974973        0.0005170451
  25   2       -0.0004180701       -0.0014622629
  25   1        0.0013267127       -0.0010669170
  25   0       -0.0022279283        0.0000000000
  25  -1       -0.0013267127       -0.0010669170
  25  -2       -0.0004180701        0.0014622629
  25  -3       -0.0002974973        0.0005170451
  25  -4       -0.0000383950        0.0010751310
  25  -5        0.0019164815        0.0017285300
  25  -6       -0.0010984419        0.0022306296
  25  -7        0.0000988974       -0.0007059136
  25  -8       -0.0014282235        0.0000619235
  25  -9        0.0004653509        0.0017239848
  25 -10        0.0006489748        0.0009827410
  25 -11        0.0014611626        0.0001691784
  25 -12        0.0009038124        0.0023654227
  25 -13       -0.0003431740        0.0007191884
  25 -14       -0.0030022697        0.0009937549
  25 -15        0.0011358870        0.0012427996
  25 -16        0.0009158317        0.0011176491
  25 -17       -0.0007089741        0.0037846683
  25 -18        0.0004888354       -0.0019801344
  25 -19       -0.0002241213        0.0019390312
  25 -20        0.0002125420        0.0007676740
  25 -21        0.0013134816        0.0007878007
  25 -22       -0.0000914747       -0.0008777013
  25 -23        0.0011071484       -0.0013650045
  25 -24        0.0010204073        0.0008604341
  25 -25        0.0025234742       -0.0008372078
  26  26       -0.0000407049        0.0014550034
  26  25       -0.0017482161       -0.0015287417
  26  24       -0.0023791338        0.0005182354
  26  23       -0.0010371201        0.0010059238
  26  22       -0.0004933314        0.0017805839
  26  21       -0.0008972482        0.0001357780
  26  20       -0.0008104104       -0.0007386123
  26  19       -0.0021980856        0.0008892565
  26  18        0.0008697540       -0.0019953424
  26  17        0.0016673742       -0.0019962295
  26  16       -0.0001719790       -0.0008744604
  26  15       -0.0008572710       -0.0000552983
  26  14        0.0006398396       -0.0008322875
  26  13        0.0012378347        0.0000083238
  26  12       -0.0007534727        0.0016200193
  26  11        0.0003518021        0.0003224801
  26  10        0.0002356172       -0.0012436142
  26   9       -0.0003559022        0.0001315978
  26   8        0.0007315220       -0.0023766276
  26   7       -0.0014247331        0.0020634847
  26   6        0.0002465074        0.0002600978
  26   5        0.0000917532        0.0003105807
  26   4       -0.0004062902        0.0026077852
  26   3        0.0013376749       -0.0016592307
  26   2       -0.0004334194       -0.0012030626
  26   1        0.0015527648       -0.0010293013
  26   0       -0.0035535625        0.0000000000
  26  -1       -0.0015527648       -0.0010293013
  26  -2       -0.0004334194        0.0012030626
  26  -3       -0.0013376749       -0.0016592307
  26  -4       -0.0004062902       -0.0026077852
  26  -5       -0.0000917532        0.0003105807
  26  -6        0.0002465074       -0.0002600978
  26  -7        0.0014247331        0.0020634847
  26  -8        0.0007315220        0.0023766276
  26  -9        0.0003559022        0.0001315978
  26 -10        0.0002356172        0.0012436142
  26 -11       -0.0003518021        0.0003224801
  26 -12       -0.0007534727       -0.0016200193
  26 -13       -0.0012378347        0.0000083238
  26 -14        0.0006398396        0.0008322875
  26 -15        0.0008572710       -0.0000552983
  26 -16       -0.0001719790        0.0008744604
  26 -17       -0.0016673742       -0.0019962295
  26 -18        0.0008697540        0.0019953424
  26 -19        0.0021980856        0.0008892565
  26 -20       -0.0008104104        0.0007386123
  26 -21        0.0008972482        0.0001357780
  26 -22       -0.0004933314       -0.0017805839
  26 -23        0.0010371201        0.0010059238
  26 -24       -0.0023791338       -0.0005182354
  26 -25        0.0017482161       -0.0015287417
  26 -26       -0.0000407049       -0.0014550034
  27  27       -0.0019569897        0.0010029240
  27  26       -0.0000732062        0.0000328024
  27  25        0.0016063396        0.0000106563
  27  24        0.0016361141       -0.0013914672
  27  23        0.0000275998        0.0009797987
  27  22        0.0003571134        0.0003641015
  27  21        0.0007372919        0.0000701554
  27  20        0.0001660921       -0.0001247024
  27  19        0.0014155549       -0.0015738216
  27  18       -0.0015926760       -0.0007357468
  27  17        0.0014288040        0.0000442410
  27  16        0.0000996150        0.0024542587
  27  15        0.0015746429       -0.0008680736
  27  14        0.0004435143        0.0018792879
  27  13        0.0002968246        0.0007470111
  27  12       -0.0003584528        0.0013205631
  27  11        0.0007464138        0.0023538542
  27  10        0.0012121597       -0.0010740960
  27   9        0.0001265505        0.0005095937
  27   8       -0.0001305756       -0.0014014724
  27   7       -0.0012924820        0.0009867480
  27   6        0.0003514319       -0.0003312352
  27   5        0.0008026684       -0.0004974321
  27   4        0.0004671896        0.0011617120
  27   3        0.0029531957       -0.0022102134
  27   2       -0.0008484603        0.0018581085
  27   1       -0.0003084363        0.0004388426
  27   0        0.0025444938        0.0000000000
  27  -1        0.0003084363        0.0004388426
  27  -2       -0.0008484603       -0.0018581085
  27  -3       -0.0029531957       -0.0022102134
  27  -4        0.0004671896       -0.0011617120
  27  -5       -0.0008026684       -0.0004974321
  27  -6        0.0003514319        0.0003312352
  27  -7        0.0012924820        0.0009867480
  27  -8       -0.0001305756        0.0014014724
  27  -9       -0.0001265505        0.0005095937
  27 -10        0.0012121597        0.0010740960
  27 -11       -0.0007464138        0.0023538542
  27 -12       -0.0003584528       -0.0013205631
  27 -13       -0.0002968246        0.0007470111
  27 -14        0.0004435143       -0.0018792879
  27 -15       -0.0015746429       -0.0008680736
  27 -16        0.0000996150       -0.0024542587
  27 -17       -0.0014288040        0.0000442410
  27 -18       -0.0015926760        0.0007357468
  27 -19       -0.0014155549       -0.0015738216
  27 -20        0.0001660921        0.0001247024
  27 -21       -0.0007372919        0.0000701554
  27 -22        0.0003571134       -0.0003641015
  27 -23       -0.0000275998        0.0009797987
  27 -24        0.0016361141        0.0013914672
  27 -25       -0.0016063396        0.0000106563
  27 -26       -0.0000732062       -0.0000328024
  27 -27        0.0019569897        0.0010029240
  28  28        0.0009696180       -0.0000842623
  28  27       -0.0009063829       -0.0007192833
  28  26       -0.0007647497        0.0008717847
  28  25       -0.0007171365        0.0001159635
  28  24       -0.0003756233        0.0005716649
  28  23       -0.0003557288        0.0009593081
  28  22       -0.0004307710        0.0006379190
  28  21        0.0010625310        0.0002146705
  28  20        0.0000571856        0.0003708839
  28  19        0.0005257378       -0.0003141908
  28  18       -0.0009991534       -0.0000229172
  28  17       -0.0012689497       -0.0000621193
  28  16       -0.0003810049        0.0018768579
  28  15        0.0006150447       -0.0006544778
  28  14        0.0000543485        0.0000586056
  28  13        0.0003182845        0.0004162974
  28  12       -0.0012688125       -0.0010763674
  28  11       -0.0003034473        0.0013776528
  28  10       -0.0003598199       -0.0009826729
  28   9       -0.0004398539        0.0001366651
  28   8       -0.0004844904        0.0002145541
  28   7        0.0000813170        0.0009548230
  28   6        0.0015579516       -0.0005496923
  28   5        0.0016834585        0.0005006890
  28   4        0.0015664428       -0.0012885582
  28   3       -0.0028268438       -0.0011286705
  28   2       -0.0008062541        0.0014818346
  28   1       -0.0006273335        0.0005526665
  28   0        0.0013615033        0.0000000000
  28  -1        0.0006273335        0.0005526665
  28  -2       -0.0008062541       -0.0014818346
  28  -3        0.0028268438       -0.0011286705
  28  -4        0.0015664428        0.0012885582
  28  -5       -0.0016834585        0.0005006890
  28  -6        0.0015579516        0.0005496923
  28  -7       -0.0000813170        0.0009548230
  28  -8       -0.0004844904       -0.0002145541
  28  -9        0.0004398539        0.0001366651
  28 -10       -0.0003598199        0.0009826729
  28 -11        0.0003034473        0.0013776528
  28 -12       -0.0012688125        0.0010763674
  28 -13       -0.0003182845        0.0004162974
  28 -14        0.0000543485       -0.0000586056
  28 -15       -0.0006150447       -0.0006544778
  28 -16       -0.0003810049       -0.0018768579
  28 -17        0.0012689497       -0.0000621193
  28 -18       -0.0009991534        0.0000229172
  28 -19       -0.0005257378       -0.0003141908
  28 -20        0.0000571856       -0.0003708839
  28 -21       -0.0010625310        0.0002146705
  28 -22       -0.0004307710       -0.0006379190
  28 -23        0.0003557288        0.0009593081
  28 -24       -0.0003756233       -0.0005716649
  28 -25        0.0007171365        0.0001159635
  28 -26       -0.0007647497       -0.0008717847
  28 -27        0.0009063829       -0.0007192833
  28 -28        0.0009696180        0.0000842623
  29  29       -0.0015467412        0.0017632977
  29  28        0.0009432366       -0.0005044187
  29  27        0.0010423485       -0.0012656486
  29  26       -0.0000482523        0.0008781317
  29  25        0.0006265157        0.0002195541
  29  24        0.0011017921        0.0012654892
  29  23       -0.0010127923        0.0000909014
  29  22       -0.0016767851       -0.0007907893
  29  21       -0.0007937868       -0.0012208410
  29  20       -0.0004137233        0.0016954088
  29  19       -0.0009339240        0.0001279774
  29  18        0.0019342330        0.0013540178
  29  17       -0.0007604790       -0.0000987494
  29  16       -0.0003296823       -0.0001336176
  29  15       -0.0012010929       -0.0004355535
  29  14        0.0014904290       -0.0008667377
  29  13        0.0002685018       -0.0014241583
  29  12       -0.0009699424       -0.0004337053
  29  11        0.0006985696       -0.0022300230
  29  10       -0.0002197875        0.0008697902
  29   9       -0.0011337116       -0.0005102215
  29   8        0.0001257781        0.0004795915
  29   7        0.0016554058       -0.0005858721
  29   6        0.0029369859        0.0010926388
  29   5       -0.0008494489       -0.0019275612
  29   4        0.0011368847       -0.0008610955
  29   3       -0.0005450338       -0.0003284585
  29   2       -0.0013640654        0.0010897507
  29   1        0.0009063026       -0.0000491809
  29   0        0.0002277806        0.0000000000
  29  -1       -0.0009063026       -0.0000491809
  29  -2       -0.0013640654       -0.0010897507
  29  -3        0.0005450338       -0.0003284585
  29  -4        0.0011368847        0.0008610955
  29  -5        0.0008494489       -0.0019275612
  29  -6        0.0029369859       -0.0010926388
  29  -7       -0.0016554058       -0.0005858721
  29  -8        0.0001257781       -0.0004795915
  29  -9        0.0011337116       -0.0005102215
  29 -10       -0.0002197875       -0.0008697902
  29 -11       -0.0006985696       -0.0022300230
  29 -12       -0.0009699424        0.0004337053
  29 -13       -0.0002685018       -0.0014241583
  29 -14        0.0014904290        0.0008667377
  29 -15        0.0012010929       -0.0004355535
  29 -16       -0.0003296823        0.0001336176
  29 -17        0.0007604790       -0.0000987494
  29 -18        0.0019342330       -0.0013540178
  29 -19        0.0009339240        0.0001279774
  29 -20       -0.0004137233       -0.0016954088
  29 -21        0.0007937868       -0.0012208410
  29 -22       -0.0016767851        0.0007907893
  29 -23        0.0010127923        0.0000909014
  29 -24        0.0011017921       -0.0012654892
  29 -25       -0.0006265157        0.0002195541
  29 -26       -0.0000482523       -0.0008781317
  29 -27       -0.0010423485       -0.0012656486
  29 -28        0.0009432366        0.0005044187
  29 -29        0.0015467412        0.0017632977
  30  30        0.0005257237       -0.0014942618
  30  29        0.0008216544        0.0005008224
  30  28        0.0003098788       -0.0008266936
  30  27        0.0002562162        0.0012828776
  30  26        0.0001974757       -0.0011872478
  30  25        0.0013590175        0.0002579313
  30  24       -0.0008376329        0.0026605138
  30  23        0.0006350051        0.0002440755
  30  22        0.0012219008       -0.0002318688
  30  21       -0.0000048387        0.0004549426
  30  20        0.0005961313        0.0011351455
  30  19       -0.0022741336        0.0001763725
  30  18        0.0006522022       -0.0016413115
  30  17       -0.0012034056       -0.0015737378
  30  16       -0.0002361089       -0.0004490132
  30  15        0.0003686521        0.0007014304
  30  14        0.0009420499        0.0017251626
  30  13        0.0002833929       -0.0011705186
  30  12        0.0007140883       -0.0011473067
  30  11        0.0003024869       -0.0030103016
  30  10       -0.0018569177        0.0014956318
  30   9        0.0004959499       -0.0017736177
  30   8        0.0015918777        0.0002631371
  30   7       -0.0002409833        0.0020535557
  30   6        0.0017739531       -0.0000226657
  30   5        0.0019607634       -0.0006565831
  30   4       -0.0013875625        0.0007385314
  30   3        0.0006894433        0.0021330013
  30   2       -0.0002832188        0.0004851981
  30   1       -0.0012596017        0.0013044926
  30   0       -0.0009686379        0.0000000000
  30  -1        0.0012596017        0.0013044926
  30  -2       -0.0002832188       -0.0004851981
  30  -3       -0.0006894433        0.0021330013
  30  -4       -0.0013875625       -0.0007385314
  30  -5       -0.0019607634       -0.0006565831
  30  -6        0.0017739531        0.0000226657
  30  -7        0.0002409833        0.0020535557
  30  -8        0.0015918777       -0.0002631371
  30  -9       -0.0004959499       -0.0017736177
  30 -10       -0.0018569177       -0.0014956318
  30 -11       -0.0003024869       -0.0030103016
  30 -12        0.0007140883        0.0011473067
  30 -13       -0.0002833929       -0.0011705186
  30 -14        0.0009420499       -0.0017251626
  30 -15       -0.0003686521        0.0007014304
  30 -16       -0.0002361089        0.0004490132
  30 -17        0.0012034056       -0.0015737378
  30 -18        0.0006522022        0.0016413115
  30 -19        0.0022741336        0.0001763725
  30 -20        0.0005961313       -0.0011351455
  30 -21        0.0000048387        0.0004549426
  30 -22        0.0012219008        0.0002318688
  30 -23       -0.0006350051        0.0002440755
  30 -24       -0.0008376329       -0.0026605138
  30 -25       -0.0013590175        0.0002579313
  30 -26        0.0001974757        0.0011872478
  30 -27       -0.0002562162        0.0012828776
  30 -28        0.0003098788        0.0008266936
  30 -29       -0.0008216544        0.0005008224
  30 -30        0.0005257237        0.0014942618
