   0   0        0.6294046306        0.0000000000
   1   1       -0.0016802055       -0.0069460093
   1   0       -0.0117819979        0.0000000000
   1  -1        0.0016802055       -0.0069460093
   2   2       -0.0045477902        0.0084751881
   2   1       -0.0263007499        0.0411492848
   2   0       -0.1240524305        0.0000000000
   2  -1        0.0263007499        0.0411492848
   2  -2       -0.0045477902       -0.0084751881
   3   3       -0.0083113069        0.0169831387
   3   2       -0.0073318574       -0.0084491286
   3   1       -0.0046081869       -0.0067551256
   3   0       -0.0158609241        0.0000000000
   3  -1        0.0046081869       -0.0067551256
   3  -2       -0.0073318574        0.0084491286
   3  -3        0.0083113069        0.0169831387
   4   4       -0.0015294712       -0.0027146558
   4   3       -0.0030332756        0.0044646701
   4   2        0.0002626050       -0.0095315714
   4   1        0.0135240017       -0.0159179909
   4   0        0.0199574919        0.0000000000
   4  -1       -0.0135240017       -0.0159179909
   4  -2        0.0002626050        0.0095315714
   4  -3        0.0030332756        0.0044646701
   4  -4       -0.0015294712        0.0027146558
   5   5        0.0000345919        0.0012143739
   5   4       -0.0018555056       -0.0000940827
   5   3        0.0042783565       -0.0025686722
   5   2        0.0029075125        0.0009202011
   5   1        0.0098009827       -0.0036921667
   5   0        0.0063286513        0.0000000000
   5  -1       -0.0098009827       -0.0036921667
   5  -2        0.0029075125       -0.0009202011
   5  -3       -0.0042783565       -0.0025686722
   5  -4       -0.0018555056        0.0000940827
   5  -5       -0.0000345919        0.0012143739
   6   6        0.0002151408        0.0005556445
   6   5       -0.0021348393        0.0006717862
   6   4       -0.0016971194       -0.0020734773
   6   3        0.0067690439        0.0015400496
   6   2       -0.0002460322        0.0032883586
   6   1       -0.0026717822        0.0041659855
   6   0       -0.0031774056        0.0000000000
   6  -1        0.0026717822        0.0041659855
   6  -2       -0.0002460322       -0.0032883586
   6  -3       -0.0067690439        0.0015400496
   6  -4       -0.0016971194        0.0020734773
   6  -5        0.0021348393        0.0006717862
   6  -6        0.0002151408       -0.0005556445
   7   7       -0.0011423007        0.0018736072
   7   6       -0.0008283078       -0.0002830202
   7   5        0.0005632713       -0.0027871584
   7   4       -0.0025119751       -0.0001551716
   7   3       -0.0007504154        0.0023104299
   7   2       -0.0009941776        0.0012728161
   7   1       -0.0027605291        0.0014022771
   7   0       -0.0021102166        0.0000000000
   7  -1        0.0027605291        0.0014022771
   7  -2       -0.0009941776       -0.0012728161
   7  -3        0.0007504154        0.0023104299
   7  -4       -0.0025119751        0.0001551716
   7  -5       -0.0005632713       -0.0027871584
   7  -6       -0.0008283078        0.0002830202
   7  -7        0.0011423007        0.0018736072
   8   8       -0.0008483167        0.0006238103
   8   7        0.0008599574        0.0005822482
   8   6       -0.0009476925       -0.0003398481
   8   5        0.0012336740       -0.0017179461
   8   4       -0.0004981522        0.0049160894
   8   3        0.0008906246       -0.0023666403
   8   2        0.0006538103       -0.0014795271
   8   1       -0.0001121634       -0.0004047641
   8   0       -0.0021073233        0.0000000000
   8  -1        0.0001121634       -0.0004047641
   8  -2        0.0006538103        0.0014795271
   8  -3       -0.0008906246       -0.0023666403
   8  -4       -0.0004981522       -0.0049160894
   8  -5       -0.0012336740       -0.0017179461
   8  -6       -0.0009476925        0.0003398481
   8  -7       -0.0008599574        0.0005822482
   8  -8       -0.0008483167       -0.0006238103
   9   9        0.0014977576        0.0017530369
   9   8       -0.0002490431        0.0001110400
   9   7        0.0016745989       -0.0010622071
   9   6       -0.0002300061       -0.0009683986
   9   5        0.0005154300        0.0006058688
   9   4        0.0000476920       -0.0010997791
   9   3       -0.0031109888        0.0004471725
   9   2        0.0028972308       -0.0008547043
   9   1       -0.0011646434        0.0012076602
   9   0        0.0026761977        0.0000000000
   9  -1        0.0011646434        0.0012076602
   9  -2        0.0028972308        0.0008547043
   9  -3        0.0031109888        0.0004471725
   9  -4        0.0000476920        0.0010997791
   9  -5       -0.0005154300        0.0006058688
   9  -6       -0.0002300061        0.0009683986
   9  -7       -0.0016745989       -0.0010622071
   9  -8       -0.0002490431       -0.0001110400
   9  -9       -0.0014977576        0.0017530369
  10  10       -0.0006471126        0.0007105408
  10   9        0.0003237239        0.0006630780
  10   8       -0.0018751979        0.0011507004
  10   7        0.0011400073       -0.0002546789
  10   6       -0.0015022484       -0.0001008350
  10   5       -0.0017722474       -0.0003034268
  10   4        0.0006224369        0.0010850328
  10   3        0.0016826309       -0.0031457419
  10   2        0.0000552060        0.0023268625
  10   1       -0.0004438484       -0.0022053850
  10   0        0.0035554635        0.0000000000
  10  -1        0.0004438484       -0.0022053850
  10  -2        0.0000552060       -0.0023268625
  10  -3       -0.0016826309       -0.0031457419
  10  -4        0.0006224369       -0.0010850328
  10  -5        0.0017722474       -0.0003034268
  10  -6       -0.0015022484        0.0001008350
  10  -7       -0.0011400073       -0.0002546789
  10  -8       -0.0018751979       -0.0011507004
  10  -9       -0.0003237239        0.0006630780
  10 -10       -0.0006471126       -0.0007105408
  11  11        0.0001770357       -0.0010342629
  11  10       -0.0004581447       -0.0000765692
  11   9        0.0010289783        0.0004417489
  11   8       -0.0017201166        0.0000272251
  11   7        0.0009372531       -0.0016446743
  11   6       -0.0007264493       -0.0021905128
  11   5       -0.0001549899        0.0021048001
  11   4       -0.0006185477       -0.0020013587
  11   3       -0.0032631637        0.0013213963
  11   2       -0.0015501026        0.0020634228
  11   1       -0.0003667946        0.0005274291
  11   0        0.0022826707        0.0000000000
  11  -1        0.0003667946        0.0005274291
  11  -2       -0.0015501026       -0.0020634228
  11  -3        0.0032631637        0.0013213963
  11  -4       -0.0006185477        0.0020013587
  11  -5        0.0001549899        0.0021048001
  11  -6       -0.0007264493        0.0021905128
  11  -7       -0.0009372531       -0.0016446743
  11  -8       -0.0017201166       -0.0000272251
  11  -9       -0.0010289783        0.0004417489
  11 -10       -0.0004581447        0.0000765692
  11 -11       -0.0001770357       -0.0010342629
  12  12       -0.0007235773       -0.0010270549
  12  11       -0.0010182915       -0.0007854447
  12  10        0.0004003889       -0.0003302924
  12   9        0.0009069789       -0.0010089556
  12   8       -0.0015557985        0.0002513222
  12   7       -0.0012704271        0.0002543275
  12   6        0.0000800792        0.0005665795
  12   5        0.0022127226        0.0000859807
  12   4        0.0003257708       -0.0021685187
  12   3        0.0017392784        0.0009664449
  12   2       -0.0019112592       -0.0008169687
  12   1        0.0013660338       -0.0006154205
  12   0       -0.0028904442        0.0000000000
  12  -1       -0.0013660338       -0.0006154205
  12  -2       -0.0019112592        0.0008169687
  12  -3       -0.0017392784        0.0009664449
  12  -4        0.0003257708        0.0021685187
  12  -5       -0.0022127226        0.0000859807
  12  -6        0.0000800792       -0.0005665795
  12  -7        0.0012704271        0.0002543275
  12  -8       -0.0015557985       -0.0002513222
  12  -9       -0.0009069789       -0.0010089556
  12 -10        0.0004003889        0.0003302924
  12 -11        0.0010182915       -0.0007854447
  12 -12       -0.0007235773        0.0010270549
  13  13       -0.0000725050       -0.0002787918
  13  12       -0.0000928531       -0.0000508093
  13  11       -0.0008849829        0.0010949906
  13  10       -0.0011499172        0.0013039979
  13   9       -0.0000367214       -0.0002759846
  13   8       -0.0007041310        0.0005272161
  13   7       -0.0001133539        0.0012640293
  13   6        0.0000253691        0.0007845014
  13   5       -0.0005631800       -0.0015711142
  13   4        0.0002769171        0.0020093675
  13   3        0.0002769896        0.0009303396
  13   2       -0.0009063020        0.0000935084
  13   1        0.0009345234        0.0019232960
  13   0       -0.0021234019        0.0000000000
  13  -1       -0.0009345234        0.0019232960
  13  -2       -0.0009063020       -0.0000935084
  13  -3       -0.0002769896        0.0009303396
  13  -4        0.0002769171       -0.0020093675
  13  -5        0.0005631800       -0.0015711142
  13  -6        0.0000253691       -0.0007845014
  13  -7        0.0001133539        0.0012640293
  13  -8       -0.0007041310       -0.0005272161
  13  -9        0.0000367214       -0.0002759846
  13 -10       -0.0011499172       -0.0013039979
  13 -11        0.0008849829        0.0010949906
  13 -12       -0.0000928531        0.0000508093
  13 -13        0.0000725050       -0.0002787918
  14  14        0.0014604286       -0.0003273505
  14  13       -0.0001556452        0.0000773675
  14  12        0.0016284230        0.0002908601
  14  11       -0.0004047297       -0.0002090627
  14  10       -0.0009520157       -0.0006866894
  14   9        0.0005193714        0.0005269081
  14   8       -0.0004080242       -0.0011220463
  14   7        0.0001721724       -0.0003498334
  14   6        0.0010974253        0.0005365348
  14   5        0.0008330798       -0.0012053908
  14   4       -0.0003751110       -0.0014088971
  14   3       -0.0010246154        0.0007857295
  14   2        0.0016091838       -0.0009075997
  14   1       -0.0001972752        0.0010519341
  14   0        0.0009957302        0.0000000000
  14  -1        0.0001972752        0.0010519341
  14  -2        0.0016091838        0.0009075997
  14  -3        0.0010246154        0.0007857295
  14  -4       -0.0003751110        0.0014088971
  14  -5       -0.0008330798       -0.0012053908
  14  -6        0.0010974253       -0.0005365348
  14  -7       -0.0001721724       -0.0003498334
  14  -8       -0.0004080242        0.0011220463
  14  -9       -0.0005193714        0.0005269081
  14 -10       -0.0009520157        0.0006866894
  14 -11        0.0004047297       -0.0002090627
  14 -12        0.0016284230       -0.0002908601
  14 -13        0.0001556452        0.0000773675
  14 -14        0.0014604286        0.0003273505
  15  15       -0.0003550799        0.0003042338
  15  14       -0.0000665879        0.0008601369
  15  13       -0.0003559443       -0.0008424095
  15  12        0.0001021052        0.0006795934
  15  11        0.0012142935        0.0003533776
  15  10        0.0011217683        0.0007294925
  15   9       -0.0003933899       -0.0012768697
  15   8       -0.0004148704        0.0011260043
  15   7        0.0006851012        0.0002128729
  15   6        0.0007736272        0.0008689460
  15   5        0.0001223061       -0.0003686136
  15   4        0.0000595055        0.0020028479
  15   3        0.0007305688       -0.0026650263
  15   2        0.0006826106       -0.0020191865
  15   1       -0.0012967775       -0.0006693312
  15   0       -0.0008453330        0.0000000000
  15  -1        0.0012967775       -0.0006693312
  15  -2        0.0006826106        0.0020191865
  15  -3       -0.0007305688       -0.0026650263
  15  -4        0.0000595055       -0.0020028479
  15  -5       -0.0001223061       -0.0003686136
  15  -6        0.0007736272       -0.0008689460
  15  -7       -0.0006851012        0.0002128729
  15  -8       -0.0004148704       -0.0011260043
  15  -9        0.0003933899       -0.0012768697
  15 -10        0.0011217683       -0.0007294925
  15 -11       -0.0012142935        0.0003533776
  15 -12        0.0001021052       -0.0006795934
  15 -13        0.0003559443       -0.0008424095
  15 -14       -0.0000665879       -0.0008601369
  15 -15        0.0003550799        0.0003042338
  16  16       -0.0004342522        0.0003324378
  16  15        0.0004146659        0.0000630671
  16  14       -0.0005487223       -0.0002357862
  16  13       -0.0000444546        0.0001542945
  16  12       -0.0002545784        0.0002226380
  16  11        0.0000275289        0.0001484097
  16  10       -0.0005311324        0.0000410606
  16   9       -0.0018225903        0.0000683048
  16   8        0.0009905347        0.0005398450
  16   7        0.0001805151       -0.0006771549
  16   6       -0.0004889088       -0.0001073574
  16   5       -0.0024472170        0.0010048359
  16   4        0.0003155284        0.0012534834
  16   3       -0.0005291120       -0.0012126220
  16   2        0.0008160125       -0.0001643164
  16   1       -0.0003990493       -0.0006247705
  16   0        0.0006313917        0.0000000000
  16  -1        0.0003990493       -0.0006247705
  16  -2        0.0008160125        0.0001643164
  16  -3        0.0005291120       -0.0012126220
  16  -4        0.0003155284       -0.0012534834
  16  -5        0.0024472170        0.0010048359
  16  -6       -0.0004889088        0.0001073574
  16  -7       -0.0001805151       -0.0006771549
  16  -8        0.0009905347       -0.0005398450
  16  -9        0.0018225903        0.0000683048
  16 -10       -0.0005311324       -0.0000410606
  16 -11       -0.0000275289        0.0001484097
  16 -12       -0.0002545784       -0.0002226380
  16 -13        0.0000444546        0.0001542945
  16 -14       -0.0005487223        0.0002357862
  16 -15       -0.0004146659        0.0000630671
  16 -16       -0.0004342522       -0.0003324378
  17  17        0.0002340592       -0.0008145358
  17  16        0.0009525954        0.0001952055
  17  15       -0.0004423479       -0.0004831734
  17  14       -0.0000520562        0.0008247474
  17  13       -0.0002363113       -0.0009753249
  17  12        0.0005676031       -0.0000973277
  17  11        0.0009794041       -0.0003851962
  17  10        0.0001824251       -0.0005143651
  17   9       -0.0008043136       -0.0002221523
  17   8        0.0001538570        0.0012061552
  17   7        0.0005912067       -0.0000688419
  17   6       -0.0004220343       -0.0001221837
  17   5        0.0012827157        0.0012358382
  17   4        0.0014254859       -0.0022480817
  17   3       -0.0010316329        0.0009797175
  17   2        0.0001996864        0.0018000473
  17   1       -0.0005110186       -0.0011459117
  17   0        0.0005282306        0.0000000000
  17  -1        0.0005110186       -0.0011459117
  17  -2        0.0001996864       -0.0018000473
  17  -3        0.0010316329        0.0009797175
  17  -4        0.0014254859        0.0022480817
  17  -5       -0.0012827157        0.0012358382
  17  -6       -0.0004220343        0.0001221837
  17  -7       -0.0005912067       -0.0000688419
  17  -8        0.0001538570       -0.0012061552
  17  -9        0.0008043136       -0.0002221523
  17 -10        0.0001824251        0.0005143651
  17 -11       -0.0009794041       -0.0003851962
  17 -12        0.0005676031        0.0000973277
  17 -13        0.0002363113       -0.0009753249
  17 -14       -0.0000520562       -0.0008247474
  17 -15        0.0004423479       -0.0004831734
  17 -16        0.0009525954       -0.0001952055
  17 -17       -0.0002340592       -0.0008145358
  18  18       -0.0004252359        0.0006338529
  18  17       -0.0001545496        0.0007319124
  18  16       -0.0000653638        0.0004055330
  18  15       -0.0008246261       -0.0002746983
  18  14        0.0001747280       -0.0002859428
  18  13        0.0002000353       -0.0019901546
  18  12        0.0005524049        0.0003136660
  18  11        0.0005044808       -0.0007639241
  18  10       -0.0002380435        0.0010985906
  18   9        0.0015368641        0.0001497291
  18   8       -0.0001624890       -0.0010710979
  18   7       -0.0006485628       -0.0000586937
  18   6       -0.0003066003       -0.0002000171
  18   5        0.0002154035        0.0001415125
  18   4       -0.0004529561       -0.0000660115
  18   3        0.0022874339        0.0002427110
  18   2       -0.0017106096       -0.0002986936
  18   1        0.0009574024       -0.0009293369
  18   0       -0.0016171915        0.0000000000
  18  -1       -0.0009574024       -0.0009293369
  18  -2       -0.0017106096        0.0002986936
  18  -3       -0.0022874339        0.0002427110
  18  -4       -0.0004529561        0.0000660115
  18  -5       -0.0002154035        0.0001415125
  18  -6       -0.0003066003        0.0002000171
  18  -7        0.0006485628       -0.0000586937
  18  -8       -0.0001624890        0.0010710979
  18  -9       -0.0015368641        0.0001497291
  18 -10       -0.0002380435       -0.0010985906
  18 -11       -0.0005044808       -0.0007639241
  18 -12        0.0005524049       -0.0003136660
  18 -13       -0.0002000353       -0.0019901546
  18 -14        0.0001747280        0.0002859428
  18 -15        0.0008246261       -0.0002746983
  18 -16       -0.0000653638       -0.0004055330
  18 -17        0.0001545496        0.0007319124
  18 -18       -0.0004252359       -0.0006338529
  19  19       -0.0006441720        0.0000598340
  19  18        0.0000608699       -0.0001772387
  19  17       -0.0000049985        0.0005215921
  19  16        0.0000617252       -0.0001439595
  19  15        0.0003710510       -0.0011372744
  19  14       -0.0010437313       -0.0001884629
  19  13        0.0002232578       -0.0003359414
  19  12       -0.0001110611        0.0004228944
  19  11       -0.0000966683       -0.0008110853
  19  10        0.0002367949        0.0007263241
  19   9        0.0009493825       -0.0009448931
  19   8       -0.0002674733       -0.0008161785
  19   7       -0.0004673669        0.0011910081
  19   6        0.0006620278       -0.0007183214
  19   5       -0.0004678130        0.0000038017
  19   4       -0.0003930692        0.0006695374
  19   3        0.0005358050        0.0015535775
  19   2       -0.0001177255       -0.0000475112
  19   1        0.0013484020        0.0024220602
  19   0        0.0003302280        0.0000000000
  19  -1       -0.0013484020        0.0024220602
  19  -2       -0.0001177255        0.0000475112
  19  -3       -0.0005358050        0.0015535775
  19  -4       -0.0003930692       -0.0006695374
  19  -5        0.0004678130        0.0000038017
  19  -6        0.0006620278        0.0007183214
  19  -7        0.0004673669        0.0011910081
  19  -8       -0.0002674733        0.0008161785
  19  -9       -0.0009493825       -0.0009448931
  19 -10        0.0002367949       -0.0007263241
  19 -11        0.0000966683       -0.0008110853
  19 -12       -0.0001110611       -0.0004228944
  19 -13       -0.0002232578       -0.0003359414
  19 -14       -0.0010437313        0.0001884629
  19 -15       -0.0003710510       -0.0011372744
  19 -16        0.0000617252        0.0001439595
  19 -17        0.0000049985        0.0005215921
  19 -18        0.0000608699        0.0001772387
  19 -19        0.0006441720        0.0000598340
  20  20        0.0003737099       -0.0008848884
  20  19        0.0002226797       -0.0007252731
  20  18       -0.0000197834        0.0000711033
  20  17        0.0007954145       -0.0002385329
  20  16       -0.0001181134        0.0000586741
  20  15        0.0002419412       -0.0000565941
  20  14        0.0006472711       -0.0003862953
  20  13        0.0003236916        0.0003402830
  20  12        0.0000574277        0.0001077574
  20  11       -0.0000363124        0.0006357701
  20  10        0.0001549470        0.0002896438
  20   9        0.0003105092        0.0002310786
  20   8       -0.0000799776       -0.0007780658
  20   7       -0.0009115535        0.0004319262
  20   6        0.0002871607        0.0001586137
  20   5       -0.0004635289       -0.0006949496
  20   4       -0.0005480012       -0.0007182681
  20   3       -0.0015202124        0.0007577818
  20   2        0.0008382651        0.0005460854
  20   1       -0.0004212941        0.0005249308
  20   0        0.0011274525        0.0000000000
  20  -1        0.0004212941        0.0005249308
  20  -2        0.0008382651       -0.0005460854
  20  -3        0.0015202124        0.0007577818
  20  -4       -0.0005480012        0.0007182681
  20  -5        0.0004635289       -0.0006949496
  20  -6        0.0002871607       -0.0001586137
  20  -7        0.0009115535        0.0004319262
  20  -8       -0.0000799776        0.0007780658
  20  -9       -0.0003105092        0.0002310786
  20 -10        0.0001549470       -0.0002896438
  20 -11        0.0000363124        0.0006357701
  20 -12        0.0000574277       -0.0001077574
  20 -13       -0.0003236916        0.0003402830
  20 -14        0.0006472711        0.0003862953
  20 -15       -0.0002419412       -0.0000565941
  20 -16       -0.0001181134       -0.0000586741
  20 -17       -0.0007954145       -0.0002385329
  20 -18       -0.0000197834       -0.0000711033
  20 -19       -0.0002226797       -0.0007252731
  20 -20        0.0003737099        0.0008848884
  21  21       -0.0002880775        0.0005599645
  21  20       -0.0006024581       -0.0003345240
  21  19        0.0001323798        0.0002249464
  21  18        0.0002023055        0.0001390573
  21  17       -0.0001261009        0.0000698284
  21  16        0.0002754371       -0.0001004381
  21  15        0.0002483203       -0.0005548948
  21  14        0.0000836658        0.0000782385
  21  13        0.0002607708       -0.0003743074
  21  12        0.0005765257       -0.0003731803
  21  11       -0.0004277868       -0.0001495601
  21  10       -0.0000407228       -0.0000761780
  21   9        0.0008563463        0.0000052602
  21   8       -0.0010045080        0.0008005689
  21   7        0.0007787402        0.0000809444
  21   6       -0.0008005456       -0.0009094966
  21   5        0.0006280470       -0.0004165978
  21   4       -0.0001675934        0.0001127913
  21   3        0.0007556094       -0.0011967297
  21   2       -0.0002937131       -0.0015788801
  21   1       -0.0010729763       -0.0011190042
  21   0       -0.0004348553        0.0000000000
  21  -1        0.0010729763       -0.0011190042
  21  -2       -0.0002937131        0.0015788801
  21  -3       -0.0007556094       -0.0011967297
  21  -4       -0.0001675934       -0.0001127913
  21  -5       -0.0006280470       -0.0004165978
  21  -6       -0.0008005456        0.0009094966
  21  -7       -0.0007787402        0.0000809444
  21  -8       -0.0010045080       -0.0008005689
  21  -9       -0.0008563463        0.0000052602
  21 -10       -0.0000407228        0.0000761780
  21 -11        0.0004277868       -0.0001495601
  21 -12        0.0005765257        0.0003731803
  21 -13       -0.0002607708       -0.0003743074
  21 -14        0.0000836658       -0.0000782385
  21 -15       -0.0002483203       -0.0005548948
  21 -16        0.0002754371        0.0001004381
  21 -17        0.0001261009        0.0000698284
  21 -18        0.0002023055       -0.0001390573
  21 -19       -0.0001323798        0.0002249464
  21 -20       -0.0006024581        0.0003345240
  21 -21        0.0002880775        0.0005599645
  22  22        0.0003127014        0.0007117568
  22  21        0.0005876581       -0.0005729333
  22  20       -0.0001619551        0.0004274456
  22  19        0.0004736150        0.0001817203
  22  18        0.0001009772       -0.0003922250
  22  17        0.0003469778       -0.0000130480
  22  16       -0.0001700299        0.0012180573
  22  15       -0.0000646345       -0.0007403435
  22  14       -0.0001993803        0.0003688641
  22  13       -0.0006330422       -0.0001960524
  22  12        0.0001750379        0.0006615479
  22  11       -0.0009771722       -0.0006099368
  22  10       -0.0001061199        0.0000291933
  22   9       -0.0006640759       -0.0007995316
  22   8        0.0003186377        0.0003386102
  22   7        0.0006264975       -0.0016867248
  22   6       -0.0005267637        0.0008308236
  22   5       -0.0004300654        0.0003685527
  22   4       -0.0000133947        0.0016564053
  22   3       -0.0003255674       -0.0010192663
  22   2        0.0001438638        0.0013360180
  22   1        0.0001525193       -0.0007552754
  22   0        0.0010916736        0.0000000000
  22  -1       -0.0001525193       -0.0007552754
  22  -2        0.0001438638       -0.0013360180
  22  -3        0.0003255674       -0.0010192663
  22  -4       -0.0000133947       -0.0016564053
  22  -5        0.0004300654        0.0003685527
  22  -6       -0.0005267637       -0.0008308236
  22  -7       -0.0006264975       -0.0016867248
  22  -8        0.0003186377       -0.0003386102
  22  -9        0.0006640759       -0.0007995316
  22 -10       -0.0001061199       -0.0000291933
  22 -11        0.0009771722       -0.0006099368
  22 -12        0.0001750379       -0.0006615479
  22 -13        0.0006330422       -0.0001960524
  22 -14       -0.0001993803       -0.0003688641
  22 -15        0.0000646345       -0.0007403435
  22 -16       -0.0001700299       -0.0012180573
  22 -17       -0.0003469778       -0.0000130480
  22 -18        0.0001009772        0.0003922250
  22 -19       -0.0004736150        0.0001817203
  22 -20       -0.0001619551       -0.0004274456
  22 -21       -0.0005876581       -0.0005729333
  22 -22        0.0003127014       -0.0007117568
  23  23       -0.0006015901        0.0001833981
  23  22       -0.0001857235        0.0002394629
  23  21        0.0001701758        0.0002099256
  23  20       -0.0002956245        0.0003961653
  23  19       -0.0008665899       -0.0000091006
  23  18        0.0006072645        0.0003445156
  23  17       -0.0001158938       -0.0006649725
  23  16       -0.0002649033        0.0004406062
  23  15       -0.0003441306        0.0003366983
  23  14        0.0002522894       -0.0007806036
  23  13       -0.0002553441        0.0007324779
  23  12        0.0007313432        0.0003173738
  23  11       -0.0004517765       -0.0001438209
  23  10        0.0003125086        0.0004267509
  23   9       -0.0004366694        0.0001720775
  23   8        0.0007839848        0.0000627764
  23   7       -0.0000717451       -0.0004255825
  23   6        0.0002400904        0.0002515585
  23   5        0.0007758114        0.0008214863
  23   4        0.0004128100       -0.0015802265
  23   3       -0.0008610109        0.0006696680
  23   2        0.0005080091        0.0009969854
  23   1        0.0010526873       -0.0006724093
  23   0       -0.0000340027        0.0000000000
  23  -1       -0.0010526873       -0.0006724093
  23  -2        0.0005080091       -0.0009969854
  23  -3        0.0008610109        0.0006696680
  23  -4        0.0004128100        0.0015802265
  23  -5       -0.0007758114        0.0008214863
  23  -6        0.0002400904       -0.0002515585
  23  -7        0.0000717451       -0.0004255825
  23  -8        0.0007839848       -0.0000627764
  23  -9        0.0004366694        0.0001720775
  23 -10        0.0003125086       -0.0004267509
  23 -11        0.0004517765       -0.0001438209
  23 -12        0.0007313432       -0.0003173738
  23 -13        0.0002553441        0.0007324779
  23 -14        0.0002522894        0.0007806036
  23 -15        0.0003441306        0.0003366983
  23 -16       -0.0002649033       -0.0004406062
  23 -17        0.0001158938       -0.0006649725
  23 -18        0.0006072645       -0.0003445156
  23 -19        0.0008665899       -0.0000091006
  23 -20       -0.0002956245       -0.0003961653
  23 -21       -0.0001701758        0.0002099256
  23 -22       -0.0001857235       -0.0002394629
  23 -23        0.0006015901        0.0001833981
  24  24       -0.0002220907       -0.0000739006
  24  23       -0.0004681107        0.0002657632
  24  22        0.0000808443       -0.0003644351
  24  21       -0.0001431584       -0.0000049442
  24  20        0.0000801970       -0.0003354132
  24  19        0.0000386656       -0.0006906155
  24  18        0.0008728815        0.0000932242
  24  17        0.0000676997        0.0002069412
  24  16       -0.0000475875       -0.0001440193
  24  15       -0.0003203081       -0.0000428775
  24  14        0.0007798066       -0.0003106846
  24  13       -0.0005810160        0.0001885357
  24  12        0.0000412964       -0.0000156822
  24  11       -0.0006446953        0.0001101225
  24  10        0.0002449156        0.0006625567
  24   9       -0.0000968147       -0.0000539445
  24   8       -0.0007296591        0.0001594104
  24   7        0.0004835643        0.0009045803
  24   6        0.0005820173        0.0000554509
  24   5       -0.0001781065       -0.0007497851
  24   4       -0.0003317733       -0.0003175296
  24   3        0.0001618243        0.0002927562
  24   2       -0.0012182661       -0.0015448719
  24   1       -0.0007721151        0.0018057345
  24   0       -0.0020107891        0.0000000000
  24  -1        0.0007721151        0.0018057345
  24  -2       -0.0012182661        0.0015448719
  24  -3       -0.0001618243        0.0002927562
  24  -4       -0.0003317733        0.0003175296
  24  -5        0.0001781065       -0.0007497851
  24  -6        0.0005820173       -0.0000554509
  24  -7       -0.0004835643        0.0009045803
  24  -8       -0.0007296591       -0.0001594104
  24  -9        0.0000968147       -0.0000539445
  24 -10        0.0002449156       -0.0006625567
  24 -11        0.0006446953        0.0001101225
  24 -12        0.0000412964        0.0000156822
  24 -13        0.0005810160        0.0001885357
  24 -14        0.0007798066        0.0003106846
  24 -15        0.0003203081       -0.0000428775
  24 -16       -0.0000475875        0.0001440193
  24 -17       -0.0000676997        0.0002069412
  24 -18        0.0008728815       -0.0000932242
  24 -19       -0.0000386656       -0.0006906155
  24 -20        0.0000801970        0.0003354132
  24 -21        0.0001431584       -0.0000049442
  24 -22        0.0000808443        0.0003644351
  24 -23        0.0004681107        0.0002657632
  24 -24       -0.0002220907        0.0000739006
  25  25        0.0004217073       -0.0003908016
  25  24        0.0000696999        0.0005090067
  25  23        0.0008088227       -0.0000164716
  25  22        0.0000487563        0.0000750040
  25  21       -0.0001156503        0.0001576412
  25  20        0.0000359811        0.0006402555
  25  19        0.0006402993        0.0000250081
  25  18        0.0000525897       -0.0007376434
  25  17       -0.0000526904        0.0001683558
  25  16        0.0004992121       -0.0002277629
  25  15        0.0003670357       -0.0002129876
  25  14       -0.0001296958       -0.0006423183
  25  13       -0.0003764796        0.0001130200
  25  12        0.0002365390       -0.0003297238
  25  11        0.0000737631       -0.0000527202
  25  10        0.0002356024        0.0001350166
  25   9        0.0001981489       -0.0001261441
  25   8        0.0003610379       -0.0004150026
  25   7       -0.0006702222        0.0003805367
  25   6        0.0003731262       -0.0000000840
  25   5        0.0000724334       -0.0010882208
  25   4       -0.0007288047        0.0011235379
  25   3        0.0013014101       -0.0003274134
  25   2        0.0001023842       -0.0002720507
  25   1        0.0000856228        0.0004869211
  25   0        0.0003163133        0.0000000000
  25  -1       -0.0000856228        0.0004869211
  25  -2        0.0001023842        0.0002720507
  25  -3       -0.0013014101       -0.0003274134
  25  -4       -0.0007288047       -0.0011235379
  25  -5       -0.0000724334       -0.0010882208
  25  -6        0.0003731262        0.0000000840
  25  -7        0.0006702222        0.0003805367
  25  -8        0.0003610379        0.0004150026
  25  -9       -0.0001981489       -0.0001261441
  25 -10        0.0002356024       -0.0001350166
  25 -11       -0.0000737631       -0.0000527202
  25 -12        0.0002365390        0.0003297238
  25 -13        0.0003764796        0.0001130200
  25 -14       -0.0001296958        0.0006423183
  25 -15       -0.0003670357       -0.0002129876
  25 -16        0.0004992121        0.0002277629
  25 -17        0.0000526904        0.0001683558
  25 -18        0.0000525897        0.0007376434
  25 -19       -0.0006402993        0.0000250081
  25 -20        0.0000359811       -0.0006402555
  25 -21        0.0001156503        0.0001576412
  25 -22        0.0000487563       -0.0000750040
  25 -23       -0.0008088227       -0.0000164716
  25 -24        0.0000696999       -0.0005090067
  25 -25       -0.0004217073       -0.0003908016
  26  26       -0.0001825151        0.0006004309
  26  25       -0.0002092128        0.0002569954
  26  24       -0.0003847782       -0.0016469379
  26  23       -0.0009546248        0.0005969339
  26  22        0.0003359006        0.0007005823
  26  21        0.0003052789        0.0001198736
  26  20        0.0001874971        0.0003759538
  26  19       -0.0002740389        0.0001255333
  26  18       -0.0002485632        0.0000619026
  26  17       -0.0001343034        0.0000248921
  26  16        0.0005517806        0.0001300566
  26  15        0.0002036500        0.0002881563
  26  14       -0.0003589614        0.0003710832
  26  13        0.0002782084        0.0006246082
  26  12       -0.0000946174       -0.0009208185
  26  11       -0.0001296475       -0.0001528605
  26  10       -0.0001662080        0.0002292383
  26   9        0.0000390356        0.0004773771
  26   8        0.0000857291        0.0002100758
  26   7       -0.0003728942        0.0003719074
  26   6       -0.0001846925       -0.0002856488
  26   5       -0.0001477899        0.0007761897
  26   4        0.0009285819       -0.0000814332
  26   3       -0.0007923715       -0.0000331954
  26   2        0.0013047315        0.0011695179
  26   1        0.0005915494       -0.0011169240
  26   0        0.0011047333        0.0000000000
  26  -1       -0.0005915494       -0.0011169240
  26  -2        0.0013047315       -0.0011695179
  26  -3        0.0007923715       -0.0000331954
  26  -4        0.0009285819        0.0000814332
  26  -5        0.0001477899        0.0007761897
  26  -6       -0.0001846925        0.0002856488
  26  -7        0.0003728942        0.0003719074
  26  -8        0.0000857291       -0.0002100758
  26  -9       -0.0000390356        0.0004773771
  26 -10       -0.0001662080       -0.0002292383
  26 -11        0.0001296475       -0.0001528605
  26 -12       -0.0000946174        0.0009208185
  26 -13       -0.0002782084        0.0006246082
  26 -14       -0.0003589614       -0.0003710832
  26 -15       -0.0002036500        0.0002881563
  26 -16        0.0005517806       -0.0001300566
  26 -17        0.0001343034        0.0000248921
  26 -18       -0.0002485632       -0.0000619026
  26 -19        0.0002740389        0.0001255333
  26 -20        0.0001874971       -0.0003759538
  26 -21       -0.0003052789        0.0001198736
  26 -22        0.0003359006       -0.0007005823
  26 -23        0.0009546248        0.0005969339
  26 -24       -0.0003847782        0.0016469379
  26 -25        0.0002092128        0.0002569954
  26 -26       -0.0001825151       -0.0006004309
  27  27       -0.0005009162        0.0000895297
  27  26        0.0007505105        0.0004048466
  27  25        0.0002334169        0.0001203407
  27  24        0.0006166009       -0.0000024430
  27  23       -0.0005681142        0.0003096449
  27  22        0.0007747364        0.0004239028
  27  21        0.0001908710        0.0003628630
  27  20       -0.0001484844        0.0002079861
  27  19       -0.0009604790       -0.0000187206
  27  18        0.0002103655        0.0004106061
  27  17       -0.0006900343        0.0003778442
  27  16       -0.0002695188        0.0002583847
  27  15        0.0003458841       -0.0005760372
  27  14       -0.0000565067       -0.0001721146
  27  13       -0.0001971444        0.0002944725
  27  12        0.0010085246       -0.0002285074
  27  11       -0.0005078888       -0.0005869300
  27  10       -0.0003732237       -0.0003515373
  27   9        0.0001952934        0.0001830050
  27   8        0.0000328120        0.0000475485
  27   7        0.0003127205       -0.0003366449
  27   6       -0.0004268394        0.0003411349
  27   5        0.0002359028        0.0003437750
  27   4        0.0004598387       -0.0008133869
  27   3       -0.0004321457       -0.0008867165
  27   2       -0.0004715478       -0.0001332423
  27   1       -0.0012212271       -0.0004895481
  27   0        0.0003429230        0.0000000000
  27  -1        0.0012212271       -0.0004895481
  27  -2       -0.0004715478        0.0001332423
  27  -3        0.0004321457       -0.0008867165
  27  -4        0.0004598387        0.0008133869
  27  -5       -0.0002359028        0.0003437750
  27  -6       -0.0004268394       -0.0003411349
  27  -7       -0.0003127205       -0.0003366449
  27  -8        0.0000328120       -0.0000475485
  27  -9       -0.0001952934        0.0001830050
  27 -10       -0.0003732237        0.0003515373
  27 -11        0.0005078888       -0.0005869300
  27 -12        0.0010085246        0.0002285074
  27 -13        0.0001971444        0.0002944725
  27 -14       -0.0000565067        0.0001721146
  27 -15       -0.0003458841       -0.0005760372
  27 -16       -0.0002695188       -0.0002583847
  27 -17        0.0006900343        0.0003778442
  27 -18        0.0002103655       -0.0004106061
  27 -19        0.0009604790       -0.0000187206
  27 -20       -0.0001484844       -0.0002079861
  27 -21       -0.0001908710        0.0003628630
  27 -22        0.0007747364       -0.0004239028
  27 -23        0.0005681142        0.0003096449
  27 -24        0.0006166009        0.0000024430
  27 -25       -0.0002334169        0.0001203407
  27 -26        0.0007505105       -0.0004048466
  27 -27        0.0005009162        0.0000895297
  28  28       -0.0002988353        0.0003294117
  28  27        0.0002110773        0.0001451033
  28  26        0.0002359826        0.0004036166
  28  25        0.0009288881       -0.0004225150
  28  24       -0.0001962814       -0.0001590174
  28  23       -0.0001315742       -0.0000387812
  28  22        0.0000612155       -0.0003154669
  28  21       -0.0005126675       -0.0001223797
  28  20        0.0000450151       -0.0000392522
  28  19        0.0004220703       -0.0004292041
  28  18        0.0001539102        0.0005096906
  28  17       -0.0005858204       -0.0000249590
  28  16       -0.0003512124        0.0005723813
  28  15       -0.0001585834        0.0002035013
  28  14       -0.0004468542        0.0004880682
  28  13        0.0004599888       -0.0002063154
  28  12       -0.0002004263        0.0000429578
  28  11        0.0000825100        0.0002680450
  28  10        0.0001962540       -0.0001552524
  28   9       -0.0001669864        0.0003819798
  28   8        0.0003961365       -0.0004601345
  28   7        0.0002448991       -0.0008574242
  28   6       -0.0000195648        0.0002389564
  28   5       -0.0000737723       -0.0001224667
  28   4       -0.0004416426        0.0001344924
  28   3        0.0006197039        0.0006175277
  28   2       -0.0009022403       -0.0005125870
  28   1       -0.0005308043        0.0007343203
  28   0       -0.0004554408        0.0000000000
  28  -1        0.0005308043        0.0007343203
  28  -2       -0.0009022403        0.0005125870
  28  -3       -0.0006197039        0.0006175277
  28  -4       -0.0004416426       -0.0001344924
  28  -5        0.0000737723       -0.0001224667
  28  -6       -0.0000195648       -0.0002389564
  28  -7       -0.0002448991       -0.0008574242
  28  -8        0.0003961365        0.0004601345
  28  -9        0.0001669864        0.0003819798
  28 -10        0.0001962540        0.0001552524
  28 -11       -0.0000825100        0.0002680450
  28 -12       -0.0002004263       -0.0000429578
  28 -13       -0.0004599888       -0.0002063154
  28 -14       -0.0004468542       -0.0004880682
  28 -15        0.0001585834        0.0002035013
  28 -16       -0.0003512124       -0.0005723813
  28 -17        0.0005858204       -0.0000249590
  28 -18        0.0001539102       -0.0005096906
  28 -19       -0.0004220703       -0.0004292041
  28 -20        0.0000450151        0.0000392522
  28 -21        0.0005126675       -0.0001223797
  28 -22        0.0000612155        0.0003154669
  28 -23        0.0001315742       -0.0000387812
  28 -24       -0.0001962814        0.0001590174
  28 -25       -0.0009288881       -0.0004225150
  28 -26        0.0002359826       -0.0004036166
  28 -27       -0.0002110773        0.0001451033
  28 -28       -0.0002988353       -0.0003294117
  29  29        0.0001457066        0.0000310275
  29  28       -0.0001942740        0.0002248146
  29  27       -0.0000976217        0.0000519127
  29  26        0.0004746208       -0.0005765601
  29  25       -0.0002990554        0.0007124160
  29  24        0.0000323004        0.0001855740
  29  23       -0.0000766856       -0.0005909834
  29  22       -0.0004343333        0.0003202010
  29  21       -0.0006285698       -0.0000061265
  29  20        0.0012894296       -0.0000587774
  29  19        0.0001933037        0.0000573095
  29  18       -0.0003040643       -0.0006027453
  29  17       -0.0005504577       -0.0001753767
  29  16        0.0005821142       -0.0001459832
  29  15       -0.0000931840       -0.0001506760
  29  14       -0.0002934412       -0.0003948792
  29  13       -0.0002377458        0.0008078179
  29  12        0.0001759025        0.0001135956
  29  11        0.0002728008        0.0001034442
  29  10       -0.0002425287       -0.0005293711
  29   9       -0.0003399155       -0.0005312509
  29   8       -0.0001354907        0.0001777890
  29   7       -0.0008190669        0.0001929879
  29   6       -0.0000567633        0.0002619620
  29   5       -0.0002079624        0.0001220454
  29   4        0.0003042083        0.0003149028
  29   3       -0.0002341506        0.0007782489
  29   2        0.0007332355        0.0003306719
  29   1        0.0016233875       -0.0001692567
  29   0       -0.0004502453        0.0000000000
  29  -1       -0.0016233875       -0.0001692567
  29  -2        0.0007332355       -0.0003306719
  29  -3        0.0002341506        0.0007782489
  29  -4        0.0003042083       -0.0003149028
  29  -5        0.0002079624        0.0001220454
  29  -6       -0.0000567633       -0.0002619620
  29  -7        0.0008190669        0.0001929879
  29  -8       -0.0001354907       -0.0001777890
  29  -9        0.0003399155       -0.0005312509
  29 -10       -0.0002425287        0.0005293711
  29 -11       -0.0002728008        0.0001034442
  29 -12        0.0001759025       -0.0001135956
  29 -13        0.0002377458        0.0008078179
  29 -14       -0.0002934412        0.0003948792
  29 -15        0.0000931840       -0.0001506760
  29 -16        0.0005821142        0.0001459832
  29 -17        0.0005504577       -0.0001753767
  29 -18       -0.0003040643        0.0006027453
  29 -19       -0.0001933037        0.0000573095
  29 -20        0.0012894296        0.0000587774
  29 -21        0.0006285698       -0.0000061265
  29 -22       -0.0004343333       -0.0003202010
  29 -23        0.0000766856       -0.0005909834
  29 -24        0.0000323004       -0.0001855740
  29 -25        0.0002990554        0.0007124160
  29 -26        0.0004746208        0.0005765601
  29 -27        0.0000976217        0.0000519127
  29 -28       -0.0001942740       -0.0002248146
  29 -29       -0.0001457066        0.0000310275
  30  30       -0.0005751785        0.0003123156
  30  29        0.0002341063       -0.0005813287
  30  28        0.0003446135        0.0006576080
  30  27        0.0004511136       -0.0000873123
  30  26       -0.0005265302        0.0002925024
  30  25       -0.0010855965        0.0005755176
  30  24        0.0007182166       -0.0008739470
  30  23        0.0001716962       -0.0002651475
  30  22        0.0003403440        0.0001946086
  30  21        0.0004129098        0.0006974775
  30  20        0.0004175153        0.0001799189
  30  19        0.0000731333        0.0005069308
  30  18        0.0001144456       -0.0001904403
  30  17       -0.0000427412        0.0002716124
  30  16        0.0000120809       -0.0002957259
  30  15       -0.0000237722        0.0004939629
  30  14        0.0005108233       -0.0003172571
  30  13       -0.0005171834        0.0000313461
  30  12        0.0002959135        0.0000090948
  30  11        0.0004496295        0.0002537511
  30  10        0.0000716857       -0.0000269743
  30   9       -0.0004340411        0.0000756951
  30   8       -0.0001855639        0.0006436726
  30   7        0.0003937496        0.0004443475
  30   6        0.0006493636       -0.0007669432
  30   5       -0.0005871606        0.0000263683
  30   4        0.0005501324        0.0001756985
  30   3       -0.0005354273       -0.0002283372
  30   2        0.0007356741       -0.0005599403
  30   1        0.0000275667        0.0002019835
  30   0        0.0001782168        0.0000000000
  30  -1       -0.0000275667        0.0002019835
  30  -2        0.0007356741        0.0005599403
  30  -3        0.0005354273       -0.0002283372
  30  -4        0.0005501324       -0.0001756985
  30  -5        0.0005871606        0.0000263683
  30  -6        0.0006493636        0.0007669432
  30  -7       -0.0003937496        0.0004443475
  30  -8       -0.0001855639       -0.0006436726
  30  -9        0.0004340411        0.0000756951
  30 -10        0.0000716857        0.0000269743
  30 -11       -0.0004496295        0.0002537511
  30 -12        0.0002959135       -0.0000090948
  30 -13        0.0005171834        0.0000313461
  30 -14        0.0005108233        0.0003172571
  30 -15        0.0000237722        0.0004939629
  30 -16        0.0000120809        0.0002957259
  30 -17        0.0000427412        0.0002716124
  30 -18        0.0001144456        0.0001904403
  30 -19       -0.0000731333        0.0005069308
  30 -20        0.0004175153       -0.0001799189
  30 -21       -0.0004129098        0.0006974775
  30 -22        0.0003403440       -0.0001946086
  30 -23       -0.0001716962       -0.0002651475
  30 -24        0.0007182166        0.0008739470
  30 -25        0.0010855965        0.0005755176
  30 -26       -0.0005265302       -0.0002925024
  30 -27       -0.0004511136       -0.0000873123
  30 -28        0.0003446135       -0.0006576080
  30 -29       -0.0002341063       -0.0005813287
  30 -30       -0.0005751785       -0.0003123156
