   0   0        0.8902728946        0.0000000000
   1   1       -0.0066560774        0.0140572267
   1   0       -0.0035010079        0.0000000000
   1  -1        0.0066560774        0.0140572267
   2   2       -0.0735320968        0.0134091763
   2   1       -0.0094702528       -0.0120995064
   2   0       -0.1602742333        0.0000000000
   2  -1        0.0094702528       -0.0120995064
   2  -2       -0.0735320968       -0.0134091763
   3   3        0.0017785507        0.0240404810
   3   2       -0.0298644281        0.0036889475
   3   1       -0.0048696188        0.0110098545
   3   0        0.0179810267        0.0000000000
   3  -1        0.0048696188        0.0110098545
   3  -2       -0.0298644281       -0.0036889475
   3  -3       -0.0017785507        0.0240404810
   4   4        0.0038067090        0.0146103023
   4   3       -0.0041352488        0.0055359083
   4   2        0.0141887432        0.0011803460
   4   1        0.0007360503        0.0287073434
   4   0        0.0092694011        0.0000000000
   4  -1       -0.0007360503        0.0287073434
   4  -2        0.0141887432       -0.0011803460
   4  -3        0.0041352488        0.0055359083
   4  -4        0.0038067090       -0.0146103023
   5   5        0.0028730861       -0.0103047600
   5   4        0.0031714915        0.0053665581
   5   3        0.0026327796       -0.0071862665
   5   2        0.0055809545        0.0022226523
   5   1       -0.0002517591       -0.0058337296
   5   0       -0.0089641984        0.0000000000
   5  -1        0.0002517591       -0.0058337296
   5  -2        0.0055809545       -0.0022226523
   5  -3       -0.0026327796       -0.0071862665
   5  -4        0.0031714915       -0.0053665581
   5  -5       -0.0028730861       -0.0103047600
   6   6       -0.0070046591       -0.0071075010
   6   5       -0.0002983445        0.0000663968
   6   4        0.0010753245       -0.0037523636
   6   3        0.0047701001       -0.0050651810
   6   2       -0.0021107489       -0.0024412915
   6   1       -0.0013689102       -0.0130436529
   6   0        0.0068321686        0.0000000000
   6  -1        0.0013689102       -0.0130436529
   6  -2       -0.0021107489        0.0024412915
   6  -3       -0.0047701001       -0.0050651810
   6  -4        0.0010753245        0.0037523636
   6  -5        0.0002983445        0.0000663968
   6  -6       -0.0070046591        0.0071075010
   7   7        0.0020976341       -0.0014045254
   7   6        0.0014086283       -0.0032839167
   7   5       -0.0002662120        0.0008552961
   7   4       -0.0042025286       -0.0039961389
   7   3       -0.0007009906        0.0002998250
   7   2        0.0004632521       -0.0014629213
   7   1        0.0025447543        0.0016979042
   7   0       -0.0005102374        0.0000000000
   7  -1       -0.0025447543        0.0016979042
   7  -2        0.0004632521        0.0014629213
   7  -3        0.0007009906        0.0002998250
   7  -4       -0.0042025286        0.0039961389
   7  -5        0.0002662120        0.0008552961
   7  -6        0.0014086283        0.0032839167
   7  -7       -0.0020976341       -0.0014045254
   8   8        0.0041777763       -0.0005426707
   8   7       -0.0026955817       -0.0024203296
   8   6        0.0032604643       -0.0009249492
   8   5        0.0003355544        0.0001807653
   8   4       -0.0013750044       -0.0014914207
   8   3       -0.0005796155        0.0018397774
   8   2       -0.0041278493        0.0028463575
   8   1        0.0037248964       -0.0025814719
   8   0       -0.0048284068        0.0000000000
   8  -1       -0.0037248964       -0.0025814719
   8  -2       -0.0041278493       -0.0028463575
   8  -3        0.0005796155        0.0018397774
   8  -4       -0.0013750044        0.0014914207
   8  -5       -0.0003355544        0.0001807653
   8  -6        0.0032604643        0.0009249492
   8  -7        0.0026955817       -0.0024203296
   8  -8        0.0041777763        0.0005426707
   9   9       -0.0004966455       -0.0024823103
   9   8       -0.0027682934       -0.0008043206
   9   7       -0.0010510537       -0.0016617125
   9   6        0.0002318245       -0.0004982973
   9   5        0.0005265846       -0.0012221608
   9   4        0.0026647934        0.0006402110
   9   3        0.0001811057        0.0001504920
   9   2       -0.0019001732        0.0008755179
   9   1        0.0004210828       -0.0001474606
   9   0        0.0002708620        0.0000000000
   9  -1       -0.0004210828       -0.0001474606
   9  -2       -0.0019001732       -0.0008755179
   9  -3       -0.0001811057        0.0001504920
   9  -4        0.0026647934       -0.0006402110
   9  -5       -0.0005265846       -0.0012221608
   9  -6        0.0002318245        0.0004982973
   9  -7        0.0010510537       -0.0016617125
   9  -8       -0.0027682934        0.0008043206
   9  -9        0.0004966455       -0.0024823103
  10  10       -0.0017344525        0.0006050604
  10   9        0.0009722330        0.0006204093
  10   8       -0.0004999692        0.0011048289
  10   7        0.0001549919       -0.0009023804
  10   6       -0.0013470660        0.0011711329
  10   5        0.0005479492       -0.0021475232
  10   4        0.0017478124        0.0011579007
  10   3       -0.0017607715        0.0008688098
  10   2        0.0023050221       -0.0011208364
  10   1       -0.0003959214        0.0032793555
  10   0        0.0013204903        0.0000000000
  10  -1        0.0003959214        0.0032793555
  10  -2        0.0023050221        0.0011208364
  10  -3        0.0017607715        0.0008688098
  10  -4        0.0017478124       -0.0011579007
  10  -5       -0.0005479492       -0.0021475232
  10  -6       -0.0013470660       -0.0011711329
  10  -7       -0.0001549919       -0.0009023804
  10  -8       -0.0004999692       -0.0011048289
  10  -9       -0.0009722330        0.0006204093
  10 -10       -0.0017344525       -0.0006050604
  11  11        0.0006585047        0.0023515102
  11  10       -0.0015215256       -0.0006772584
  11   9       -0.0003361684        0.0008280208
  11   8       -0.0009557673       -0.0000644850
  11   7        0.0005845329        0.0008164700
  11   6       -0.0009665195        0.0002156673
  11   5        0.0003943706       -0.0008706260
  11   4        0.0010473119        0.0004535954
  11   3       -0.0004172906        0.0007522247
  11   2       -0.0003737224        0.0010017851
  11   1        0.0010897121       -0.0028573995
  11   0       -0.0008422258        0.0000000000
  11  -1       -0.0010897121       -0.0028573995
  11  -2       -0.0003737224       -0.0010017851
  11  -3        0.0004172906        0.0007522247
  11  -4        0.0010473119       -0.0004535954
  11  -5       -0.0003943706       -0.0008706260
  11  -6       -0.0009665195       -0.0002156673
  11  -7       -0.0005845329        0.0008164700
  11  -8       -0.0009557673        0.0000644850
  11  -9        0.0003361684        0.0008280208
  11 -10       -0.0015215256        0.0006772584
  11 -11       -0.0006585047        0.0023515102
  12  12       -0.0000657182       -0.0014025929
  12  11        0.0010373545        0.0003138993
  12  10        0.0002570747        0.0009592391
  12   9       -0.0008241814        0.0007621973
  12   8        0.0006515045       -0.0012640217
  12   7       -0.0004878564        0.0022810894
  12   6       -0.0008495209       -0.0012035012
  12   5        0.0005179943       -0.0000519968
  12   4       -0.0007576153        0.0009573649
  12   3        0.0017912901       -0.0009630047
  12   2        0.0006216490        0.0006119493
  12   1        0.0003299306       -0.0012945503
  12   0        0.0000944562        0.0000000000
  12  -1       -0.0003299306       -0.0012945503
  12  -2        0.0006216490       -0.0006119493
  12  -3       -0.0017912901       -0.0009630047
  12  -4       -0.0007576153       -0.0009573649
  12  -5       -0.0005179943       -0.0000519968
  12  -6       -0.0008495209        0.0012035012
  12  -7        0.0004878564        0.0022810894
  12  -8        0.0006515045        0.0012640217
  12  -9        0.0008241814        0.0007621973
  12 -10        0.0002570747       -0.0009592391
  12 -11       -0.0010373545        0.0003138993
  12 -12       -0.0000657182        0.0014025929
  13  13       -0.0006166828       -0.0011942010
  13  12       -0.0000037892        0.0003207993
  13  11       -0.0010587707       -0.0004528617
  13  10        0.0011413679        0.0006241426
  13   9        0.0005532336       -0.0016343449
  13   8        0.0020523997        0.0009252892
  13   7       -0.0011596521        0.0019395817
  13   6        0.0005237305        0.0002415588
  13   5       -0.0003240910       -0.0002805934
  13   4       -0.0008975045        0.0015307091
  13   3        0.0010866144        0.0004494564
  13   2        0.0013004175       -0.0021048474
  13   1       -0.0014573762       -0.0000106738
  13   0        0.0000217134        0.0000000000
  13  -1        0.0014573762       -0.0000106738
  13  -2        0.0013004175        0.0021048474
  13  -3       -0.0010866144        0.0004494564
  13  -4       -0.0008975045       -0.0015307091
  13  -5        0.0003240910       -0.0002805934
  13  -6        0.0005237305       -0.0002415588
  13  -7        0.0011596521        0.0019395817
  13  -8        0.0020523997       -0.0009252892
  13  -9       -0.0005532336       -0.0016343449
  13 -10        0.0011413679       -0.0006241426
  13 -11        0.0010587707       -0.0004528617
  13 -12       -0.0000037892       -0.0003207993
  13 -13        0.0006166828       -0.0011942010
  14  14       -0.0003040534        0.0011160735
  14  13        0.0003983399       -0.0011447417
  14  12       -0.0015086717        0.0011174585
  14  11        0.0001929125       -0.0000672502
  14  10        0.0000850994        0.0004911406
  14   9        0.0014050715       -0.0013358507
  14   8        0.0004189318        0.0014783908
  14   7        0.0005136324       -0.0001624389
  14   6        0.0011862146        0.0009408892
  14   5       -0.0003569487       -0.0012774769
  14   4        0.0010099213        0.0004475906
  14   3       -0.0000736090        0.0000403863
  14   2       -0.0010123866       -0.0012181733
  14   1       -0.0005988433       -0.0020918862
  14   0       -0.0021580288        0.0000000000
  14  -1        0.0005988433       -0.0020918862
  14  -2       -0.0010123866        0.0012181733
  14  -3        0.0000736090        0.0000403863
  14  -4        0.0010099213       -0.0004475906
  14  -5        0.0003569487       -0.0012774769
  14  -6        0.0011862146       -0.0009408892
  14  -7       -0.0005136324       -0.0001624389
  14  -8        0.0004189318       -0.0014783908
  14  -9       -0.0014050715       -0.0013358507
  14 -10        0.0000850994       -0.0004911406
  14 -11       -0.0001929125       -0.0000672502
  14 -12       -0.0015086717       -0.0011174585
  14 -13       -0.0003983399       -0.0011447417
  14 -14       -0.0003040534       -0.0011160735
  15  15        0.0006135390        0.0005926078
  15  14        0.0003242282        0.0006880554
  15  13        0.0005179397        0.0003609857
  15  12       -0.0009064791       -0.0004748923
  15  11        0.0001164915       -0.0002725380
  15  10       -0.0003975237        0.0001317271
  15   9        0.0011005069       -0.0007301746
  15   8       -0.0012130892       -0.0004389064
  15   7        0.0004226624       -0.0001739075
  15   6        0.0000777591        0.0005385137
  15   5        0.0015643396       -0.0006548856
  15   4        0.0003811280       -0.0006186119
  15   3       -0.0005073711       -0.0019961673
  15   2        0.0004440311        0.0008350546
  15   1        0.0006647356        0.0004759361
  15   0        0.0008214502        0.0000000000
  15  -1       -0.0006647356        0.0004759361
  15  -2        0.0004440311       -0.0008350546
  15  -3        0.0005073711       -0.0019961673
  15  -4        0.0003811280        0.0006186119
  15  -5       -0.0015643396       -0.0006548856
  15  -6        0.0000777591       -0.0005385137
  15  -7       -0.0004226624       -0.0001739075
  15  -8       -0.0012130892        0.0004389064
  15  -9       -0.0011005069       -0.0007301746
  15 -10       -0.0003975237       -0.0001317271
  15 -11       -0.0001164915       -0.0002725380
  15 -12       -0.0009064791        0.0004748923
  15 -13       -0.0005179397        0.0003609857
  15 -14        0.0003242282       -0.0006880554
  15 -15       -0.0006135390        0.0005926078
  16  16        0.0007455199       -0.0005208855
  16  15       -0.0005287677       -0.0000916060
  16  14       -0.0010490291       -0.0001177181
  16  13       -0.0008282621        0.0008446286
  16  12       -0.0008759662       -0.0000304443
  16  11       -0.0008434534        0.0000676536
  16  10        0.0002536806       -0.0004500072
  16   9        0.0004731656       -0.0002439987
  16   8       -0.0007462474       -0.0014560715
  16   7       -0.0015876007        0.0007180163
  16   6        0.0005766566        0.0006484051
  16   5        0.0012789274        0.0010746499
  16   4        0.0006738024       -0.0004670760
  16   3       -0.0006000864       -0.0004016091
  16   2        0.0006055590        0.0005285790
  16   1       -0.0007034789        0.0008234863
  16   0        0.0018320324        0.0000000000
  16  -1        0.0007034789        0.0008234863
  16  -2        0.0006055590       -0.0005285790
  16  -3        0.0006000864       -0.0004016091
  16  -4        0.0006738024        0.0004670760
  16  -5       -0.0012789274        0.0010746499
  16  -6        0.0005766566       -0.0006484051
  16  -7        0.0015876007        0.0007180163
  16  -8       -0.0007462474        0.0014560715
  16  -9       -0.0004731656       -0.0002439987
  16 -10        0.0002536806        0.0004500072
  16 -11        0.0008434534        0.0000676536
  16 -12       -0.0008759662        0.0000304443
  16 -13        0.0008282621        0.0008446286
  16 -14       -0.0010490291        0.0001177181
  16 -15        0.0005287677       -0.0000916060
  16 -16        0.0007455199        0.0005208855
  17  17       -0.0011303490        0.0002663579
  17  16        0.0009813251       -0.0000761750
  17  15       -0.0009737538        0.0008801497
  17  14       -0.0001915011        0.0004062505
  17  13       -0.0001379053        0.0002286697
  17  12       -0.0008286370        0.0003941349
  17  11       -0.0004134483       -0.0001404834
  17  10        0.0003924359       -0.0001628314
  17   9        0.0001128200        0.0003821454
  17   8        0.0003499932       -0.0004294244
  17   7       -0.0014697315       -0.0005986695
  17   6        0.0004862618        0.0000943654
  17   5       -0.0004709127        0.0009254311
  17   4        0.0010633267       -0.0004056173
  17   3        0.0001873638       -0.0000499388
  17   2        0.0000330388        0.0001899481
  17   1       -0.0009117614       -0.0004072504
  17   0       -0.0003804714        0.0000000000
  17  -1        0.0009117614       -0.0004072504
  17  -2        0.0000330388       -0.0001899481
  17  -3       -0.0001873638       -0.0000499388
  17  -4        0.0010633267        0.0004056173
  17  -5        0.0004709127        0.0009254311
  17  -6        0.0004862618       -0.0000943654
  17  -7        0.0014697315       -0.0005986695
  17  -8        0.0003499932        0.0004294244
  17  -9       -0.0001128200        0.0003821454
  17 -10        0.0003924359        0.0001628314
  17 -11        0.0004134483       -0.0001404834
  17 -12       -0.0008286370       -0.0003941349
  17 -13        0.0001379053        0.0002286697
  17 -14       -0.0001915011       -0.0004062505
  17 -15        0.0009737538        0.0008801497
  17 -16        0.0009813251        0.0000761750
  17 -17        0.0011303490        0.0002663579
  18  18        0.0004800081        0.0007256139
  18  17       -0.0000028639        0.0007738882
  18  16        0.0003952501        0.0003212273
  18  15        0.0003301162       -0.0000704889
  18  14        0.0000221522       -0.0010960701
  18  13       -0.0001853139       -0.0006569821
  18  12       -0.0005304761        0.0006937264
  18  11       -0.0000613834        0.0001353373
  18  10       -0.0004258104       -0.0008983157
  18   9        0.0001153994        0.0002072393
  18   8       -0.0000143910        0.0010869853
  18   7        0.0001211549       -0.0008651523
  18   6       -0.0003060388       -0.0002919568
  18   5       -0.0001053332        0.0002646825
  18   4        0.0000187288       -0.0006609961
  18   3        0.0003368028       -0.0011251614
  18   2        0.0017817025       -0.0002158637
  18   1        0.0004926175        0.0000264196
  18   0        0.0013943021        0.0000000000
  18  -1       -0.0004926175        0.0000264196
  18  -2        0.0017817025        0.0002158637
  18  -3       -0.0003368028       -0.0011251614
  18  -4        0.0000187288        0.0006609961
  18  -5        0.0001053332        0.0002646825
  18  -6       -0.0003060388        0.0002919568
  18  -7       -0.0001211549       -0.0008651523
  18  -8       -0.0000143910       -0.0010869853
  18  -9       -0.0001153994        0.0002072393
  18 -10       -0.0004258104        0.0008983157
  18 -11        0.0000613834        0.0001353373
  18 -12       -0.0005304761       -0.0006937264
  18 -13        0.0001853139       -0.0006569821
  18 -14        0.0000221522        0.0010960701
  18 -15       -0.0003301162       -0.0000704889
  18 -16        0.0003952501       -0.0003212273
  18 -17        0.0000028639        0.0007738882
  18 -18        0.0004800081       -0.0007256139
  19  19        0.0001943762       -0.0004097546
  19  18        0.0006002526       -0.0000094344
  19  17        0.0013041151        0.0001050267
  19  16        0.0013323799        0.0001496158
  19  15        0.0003502660       -0.0001298743
  19  14       -0.0004930181       -0.0001624801
  19  13       -0.0005576285        0.0005517283
  19  12       -0.0000581928        0.0008988854
  19  11        0.0001997669        0.0003994488
  19  10        0.0000622687       -0.0009511037
  19   9       -0.0005457746        0.0008237199
  19   8       -0.0001925959        0.0009265208
  19   7        0.0000684536       -0.0001387418
  19   6        0.0006439101       -0.0001907540
  19   5        0.0001670252       -0.0002278520
  19   4        0.0006854514        0.0002969953
  19   3       -0.0008516015        0.0003014902
  19   2       -0.0002282511       -0.0009546793
  19   1        0.0000488339        0.0000488696
  19   0       -0.0001036386        0.0000000000
  19  -1       -0.0000488339        0.0000488696
  19  -2       -0.0002282511        0.0009546793
  19  -3        0.0008516015        0.0003014902
  19  -4        0.0006854514       -0.0002969953
  19  -5       -0.0001670252       -0.0002278520
  19  -6        0.0006439101        0.0001907540
  19  -7       -0.0000684536       -0.0001387418
  19  -8       -0.0001925959       -0.0009265208
  19  -9        0.0005457746        0.0008237199
  19 -10        0.0000622687        0.0009511037
  19 -11       -0.0001997669        0.0003994488
  19 -12       -0.0000581928       -0.0008988854
  19 -13        0.0005576285        0.0005517283
  19 -14       -0.0004930181        0.0001624801
  19 -15       -0.0003502660       -0.0001298743
  19 -16        0.0013323799       -0.0001496158
  19 -17       -0.0013041151        0.0001050267
  19 -18        0.0006002526        0.0000094344
  19 -19       -0.0001943762       -0.0004097546
  20  20       -0.0001687199       -0.0002163387
  20  19        0.0000191475       -0.0003477488
  20  18        0.0003291845        0.0001732701
  20  17        0.0007071453       -0.0009200259
  20  16        0.0000977977        0.0005052861
  20  15        0.0003096783       -0.0000888752
  20  14        0.0000649476        0.0012239548
  20  13        0.0001107713        0.0004996492
  20  12       -0.0005395743        0.0003790268
  20  11        0.0010282527        0.0000335013
  20  10        0.0006579351        0.0003021377
  20   9       -0.0011526017        0.0005904406
  20   8        0.0003410417        0.0006505811
  20   7       -0.0008630259        0.0003214798
  20   6        0.0001618497       -0.0007663125
  20   5       -0.0002757970       -0.0001677805
  20   4       -0.0004388170        0.0010840882
  20   3       -0.0006538458        0.0009102398
  20   2       -0.0014748996       -0.0004840021
  20   1        0.0004936846        0.0012048778
  20   0       -0.0019067984        0.0000000000
  20  -1       -0.0004936846        0.0012048778
  20  -2       -0.0014748996        0.0004840021
  20  -3        0.0006538458        0.0009102398
  20  -4       -0.0004388170       -0.0010840882
  20  -5        0.0002757970       -0.0001677805
  20  -6        0.0001618497        0.0007663125
  20  -7        0.0008630259        0.0003214798
  20  -8        0.0003410417       -0.0006505811
  20  -9        0.0011526017        0.0005904406
  20 -10        0.0006579351       -0.0003021377
  20 -11       -0.0010282527        0.0000335013
  20 -12       -0.0005395743       -0.0003790268
  20 -13       -0.0001107713        0.0004996492
  20 -14        0.0000649476       -0.0012239548
  20 -15       -0.0003096783       -0.0000888752
  20 -16        0.0000977977       -0.0005052861
  20 -17       -0.0007071453       -0.0009200259
  20 -18        0.0003291845       -0.0001732701
  20 -19       -0.0000191475       -0.0003477488
  20 -20       -0.0001687199        0.0002163387
  21  21       -0.0009951342        0.0002503947
  21  20       -0.0003271998       -0.0006037566
  21  19       -0.0001393004        0.0001724978
  21  18       -0.0001981566        0.0000164951
  21  17       -0.0006335366       -0.0007247424
  21  16        0.0002313662       -0.0001331777
  21  15        0.0000047904       -0.0005829029
  21  14       -0.0004027914        0.0000318319
  21  13        0.0004217852        0.0005660786
  21  12        0.0006642030       -0.0001147742
  21  11        0.0004079229       -0.0005874430
  21  10       -0.0001957398       -0.0001845072
  21   9        0.0000405436       -0.0002654286
  21   8        0.0002818174        0.0009918132
  21   7       -0.0001108535        0.0013987782
  21   6       -0.0005975486       -0.0006791593
  21   5        0.0000895594        0.0001137277
  21   4       -0.0014130911       -0.0000595999
  21   3        0.0005450242        0.0005964656
  21   2        0.0012837479       -0.0001726989
  21   1        0.0011902586        0.0007790797
  21   0        0.0019273692        0.0000000000
  21  -1       -0.0011902586        0.0007790797
  21  -2        0.0012837479        0.0001726989
  21  -3       -0.0005450242        0.0005964656
  21  -4       -0.0014130911        0.0000595999
  21  -5       -0.0000895594        0.0001137277
  21  -6       -0.0005975486        0.0006791593
  21  -7        0.0001108535        0.0013987782
  21  -8        0.0002818174       -0.0009918132
  21  -9       -0.0000405436       -0.0002654286
  21 -10       -0.0001957398        0.0001845072
  21 -11       -0.0004079229       -0.0005874430
  21 -12        0.0006642030        0.0001147742
  21 -13       -0.0004217852        0.0005660786
  21 -14       -0.0004027914       -0.0000318319
  21 -15       -0.0000047904       -0.0005829029
  21 -16        0.0002313662        0.0001331777
  21 -17        0.0006335366       -0.0007247424
  21 -18       -0.0001981566       -0.0000164951
  21 -19        0.0001393004        0.0001724978
  21 -20       -0.0003271998        0.0006037566
  21 -21        0.0009951342        0.0002503947
  22  22        0.0004721230        0.0011764136
  22  21       -0.0007526005       -0.0001665905
  22  20       -0.0000019359        0.0003730333
  22  19       -0.0007702466       -0.0005453421
  22  18       -0.0006341903       -0.0005136256
  22  17       -0.0003565247       -0.0009059701
  22  16       -0.0003225208       -0.0004237842
  22  15       -0.0001074152       -0.0002106090
  22  14       -0.0004066599       -0.0008282853
  22  13       -0.0001776137        0.0006993245
  22  12        0.0014413634        0.0006399225
  22  11       -0.0001316270       -0.0006719461
  22  10       -0.0000994795       -0.0011883957
  22   9        0.0004676058        0.0002542807
  22   8       -0.0001184203       -0.0000090899
  22   7        0.0009050065        0.0003836028
  22   6        0.0005913145        0.0001520777
  22   5       -0.0002434412       -0.0011782015
  22   4        0.0010334070       -0.0007269975
  22   3        0.0004720296        0.0006135989
  22   2        0.0003589820        0.0002288464
  22   1       -0.0010500523       -0.0007050327
  22   0        0.0011484282        0.0000000000
  22  -1        0.0010500523       -0.0007050327
  22  -2        0.0003589820       -0.0002288464
  22  -3       -0.0004720296        0.0006135989
  22  -4        0.0010334070        0.0007269975
  22  -5        0.0002434412       -0.0011782015
  22  -6        0.0005913145       -0.0001520777
  22  -7       -0.0009050065        0.0003836028
  22  -8       -0.0001184203        0.0000090899
  22  -9       -0.0004676058        0.0002542807
  22 -10       -0.0000994795        0.0011883957
  22 -11        0.0001316270       -0.0006719461
  22 -12        0.0014413634       -0.0006399225
  22 -13        0.0001776137        0.0006993245
  22 -14       -0.0004066599        0.0008282853
  22 -15        0.0001074152       -0.0002106090
  22 -16       -0.0003225208        0.0004237842
  22 -17        0.0003565247       -0.0009059701
  22 -18       -0.0006341903        0.0005136256
  22 -19        0.0007702466       -0.0005453421
  22 -20       -0.0000019359       -0.0003730333
  22 -21        0.0007526005       -0.0001665905
  22 -22        0.0004721230       -0.0011764136
  23  23        0.0005587315        0.0002547470
  23  22        0.0001039417        0.0000661468
  23  21       -0.0005250455        0.0000470312
  23  20        0.0002754843       -0.0001221693
  23  19       -0.0009863723       -0.0006727092
  23  18       -0.0000396583       -0.0001705252
  23  17       -0.0001823785        0.0000746184
  23  16       -0.0000124359        0.0001236321
  23  15       -0.0001401205       -0.0005383657
  23  14       -0.0003944217        0.0000507094
  23  13        0.0004162534        0.0000804180
  23  12        0.0002358257        0.0008768954
  23  11        0.0004287614        0.0005773031
  23  10        0.0001031870       -0.0004745529
  23   9       -0.0009455155        0.0003956865
  23   8       -0.0007345903       -0.0006469828
  23   7        0.0003636466       -0.0009166261
  23   6        0.0005952162        0.0001590293
  23   5       -0.0005125276       -0.0004994464
  23   4        0.0004765606       -0.0003350995
  23   3        0.0004639917       -0.0005603627
  23   2       -0.0012563830        0.0012223855
  23   1       -0.0013038648        0.0003772151
  23   0       -0.0014334015        0.0000000000
  23  -1        0.0013038648        0.0003772151
  23  -2       -0.0012563830       -0.0012223855
  23  -3       -0.0004639917       -0.0005603627
  23  -4        0.0004765606        0.0003350995
  23  -5        0.0005125276       -0.0004994464
  23  -6        0.0005952162       -0.0001590293
  23  -7       -0.0003636466       -0.0009166261
  23  -8       -0.0007345903        0.0006469828
  23  -9        0.0009455155        0.0003956865
  23 -10        0.0001031870        0.0004745529
  23 -11       -0.0004287614        0.0005773031
  23 -12        0.0002358257       -0.0008768954
  23 -13       -0.0004162534        0.0000804180
  23 -14       -0.0003944217       -0.0000507094
  23 -15        0.0001401205       -0.0005383657
  23 -16       -0.0000124359       -0.0001236321
  23 -17        0.0001823785        0.0000746184
  23 -18       -0.0000396583        0.0001705252
  23 -19        0.0009863723       -0.0006727092
  23 -20        0.0002754843        0.0001221693
  23 -21        0.0005250455        0.0000470312
  23 -22        0.0001039417       -0.0000661468
  23 -23       -0.0005587315        0.0002547470
  24  24       -0.0010891313        0.0009684663
  24  23        0.0010758418       -0.0008907367
  24  22       -0.0004225009        0.0001152960
  24  21       -0.0001558315       -0.0002099481
  24  20       -0.0008400755       -0.0001675651
  24  19        0.0004863094        0.0003147965
  24  18       -0.0003114076        0.0008581092
  24  17       -0.0001418519        0.0004577930
  24  16        0.0005161371       -0.0001789984
  24  15       -0.0003576372       -0.0000271113
  24  14       -0.0001559602        0.0001109161
  24  13        0.0006505857       -0.0002125280
  24  12        0.0001875156        0.0000130793
  24  11       -0.0001363209        0.0007097711
  24  10       -0.0002890788        0.0004656204
  24   9       -0.0006052348        0.0003146325
  24   8       -0.0006709292       -0.0000518930
  24   7       -0.0000119345        0.0004122820
  24   6        0.0001145538       -0.0001809489
  24   5        0.0005372641        0.0014820315
  24   4       -0.0006515688       -0.0005129964
  24   3        0.0005318540       -0.0006531991
  24   2        0.0003864108        0.0006339115
  24   1        0.0004328290        0.0002625126
  24   0        0.0004185614        0.0000000000
  24  -1       -0.0004328290        0.0002625126
  24  -2        0.0003864108       -0.0006339115
  24  -3       -0.0005318540       -0.0006531991
  24  -4       -0.0006515688        0.0005129964
  24  -5       -0.0005372641        0.0014820315
  24  -6        0.0001145538        0.0001809489
  24  -7        0.0000119345        0.0004122820
  24  -8       -0.0006709292        0.0000518930
  24  -9        0.0006052348        0.0003146325
  24 -10       -0.0002890788       -0.0004656204
  24 -11        0.0001363209        0.0007097711
  24 -12        0.0001875156       -0.0000130793
  24 -13       -0.0006505857       -0.0002125280
  24 -14       -0.0001559602       -0.0001109161
  24 -15        0.0003576372       -0.0000271113
  24 -16        0.0005161371        0.0001789984
  24 -17        0.0001418519        0.0004577930
  24 -18       -0.0003114076       -0.0008581092
  24 -19       -0.0004863094        0.0003147965
  24 -20       -0.0008400755        0.0001675651
  24 -21        0.0001558315       -0.0002099481
  24 -22       -0.0004225009       -0.0001152960
  24 -23       -0.0010758418       -0.0008907367
  24 -24       -0.0010891313       -0.0009684663
  25  25       -0.0000828340        0.0010856833
  25  24        0.0002602182       -0.0002149568
  25  23       -0.0006290347        0.0001665289
  25  22       -0.0002429985        0.0002712799
  25  21       -0.0000851696       -0.0001909216
  25  20       -0.0000198962       -0.0006335595
  25  19        0.0006956184        0.0005990758
  25  18        0.0007694983        0.0003093171
  25  17       -0.0001041393       -0.0005451741
  25  16       -0.0007435229       -0.0003855004
  25  15       -0.0005972399        0.0004473434
  25  14        0.0002006982        0.0001973839
  25  13       -0.0001341934        0.0003199368
  25  12       -0.0002333613       -0.0004441068
  25  11       -0.0002801514       -0.0006394219
  25  10        0.0006152580        0.0005160693
  25   9        0.0005145769        0.0004732076
  25   8       -0.0000406120       -0.0001643094
  25   7       -0.0001332672        0.0002863358
  25   6        0.0003167826       -0.0005321542
  25   5        0.0003793366        0.0001827755
  25   4        0.0008106873       -0.0000593521
  25   3       -0.0005411215        0.0004975352
  25   2        0.0003183419       -0.0000428327
  25   1       -0.0000429499       -0.0003680510
  25   0       -0.0000501381        0.0000000000
  25  -1        0.0000429499       -0.0003680510
  25  -2        0.0003183419        0.0000428327
  25  -3        0.0005411215        0.0004975352
  25  -4        0.0008106873        0.0000593521
  25  -5       -0.0003793366        0.0001827755
  25  -6        0.0003167826        0.0005321542
  25  -7        0.0001332672        0.0002863358
  25  -8       -0.0000406120        0.0001643094
  25  -9       -0.0005145769        0.0004732076
  25 -10        0.0006152580       -0.0005160693
  25 -11        0.0002801514       -0.0006394219
  25 -12       -0.0002333613        0.0004441068
  25 -13        0.0001341934        0.0003199368
  25 -14        0.0002006982       -0.0001973839
  25 -15        0.0005972399        0.0004473434
  25 -16       -0.0007435229        0.0003855004
  25 -17        0.0001041393       -0.0005451741
  25 -18        0.0007694983       -0.0003093171
  25 -19       -0.0006956184        0.0005990758
  25 -20       -0.0000198962        0.0006335595
  25 -21        0.0000851696       -0.0001909216
  25 -22       -0.0002429985       -0.0002712799
  25 -23        0.0006290347        0.0001665289
  25 -24        0.0002602182        0.0002149568
  25 -25        0.0000828340        0.0010856833
  26  26        0.0002836675       -0.0000637231
  26  25        0.0002332642        0.0003473983
  26  24        0.0002120011       -0.0001325382
  26  23        0.0002777755       -0.0000357335
  26  22        0.0003293472       -0.0001194147
  26  21        0.0006674047       -0.0001588103
  26  20       -0.0003141975       -0.0001274431
  26  19       -0.0004186034       -0.0001161862
  26  18        0.0006193771        0.0002728579
  26  17        0.0001086341       -0.0002288673
  26  16       -0.0009265779        0.0002733463
  26  15       -0.0003943351       -0.0001843206
  26  14        0.0003240927        0.0006209721
  26  13        0.0002623168        0.0005731048
  26  12       -0.0010212221       -0.0007834388
  26  11        0.0002277704       -0.0004371236
  26  10        0.0006313276        0.0003999909
  26   9       -0.0000316247        0.0000392985
  26   8       -0.0004832466       -0.0001531573
  26   7       -0.0007766187       -0.0007172178
  26   6       -0.0001735753       -0.0005532316
  26   5       -0.0006631003       -0.0000449827
  26   4       -0.0006009216        0.0006861999
  26   3       -0.0008329745        0.0006891845
  26   2       -0.0004618908        0.0001292992
  26   1        0.0006172091        0.0006174386
  26   0       -0.0007277075        0.0000000000
  26  -1       -0.0006172091        0.0006174386
  26  -2       -0.0004618908       -0.0001292992
  26  -3        0.0008329745        0.0006891845
  26  -4       -0.0006009216       -0.0006861999
  26  -5        0.0006631003       -0.0000449827
  26  -6       -0.0001735753        0.0005532316
  26  -7        0.0007766187       -0.0007172178
  26  -8       -0.0004832466        0.0001531573
  26  -9        0.0000316247        0.0000392985
  26 -10        0.0006313276       -0.0003999909
  26 -11       -0.0002277704       -0.0004371236
  26 -12       -0.0010212221        0.0007834388
  26 -13       -0.0002623168        0.0005731048
  26 -14        0.0003240927       -0.0006209721
  26 -15        0.0003943351       -0.0001843206
  26 -16       -0.0009265779       -0.0002733463
  26 -17       -0.0001086341       -0.0002288673
  26 -18        0.0006193771       -0.0002728579
  26 -19        0.0004186034       -0.0001161862
  26 -20       -0.0003141975        0.0001274431
  26 -21       -0.0006674047       -0.0001588103
  26 -22        0.0003293472        0.0001194147
  26 -23       -0.0002777755       -0.0000357335
  26 -24        0.0002120011        0.0001325382
  26 -25       -0.0002332642        0.0003473983
  26 -26        0.0002836675        0.0000637231
  27  27       -0.0000612618        0.0000434164
  27  26       -0.0010279615        0.0003792703
  27  25        0.0007744735       -0.0007584531
  27  24       -0.0000463822       -0.0004071631
  27  23       -0.0005563113       -0.0005568337
  27  22        0.0009209959       -0.0003912656
  27  21        0.0002953341        0.0002112556
  27  20        0.0000865070        0.0007724022
  27  19        0.0000136066        0.0001075062
  27  18        0.0002758012       -0.0001098276
  27  17        0.0001454522       -0.0000310688
  27  16        0.0000305892        0.0005525990
  27  15        0.0001721792       -0.0003140405
  27  14        0.0003030041       -0.0000673148
  27  13        0.0003492608        0.0000405154
  27  12       -0.0004350289       -0.0004740155
  27  11       -0.0002639152        0.0003681954
  27  10       -0.0004783782        0.0001680517
  27   9       -0.0000200602        0.0002984862
  27   8       -0.0006545937        0.0002188330
  27   7       -0.0003161702        0.0001746417
  27   6       -0.0004959492        0.0002508365
  27   5       -0.0000516217        0.0010724209
  27   4       -0.0012736499        0.0002623505
  27   3       -0.0000728509        0.0009217002
  27   2        0.0000357060       -0.0006730789
  27   1        0.0012878210        0.0001836877
  27   0        0.0005644275        0.0000000000
  27  -1       -0.0012878210        0.0001836877
  27  -2        0.0000357060        0.0006730789
  27  -3        0.0000728509        0.0009217002
  27  -4       -0.0012736499       -0.0002623505
  27  -5        0.0000516217        0.0010724209
  27  -6       -0.0004959492       -0.0002508365
  27  -7        0.0003161702        0.0001746417
  27  -8       -0.0006545937       -0.0002188330
  27  -9        0.0000200602        0.0002984862
  27 -10       -0.0004783782       -0.0001680517
  27 -11        0.0002639152        0.0003681954
  27 -12       -0.0004350289        0.0004740155
  27 -13       -0.0003492608        0.0000405154
  27 -14        0.0003030041        0.0000673148
  27 -15       -0.0001721792       -0.0003140405
  27 -16        0.0000305892       -0.0005525990
  27 -17       -0.0001454522       -0.0000310688
  27 -18        0.0002758012        0.0001098276
  27 -19       -0.0000136066        0.0001075062
  27 -20        0.0000865070       -0.0007724022
  27 -21       -0.0002953341        0.0002112556
  27 -22        0.0009209959        0.0003912656
  27 -23        0.0005563113       -0.0005568337
  27 -24       -0.0000463822        0.0004071631
  27 -25       -0.0007744735       -0.0007584531
  27 -26       -0.0010279615       -0.0003792703
  27 -27        0.0000612618        0.0000434164
  28  28       -0.0000401556        0.0003346561
  28  27       -0.0012420159        0.0003215631
  28  26        0.0001475892       -0.0006826458
  28  25        0.0006429153       -0.0004511119
  28  24        0.0000657783       -0.0006061901
  28  23        0.0000012074       -0.0008807576
  28  22        0.0004145252        0.0001121173
  28  21        0.0008001184       -0.0002099710
  28  20        0.0007567567        0.0004173119
  28  19        0.0004518935       -0.0002186565
  28  18        0.0007309137       -0.0006085776
  28  17        0.0005582505       -0.0001193394
  28  16       -0.0002310178       -0.0000390756
  28  15        0.0001997791        0.0000132872
  28  14       -0.0001247537        0.0001492772
  28  13       -0.0003081454        0.0005186848
  28  12       -0.0001672333        0.0004191358
  28  11       -0.0000003249        0.0002943867
  28  10       -0.0001917960       -0.0003062700
  28   9        0.0003461138        0.0004634904
  28   8        0.0002132141        0.0000341138
  28   7        0.0006756735       -0.0001278587
  28   6       -0.0005638259        0.0002451364
  28   5        0.0006539079       -0.0004290785
  28   4        0.0005274765        0.0002059121
  28   3       -0.0000548982        0.0003962095
  28   2       -0.0003724480       -0.0005943610
  28   1       -0.0010200745       -0.0001025064
  28   0       -0.0006150840        0.0000000000
  28  -1        0.0010200745       -0.0001025064
  28  -2       -0.0003724480        0.0005943610
  28  -3        0.0000548982        0.0003962095
  28  -4        0.0005274765       -0.0002059121
  28  -5       -0.0006539079       -0.0004290785
  28  -6       -0.0005638259       -0.0002451364
  28  -7       -0.0006756735       -0.0001278587
  28  -8        0.0002132141       -0.0000341138
  28  -9       -0.0003461138        0.0004634904
  28 -10       -0.0001917960        0.0003062700
  28 -11        0.0000003249        0.0002943867
  28 -12       -0.0001672333       -0.0004191358
  28 -13        0.0003081454        0.0005186848
  28 -14       -0.0001247537       -0.0001492772
  28 -15       -0.0001997791        0.0000132872
  28 -16       -0.0002310178        0.0000390756
  28 -17       -0.0005582505       -0.0001193394
  28 -18        0.0007309137        0.0006085776
  28 -19       -0.0004518935       -0.0002186565
  28 -20        0.0007567567       -0.0004173119
  28 -21       -0.0008001184       -0.0002099710
  28 -22        0.0004145252       -0.0001121173
  28 -23       -0.0000012074       -0.0008807576
  28 -24        0.0000657783        0.0006061901
  28 -25       -0.0006429153       -0.0004511119
  28 -26        0.0001475892        0.0006826458
  28 -27        0.0012420159        0.0003215631
  28 -28       -0.0000401556       -0.0003346561
  29  29       -0.0000808352        0.0003199461
  29  28       -0.0002973529        0.0013054909
  29  27       -0.0001691787       -0.0005038100
  29  26        0.0000400709       -0.0004069168
  29  25       -0.0001479027       -0.0001049876
  29  24        0.0002120108       -0.0001582131
  29  23        0.0001529693       -0.0005364402
  29  22       -0.0005716684       -0.0002168432
  29  21        0.0008594338       -0.0002223335
  29  20        0.0000459236       -0.0000449992
  29  19        0.0002526771       -0.0002829150
  29  18        0.0004085768        0.0000418039
  29  17        0.0001294918        0.0004146562
  29  16       -0.0005168644       -0.0002654911
  29  15       -0.0000673331       -0.0000347430
  29  14        0.0001748138        0.0010670209
  29  13       -0.0000852192        0.0004883673
  29  12       -0.0000079040        0.0004389930
  29  11        0.0004870601        0.0003851845
  29  10       -0.0004081868       -0.0000037960
  29   9       -0.0006014234       -0.0002728632
  29   8        0.0003577373       -0.0000293668
  29   7        0.0003933380       -0.0010268547
  29   6       -0.0004910486       -0.0002984558
  29   5       -0.0000035408       -0.0003818371
  29   4       -0.0003786013        0.0003031764
  29   3       -0.0000608329       -0.0010109099
  29   2       -0.0005400464        0.0004167967
  29   1       -0.0010577475        0.0002928522
  29   0       -0.0005516492        0.0000000000
  29  -1        0.0010577475        0.0002928522
  29  -2       -0.0005400464       -0.0004167967
  29  -3        0.0000608329       -0.0010109099
  29  -4       -0.0003786013       -0.0003031764
  29  -5        0.0000035408       -0.0003818371
  29  -6       -0.0004910486        0.0002984558
  29  -7       -0.0003933380       -0.0010268547
  29  -8        0.0003577373        0.0000293668
  29  -9        0.0006014234       -0.0002728632
  29 -10       -0.0004081868        0.0000037960
  29 -11       -0.0004870601        0.0003851845
  29 -12       -0.0000079040       -0.0004389930
  29 -13        0.0000852192        0.0004883673
  29 -14        0.0001748138       -0.0010670209
  29 -15        0.0000673331       -0.0000347430
  29 -16       -0.0005168644        0.0002654911
  29 -17       -0.0001294918        0.0004146562
  29 -18        0.0004085768       -0.0000418039
  29 -19       -0.0002526771       -0.0002829150
  29 -20        0.0000459236        0.0000449992
  29 -21       -0.0008594338       -0.0002223335
  29 -22       -0.0005716684        0.0002168432
  29 -23       -0.0001529693       -0.0005364402
  29 -24        0.0002120108        0.0001582131
  29 -25        0.0001479027       -0.0001049876
  29 -26        0.0000400709        0.0004069168
  29 -27        0.0001691787       -0.0005038100
  29 -28       -0.0002973529       -0.0013054909
  29 -29        0.0000808352        0.0003199461
  30  30        0.0007328591       -0.0001412189
  30  29        0.0000441094        0.0001547078
  30  28       -0.0003498172        0.0005857407
  30  27        0.0002026032       -0.0001678388
  30  26       -0.0001482139        0.0004823463
  30  25        0.0003146877        0.0003588199
  30  24       -0.0000998653        0.0004414980
  30  23        0.0000477681       -0.0003829614
  30  22       -0.0001657718       -0.0002224045
  30  21       -0.0003277812       -0.0001996659
  30  20       -0.0000515147       -0.0001182734
  30  19       -0.0001580751       -0.0003174234
  30  18       -0.0003263232        0.0008892397
  30  17       -0.0009072074        0.0002891215
  30  16       -0.0000862372        0.0000103316
  30  15       -0.0001544758       -0.0000872621
  30  14        0.0001071706        0.0004020586
  30  13        0.0000753591       -0.0004889626
  30  12        0.0003898736        0.0000483828
  30  11       -0.0001786877        0.0001141675
  30  10       -0.0010514856        0.0007569085
  30   9       -0.0007711320        0.0002108312
  30   8       -0.0000253633       -0.0004010065
  30   7       -0.0001389676        0.0001666421
  30   6        0.0000407650        0.0004896675
  30   5       -0.0004197233        0.0007236918
  30   4       -0.0003940202       -0.0004844693
  30   3        0.0004743620       -0.0006721627
  30   2       -0.0000370714        0.0000820528
  30   1        0.0006765595       -0.0006597101
  30   0        0.0011121355        0.0000000000
  30  -1       -0.0006765595       -0.0006597101
  30  -2       -0.0000370714       -0.0000820528
  30  -3       -0.0004743620       -0.0006721627
  30  -4       -0.0003940202        0.0004844693
  30  -5        0.0004197233        0.0007236918
  30  -6        0.0000407650       -0.0004896675
  30  -7        0.0001389676        0.0001666421
  30  -8       -0.0000253633        0.0004010065
  30  -9        0.0007711320        0.0002108312
  30 -10       -0.0010514856       -0.0007569085
  30 -11        0.0001786877        0.0001141675
  30 -12        0.0003898736       -0.0000483828
  30 -13       -0.0000753591       -0.0004889626
  30 -14        0.0001071706       -0.0004020586
  30 -15        0.0001544758       -0.0000872621
  30 -16       -0.0000862372       -0.0000103316
  30 -17        0.0009072074        0.0002891215
  30 -18       -0.0003263232       -0.0008892397
  30 -19        0.0001580751       -0.0003174234
  30 -20       -0.0000515147        0.0001182734
  30 -21        0.0003277812       -0.0001996659
  30 -22       -0.0001657718        0.0002224045
  30 -23       -0.0000477681       -0.0003829614
  30 -24       -0.0000998653       -0.0004414980
  30 -25       -0.0003146877        0.0003588199
  30 -26       -0.0001482139       -0.0004823463
  30 -27       -0.0002026032       -0.0001678388
  30 -28       -0.0003498172       -0.0005857407
  30 -29       -0.0000441094        0.0001547078
  30 -30        0.0007328591        0.0001412189
