   0   0        5.8384642085        0.0000000000
   1   1       -0.0070826261        0.0571992881
   1   0        0.0516589248        0.0000000000
   1  -1        0.0070826261        0.0571992881
   2   2        0.2036965959        0.4160895616
   2   1        0.0179030440        0.1214019815
   2   0       -0.8399856805        0.0000000000
   2  -1       -0.0179030440        0.1214019815
   2  -2        0.2036965959       -0.4160895616
   3   3        0.2032300198       -0.0394500106
   3   2       -0.0734020355       -0.0823563662
   3   1        0.0097505711       -0.0400012786
   3   0       -0.0114331094        0.0000000000
   3  -1       -0.0097505711       -0.0400012786
   3  -2       -0.0734020355        0.0823563662
   3  -3       -0.2032300198       -0.0394500106
   4   4       -0.0536644164       -0.1128109379
   4   3        0.0064503566        0.0182949943
   4   2        0.0151135605       -0.0525565645
   4   1       -0.0448518794       -0.0541144818
   4   0       -0.0853782029        0.0000000000
   4  -1        0.0448518794       -0.0541144818
   4  -2        0.0151135605        0.0525565645
   4  -3       -0.0064503566        0.0182949943
   4  -4       -0.0536644164        0.1128109379
   5   5       -0.0316249945        0.0761470399
   5   4        0.0444313319       -0.0763542260
   5   3       -0.0033288447       -0.0190578136
   5   2        0.0388181393        0.0142369925
   5   1       -0.0048849547       -0.0119876627
   5   0       -0.0562514067        0.0000000000
   5  -1        0.0048849547       -0.0119876627
   5  -2        0.0388181393       -0.0142369925
   5  -3        0.0033288447       -0.0190578136
   5  -4        0.0444313319        0.0763542260
   5  -5        0.0316249945        0.0761470399
   6   6        0.0132484373        0.0455565058
   6   5        0.0455453995       -0.0645253560
   6   4        0.0027760000        0.0595426395
   6   3       -0.0134270311       -0.0140528353
   6   2       -0.0361967717       -0.0161198709
   6   1        0.0192657005       -0.0007170008
   6   0        0.1559107466        0.0000000000
   6  -1       -0.0192657005       -0.0007170008
   6  -2       -0.0361967717        0.0161198709
   6  -3        0.0134270311       -0.0140528353
   6  -4        0.0027760000       -0.0595426395
   6  -5       -0.0455453995       -0.0645253560
   6  -6        0.0132484373       -0.0455565058
   7   7       -0.0579663043        0.0052411318
   7   6        0.0287606594        0.0406924762
   7   5        0.0036401989       -0.0135261410
   7   4       -0.0317572476        0.0027740379
   7   3       -0.0174140012        0.0484919999
   7   2       -0.0105310465       -0.0061321360
   7   1        0.0263490900        0.0177827898
   7   0        0.0310516440        0.0000000000
   7  -1       -0.0263490900        0.0177827898
   7  -2       -0.0105310465        0.0061321360
   7  -3        0.0174140012        0.0484919999
   7  -4       -0.0317572476       -0.0027740379
   7  -5       -0.0036401989       -0.0135261410
   7  -6        0.0287606594       -0.0406924762
   7  -7        0.0579663043        0.0052411318
   8   8       -0.0321527429       -0.0051127575
   8   7       -0.0229552344        0.0043285407
   8   6        0.0280526981       -0.0010250162
   8   5        0.0043808841        0.0296251424
   8   4        0.0127061018       -0.0203244693
   8   3        0.0127327345       -0.0035614810
   8   2       -0.0176060291        0.0198260837
   8   1       -0.0011734134        0.0083034188
   8   0       -0.0700168898        0.0000000000
   8  -1        0.0011734134        0.0083034188
   8  -2       -0.0176060291       -0.0198260837
   8  -3       -0.0127327345       -0.0035614810
   8  -4        0.0127061018        0.0203244693
   8  -5       -0.0043808841        0.0296251424
   8  -6        0.0280526981        0.0010250162
   8  -7        0.0229552344        0.0043285407
   8  -8       -0.0321527429        0.0051127575
   9   9       -0.0076382611        0.0007529517
   9   8       -0.0509703878        0.0114937313
   9   7       -0.0222644783        0.0070164246
   9   6       -0.0132358348       -0.0427232801
   9   5       -0.0209495780       -0.0153154904
   9   4        0.0133729575        0.0107882530
   9   3       -0.0023401477       -0.0270330217
   9   2        0.0067448719       -0.0087776875
   9   1       -0.0168647568       -0.0051363778
   9   0       -0.0101497054        0.0000000000
   9  -1        0.0168647568       -0.0051363778
   9  -2        0.0067448719        0.0087776875
   9  -3        0.0023401477       -0.0270330217
   9  -4        0.0133729575       -0.0107882530
   9  -5        0.0209495780       -0.0153154904
   9  -6       -0.0132358348        0.0427232801
   9  -7        0.0222644783        0.0070164246
   9  -8       -0.0509703878       -0.0114937313
   9  -9        0.0076382611        0.0007529517
  10  10        0.0062683507       -0.0213384594
  10   9       -0.0116084604       -0.0201138318
  10   8       -0.0024817739        0.0045772375
  10   7        0.0108240780        0.0149968084
  10   6        0.0156191399       -0.0089490174
  10   5        0.0012066329        0.0132615844
  10   4       -0.0079083382        0.0072212626
  10   3       -0.0089708531        0.0030157433
  10   2        0.0084194965       -0.0126581709
  10   1       -0.0017986085       -0.0105576922
  10   0        0.0102733255        0.0000000000
  10  -1        0.0017986085       -0.0105576922
  10  -2        0.0084194965        0.0126581709
  10  -3        0.0089708531        0.0030157433
  10  -4       -0.0079083382       -0.0072212626
  10  -5       -0.0012066329        0.0132615844
  10  -6        0.0156191399        0.0089490174
  10  -7       -0.0108240780        0.0149968084
  10  -8       -0.0024817739       -0.0045772375
  10  -9        0.0116084604       -0.0201138318
  10 -10        0.0062683507        0.0213384594
  11  11        0.0031977900       -0.0198105228
  11  10       -0.0102415919        0.0106066654
  11   9       -0.0058044129       -0.0112853608
  11   8        0.0179806053       -0.0190707412
  11   7        0.0203948765       -0.0150224218
  11   6       -0.0147580710        0.0191948081
  11   5        0.0166825539       -0.0092269392
  11   4       -0.0001689325       -0.0036416215
  11   3        0.0068213961       -0.0086800736
  11   2        0.0205799502        0.0127683009
  11   1        0.0038375360        0.0065421776
  11   0        0.0058156834        0.0000000000
  11  -1       -0.0038375360        0.0065421776
  11  -2        0.0205799502       -0.0127683009
  11  -3       -0.0068213961       -0.0086800736
  11  -4       -0.0001689325        0.0036416215
  11  -5       -0.0166825539       -0.0092269392
  11  -6       -0.0147580710       -0.0191948081
  11  -7       -0.0203948765       -0.0150224218
  11  -8        0.0179806053        0.0190707412
  11  -9        0.0058044129       -0.0112853608
  11 -10       -0.0102415919       -0.0106066654
  11 -11       -0.0031977900       -0.0198105228
  12  12        0.0076883550        0.0021982028
  12  11        0.0264878449       -0.0023492260
  12  10        0.0092510615       -0.0102126000
  12   9        0.0181243186        0.0034121607
  12   8       -0.0110513177       -0.0047705724
  12   7       -0.0101142222       -0.0129010920
  12   6        0.0009269232        0.0046208602
  12   5       -0.0098891955       -0.0022764930
  12   4        0.0047087943        0.0029317640
  12   3        0.0101019204        0.0187361749
  12   2        0.0008796341       -0.0039734054
  12   1       -0.0088468299        0.0067053613
  12   0        0.0109026210        0.0000000000
  12  -1        0.0088468299        0.0067053613
  12  -2        0.0008796341        0.0039734054
  12  -3       -0.0101019204        0.0187361749
  12  -4        0.0047087943       -0.0029317640
  12  -5        0.0098891955       -0.0022764930
  12  -6        0.0009269232       -0.0046208602
  12  -7        0.0101142222       -0.0129010920
  12  -8       -0.0110513177        0.0047705724
  12  -9       -0.0181243186        0.0034121607
  12 -10        0.0092510615        0.0102126000
  12 -11       -0.0264878449       -0.0023492260
  12 -12        0.0076883550       -0.0021982028
  13  13       -0.0068180519       -0.0214048826
  13  12        0.0047397191        0.0017820407
  13  11       -0.0043976397       -0.0063797999
  13  10        0.0052591205        0.0076832378
  13   9        0.0139594922        0.0066608740
  13   8       -0.0115593094        0.0071519008
  13   7       -0.0032230026        0.0028218207
  13   6        0.0065143959       -0.0027186578
  13   5        0.0010765665        0.0058737031
  13   4       -0.0020938467       -0.0030055778
  13   3       -0.0119524148        0.0078122992
  13   2       -0.0128956460        0.0100944369
  13   1       -0.0110678987        0.0058627283
  13   0       -0.0141956584        0.0000000000
  13  -1        0.0110678987        0.0058627283
  13  -2       -0.0128956460       -0.0100944369
  13  -3        0.0119524148        0.0078122992
  13  -4       -0.0020938467        0.0030055778
  13  -5       -0.0010765665        0.0058737031
  13  -6        0.0065143959        0.0027186578
  13  -7        0.0032230026        0.0028218207
  13  -8       -0.0115593094       -0.0071519008
  13  -9       -0.0139594922        0.0066608740
  13 -10        0.0052591205       -0.0076832378
  13 -11        0.0043976397       -0.0063797999
  13 -12        0.0047397191       -0.0017820407
  13 -13        0.0068180519       -0.0214048826
  14  14       -0.0082312068       -0.0061867454
  14  13        0.0012342192        0.0027036766
  14  12        0.0030646120        0.0026897763
  14  11       -0.0070169970        0.0054502118
  14  10       -0.0013340912       -0.0014240007
  14   9       -0.0063487383       -0.0073430929
  14   8        0.0106395074       -0.0046030101
  14   7        0.0016443067       -0.0004909361
  14   6       -0.0072547633       -0.0050866281
  14   5        0.0016684562        0.0031319825
  14   4       -0.0001774378       -0.0034714168
  14   3       -0.0084416328       -0.0083829292
  14   2       -0.0121572843        0.0019427722
  14   1        0.0166731232       -0.0063750120
  14   0       -0.0084620201        0.0000000000
  14  -1       -0.0166731232       -0.0063750120
  14  -2       -0.0121572843       -0.0019427722
  14  -3        0.0084416328       -0.0083829292
  14  -4       -0.0001774378        0.0034714168
  14  -5       -0.0016684562        0.0031319825
  14  -6       -0.0072547633        0.0050866281
  14  -7       -0.0016443067       -0.0004909361
  14  -8        0.0106395074        0.0046030101
  14  -9        0.0063487383       -0.0073430929
  14 -10       -0.0013340912        0.0014240007
  14 -11        0.0070169970        0.0054502118
  14 -12        0.0030646120       -0.0026897763
  14 -13       -0.0012342192        0.0027036766
  14 -14       -0.0082312068        0.0061867454
  15  15        0.0163510353        0.0017444869
  15  14        0.0102096737       -0.0122296065
  15  13        0.0131620940        0.0053099007
  15  12       -0.0024163456        0.0069153843
  15  11       -0.0054301868        0.0060063004
  15  10       -0.0120849497       -0.0031549753
  15   9       -0.0133317225       -0.0047676525
  15   8       -0.0037792058        0.0055796927
  15   7        0.0013988592       -0.0038945689
  15   6       -0.0027791987       -0.0015781540
  15   5       -0.0029758704       -0.0073348996
  15   4       -0.0009544894        0.0000613101
  15   3        0.0076775403       -0.0113599654
  15   2        0.0063220726       -0.0093995008
  15   1        0.0146408580       -0.0011335673
  15   0        0.0210919416        0.0000000000
  15  -1       -0.0146408580       -0.0011335673
  15  -2        0.0063220726        0.0093995008
  15  -3       -0.0076775403       -0.0113599654
  15  -4       -0.0009544894       -0.0000613101
  15  -5        0.0029758704       -0.0073348996
  15  -6       -0.0027791987        0.0015781540
  15  -7       -0.0013988592       -0.0038945689
  15  -8       -0.0037792058       -0.0055796927
  15  -9        0.0133317225       -0.0047676525
  15 -10       -0.0120849497        0.0031549753
  15 -11        0.0054301868        0.0060063004
  15 -12       -0.0024163456       -0.0069153843
  15 -13       -0.0131620940        0.0053099007
  15 -14        0.0102096737        0.0122296065
  15 -15       -0.0163510353        0.0017444869
  16  16        0.0066610066       -0.0089087056
  16  15       -0.0055148339       -0.0120332898
  16  14       -0.0025056143        0.0005560808
  16  13       -0.0061093576        0.0080973584
  16  12        0.0058797665       -0.0025625666
  16  11       -0.0037611860       -0.0016481165
  16  10        0.0026116587        0.0077326186
  16   9       -0.0018923176        0.0085884413
  16   8       -0.0012001457       -0.0067505111
  16   7        0.0046211384        0.0055897741
  16   6        0.0036208417        0.0064684290
  16   5        0.0004922749        0.0029529024
  16   4       -0.0153198611        0.0018606916
  16   3        0.0056230225       -0.0010470575
  16   2        0.0055127267       -0.0052596431
  16   1       -0.0090126121       -0.0054204687
  16   0        0.0044630647        0.0000000000
  16  -1        0.0090126121       -0.0054204687
  16  -2        0.0055127267        0.0052596431
  16  -3       -0.0056230225       -0.0010470575
  16  -4       -0.0153198611       -0.0018606916
  16  -5       -0.0004922749        0.0029529024
  16  -6        0.0036208417       -0.0064684290
  16  -7       -0.0046211384        0.0055897741
  16  -8       -0.0012001457        0.0067505111
  16  -9        0.0018923176        0.0085884413
  16 -10        0.0026116587       -0.0077326186
  16 -11        0.0037611860       -0.0016481165
  16 -12        0.0058797665        0.0025625666
  16 -13        0.0061093576        0.0080973584
  16 -14       -0.0025056143       -0.0005560808
  16 -15        0.0055148339       -0.0120332898
  16 -16        0.0066610066        0.0089087056
  17  17       -0.0035359942        0.0079438587
  17  16       -0.0003862459        0.0119231324
  17  15       -0.0027018879        0.0025014020
  17  14       -0.0131228350        0.0025787422
  17  13       -0.0022953214       -0.0038874602
  17  12       -0.0039276370        0.0008352448
  17  11       -0.0008811066       -0.0086352413
  17  10       -0.0005969584       -0.0086485303
  17   9        0.0063485556       -0.0021391886
  17   8        0.0046033138       -0.0022964009
  17   7       -0.0002439404       -0.0049854994
  17   6        0.0030179319        0.0019298707
  17   5        0.0008050612       -0.0025223528
  17   4        0.0107733928        0.0020169925
  17   3        0.0056435280        0.0082022456
  17   2        0.0006822854        0.0091848457
  17   1       -0.0038642166       -0.0087178959
  17   0       -0.0148237476        0.0000000000
  17  -1        0.0038642166       -0.0087178959
  17  -2        0.0006822854       -0.0091848457
  17  -3       -0.0056435280        0.0082022456
  17  -4        0.0107733928       -0.0020169925
  17  -5       -0.0008050612       -0.0025223528
  17  -6        0.0030179319       -0.0019298707
  17  -7        0.0002439404       -0.0049854994
  17  -8        0.0046033138        0.0022964009
  17  -9       -0.0063485556       -0.0021391886
  17 -10       -0.0005969584        0.0086485303
  17 -11        0.0008811066       -0.0086352413
  17 -12       -0.0039276370       -0.0008352448
  17 -13        0.0022953214       -0.0038874602
  17 -14       -0.0131228350       -0.0025787422
  17 -15        0.0027018879        0.0025014020
  17 -16       -0.0003862459       -0.0119231324
  17 -17        0.0035359942        0.0079438587
  18  18        0.0068476928        0.0057867626
  18  17        0.0024642755        0.0047153623
  18  16       -0.0023490465        0.0031866428
  18  15       -0.0004403820       -0.0020700311
  18  14       -0.0066572946       -0.0045728015
  18  13       -0.0044303108       -0.0029865899
  18  12       -0.0021532301        0.0019484289
  18  11       -0.0021197748        0.0019635055
  18  10        0.0015175684       -0.0041595059
  18   9        0.0012137816        0.0023342520
  18   8       -0.0006762478        0.0081579871
  18   7       -0.0060247005        0.0072573727
  18   6        0.0002308075       -0.0049086954
  18   5        0.0003622001       -0.0000548782
  18   4        0.0078520479       -0.0014992778
  18   3       -0.0033862389        0.0022367889
  18   2       -0.0014460607        0.0026406402
  18   1       -0.0066110255        0.0078724288
  18   0        0.0028796265        0.0000000000
  18  -1        0.0066110255        0.0078724288
  18  -2       -0.0014460607       -0.0026406402
  18  -3        0.0033862389        0.0022367889
  18  -4        0.0078520479        0.0014992778
  18  -5       -0.0003622001       -0.0000548782
  18  -6        0.0002308075        0.0049086954
  18  -7        0.0060247005        0.0072573727
  18  -8       -0.0006762478       -0.0081579871
  18  -9       -0.0012137816        0.0023342520
  18 -10        0.0015175684        0.0041595059
  18 -11        0.0021197748        0.0019635055
  18 -12       -0.0021532301       -0.0019484289
  18 -13        0.0044303108       -0.0029865899
  18 -14       -0.0066572946        0.0045728015
  18 -15        0.0004403820       -0.0020700311
  18 -16       -0.0023490465       -0.0031866428
  18 -17       -0.0024642755        0.0047153623
  18 -18        0.0068476928       -0.0057867626
  19  19        0.0003817911        0.0048282832
  19  18        0.0032881406        0.0058382139
  19  17        0.0014017250       -0.0021842952
  19  16        0.0000582967        0.0003718989
  19  15       -0.0010942730        0.0051275762
  19  14       -0.0025255414       -0.0016477712
  19  13       -0.0056345509        0.0016766705
  19  12        0.0045771712        0.0029260064
  19  11       -0.0060672833        0.0018631893
  19  10        0.0017494612        0.0082770392
  19   9       -0.0080285318       -0.0029078306
  19   8       -0.0015527985       -0.0049717991
  19   7       -0.0017453866        0.0046319731
  19   6       -0.0052350359       -0.0023602380
  19   5       -0.0022299151        0.0033257691
  19   4        0.0001359251        0.0020709818
  19   3       -0.0022369768        0.0002214640
  19   2       -0.0037059470       -0.0057750015
  19   1        0.0038073505        0.0026858257
  19   0       -0.0021123383        0.0000000000
  19  -1       -0.0038073505        0.0026858257
  19  -2       -0.0037059470        0.0057750015
  19  -3        0.0022369768        0.0002214640
  19  -4        0.0001359251       -0.0020709818
  19  -5        0.0022299151        0.0033257691
  19  -6       -0.0052350359        0.0023602380
  19  -7        0.0017453866        0.0046319731
  19  -8       -0.0015527985        0.0049717991
  19  -9        0.0080285318       -0.0029078306
  19 -10        0.0017494612       -0.0082770392
  19 -11        0.0060672833        0.0018631893
  19 -12        0.0045771712       -0.0029260064
  19 -13        0.0056345509        0.0016766705
  19 -14       -0.0025255414        0.0016477712
  19 -15        0.0010942730        0.0051275762
  19 -16        0.0000582967       -0.0003718989
  19 -17       -0.0014017250       -0.0021842952
  19 -18        0.0032881406       -0.0058382139
  19 -19       -0.0003817911        0.0048282832
  20  20        0.0046357744       -0.0057353284
  20  19       -0.0027982299        0.0012669244
  20  18        0.0017024530        0.0005067804
  20  17       -0.0028825199       -0.0013260240
  20  16        0.0062515270        0.0028740323
  20  15        0.0096230332       -0.0042724272
  20  14        0.0033440813        0.0004916140
  20  13        0.0036981632        0.0043238352
  20  12       -0.0040755218        0.0001494810
  20  11        0.0036179594        0.0025673709
  20  10       -0.0052006570       -0.0004751977
  20   9        0.0017878770        0.0016502390
  20   8        0.0009472249        0.0006649186
  20   7        0.0049403365       -0.0026566514
  20   6        0.0027204686        0.0036464245
  20   5        0.0026460490        0.0050275947
  20   4       -0.0006910393       -0.0032386491
  20   3       -0.0077860451       -0.0037301499
  20   2        0.0018485737       -0.0035072426
  20   1        0.0037789095        0.0035664859
  20   0       -0.0049048915        0.0000000000
  20  -1       -0.0037789095        0.0035664859
  20  -2        0.0018485737        0.0035072426
  20  -3        0.0077860451       -0.0037301499
  20  -4       -0.0006910393        0.0032386491
  20  -5       -0.0026460490        0.0050275947
  20  -6        0.0027204686       -0.0036464245
  20  -7       -0.0049403365       -0.0026566514
  20  -8        0.0009472249       -0.0006649186
  20  -9       -0.0017878770        0.0016502390
  20 -10       -0.0052006570        0.0004751977
  20 -11       -0.0036179594        0.0025673709
  20 -12       -0.0040755218       -0.0001494810
  20 -13       -0.0036981632        0.0043238352
  20 -14        0.0033440813       -0.0004916140
  20 -15       -0.0096230332       -0.0042724272
  20 -16        0.0062515270       -0.0028740323
  20 -17        0.0028825199       -0.0013260240
  20 -18        0.0017024530       -0.0005067804
  20 -19        0.0027982299        0.0012669244
  20 -20        0.0046357744        0.0057353284
  21  21       -0.0088212771        0.0015755024
  21  20       -0.0014914922        0.0058758836
  21  19        0.0053152385        0.0005441190
  21  18        0.0014683307       -0.0015768457
  21  17        0.0018344258        0.0026381854
  21  16        0.0033390736       -0.0010310413
  21  15        0.0003104939       -0.0016446176
  21  14        0.0043634278       -0.0032850105
  21  13        0.0002821555        0.0019182448
  21  12       -0.0043278239        0.0073517091
  21  11        0.0001791980        0.0038704552
  21  10        0.0031149407       -0.0034174176
  21   9       -0.0014688545       -0.0011569468
  21   8        0.0000999297        0.0019542554
  21   7       -0.0033335162       -0.0042116745
  21   6       -0.0002973668       -0.0005379373
  21   5       -0.0001529053       -0.0066526189
  21   4       -0.0034719519        0.0003223192
  21   3        0.0016310980        0.0039647860
  21   2        0.0018926485        0.0014467240
  21   1       -0.0025813748        0.0038373107
  21   0        0.0011979493        0.0000000000
  21  -1        0.0025813748        0.0038373107
  21  -2        0.0018926485       -0.0014467240
  21  -3       -0.0016310980        0.0039647860
  21  -4       -0.0034719519       -0.0003223192
  21  -5        0.0001529053       -0.0066526189
  21  -6       -0.0002973668        0.0005379373
  21  -7        0.0033335162       -0.0042116745
  21  -8        0.0000999297       -0.0019542554
  21  -9        0.0014688545       -0.0011569468
  21 -10        0.0031149407        0.0034174176
  21 -11       -0.0001791980        0.0038704552
  21 -12       -0.0043278239       -0.0073517091
  21 -13       -0.0002821555        0.0019182448
  21 -14        0.0043634278        0.0032850105
  21 -15       -0.0003104939       -0.0016446176
  21 -16        0.0033390736        0.0010310413
  21 -17       -0.0018344258        0.0026381854
  21 -18        0.0014683307        0.0015768457
  21 -19       -0.0053152385        0.0005441190
  21 -20       -0.0014914922       -0.0058758836
  21 -21        0.0088212771        0.0015755024
  22  22       -0.0039675560        0.0061652573
  22  21        0.0048314062       -0.0074648572
  22  20        0.0037783735        0.0041667785
  22  19        0.0035339054       -0.0052197537
  22  18       -0.0087828396       -0.0002764521
  22  17        0.0004981851        0.0024433601
  22  16        0.0028451154        0.0018266032
  22  15        0.0021583279        0.0059599899
  22  14        0.0013341907        0.0042945444
  22  13        0.0027204875        0.0036695996
  22  12       -0.0030917741       -0.0020185436
  22  11        0.0019838709       -0.0037132852
  22  10       -0.0003699828        0.0002775866
  22   9        0.0046471261       -0.0022989392
  22   8       -0.0018519483       -0.0033292513
  22   7        0.0016668340        0.0020668100
  22   6       -0.0008509623        0.0018342678
  22   5        0.0006053295       -0.0015781715
  22   4       -0.0034752588       -0.0025687495
  22   3        0.0028954147       -0.0021086623
  22   2        0.0004630211        0.0009843901
  22   1        0.0002272821       -0.0031771050
  22   0        0.0015743855        0.0000000000
  22  -1       -0.0002272821       -0.0031771050
  22  -2        0.0004630211       -0.0009843901
  22  -3       -0.0028954147       -0.0021086623
  22  -4       -0.0034752588        0.0025687495
  22  -5       -0.0006053295       -0.0015781715
  22  -6       -0.0008509623       -0.0018342678
  22  -7       -0.0016668340        0.0020668100
  22  -8       -0.0018519483        0.0033292513
  22  -9       -0.0046471261       -0.0022989392
  22 -10       -0.0003699828       -0.0002775866
  22 -11       -0.0019838709       -0.0037132852
  22 -12       -0.0030917741        0.0020185436
  22 -13       -0.0027204875        0.0036695996
  22 -14        0.0013341907       -0.0042945444
  22 -15       -0.0021583279        0.0059599899
  22 -16        0.0028451154       -0.0018266032
  22 -17       -0.0004981851        0.0024433601
  22 -18       -0.0087828396        0.0002764521
  22 -19       -0.0035339054       -0.0052197537
  22 -20        0.0037783735       -0.0041667785
  22 -21       -0.0048314062       -0.0074648572
  22 -22       -0.0039675560       -0.0061652573
  23  23        0.0013557608       -0.0078958833
  23  22        0.0004720323       -0.0015445061
  23  21       -0.0009163119       -0.0049725338
  23  20        0.0016287281       -0.0044654050
  23  19        0.0009173347       -0.0043586840
  23  18        0.0025217988        0.0027682043
  23  17       -0.0039381129        0.0020454031
  23  16       -0.0026400513        0.0067361868
  23  15       -0.0007395289        0.0034379218
  23  14       -0.0013199314        0.0034784377
  23  13        0.0031003102       -0.0004029973
  23  12        0.0021826042       -0.0032030723
  23  11       -0.0038102323       -0.0017315181
  23  10       -0.0011428814        0.0006283025
  23   9        0.0063429981       -0.0006109596
  23   8        0.0034924896        0.0069908040
  23   7        0.0007943843       -0.0043548476
  23   6        0.0035726384        0.0009907161
  23   5       -0.0049265385        0.0004517872
  23   4        0.0006144050        0.0022619909
  23   3        0.0000769858        0.0023646017
  23   2       -0.0039547259        0.0020573297
  23   1        0.0005969996       -0.0021934401
  23   0        0.0063513230        0.0000000000
  23  -1       -0.0005969996       -0.0021934401
  23  -2       -0.0039547259       -0.0020573297
  23  -3       -0.0000769858        0.0023646017
  23  -4        0.0006144050       -0.0022619909
  23  -5        0.0049265385        0.0004517872
  23  -6        0.0035726384       -0.0009907161
  23  -7       -0.0007943843       -0.0043548476
  23  -8        0.0034924896       -0.0069908040
  23  -9       -0.0063429981       -0.0006109596
  23 -10       -0.0011428814       -0.0006283025
  23 -11        0.0038102323       -0.0017315181
  23 -12        0.0021826042        0.0032030723
  23 -13       -0.0031003102       -0.0004029973
  23 -14       -0.0013199314       -0.0034784377
  23 -15        0.0007395289        0.0034379218
  23 -16       -0.0026400513       -0.0067361868
  23 -17        0.0039381129        0.0020454031
  23 -18        0.0025217988       -0.0027682043
  23 -19       -0.0009173347       -0.0043586840
  23 -20        0.0016287281        0.0044654050
  23 -21        0.0009163119       -0.0049725338
  23 -22        0.0004720323        0.0015445061
  23 -23       -0.0013557608       -0.0078958833
  24  24       -0.0091453903       -0.0081124418
  24  23       -0.0005509403       -0.0004329212
  24  22       -0.0027739700        0.0048565832
  24  21       -0.0017891382        0.0021704574
  24  20        0.0062745107       -0.0043552749
  24  19       -0.0031420178        0.0014093753
  24  18        0.0011958456        0.0015301960
  24  17       -0.0004305515       -0.0029395817
  24  16       -0.0002768600        0.0009617217
  24  15        0.0023924245        0.0014039725
  24  14        0.0051577960       -0.0001824071
  24  13        0.0040187483        0.0000103160
  24  12        0.0003860813        0.0041138003
  24  11        0.0017958737        0.0021209791
  24  10       -0.0039395263        0.0029403593
  24   9       -0.0057390170        0.0024282068
  24   8       -0.0001953471       -0.0045500373
  24   7        0.0008028418       -0.0007681400
  24   6       -0.0015640439       -0.0043066058
  24   5        0.0033986441        0.0021376063
  24   4       -0.0004422223        0.0049180895
  24   3        0.0001763863       -0.0094887424
  24   2        0.0011181037        0.0006563128
  24   1        0.0012145162       -0.0018599444
  24   0        0.0041423538        0.0000000000
  24  -1       -0.0012145162       -0.0018599444
  24  -2        0.0011181037       -0.0006563128
  24  -3       -0.0001763863       -0.0094887424
  24  -4       -0.0004422223       -0.0049180895
  24  -5       -0.0033986441        0.0021376063
  24  -6       -0.0015640439        0.0043066058
  24  -7       -0.0008028418       -0.0007681400
  24  -8       -0.0001953471        0.0045500373
  24  -9        0.0057390170        0.0024282068
  24 -10       -0.0039395263       -0.0029403593
  24 -11       -0.0017958737        0.0021209791
  24 -12        0.0003860813       -0.0041138003
  24 -13       -0.0040187483        0.0000103160
  24 -14        0.0051577960        0.0001824071
  24 -15       -0.0023924245        0.0014039725
  24 -16       -0.0002768600       -0.0009617217
  24 -17        0.0004305515       -0.0029395817
  24 -18        0.0011958456       -0.0015301960
  24 -19        0.0031420178        0.0014093753
  24 -20        0.0062745107        0.0043552749
  24 -21        0.0017891382        0.0021704574
  24 -22       -0.0027739700       -0.0048565832
  24 -23        0.0005509403       -0.0004329212
  24 -24       -0.0091453903        0.0081124418
  25  25       -0.0028167896       -0.0009140733
  25  24       -0.0000460486       -0.0045599975
  25  23        0.0004043019       -0.0016680432
  25  22        0.0021322179       -0.0009335199
  25  21        0.0034275827        0.0022166146
  25  20        0.0014115096        0.0031005219
  25  19       -0.0004480602       -0.0011508020
  25  18       -0.0000283074        0.0043918429
  25  17       -0.0005619098       -0.0021494416
  25  16       -0.0017539217        0.0008358762
  25  15       -0.0048794749       -0.0020742632
  25  14        0.0016819182       -0.0005337995
  25  13       -0.0020637497       -0.0011610782
  25  12       -0.0001785596       -0.0006462883
  25  11        0.0018864348       -0.0045782354
  25  10        0.0024509516        0.0000732871
  25   9       -0.0000736229       -0.0012833588
  25   8       -0.0015524004       -0.0006802623
  25   7       -0.0001709692        0.0029581489
  25   6       -0.0006793702        0.0012008248
  25   5        0.0019754742        0.0011385105
  25   4        0.0045539904       -0.0011012876
  25   3        0.0018451686        0.0031177701
  25   2        0.0037931022        0.0000101473
  25   1       -0.0035232825       -0.0031004789
  25   0       -0.0034275389        0.0000000000
  25  -1        0.0035232825       -0.0031004789
  25  -2        0.0037931022       -0.0000101473
  25  -3       -0.0018451686        0.0031177701
  25  -4        0.0045539904        0.0011012876
  25  -5       -0.0019754742        0.0011385105
  25  -6       -0.0006793702       -0.0012008248
  25  -7        0.0001709692        0.0029581489
  25  -8       -0.0015524004        0.0006802623
  25  -9        0.0000736229       -0.0012833588
  25 -10        0.0024509516       -0.0000732871
  25 -11       -0.0018864348       -0.0045782354
  25 -12       -0.0001785596        0.0006462883
  25 -13        0.0020637497       -0.0011610782
  25 -14        0.0016819182        0.0005337995
  25 -15        0.0048794749       -0.0020742632
  25 -16       -0.0017539217       -0.0008358762
  25 -17        0.0005619098       -0.0021494416
  25 -18       -0.0000283074       -0.0043918429
  25 -19        0.0004480602       -0.0011508020
  25 -20        0.0014115096       -0.0031005219
  25 -21       -0.0034275827        0.0022166146
  25 -22        0.0021322179        0.0009335199
  25 -23       -0.0004043019       -0.0016680432
  25 -24       -0.0000460486        0.0045599975
  25 -25        0.0028167896       -0.0009140733
  26  26        0.0000032266        0.0018508672
  26  25       -0.0057282630        0.0018808786
  26  24        0.0005128766       -0.0007718824
  26  23       -0.0005079666       -0.0001686226
  26  22       -0.0003854570       -0.0031944958
  26  21        0.0064604394        0.0031036235
  26  20       -0.0013654957        0.0020612033
  26  19        0.0009161742        0.0006033959
  26  18        0.0043016376       -0.0039057968
  26  17        0.0028841746       -0.0053433160
  26  16        0.0002701045       -0.0042054803
  26  15        0.0007662140       -0.0020292279
  26  14        0.0000704336       -0.0029086199
  26  13       -0.0014666301        0.0033278013
  26  12        0.0036791512       -0.0008939300
  26  11       -0.0018271848        0.0041277331
  26  10        0.0032467935       -0.0018478737
  26   9       -0.0016522342        0.0050315520
  26   8       -0.0017629521        0.0018397122
  26   7        0.0008526396        0.0034071275
  26   6       -0.0010968200       -0.0020735384
  26   5       -0.0018088351       -0.0037272172
  26   4        0.0015370526       -0.0044906806
  26   3        0.0013545762        0.0046221553
  26   2        0.0010385056        0.0047103830
  26   1        0.0019492195        0.0008904865
  26   0       -0.0020832414        0.0000000000
  26  -1       -0.0019492195        0.0008904865
  26  -2        0.0010385056       -0.0047103830
  26  -3       -0.0013545762        0.0046221553
  26  -4        0.0015370526        0.0044906806
  26  -5        0.0018088351       -0.0037272172
  26  -6       -0.0010968200        0.0020735384
  26  -7       -0.0008526396        0.0034071275
  26  -8       -0.0017629521       -0.0018397122
  26  -9        0.0016522342        0.0050315520
  26 -10        0.0032467935        0.0018478737
  26 -11        0.0018271848        0.0041277331
  26 -12        0.0036791512        0.0008939300
  26 -13        0.0014666301        0.0033278013
  26 -14        0.0000704336        0.0029086199
  26 -15       -0.0007662140       -0.0020292279
  26 -16        0.0002701045        0.0042054803
  26 -17       -0.0028841746       -0.0053433160
  26 -18        0.0043016376        0.0039057968
  26 -19       -0.0009161742        0.0006033959
  26 -20       -0.0013654957       -0.0020612033
  26 -21       -0.0064604394        0.0031036235
  26 -22       -0.0003854570        0.0031944958
  26 -23        0.0005079666       -0.0001686226
  26 -24        0.0005128766        0.0007718824
  26 -25        0.0057282630        0.0018808786
  26 -26        0.0000032266       -0.0018508672
  27  27       -0.0011983292       -0.0009321182
  27  26        0.0014616469        0.0085316740
  27  25       -0.0012832466        0.0033466157
  27  24        0.0035941814       -0.0021114696
  27  23        0.0060524748       -0.0024359295
  27  22        0.0027279684        0.0038893372
  27  21       -0.0004375117        0.0033198308
  27  20       -0.0003801594       -0.0036223042
  27  19        0.0042947254       -0.0016098736
  27  18        0.0033613273       -0.0011198306
  27  17       -0.0004837271        0.0006209100
  27  16        0.0027169847       -0.0039489773
  27  15        0.0044507234       -0.0020451542
  27  14        0.0010483265        0.0008228225
  27  13       -0.0009045693        0.0049006457
  27  12       -0.0013313243       -0.0006014185
  27  11       -0.0018219552        0.0021223543
  27  10        0.0016000375       -0.0026616659
  27   9       -0.0018774092       -0.0008528685
  27   8       -0.0012840440       -0.0012701042
  27   7       -0.0036835632       -0.0004494384
  27   6       -0.0008419310        0.0019570270
  27   5        0.0032936597       -0.0000585145
  27   4       -0.0031062361        0.0045518500
  27   3        0.0001227203       -0.0009889137
  27   2       -0.0045213017       -0.0040198189
  27   1       -0.0019213903        0.0020962560
  27   0       -0.0028223731        0.0000000000
  27  -1        0.0019213903        0.0020962560
  27  -2       -0.0045213017        0.0040198189
  27  -3       -0.0001227203       -0.0009889137
  27  -4       -0.0031062361       -0.0045518500
  27  -5       -0.0032936597       -0.0000585145
  27  -6       -0.0008419310       -0.0019570270
  27  -7        0.0036835632       -0.0004494384
  27  -8       -0.0012840440        0.0012701042
  27  -9        0.0018774092       -0.0008528685
  27 -10        0.0016000375        0.0026616659
  27 -11        0.0018219552        0.0021223543
  27 -12       -0.0013313243        0.0006014185
  27 -13        0.0009045693        0.0049006457
  27 -14        0.0010483265       -0.0008228225
  27 -15       -0.0044507234       -0.0020451542
  27 -16        0.0027169847        0.0039489773
  27 -17        0.0004837271        0.0006209100
  27 -18        0.0033613273        0.0011198306
  27 -19       -0.0042947254       -0.0016098736
  27 -20       -0.0003801594        0.0036223042
  27 -21        0.0004375117        0.0033198308
  27 -22        0.0027279684       -0.0038893372
  27 -23       -0.0060524748       -0.0024359295
  27 -24        0.0035941814        0.0021114696
  27 -25        0.0012832466        0.0033466157
  27 -26        0.0014616469       -0.0085316740
  27 -27        0.0011983292       -0.0009321182
  28  28        0.0041023906       -0.0002402335
  28  27        0.0003618044        0.0008939418
  28  26       -0.0027124110        0.0007725364
  28  25        0.0008898737        0.0006550557
  28  24        0.0021736113        0.0002421274
  28  23       -0.0018317693        0.0017173837
  28  22       -0.0032259291       -0.0050929258
  28  21        0.0002233888        0.0003240595
  28  20       -0.0010372241       -0.0023218408
  28  19        0.0018818902       -0.0048989655
  28  18        0.0004341642       -0.0007173439
  28  17        0.0045171558        0.0028185882
  28  16        0.0009570079        0.0000502794
  28  15       -0.0024679646       -0.0055784704
  28  14       -0.0001882513        0.0018521083
  28  13       -0.0030129817       -0.0049599810
  28  12        0.0018086065        0.0011443194
  28  11        0.0019865487        0.0011958156
  28  10       -0.0011824623        0.0031164688
  28   9        0.0016242232       -0.0023881172
  28   8        0.0042447426       -0.0018295430
  28   7       -0.0000773482       -0.0024260015
  28   6        0.0032854050        0.0002203514
  28   5       -0.0037198077        0.0029146182
  28   4       -0.0015737912       -0.0045196805
  28   3       -0.0030109797        0.0021563760
  28   2       -0.0017817562       -0.0070009794
  28   1        0.0036477999        0.0017272757
  28   0       -0.0037508362        0.0000000000
  28  -1       -0.0036477999        0.0017272757
  28  -2       -0.0017817562        0.0070009794
  28  -3        0.0030109797        0.0021563760
  28  -4       -0.0015737912        0.0045196805
  28  -5        0.0037198077        0.0029146182
  28  -6        0.0032854050       -0.0002203514
  28  -7        0.0000773482       -0.0024260015
  28  -8        0.0042447426        0.0018295430
  28  -9       -0.0016242232       -0.0023881172
  28 -10       -0.0011824623       -0.0031164688
  28 -11       -0.0019865487        0.0011958156
  28 -12        0.0018086065       -0.0011443194
  28 -13        0.0030129817       -0.0049599810
  28 -14       -0.0001882513       -0.0018521083
  28 -15        0.0024679646       -0.0055784704
  28 -16        0.0009570079       -0.0000502794
  28 -17       -0.0045171558        0.0028185882
  28 -18        0.0004341642        0.0007173439
  28 -19       -0.0018818902       -0.0048989655
  28 -20       -0.0010372241        0.0023218408
  28 -21       -0.0002233888        0.0003240595
  28 -22       -0.0032259291        0.0050929258
  28 -23        0.0018317693        0.0017173837
  28 -24        0.0021736113       -0.0002421274
  28 -25       -0.0008898737        0.0006550557
  28 -26       -0.0027124110       -0.0007725364
  28 -27       -0.0003618044        0.0008939418
  28 -28        0.0041023906        0.0002402335
  29  29       -0.0003900334        0.0016035975
  29  28        0.0070157510       -0.0003140142
  29  27       -0.0072755306        0.0024160538
  29  26        0.0048724227       -0.0010582788
  29  25        0.0007891982       -0.0007386311
  29  24       -0.0022483615       -0.0017590182
  29  23        0.0014436630       -0.0034817287
  29  22       -0.0009723911        0.0036152217
  29  21       -0.0033216964        0.0038248953
  29  20       -0.0020772616        0.0004042267
  29  19        0.0003519965        0.0001830698
  29  18       -0.0028901809        0.0005452111
  29  17       -0.0000169436        0.0023962351
  29  16       -0.0018858296        0.0005827743
  29  15       -0.0003376566        0.0011554876
  29  14        0.0001789668       -0.0029305692
  29  13        0.0028551624        0.0002605835
  29  12       -0.0005811166       -0.0016483170
  29  11        0.0003070650       -0.0023592884
  29  10       -0.0013128563       -0.0032893076
  29   9        0.0036231367       -0.0026820170
  29   8       -0.0008111586        0.0030456943
  29   7        0.0010802879       -0.0017700000
  29   6       -0.0001917992        0.0033213896
  29   5       -0.0008911162        0.0045071177
  29   4       -0.0006490811       -0.0011888796
  29   3       -0.0018873705        0.0007066222
  29   2        0.0043277976        0.0025334151
  29   1        0.0016671338       -0.0001120954
  29   0        0.0004063921        0.0000000000
  29  -1       -0.0016671338       -0.0001120954
  29  -2        0.0043277976       -0.0025334151
  29  -3        0.0018873705        0.0007066222
  29  -4       -0.0006490811        0.0011888796
  29  -5        0.0008911162        0.0045071177
  29  -6       -0.0001917992       -0.0033213896
  29  -7       -0.0010802879       -0.0017700000
  29  -8       -0.0008111586       -0.0030456943
  29  -9       -0.0036231367       -0.0026820170
  29 -10       -0.0013128563        0.0032893076
  29 -11       -0.0003070650       -0.0023592884
  29 -12       -0.0005811166        0.0016483170
  29 -13       -0.0028551624        0.0002605835
  29 -14        0.0001789668        0.0029305692
  29 -15        0.0003376566        0.0011554876
  29 -16       -0.0018858296       -0.0005827743
  29 -17        0.0000169436        0.0023962351
  29 -18       -0.0028901809       -0.0005452111
  29 -19       -0.0003519965        0.0001830698
  29 -20       -0.0020772616       -0.0004042267
  29 -21        0.0033216964        0.0038248953
  29 -22       -0.0009723911       -0.0036152217
  29 -23       -0.0014436630       -0.0034817287
  29 -24       -0.0022483615        0.0017590182
  29 -25       -0.0007891982       -0.0007386311
  29 -26        0.0048724227        0.0010582788
  29 -27        0.0072755306        0.0024160538
  29 -28        0.0070157510        0.0003140142
  29 -29        0.0003900334        0.0016035975
  30  30       -0.0016807516        0.0047927172
  30  29        0.0005144691       -0.0037618435
  30  28       -0.0001283381        0.0009558650
  30  27        0.0049925819       -0.0000110654
  30  26        0.0007466342        0.0027423049
  30  25        0.0004448165       -0.0014728168
  30  24        0.0016090519       -0.0005572316
  30  23       -0.0005680261       -0.0012891863
  30  22       -0.0024136762       -0.0002044513
  30  21       -0.0014745697       -0.0034552615
  30  20        0.0000686713        0.0010945842
  30  19        0.0009070980        0.0000054298
  30  18       -0.0034774038       -0.0018811605
  30  17       -0.0028349448       -0.0023767340
  30  16       -0.0020784719       -0.0006626119
  30  15        0.0039807938       -0.0004945891
  30  14        0.0000981277        0.0063519605
  30  13        0.0013781892       -0.0017180262
  30  12       -0.0035449128        0.0039836397
  30  11        0.0019451505       -0.0025806131
  30  10        0.0015763249        0.0008239089
  30   9       -0.0012339025        0.0024834302
  30   8        0.0000123480       -0.0032171743
  30   7        0.0005812506        0.0038714870
  30   6       -0.0034129172       -0.0028191092
  30   5       -0.0002053960       -0.0056478922
  30   4        0.0008660256        0.0001144512
  30   3        0.0007500239       -0.0061201874
  30   2       -0.0031965026        0.0020294817
  30   1       -0.0016102533        0.0013539410
  30   0        0.0035645576        0.0000000000
  30  -1        0.0016102533        0.0013539410
  30  -2       -0.0031965026       -0.0020294817
  30  -3       -0.0007500239       -0.0061201874
  30  -4        0.0008660256       -0.0001144512
  30  -5        0.0002053960       -0.0056478922
  30  -6       -0.0034129172        0.0028191092
  30  -7       -0.0005812506        0.0038714870
  30  -8        0.0000123480        0.0032171743
  30  -9        0.0012339025        0.0024834302
  30 -10        0.0015763249       -0.0008239089
  30 -11       -0.0019451505       -0.0025806131
  30 -12       -0.0035449128       -0.0039836397
  30 -13       -0.0013781892       -0.0017180262
  30 -14        0.0000981277       -0.0063519605
  30 -15       -0.0039807938       -0.0004945891
  30 -16       -0.0020784719        0.0006626119
  30 -17        0.0028349448       -0.0023767340
  30 -18       -0.0034774038        0.0018811605
  30 -19       -0.0009070980        0.0000054298
  30 -20        0.0000686713       -0.0010945842
  30 -21        0.0014745697       -0.0034552615
  30 -22       -0.0024136762        0.0002044513
  30 -23        0.0005680261       -0.0012891863
  30 -24        0.0016090519        0.0005572316
  30 -25       -0.0004448165       -0.0014728168
  30 -26        0.0007466342       -0.0027423049
  30 -27       -0.0049925819       -0.0000110654
  30 -28       -0.0001283381       -0.0009558650
  30 -29       -0.0005144691       -0.0037618435
  30 -30       -0.0016807516       -0.0047927172
