   0   0        7.5878280158        0.0000000000
   1   1        0.0437415724       -0.0341428623
   1   0        0.1257021267        0.0000000000
   1  -1       -0.0437415724       -0.0341428623
   2   2       -0.1574430101       -0.0357404703
   2   1       -0.0186033373       -0.1295430178
   2   0       -0.7259841517        0.0000000000
   2  -1        0.0186033373       -0.1295430178
   2  -2       -0.1574430101        0.0357404703
   3   3        0.0241987390        0.0769873143
   3   2       -0.0647803815        0.1570029947
   3   1        0.1173387380       -0.1133601323
   3   0        0.3975898912        0.0000000000
   3  -1       -0.1173387380       -0.1133601323
   3  -2       -0.0647803815       -0.1570029947
   3  -3       -0.0241987390        0.0769873143
   4   4       -0.0059277831        0.0209578267
   4   3       -0.0574251635       -0.0713557275
   4   2        0.1176981048       -0.0992122835
   4   1       -0.0478062286       -0.0150247550
   4   0        0.0897297883        0.0000000000
   4  -1        0.0478062286       -0.0150247550
   4  -2        0.1176981048        0.0992122835
   4  -3        0.0574251635       -0.0713557275
   4  -4       -0.0059277831       -0.0209578267
   5   5        0.0291358225       -0.1237275251
   5   4        0.0150437650        0.0138474401
   5   3        0.0311964430        0.1725949290
   5   2        0.0294979586       -0.0178794616
   5   1       -0.0774283265        0.0369823076
   5   0       -0.1897554034        0.0000000000
   5  -1        0.0774283265        0.0369823076
   5  -2        0.0294979586        0.0178794616
   5  -3       -0.0311964430        0.1725949290
   5  -4        0.0150437650       -0.0138474401
   5  -5       -0.0291358225       -0.1237275251
   6   6       -0.0541905825       -0.0044112851
   6   5        0.0084847349        0.0067883750
   6   4        0.0249489714       -0.0030927859
   6   3       -0.0103203831        0.0292203640
   6   2       -0.0181865337        0.0284339080
   6   1        0.0468057677       -0.0053333082
   6   0       -0.0001803310        0.0000000000
   6  -1       -0.0468057677       -0.0053333082
   6  -2       -0.0181865337       -0.0284339080
   6  -3        0.0103203831        0.0292203640
   6  -4        0.0249489714        0.0030927859
   6  -5       -0.0084847349        0.0067883750
   6  -6       -0.0541905825        0.0044112851
   7   7       -0.0284907745        0.0425744509
   7   6        0.0252640686       -0.0351360584
   7   5        0.0398436780        0.0152446814
   7   4       -0.0090890542        0.0153446194
   7   3        0.0060773604       -0.0400921961
   7   2        0.0215840785        0.0312376842
   7   1        0.0158861566       -0.0111624997
   7   0       -0.0010474928        0.0000000000
   7  -1       -0.0158861566       -0.0111624997
   7  -2        0.0215840785       -0.0312376842
   7  -3       -0.0060773604       -0.0400921961
   7  -4       -0.0090890542       -0.0153446194
   7  -5       -0.0398436780        0.0152446814
   7  -6        0.0252640686        0.0351360584
   7  -7        0.0284907745        0.0425744509
   8   8        0.0044629123        0.0058451197
   8   7       -0.0068972528        0.0070986585
   8   6       -0.0159261869        0.0137339682
   8   5       -0.0004510496       -0.0351212361
   8   4       -0.0117439757        0.0271278392
   8   3       -0.0027295596       -0.0004392764
   8   2       -0.0046665907       -0.0229482542
   8   1       -0.0469505101       -0.0285812717
   8   0       -0.0300690039        0.0000000000
   8  -1        0.0469505101       -0.0285812717
   8  -2       -0.0046665907        0.0229482542
   8  -3        0.0027295596       -0.0004392764
   8  -4       -0.0117439757       -0.0271278392
   8  -5        0.0004510496       -0.0351212361
   8  -6       -0.0159261869       -0.0137339682
   8  -7        0.0068972528        0.0070986585
   8  -8        0.0044629123       -0.0058451197
   9   9       -0.0026609221       -0.0119292078
   9   8        0.0192918046       -0.0032850888
   9   7       -0.0209133245        0.0020088621
   9   6        0.0157830891       -0.0077442366
   9   5        0.0111686389       -0.0059191251
   9   4        0.0217740295       -0.0162212827
   9   3       -0.0080484915       -0.0090713895
   9   2        0.0224223987       -0.0015490340
   9   1        0.0155313519       -0.0089542321
   9   0        0.0181649271        0.0000000000
   9  -1       -0.0155313519       -0.0089542321
   9  -2        0.0224223987        0.0015490340
   9  -3        0.0080484915       -0.0090713895
   9  -4        0.0217740295        0.0162212827
   9  -5       -0.0111686389       -0.0059191251
   9  -6        0.0157830891        0.0077442366
   9  -7        0.0209133245        0.0020088621
   9  -8        0.0192918046        0.0032850888
   9  -9        0.0026609221       -0.0119292078
  10  10       -0.0066324272       -0.0024376738
  10   9       -0.0078497230        0.0047853018
  10   8       -0.0111236658        0.0074946863
  10   7       -0.0095506045       -0.0106407419
  10   6        0.0170157188        0.0187699273
  10   5       -0.0002246954        0.0189926462
  10   4        0.0036515155       -0.0016998449
  10   3        0.0110670433        0.0045509294
  10   2        0.0194635301        0.0200989758
  10   1       -0.0046885642        0.0040231476
  10   0        0.0129733872        0.0000000000
  10  -1        0.0046885642        0.0040231476
  10  -2        0.0194635301       -0.0200989758
  10  -3       -0.0110670433        0.0045509294
  10  -4        0.0036515155        0.0016998449
  10  -5        0.0002246954        0.0189926462
  10  -6        0.0170157188       -0.0187699273
  10  -7        0.0095506045       -0.0106407419
  10  -8       -0.0111236658       -0.0074946863
  10  -9        0.0078497230        0.0047853018
  10 -10       -0.0066324272        0.0024376738
  11  11       -0.0128270391        0.0102037432
  11  10       -0.0115537421       -0.0041625184
  11   9        0.0046099634        0.0087149316
  11   8       -0.0018590105       -0.0009533253
  11   7        0.0031153490       -0.0038301677
  11   6        0.0049207679        0.0023772601
  11   5       -0.0104224101       -0.0002847544
  11   4       -0.0048162001        0.0115976825
  11   3       -0.0072996604       -0.0019527980
  11   2       -0.0151533766        0.0045011266
  11   1        0.0022754273        0.0012630298
  11   0       -0.0085700467        0.0000000000
  11  -1       -0.0022754273        0.0012630298
  11  -2       -0.0151533766       -0.0045011266
  11  -3        0.0072996604       -0.0019527980
  11  -4       -0.0048162001       -0.0115976825
  11  -5        0.0104224101       -0.0002847544
  11  -6        0.0049207679       -0.0023772601
  11  -7       -0.0031153490       -0.0038301677
  11  -8       -0.0018590105        0.0009533253
  11  -9       -0.0046099634        0.0087149316
  11 -10       -0.0115537421        0.0041625184
  11 -11        0.0128270391        0.0102037432
  12  12        0.0133910818        0.0263825580
  12  11        0.0016146406        0.0037727390
  12  10        0.0057165154       -0.0066157034
  12   9        0.0012512379        0.0000885708
  12   8       -0.0016643985       -0.0018805443
  12   7        0.0066446232        0.0061536025
  12   6        0.0024583649        0.0008313106
  12   5        0.0125998579       -0.0036289972
  12   4        0.0048615502        0.0052119375
  12   3       -0.0091887060       -0.0009451401
  12   2        0.0043791877       -0.0154381482
  12   1        0.0122100312        0.0014580003
  12   0        0.0026867180        0.0000000000
  12  -1       -0.0122100312        0.0014580003
  12  -2        0.0043791877        0.0154381482
  12  -3        0.0091887060       -0.0009451401
  12  -4        0.0048615502       -0.0052119375
  12  -5       -0.0125998579       -0.0036289972
  12  -6        0.0024583649       -0.0008313106
  12  -7       -0.0066446232        0.0061536025
  12  -8       -0.0016643985        0.0018805443
  12  -9       -0.0012512379        0.0000885708
  12 -10        0.0057165154        0.0066157034
  12 -11       -0.0016146406        0.0037727390
  12 -12        0.0133910818       -0.0263825580
  13  13        0.0036916955       -0.0068444722
  13  12        0.0015516185       -0.0027791591
  13  11        0.0048108238       -0.0126283333
  13  10        0.0008450272       -0.0020454358
  13   9       -0.0024221748       -0.0021109912
  13   8        0.0019617105       -0.0053379970
  13   7       -0.0024847155       -0.0000284618
  13   6        0.0055122938        0.0061259666
  13   5        0.0007965071       -0.0007965454
  13   4        0.0044404983       -0.0080878804
  13   3        0.0163279085       -0.0056983149
  13   2        0.0042615984       -0.0100140989
  13   1        0.0079862521       -0.0032376242
  13   0        0.0145767662        0.0000000000
  13  -1       -0.0079862521       -0.0032376242
  13  -2        0.0042615984        0.0100140989
  13  -3       -0.0163279085       -0.0056983149
  13  -4        0.0044404983        0.0080878804
  13  -5       -0.0007965071       -0.0007965454
  13  -6        0.0055122938       -0.0061259666
  13  -7        0.0024847155       -0.0000284618
  13  -8        0.0019617105        0.0053379970
  13  -9        0.0024221748       -0.0021109912
  13 -10        0.0008450272        0.0020454358
  13 -11       -0.0048108238       -0.0126283333
  13 -12        0.0015516185        0.0027791591
  13 -13       -0.0036916955       -0.0068444722
  14  14       -0.0013051531       -0.0088776913
  14  13       -0.0037824224        0.0021456347
  14  12       -0.0046027962       -0.0008447214
  14  11        0.0040432593        0.0024841182
  14  10       -0.0080190589        0.0045753524
  14   9       -0.0056984006        0.0051150189
  14   8        0.0081948810        0.0019584368
  14   7       -0.0035784512        0.0007274410
  14   6       -0.0037989224        0.0101187068
  14   5        0.0013983714        0.0061180824
  14   4        0.0018344893        0.0001160016
  14   3       -0.0048867646        0.0055950972
  14   2        0.0000527557        0.0038970340
  14   1       -0.0038412523       -0.0022277309
  14   0        0.0178317646        0.0000000000
  14  -1        0.0038412523       -0.0022277309
  14  -2        0.0000527557       -0.0038970340
  14  -3        0.0048867646        0.0055950972
  14  -4        0.0018344893       -0.0001160016
  14  -5       -0.0013983714        0.0061180824
  14  -6       -0.0037989224       -0.0101187068
  14  -7        0.0035784512        0.0007274410
  14  -8        0.0081948810       -0.0019584368
  14  -9        0.0056984006        0.0051150189
  14 -10       -0.0080190589       -0.0045753524
  14 -11       -0.0040432593        0.0024841182
  14 -12       -0.0046027962        0.0008447214
  14 -13        0.0037824224        0.0021456347
  14 -14       -0.0013051531        0.0088776913
  15  15       -0.0052834841       -0.0014584766
  15  14       -0.0008440407        0.0019513608
  15  13        0.0060742411        0.0049679411
  15  12        0.0017766140       -0.0036012442
  15  11       -0.0091017182        0.0077411195
  15  10        0.0022705318       -0.0060280012
  15   9       -0.0038346572       -0.0015398299
  15   8       -0.0029400151       -0.0020823353
  15   7        0.0052531106        0.0000390930
  15   6       -0.0021716034       -0.0024643067
  15   5        0.0048755826       -0.0010747033
  15   4       -0.0041520563        0.0069109162
  15   3       -0.0103496704        0.0000409612
  15   2        0.0087490863       -0.0023275856
  15   1       -0.0035842524       -0.0010021408
  15   0       -0.0032989971        0.0000000000
  15  -1        0.0035842524       -0.0010021408
  15  -2        0.0087490863        0.0023275856
  15  -3        0.0103496704        0.0000409612
  15  -4       -0.0041520563       -0.0069109162
  15  -5       -0.0048755826       -0.0010747033
  15  -6       -0.0021716034        0.0024643067
  15  -7       -0.0052531106        0.0000390930
  15  -8       -0.0029400151        0.0020823353
  15  -9        0.0038346572       -0.0015398299
  15 -10        0.0022705318        0.0060280012
  15 -11        0.0091017182        0.0077411195
  15 -12        0.0017766140        0.0036012442
  15 -13       -0.0060742411        0.0049679411
  15 -14       -0.0008440407       -0.0019513608
  15 -15        0.0052834841       -0.0014584766
  16  16       -0.0012130091       -0.0001605084
  16  15       -0.0014323466       -0.0008646067
  16  14        0.0033300875        0.0035266931
  16  13       -0.0013709139        0.0007717538
  16  12       -0.0010237670       -0.0036558912
  16  11       -0.0003812719       -0.0022933202
  16  10        0.0007591312        0.0002571170
  16   9        0.0041320232       -0.0048775609
  16   8       -0.0085581903        0.0005908121
  16   7        0.0094112939       -0.0017353408
  16   6       -0.0054970535       -0.0019333190
  16   5        0.0003349424       -0.0018037821
  16   4       -0.0082927866        0.0017353553
  16   3        0.0021698788       -0.0018836261
  16   2        0.0006178061       -0.0058512554
  16   1        0.0036678541        0.0026915091
  16   0        0.0020570205        0.0000000000
  16  -1       -0.0036678541        0.0026915091
  16  -2        0.0006178061        0.0058512554
  16  -3       -0.0021698788       -0.0018836261
  16  -4       -0.0082927866       -0.0017353553
  16  -5       -0.0003349424       -0.0018037821
  16  -6       -0.0054970535        0.0019333190
  16  -7       -0.0094112939       -0.0017353408
  16  -8       -0.0085581903       -0.0005908121
  16  -9       -0.0041320232       -0.0048775609
  16 -10        0.0007591312       -0.0002571170
  16 -11        0.0003812719       -0.0022933202
  16 -12       -0.0010237670        0.0036558912
  16 -13        0.0013709139        0.0007717538
  16 -14        0.0033300875       -0.0035266931
  16 -15        0.0014323466       -0.0008646067
  16 -16       -0.0012130091        0.0001605084
  17  17        0.0097891041       -0.0015214122
  17  16       -0.0004339781        0.0055067220
  17  15       -0.0029626612       -0.0030070472
  17  14        0.0008655103        0.0022637262
  17  13        0.0000725751        0.0007876556
  17  12        0.0021944704       -0.0079036954
  17  11       -0.0007219227        0.0020645746
  17  10        0.0002548904        0.0026375359
  17   9        0.0020964017        0.0020986862
  17   8        0.0073968964       -0.0000967240
  17   7       -0.0013605440        0.0069671545
  17   6       -0.0074305189        0.0027297551
  17   5       -0.0001349555        0.0025320896
  17   4        0.0006783236       -0.0042699294
  17   3       -0.0015425630       -0.0004686493
  17   2       -0.0006646758        0.0012719262
  17   1        0.0005894223       -0.0001946025
  17   0       -0.0011738457        0.0000000000
  17  -1       -0.0005894223       -0.0001946025
  17  -2       -0.0006646758       -0.0012719262
  17  -3        0.0015425630       -0.0004686493
  17  -4        0.0006783236        0.0042699294
  17  -5        0.0001349555        0.0025320896
  17  -6       -0.0074305189       -0.0027297551
  17  -7        0.0013605440        0.0069671545
  17  -8        0.0073968964        0.0000967240
  17  -9       -0.0020964017        0.0020986862
  17 -10        0.0002548904       -0.0026375359
  17 -11        0.0007219227        0.0020645746
  17 -12        0.0021944704        0.0079036954
  17 -13       -0.0000725751        0.0007876556
  17 -14        0.0008655103       -0.0022637262
  17 -15        0.0029626612       -0.0030070472
  17 -16       -0.0004339781       -0.0055067220
  17 -17       -0.0097891041       -0.0015214122
  18  18        0.0012352718       -0.0013675468
  18  17        0.0009141555        0.0024747555
  18  16        0.0006827893       -0.0020642049
  18  15       -0.0004549325        0.0008008915
  18  14       -0.0017145741       -0.0002168806
  18  13        0.0058546799       -0.0081266317
  18  12       -0.0008491853        0.0062267252
  18  11       -0.0000114679        0.0003110908
  18  10        0.0009215234        0.0012780852
  18   9       -0.0021489625        0.0019387337
  18   8        0.0043600839       -0.0011001020
  18   7       -0.0046504660        0.0032553954
  18   6        0.0020793794       -0.0018152872
  18   5        0.0006133296        0.0015057117
  18   4        0.0004682951        0.0018375389
  18   3       -0.0025637747        0.0039079682
  18   2        0.0044979610       -0.0028206225
  18   1       -0.0092019023       -0.0038310697
  18   0       -0.0091670238        0.0000000000
  18  -1        0.0092019023       -0.0038310697
  18  -2        0.0044979610        0.0028206225
  18  -3        0.0025637747        0.0039079682
  18  -4        0.0004682951       -0.0018375389
  18  -5       -0.0006133296        0.0015057117
  18  -6        0.0020793794        0.0018152872
  18  -7        0.0046504660        0.0032553954
  18  -8        0.0043600839        0.0011001020
  18  -9        0.0021489625        0.0019387337
  18 -10        0.0009215234       -0.0012780852
  18 -11        0.0000114679        0.0003110908
  18 -12       -0.0008491853       -0.0062267252
  18 -13       -0.0058546799       -0.0081266317
  18 -14       -0.0017145741        0.0002168806
  18 -15        0.0004549325        0.0008008915
  18 -16        0.0006827893        0.0020642049
  18 -17       -0.0009141555        0.0024747555
  18 -18        0.0012352718        0.0013675468
  19  19       -0.0004599130       -0.0037042451
  19  18        0.0002866053        0.0031965993
  19  17        0.0003437321        0.0042654851
  19  16        0.0012989185       -0.0020320664
  19  15       -0.0020024095        0.0000597075
  19  14       -0.0001075791        0.0014740885
  19  13       -0.0010857863        0.0003433228
  19  12        0.0011385394        0.0003254397
  19  11        0.0007395536       -0.0007956985
  19  10       -0.0015442019       -0.0006274227
  19   9       -0.0034039387       -0.0014368928
  19   8       -0.0048637546        0.0019721250
  19   7        0.0050029013       -0.0001412151
  19   6       -0.0012690284        0.0010303031
  19   5       -0.0024100298        0.0007233534
  19   4       -0.0016724495        0.0004795904
  19   3        0.0031066429       -0.0005668297
  19   2        0.0014377444       -0.0005784526
  19   1       -0.0009409546       -0.0028278252
  19   0       -0.0031224095        0.0000000000
  19  -1        0.0009409546       -0.0028278252
  19  -2        0.0014377444        0.0005784526
  19  -3       -0.0031066429       -0.0005668297
  19  -4       -0.0016724495       -0.0004795904
  19  -5        0.0024100298        0.0007233534
  19  -6       -0.0012690284       -0.0010303031
  19  -7       -0.0050029013       -0.0001412151
  19  -8       -0.0048637546       -0.0019721250
  19  -9        0.0034039387       -0.0014368928
  19 -10       -0.0015442019        0.0006274227
  19 -11       -0.0007395536       -0.0007956985
  19 -12        0.0011385394       -0.0003254397
  19 -13        0.0010857863        0.0003433228
  19 -14       -0.0001075791       -0.0014740885
  19 -15        0.0020024095        0.0000597075
  19 -16        0.0012989185        0.0020320664
  19 -17       -0.0003437321        0.0042654851
  19 -18        0.0002866053       -0.0031965993
  19 -19        0.0004599130       -0.0037042451
  20  20       -0.0042732858       -0.0018615961
  20  19        0.0002396587       -0.0018922029
  20  18        0.0041073305       -0.0001773927
  20  17       -0.0006609095        0.0052554323
  20  16       -0.0030585921        0.0060821299
  20  15        0.0027190906        0.0001331357
  20  14        0.0032725434        0.0009768786
  20  13       -0.0003181889        0.0005753233
  20  12       -0.0005535810       -0.0036733279
  20  11       -0.0015958926        0.0001032245
  20  10       -0.0004255158       -0.0008426164
  20   9        0.0011916703       -0.0008218571
  20   8        0.0007714847       -0.0005422652
  20   7        0.0009939224        0.0020892371
  20   6       -0.0039281562       -0.0017176578
  20   5        0.0006808478       -0.0045725210
  20   4        0.0001733746       -0.0073459033
  20   3        0.0033879435       -0.0006907960
  20   2       -0.0007998062        0.0022836061
  20   1       -0.0010942540        0.0001115738
  20   0        0.0073780957        0.0000000000
  20  -1        0.0010942540        0.0001115738
  20  -2       -0.0007998062       -0.0022836061
  20  -3       -0.0033879435       -0.0006907960
  20  -4        0.0001733746        0.0073459033
  20  -5       -0.0006808478       -0.0045725210
  20  -6       -0.0039281562        0.0017176578
  20  -7       -0.0009939224        0.0020892371
  20  -8        0.0007714847        0.0005422652
  20  -9       -0.0011916703       -0.0008218571
  20 -10       -0.0004255158        0.0008426164
  20 -11        0.0015958926        0.0001032245
  20 -12       -0.0005535810        0.0036733279
  20 -13        0.0003181889        0.0005753233
  20 -14        0.0032725434       -0.0009768786
  20 -15       -0.0027190906        0.0001331357
  20 -16       -0.0030585921       -0.0060821299
  20 -17        0.0006609095        0.0052554323
  20 -18        0.0041073305        0.0001773927
  20 -19       -0.0002396587       -0.0018922029
  20 -20       -0.0042732858        0.0018615961
  21  21        0.0001947255        0.0031400064
  21  20        0.0033647818        0.0012408664
  21  19        0.0037177479        0.0005869651
  21  18        0.0013426764       -0.0001800873
  21  17        0.0026281207       -0.0035165220
  21  16        0.0048685378        0.0019965614
  21  15       -0.0008302403       -0.0025197617
  21  14        0.0014075157       -0.0004998103
  21  13        0.0011430190        0.0007493506
  21  12       -0.0020350228       -0.0019866752
  21  11       -0.0013261047        0.0009048185
  21  10        0.0002288913        0.0002520170
  21   9        0.0051890336       -0.0064912767
  21   8        0.0027150765        0.0000901062
  21   7       -0.0037684378       -0.0016599513
  21   6        0.0003643131       -0.0021446069
  21   5        0.0011196814       -0.0027561429
  21   4        0.0032009196        0.0037765693
  21   3        0.0014492058        0.0004850903
  21   2       -0.0020654559        0.0008354148
  21   1       -0.0025321865        0.0027740054
  21   0        0.0043756664        0.0000000000
  21  -1        0.0025321865        0.0027740054
  21  -2       -0.0020654559       -0.0008354148
  21  -3       -0.0014492058        0.0004850903
  21  -4        0.0032009196       -0.0037765693
  21  -5       -0.0011196814       -0.0027561429
  21  -6        0.0003643131        0.0021446069
  21  -7        0.0037684378       -0.0016599513
  21  -8        0.0027150765       -0.0000901062
  21  -9       -0.0051890336       -0.0064912767
  21 -10        0.0002288913       -0.0002520170
  21 -11        0.0013261047        0.0009048185
  21 -12       -0.0020350228        0.0019866752
  21 -13       -0.0011430190        0.0007493506
  21 -14        0.0014075157        0.0004998103
  21 -15        0.0008302403       -0.0025197617
  21 -16        0.0048685378       -0.0019965614
  21 -17       -0.0026281207       -0.0035165220
  21 -18        0.0013426764        0.0001800873
  21 -19       -0.0037177479        0.0005869651
  21 -20        0.0033647818       -0.0012408664
  21 -21       -0.0001947255        0.0031400064
  22  22        0.0030028227        0.0001869770
  22  21       -0.0010664971       -0.0000403525
  22  20       -0.0024103518       -0.0027333856
  22  19       -0.0026382789       -0.0011826344
  22  18       -0.0023185559       -0.0021591993
  22  17       -0.0007982488       -0.0005201390
  22  16        0.0008260976       -0.0008496094
  22  15        0.0013385558        0.0019575884
  22  14       -0.0033929350       -0.0009190865
  22  13       -0.0007458967        0.0005344013
  22  12        0.0021605665        0.0013883916
  22  11       -0.0010868906       -0.0016115637
  22  10        0.0012659715       -0.0035243280
  22   9       -0.0046175984        0.0024022472
  22   8       -0.0019786933       -0.0031990153
  22   7        0.0011154760        0.0001686136
  22   6        0.0011849755       -0.0008218939
  22   5       -0.0016975339       -0.0003915235
  22   4       -0.0009942013        0.0013056342
  22   3        0.0009419088        0.0006865816
  22   2       -0.0018379438        0.0016774997
  22   1        0.0032799666       -0.0000488693
  22   0       -0.0052374733        0.0000000000
  22  -1       -0.0032799666       -0.0000488693
  22  -2       -0.0018379438       -0.0016774997
  22  -3       -0.0009419088        0.0006865816
  22  -4       -0.0009942013       -0.0013056342
  22  -5        0.0016975339       -0.0003915235
  22  -6        0.0011849755        0.0008218939
  22  -7       -0.0011154760        0.0001686136
  22  -8       -0.0019786933        0.0031990153
  22  -9        0.0046175984        0.0024022472
  22 -10        0.0012659715        0.0035243280
  22 -11        0.0010868906       -0.0016115637
  22 -12        0.0021605665       -0.0013883916
  22 -13        0.0007458967        0.0005344013
  22 -14       -0.0033929350        0.0009190865
  22 -15       -0.0013385558        0.0019575884
  22 -16        0.0008260976        0.0008496094
  22 -17        0.0007982488       -0.0005201390
  22 -18       -0.0023185559        0.0021591993
  22 -19        0.0026382789       -0.0011826344
  22 -20       -0.0024103518        0.0027333856
  22 -21        0.0010664971       -0.0000403525
  22 -22        0.0030028227       -0.0001869770
  23  23       -0.0000255214        0.0021317665
  23  22        0.0001860308       -0.0039508068
  23  21        0.0006753083       -0.0025645386
  23  20       -0.0001610336       -0.0008705007
  23  19       -0.0007709610       -0.0006586121
  23  18       -0.0010122725       -0.0018943752
  23  17       -0.0027484838        0.0003811145
  23  16        0.0009852729       -0.0004231999
  23  15        0.0000566958       -0.0015390841
  23  14        0.0024934966        0.0014881366
  23  13       -0.0019839333       -0.0009790706
  23  12        0.0023062077        0.0008389518
  23  11       -0.0010188328        0.0009690716
  23  10       -0.0012755924       -0.0015596061
  23   9       -0.0003950872        0.0043861250
  23   8        0.0012813523        0.0019029188
  23   7       -0.0004720575        0.0011216557
  23   6        0.0006377445       -0.0002833323
  23   5       -0.0012427620       -0.0000947277
  23   4        0.0017050734       -0.0026505729
  23   3       -0.0014639729        0.0007333278
  23   2       -0.0003540916        0.0004818609
  23   1       -0.0009475687       -0.0005549284
  23   0       -0.0026433543        0.0000000000
  23  -1        0.0009475687       -0.0005549284
  23  -2       -0.0003540916       -0.0004818609
  23  -3        0.0014639729        0.0007333278
  23  -4        0.0017050734        0.0026505729
  23  -5        0.0012427620       -0.0000947277
  23  -6        0.0006377445        0.0002833323
  23  -7        0.0004720575        0.0011216557
  23  -8        0.0012813523       -0.0019029188
  23  -9        0.0003950872        0.0043861250
  23 -10       -0.0012755924        0.0015596061
  23 -11        0.0010188328        0.0009690716
  23 -12        0.0023062077       -0.0008389518
  23 -13        0.0019839333       -0.0009790706
  23 -14        0.0024934966       -0.0014881366
  23 -15       -0.0000566958       -0.0015390841
  23 -16        0.0009852729        0.0004231999
  23 -17        0.0027484838        0.0003811145
  23 -18       -0.0010122725        0.0018943752
  23 -19        0.0007709610       -0.0006586121
  23 -20       -0.0001610336        0.0008705007
  23 -21       -0.0006753083       -0.0025645386
  23 -22        0.0001860308        0.0039508068
  23 -23        0.0000255214        0.0021317665
  24  24        0.0004972340        0.0007792876
  24  23        0.0011556925       -0.0032831013
  24  22       -0.0024700677        0.0008859447
  24  21        0.0012110061       -0.0009360945
  24  20       -0.0000637083        0.0008456490
  24  19       -0.0004603038        0.0005584587
  24  18        0.0004918056        0.0022118871
  24  17       -0.0005678259        0.0019598626
  24  16       -0.0008737486        0.0013877273
  24  15        0.0003059716        0.0008403878
  24  14        0.0015527508        0.0020161187
  24  13        0.0008074029       -0.0005572714
  24  12       -0.0028721043       -0.0008416623
  24  11       -0.0002396228       -0.0006245622
  24  10       -0.0007400199        0.0034617856
  24   9        0.0049044535       -0.0012255422
  24   8       -0.0015249771        0.0027889634
  24   7       -0.0031081282       -0.0006350701
  24   6       -0.0013446263       -0.0013532597
  24   5        0.0022664392        0.0018521597
  24   4        0.0017481506       -0.0000897933
  24   3       -0.0000733060       -0.0005367504
  24   2       -0.0035417480       -0.0015003668
  24   1       -0.0028376309        0.0033617322
  24   0        0.0069601554        0.0000000000
  24  -1        0.0028376309        0.0033617322
  24  -2       -0.0035417480        0.0015003668
  24  -3        0.0000733060       -0.0005367504
  24  -4        0.0017481506        0.0000897933
  24  -5       -0.0022664392        0.0018521597
  24  -6       -0.0013446263        0.0013532597
  24  -7        0.0031081282       -0.0006350701
  24  -8       -0.0015249771       -0.0027889634
  24  -9       -0.0049044535       -0.0012255422
  24 -10       -0.0007400199       -0.0034617856
  24 -11        0.0002396228       -0.0006245622
  24 -12       -0.0028721043        0.0008416623
  24 -13       -0.0008074029       -0.0005572714
  24 -14        0.0015527508       -0.0020161187
  24 -15       -0.0003059716        0.0008403878
  24 -16       -0.0008737486       -0.0013877273
  24 -17        0.0005678259        0.0019598626
  24 -18        0.0004918056       -0.0022118871
  24 -19        0.0004603038        0.0005584587
  24 -20       -0.0000637083       -0.0008456490
  24 -21       -0.0012110061       -0.0009360945
  24 -22       -0.0024700677       -0.0008859447
  24 -23       -0.0011556925       -0.0032831013
  24 -24        0.0004972340       -0.0007792876
  25  25       -0.0002394063       -0.0011641324
  25  24       -0.0004107446       -0.0007042405
  25  23        0.0007201428       -0.0007533595
  25  22        0.0012155081        0.0029821704
  25  21       -0.0012994005        0.0013196384
  25  20       -0.0019755920        0.0011660304
  25  19       -0.0001714893        0.0026315872
  25  18        0.0018053377       -0.0011719874
  25  17       -0.0025791049       -0.0012064234
  25  16        0.0008370739       -0.0012805816
  25  15       -0.0004510757       -0.0000650078
  25  14       -0.0005131974       -0.0011321640
  25  13        0.0003078694       -0.0005449400
  25  12       -0.0012112137        0.0017914030
  25  11       -0.0011919645       -0.0019674726
  25  10        0.0016010746        0.0011658185
  25   9       -0.0003227056       -0.0022514762
  25   8        0.0003875750       -0.0030037735
  25   7        0.0000033576       -0.0004736993
  25   6       -0.0007770006        0.0023372550
  25   5        0.0003515834       -0.0001840013
  25   4       -0.0004693229        0.0048878308
  25   3        0.0012844137        0.0003826741
  25   2        0.0006373479       -0.0006989024
  25   1        0.0008308991        0.0008825519
  25   0        0.0023515434        0.0000000000
  25  -1       -0.0008308991        0.0008825519
  25  -2        0.0006373479        0.0006989024
  25  -3       -0.0012844137        0.0003826741
  25  -4       -0.0004693229       -0.0048878308
  25  -5       -0.0003515834       -0.0001840013
  25  -6       -0.0007770006       -0.0023372550
  25  -7       -0.0000033576       -0.0004736993
  25  -8        0.0003875750        0.0030037735
  25  -9        0.0003227056       -0.0022514762
  25 -10        0.0016010746       -0.0011658185
  25 -11        0.0011919645       -0.0019674726
  25 -12       -0.0012112137       -0.0017914030
  25 -13       -0.0003078694       -0.0005449400
  25 -14       -0.0005131974        0.0011321640
  25 -15        0.0004510757       -0.0000650078
  25 -16        0.0008370739        0.0012805816
  25 -17        0.0025791049       -0.0012064234
  25 -18        0.0018053377        0.0011719874
  25 -19        0.0001714893        0.0026315872
  25 -20       -0.0019755920       -0.0011660304
  25 -21        0.0012994005        0.0013196384
  25 -22        0.0012155081       -0.0029821704
  25 -23       -0.0007201428       -0.0007533595
  25 -24       -0.0004107446        0.0007042405
  25 -25        0.0002394063       -0.0011641324
  26  26       -0.0005340929        0.0013295400
  26  25       -0.0004502249       -0.0008522539
  26  24       -0.0004562450        0.0002733426
  26  23       -0.0001051231        0.0011775495
  26  22        0.0008894937        0.0004505740
  26  21        0.0000444596        0.0022044304
  26  20       -0.0018197723       -0.0002925608
  26  19       -0.0016716274       -0.0009518044
  26  18        0.0002764844       -0.0014265160
  26  17       -0.0002316511        0.0027187386
  26  16       -0.0001291817       -0.0021670523
  26  15       -0.0005028097       -0.0006130900
  26  14       -0.0012712398       -0.0014067388
  26  13       -0.0007995372        0.0005566583
  26  12        0.0008462977        0.0026114812
  26  11       -0.0018447044        0.0012102589
  26  10        0.0002710488       -0.0010295116
  26   9       -0.0002900838        0.0019789128
  26   8        0.0002782342       -0.0004555667
  26   7       -0.0012589260        0.0010471436
  26   6       -0.0014476735        0.0004273536
  26   5        0.0010544430       -0.0028733810
  26   4       -0.0000053727        0.0004675652
  26   3        0.0004387019       -0.0010155249
  26   2        0.0008466437       -0.0020397439
  26   1        0.0002213166       -0.0008835545
  26   0       -0.0006460806        0.0000000000
  26  -1       -0.0002213166       -0.0008835545
  26  -2        0.0008466437        0.0020397439
  26  -3       -0.0004387019       -0.0010155249
  26  -4       -0.0000053727       -0.0004675652
  26  -5       -0.0010544430       -0.0028733810
  26  -6       -0.0014476735       -0.0004273536
  26  -7        0.0012589260        0.0010471436
  26  -8        0.0002782342        0.0004555667
  26  -9        0.0002900838        0.0019789128
  26 -10        0.0002710488        0.0010295116
  26 -11        0.0018447044        0.0012102589
  26 -12        0.0008462977       -0.0026114812
  26 -13        0.0007995372        0.0005566583
  26 -14       -0.0012712398        0.0014067388
  26 -15        0.0005028097       -0.0006130900
  26 -16       -0.0001291817        0.0021670523
  26 -17        0.0002316511        0.0027187386
  26 -18        0.0002764844        0.0014265160
  26 -19        0.0016716274       -0.0009518044
  26 -20       -0.0018197723        0.0002925608
  26 -21       -0.0000444596        0.0022044304
  26 -22        0.0008894937       -0.0004505740
  26 -23        0.0001051231        0.0011775495
  26 -24       -0.0004562450       -0.0002733426
  26 -25        0.0004502249       -0.0008522539
  26 -26       -0.0005340929       -0.0013295400
  27  27        0.0001711102        0.0000109543
  27  26        0.0010802783       -0.0009649914
  27  25        0.0008365341        0.0005946582
  27  24        0.0000533672        0.0006461339
  27  23       -0.0004900719       -0.0000522820
  27  22       -0.0012286902       -0.0029837382
  27  21        0.0006921117       -0.0019239130
  27  20        0.0008709838       -0.0006161975
  27  19       -0.0006372220       -0.0027475080
  27  18       -0.0014503907        0.0019312101
  27  17       -0.0011336421       -0.0001935413
  27  16       -0.0006633883        0.0016797426
  27  15       -0.0003355110       -0.0006024182
  27  14        0.0014419313        0.0009940679
  27  13       -0.0002756188       -0.0008492573
  27  12       -0.0006241707       -0.0010806782
  27  11        0.0018489578       -0.0000886311
  27  10       -0.0006438469       -0.0005567236
  27   9        0.0014469669       -0.0013658934
  27   8        0.0013430259        0.0025110077
  27   7       -0.0004462815       -0.0026213363
  27   6       -0.0001200066       -0.0019270914
  27   5        0.0002305382        0.0014467988
  27   4       -0.0009484649       -0.0013373277
  27   3       -0.0019200601       -0.0003819320
  27   2       -0.0016206725        0.0005745930
  27   1        0.0012943336        0.0008755401
  27   0        0.0037544873        0.0000000000
  27  -1       -0.0012943336        0.0008755401
  27  -2       -0.0016206725       -0.0005745930
  27  -3        0.0019200601       -0.0003819320
  27  -4       -0.0009484649        0.0013373277
  27  -5       -0.0002305382        0.0014467988
  27  -6       -0.0001200066        0.0019270914
  27  -7        0.0004462815       -0.0026213363
  27  -8        0.0013430259       -0.0025110077
  27  -9       -0.0014469669       -0.0013658934
  27 -10       -0.0006438469        0.0005567236
  27 -11       -0.0018489578       -0.0000886311
  27 -12       -0.0006241707        0.0010806782
  27 -13        0.0002756188       -0.0008492573
  27 -14        0.0014419313       -0.0009940679
  27 -15        0.0003355110       -0.0006024182
  27 -16       -0.0006633883       -0.0016797426
  27 -17        0.0011336421       -0.0001935413
  27 -18       -0.0014503907       -0.0019312101
  27 -19        0.0006372220       -0.0027475080
  27 -20        0.0008709838        0.0006161975
  27 -21       -0.0006921117       -0.0019239130
  27 -22       -0.0012286902        0.0029837382
  27 -23        0.0004900719       -0.0000522820
  27 -24        0.0000533672       -0.0006461339
  27 -25       -0.0008365341        0.0005946582
  27 -26        0.0010802783        0.0009649914
  27 -27       -0.0001711102        0.0000109543
  28  28        0.0026866349       -0.0006598691
  28  27       -0.0009009207       -0.0003742306
  28  26        0.0006661157       -0.0002734803
  28  25       -0.0004120240        0.0003513701
  28  24        0.0001441542        0.0015670294
  28  23        0.0010662038        0.0009188592
  28  22        0.0015801466        0.0003962360
  28  21        0.0001577626       -0.0000555703
  28  20        0.0001696121        0.0014136503
  28  19        0.0000668881        0.0020719818
  28  18        0.0005188256       -0.0004699739
  28  17        0.0001448430       -0.0002667223
  28  16       -0.0001680250        0.0004175316
  28  15       -0.0008990002       -0.0002814495
  28  14       -0.0000721629        0.0000558719
  28  13       -0.0016984555        0.0003040992
  28  12       -0.0014002091       -0.0017520911
  28  11        0.0012517384       -0.0012850520
  28  10       -0.0004234595        0.0034964009
  28   9       -0.0006803760       -0.0012210681
  28   8        0.0012525165        0.0013167325
  28   7       -0.0020344151       -0.0004571897
  28   6       -0.0002412396        0.0012751655
  28   5        0.0017128586        0.0013105601
  28   4        0.0015307687        0.0001269247
  28   3        0.0002884671        0.0012422634
  28   2       -0.0005089925        0.0013147012
  28   1        0.0001041439       -0.0009867245
  28   0        0.0008946695        0.0000000000
  28  -1       -0.0001041439       -0.0009867245
  28  -2       -0.0005089925       -0.0013147012
  28  -3       -0.0002884671        0.0012422634
  28  -4        0.0015307687       -0.0001269247
  28  -5       -0.0017128586        0.0013105601
  28  -6       -0.0002412396       -0.0012751655
  28  -7        0.0020344151       -0.0004571897
  28  -8        0.0012525165       -0.0013167325
  28  -9        0.0006803760       -0.0012210681
  28 -10       -0.0004234595       -0.0034964009
  28 -11       -0.0012517384       -0.0012850520
  28 -12       -0.0014002091        0.0017520911
  28 -13        0.0016984555        0.0003040992
  28 -14       -0.0000721629       -0.0000558719
  28 -15        0.0008990002       -0.0002814495
  28 -16       -0.0001680250       -0.0004175316
  28 -17       -0.0001448430       -0.0002667223
  28 -18        0.0005188256        0.0004699739
  28 -19       -0.0000668881        0.0020719818
  28 -20        0.0001696121       -0.0014136503
  28 -21       -0.0001577626       -0.0000555703
  28 -22        0.0015801466       -0.0003962360
  28 -23       -0.0010662038        0.0009188592
  28 -24        0.0001441542       -0.0015670294
  28 -25        0.0004120240        0.0003513701
  28 -26        0.0006661157        0.0002734803
  28 -27        0.0009009207       -0.0003742306
  28 -28        0.0026866349        0.0006598691
  29  29       -0.0016590038       -0.0003384965
  29  28       -0.0010687041        0.0000312694
  29  27        0.0010853485        0.0025157372
  29  26        0.0015345090        0.0002600568
  29  25        0.0003207479       -0.0000510240
  29  24       -0.0007017827       -0.0001803636
  29  23       -0.0007956258        0.0008071624
  29  22        0.0002209963        0.0023032005
  29  21       -0.0012836820        0.0007337490
  29  20        0.0006903813       -0.0003378664
  29  19       -0.0021941612        0.0005151260
  29  18       -0.0000913594        0.0006554669
  29  17       -0.0000281200       -0.0020536043
  29  16       -0.0003661014        0.0003929753
  29  15        0.0019793202       -0.0002838739
  29  14        0.0005094788       -0.0019447146
  29  13        0.0006014102       -0.0009772884
  29  12       -0.0021335475       -0.0006747255
  29  11        0.0003439831        0.0002682349
  29  10        0.0015647140       -0.0000255337
  29   9       -0.0004743862        0.0002227194
  29   8       -0.0023236058       -0.0030832748
  29   7        0.0004323465        0.0022321082
  29   6        0.0015568539       -0.0010776403
  29   5       -0.0001671396       -0.0023935912
  29   4        0.0002211633        0.0000795327
  29   3        0.0002049940        0.0006152021
  29   2        0.0006763474       -0.0011227267
  29   1       -0.0021966119       -0.0024957528
  29   0       -0.0017134100        0.0000000000
  29  -1        0.0021966119       -0.0024957528
  29  -2        0.0006763474        0.0011227267
  29  -3       -0.0002049940        0.0006152021
  29  -4        0.0002211633       -0.0000795327
  29  -5        0.0001671396       -0.0023935912
  29  -6        0.0015568539        0.0010776403
  29  -7       -0.0004323465        0.0022321082
  29  -8       -0.0023236058        0.0030832748
  29  -9        0.0004743862        0.0002227194
  29 -10        0.0015647140        0.0000255337
  29 -11       -0.0003439831        0.0002682349
  29 -12       -0.0021335475        0.0006747255
  29 -13       -0.0006014102       -0.0009772884
  29 -14        0.0005094788        0.0019447146
  29 -15       -0.0019793202       -0.0002838739
  29 -16       -0.0003661014       -0.0003929753
  29 -17        0.0000281200       -0.0020536043
  29 -18       -0.0000913594       -0.0006554669
  29 -19        0.0021941612        0.0005151260
  29 -20        0.0006903813        0.0003378664
  29 -21        0.0012836820        0.0007337490
  29 -22        0.0002209963       -0.0023032005
  29 -23        0.0007956258        0.0008071624
  29 -24       -0.0007017827        0.0001803636
  29 -25       -0.0003207479       -0.0000510240
  29 -26        0.0015345090       -0.0002600568
  29 -27       -0.0010853485        0.0025157372
  29 -28       -0.0010687041       -0.0000312694
  29 -29        0.0016590038       -0.0003384965
  30  30       -0.0005684662        0.0011326218
  30  29        0.0012562634        0.0000830664
  30  28       -0.0015015952        0.0018520168
  30  27       -0.0004630085        0.0015539983
  30  26        0.0003451372       -0.0009874360
  30  25       -0.0019548265        0.0000753992
  30  24        0.0002488901       -0.0000821780
  30  23       -0.0006755640       -0.0006824792
  30  22       -0.0002799968       -0.0007246686
  30  21       -0.0004192839       -0.0006015984
  30  20       -0.0009109360       -0.0023960502
  30  19        0.0000202006       -0.0022596261
  30  18       -0.0003839853        0.0011610563
  30  17        0.0008575425        0.0021879905
  30  16       -0.0014428574        0.0008009088
  30  15        0.0013383222       -0.0002099768
  30  14       -0.0007294187       -0.0007470919
  30  13       -0.0016994570       -0.0010033414
  30  12        0.0003745405        0.0013302543
  30  11        0.0009054322        0.0012169910
  30  10       -0.0006482951       -0.0008847828
  30   9       -0.0004873230       -0.0004278356
  30   8        0.0001471209        0.0015590149
  30   7        0.0002389655       -0.0022980584
  30   6       -0.0026395977       -0.0011231821
  30   5        0.0004856776       -0.0011082135
  30   4        0.0001119734       -0.0013754815
  30   3        0.0003303688       -0.0004626606
  30   2       -0.0001198822        0.0002513518
  30   1        0.0016224143        0.0011247574
  30   0        0.0017626485        0.0000000000
  30  -1       -0.0016224143        0.0011247574
  30  -2       -0.0001198822       -0.0002513518
  30  -3       -0.0003303688       -0.0004626606
  30  -4        0.0001119734        0.0013754815
  30  -5       -0.0004856776       -0.0011082135
  30  -6       -0.0026395977        0.0011231821
  30  -7       -0.0002389655       -0.0022980584
  30  -8        0.0001471209       -0.0015590149
  30  -9        0.0004873230       -0.0004278356
  30 -10       -0.0006482951        0.0008847828
  30 -11       -0.0009054322        0.0012169910
  30 -12        0.0003745405       -0.0013302543
  30 -13        0.0016994570       -0.0010033414
  30 -14       -0.0007294187        0.0007470919
  30 -15       -0.0013383222       -0.0002099768
  30 -16       -0.0014428574       -0.0008009088
  30 -17       -0.0008575425        0.0021879905
  30 -18       -0.0003839853       -0.0011610563
  30 -19       -0.0000202006       -0.0022596261
  30 -20       -0.0009109360        0.0023960502
  30 -21        0.0004192839       -0.0006015984
  30 -22       -0.0002799968        0.0007246686
  30 -23        0.0006755640       -0.0006824792
  30 -24        0.0002488901        0.0000821780
  30 -25        0.0019548265        0.0000753992
  30 -26        0.0003451372        0.0009874360
  30 -27        0.0004630085        0.0015539983
  30 -28       -0.0015015952       -0.0018520168
  30 -29       -0.0012562634        0.0000830664
  30 -30       -0.0005684662       -0.0011326218
