   0   0       56.1428198517        0.0000000000
   1   1        0.1888250513       -0.1288814461
   1   0       -0.3896201637        0.0000000000
   1  -1       -0.1888250513       -0.1288814461
   2   2        4.0892148785        1.6125305330
   2   1        0.4897843074       -0.4261166596
   2   0       -0.6219513892        0.0000000000
   2  -1       -0.4897843074       -0.4261166596
   2  -2        4.0892148785       -1.6125305330
   3   3       -1.3477730960        0.4446592580
   3   2        1.2074479401        1.1678712238
   3   1        1.0608880438        0.3367211734
   3   0        1.1443241306        0.0000000000
   3  -1       -1.0608880438        0.3367211734
   3  -2        1.2074479401       -1.1678712238
   3  -3        1.3477730960        0.4446592580
   4   4       -0.1172684083        0.5076403445
   4   3        0.7705912101       -0.0590061458
   4   2       -0.2111356504       -0.0475617797
   4   1        0.5038301200       -1.0804522190
   4   0       -0.0028061098        0.0000000000
   4  -1       -0.5038301200       -1.0804522190
   4  -2       -0.2111356504        0.0475617797
   4  -3       -0.7705912101       -0.0590061458
   4  -4       -0.1172684083       -0.5076403445
   5   5       -0.4315492053       -0.0223152535
   5   4        0.6079019594        0.3671679646
   5   3        0.1793544642       -0.0301848386
   5   2       -0.1674312186        0.2653260915
   5   1       -0.0055051592        0.3993866042
   5   0        0.2535817088        0.0000000000
   5  -1        0.0055051592        0.3993866042
   5  -2       -0.1674312186       -0.2653260915
   5  -3       -0.1793544642       -0.0301848386
   5  -4        0.6079019594       -0.3671679646
   5  -5        0.4315492053       -0.0223152535
   6   6       -0.5724288128        0.0242277030
   6   5        0.2866174144       -0.2921650652
   6   4        0.5262494633       -0.1786577194
   6   3        0.1885964407       -0.2624665453
   6   2       -0.1012270602        0.6305804454
   6   1        0.0234025100       -0.3274683764
   6   0        0.2518897580        0.0000000000
   6  -1       -0.0234025100       -0.3274683764
   6  -2       -0.1012270602       -0.6305804454
   6  -3       -0.1885964407       -0.2624665453
   6  -4        0.5262494633        0.1786577194
   6  -5       -0.2866174144       -0.2921650652
   6  -6       -0.5724288128       -0.0242277030
   7   7       -0.1283842671        0.0510911104
   7   6       -0.1188754748       -0.0110733583
   7   5        0.4168997601       -0.0488339988
   7   4        0.0252447510        0.2661105815
   7   3        0.2254856327       -0.0839755759
   7   2       -0.0729957835       -0.0395786706
   7   1        0.2591966013       -0.1206969175
   7   0       -0.4684870017        0.0000000000
   7  -1       -0.2591966013       -0.1206969175
   7  -2       -0.0729957835        0.0395786706
   7  -3       -0.2254856327       -0.0839755759
   7  -4        0.0252447510       -0.2661105815
   7  -5       -0.4168997601       -0.0488339988
   7  -6       -0.1188754748        0.0110733583
   7  -7        0.1283842671        0.0510911104
   8   8       -0.1486011239       -0.0527820385
   8   7       -0.2162574984       -0.0879162279
   8   6        0.2388979044        0.2800510168
   8   5        0.2790468014       -0.0171028244
   8   4       -0.1131322939       -0.1005885751
   8   3       -0.0891484089        0.1889259822
   8   2        0.2210017105        0.4208058055
   8   1        0.0063472739        0.2379855532
   8   0        0.2292831571        0.0000000000
   8  -1       -0.0063472739        0.2379855532
   8  -2        0.2210017105       -0.4208058055
   8  -3        0.0891484089        0.1889259822
   8  -4       -0.1131322939        0.1005885751
   8  -5       -0.2790468014       -0.0171028244
   8  -6        0.2388979044       -0.2800510168
   8  -7        0.2162574984       -0.0879162279
   8  -8       -0.1486011239        0.0527820385
   9   9        0.1053036744       -0.0913739188
   9   8       -0.0630301952       -0.0301001071
   9   7        0.1656140008        0.1064768912
   9   6       -0.0250787190       -0.0484296270
   9   5       -0.0500602025       -0.0043615257
   9   4        0.0002384442        0.0115011748
   9   3        0.1552097164        0.1546947359
   9   2       -0.1364132117        0.3110840724
   9   1        0.1130911124       -0.2939287276
   9   0        0.1147898340        0.0000000000
   9  -1       -0.1130911124       -0.2939287276
   9  -2       -0.1364132117       -0.3110840724
   9  -3       -0.1552097164        0.1546947359
   9  -4        0.0002384442       -0.0115011748
   9  -5        0.0500602025       -0.0043615257
   9  -6       -0.0250787190        0.0484296270
   9  -7       -0.1656140008        0.1064768912
   9  -8       -0.0630301952        0.0301001071
   9  -9       -0.1053036744       -0.0913739188
  10  10       -0.0720024639       -0.0215535074
  10   9       -0.2524710013       -0.0334431219
  10   8       -0.0133262978       -0.0858543830
  10   7        0.1378558474       -0.0010132724
  10   6       -0.0267353611        0.0761919273
  10   5       -0.1010588566        0.1072709737
  10   4       -0.0694316800        0.1684722002
  10   3       -0.0621744772        0.0019500857
  10   2       -0.1439526690       -0.0454182236
  10   1        0.0317263684        0.1747122768
  10   0       -0.1333772750        0.0000000000
  10  -1       -0.0317263684        0.1747122768
  10  -2       -0.1439526690        0.0454182236
  10  -3        0.0621744772        0.0019500857
  10  -4       -0.0694316800       -0.1684722002
  10  -5        0.1010588566        0.1072709737
  10  -6       -0.0267353611       -0.0761919273
  10  -7       -0.1378558474       -0.0010132724
  10  -8       -0.0133262978        0.0858543830
  10  -9        0.2524710013       -0.0334431219
  10 -10       -0.0720024639        0.0215535074
  11  11        0.0863762753        0.0738834227
  11  10       -0.0091462520        0.0753317455
  11   9       -0.1343998456       -0.0802328936
  11   8        0.0243791486       -0.0224700225
  11   7        0.1505969575        0.0143298637
  11   6        0.0108870727       -0.0346864059
  11   5        0.0465459351        0.0977478289
  11   4       -0.1765711488        0.0541744106
  11   3       -0.1514954386        0.0319626691
  11   2        0.0195681658        0.1473185446
  11   1        0.0058770435        0.0715565699
  11   0        0.2960111087        0.0000000000
  11  -1       -0.0058770435        0.0715565699
  11  -2        0.0195681658       -0.1473185446
  11  -3        0.1514954386        0.0319626691
  11  -4       -0.1765711488       -0.0541744106
  11  -5       -0.0465459351        0.0977478289
  11  -6        0.0108870727        0.0346864059
  11  -7       -0.1505969575        0.0143298637
  11  -8        0.0243791486        0.0224700225
  11  -9        0.1343998456       -0.0802328936
  11 -10       -0.0091462520       -0.0753317455
  11 -11       -0.0863762753        0.0738834227
  12  12       -0.1003377819        0.0165513690
  12  11       -0.0363484555       -0.1466002625
  12  10       -0.0075548490       -0.0089865881
  12   9        0.1349527150        0.0821414714
  12   8        0.1401184517       -0.0690237256
  12   7       -0.1178328576       -0.0412639033
  12   6       -0.1864320972        0.1045831299
  12   5       -0.1001356523        0.0717462273
  12   4       -0.0319332762       -0.0626431525
  12   3        0.1187231608        0.0096733418
  12   2       -0.0278621146        0.0689102557
  12   1        0.1481353924       -0.1668769023
  12   0       -0.2047276219        0.0000000000
  12  -1       -0.1481353924       -0.1668769023
  12  -2       -0.0278621146       -0.0689102557
  12  -3       -0.1187231608        0.0096733418
  12  -4       -0.0319332762        0.0626431525
  12  -5        0.1001356523        0.0717462273
  12  -6       -0.1864320972       -0.1045831299
  12  -7        0.1178328576       -0.0412639033
  12  -8        0.1401184517        0.0690237256
  12  -9       -0.1349527150        0.0821414714
  12 -10       -0.0075548490        0.0089865881
  12 -11        0.0363484555       -0.1466002625
  12 -12       -0.1003377819       -0.0165513690
  13  13       -0.0292919275        0.1127139910
  13  12        0.0101052957       -0.0313270659
  13  11       -0.0863037984       -0.0617554391
  13  10        0.0614158164       -0.0027278516
  13   9        0.0473601425       -0.0992769723
  13   8       -0.0379703005        0.0087076965
  13   7        0.0378798908        0.0656074961
  13   6       -0.0723537554        0.0693009935
  13   5       -0.0257535038        0.0496764890
  13   4        0.0431574704       -0.0505772952
  13   3       -0.1464446071       -0.0262616539
  13   2        0.0189196913        0.0294319728
  13   1        0.0811971336        0.0442803779
  13   0       -0.0920901988        0.0000000000
  13  -1       -0.0811971336        0.0442803779
  13  -2        0.0189196913       -0.0294319728
  13  -3        0.1464446071       -0.0262616539
  13  -4        0.0431574704        0.0505772952
  13  -5        0.0257535038        0.0496764890
  13  -6       -0.0723537554       -0.0693009935
  13  -7       -0.0378798908        0.0656074961
  13  -8       -0.0379703005       -0.0087076965
  13  -9       -0.0473601425       -0.0992769723
  13 -10        0.0614158164        0.0027278516
  13 -11        0.0863037984       -0.0617554391
  13 -12        0.0101052957        0.0313270659
  13 -13        0.0292919275        0.1127139910
  14  14       -0.0595331797       -0.0330064643
  14  13        0.0776574079       -0.0785891274
  14  12       -0.0595780653        0.0918770172
  14  11        0.0318665546        0.0144627773
  14  10        0.0055454244       -0.0631183089
  14   9        0.0431551353        0.0234225905
  14   8       -0.0454047740       -0.0169753096
  14   7        0.0170127099       -0.0141722536
  14   6       -0.0723867503       -0.0014179448
  14   5       -0.0328285652        0.0867591123
  14   4       -0.0564040099        0.0148304789
  14   3        0.0418638221       -0.0159232089
  14   2       -0.0573973544       -0.0077041773
  14   1        0.0332918391       -0.0915564933
  14   0        0.1753488276        0.0000000000
  14  -1       -0.0332918391       -0.0915564933
  14  -2       -0.0573973544        0.0077041773
  14  -3       -0.0418638221       -0.0159232089
  14  -4       -0.0564040099       -0.0148304789
  14  -5        0.0328285652        0.0867591123
  14  -6       -0.0723867503        0.0014179448
  14  -7       -0.0170127099       -0.0141722536
  14  -8       -0.0454047740        0.0169753096
  14  -9       -0.0431551353        0.0234225905
  14 -10        0.0055454244        0.0631183089
  14 -11       -0.0318665546        0.0144627773
  14 -12       -0.0595780653       -0.0918770172
  14 -13       -0.0776574079       -0.0785891274
  14 -14       -0.0595331797        0.0330064643
  15  15       -0.0620959362        0.0463052228
  15  14       -0.0101460417        0.0159551051
  15  13       -0.0100438320        0.0375847528
  15  12        0.0239459362       -0.0611275329
  15  11       -0.0203781324       -0.0038412717
  15  10        0.0589029618       -0.0034354910
  15   9        0.0070821188       -0.0438123273
  15   8       -0.0415762680       -0.0070587241
  15   7       -0.0365510617        0.0683370252
  15   6       -0.0459211227        0.0711294255
  15   5        0.0703417204        0.0475564846
  15   4        0.0599543550       -0.0609188334
  15   3        0.0733617673        0.0011203304
  15   2       -0.0641343717       -0.0643460476
  15   1       -0.0161224648       -0.0410781460
  15   0       -0.0602591449        0.0000000000
  15  -1        0.0161224648       -0.0410781460
  15  -2       -0.0641343717        0.0643460476
  15  -3       -0.0733617673        0.0011203304
  15  -4        0.0599543550        0.0609188334
  15  -5       -0.0703417204        0.0475564846
  15  -6       -0.0459211227       -0.0711294255
  15  -7        0.0365510617        0.0683370252
  15  -8       -0.0415762680        0.0070587241
  15  -9       -0.0070821188       -0.0438123273
  15 -10        0.0589029618        0.0034354910
  15 -11        0.0203781324       -0.0038412717
  15 -12        0.0239459362        0.0611275329
  15 -13        0.0100438320        0.0375847528
  15 -14       -0.0101460417       -0.0159551051
  15 -15        0.0620959362        0.0463052228
  16  16        0.0096153320       -0.0367976921
  16  15       -0.0580568688        0.0265965514
  16  14        0.0043938694        0.0177218444
  16  13        0.0239576205       -0.0290874243
  16  12       -0.0111091982        0.0470465548
  16  11        0.0797427696        0.0079705948
  16  10        0.0078409672       -0.0306566047
  16   9       -0.0483308483        0.0066022917
  16   8       -0.0629452094        0.0246971716
  16   7        0.0057889168        0.0284253103
  16   6        0.0127050299       -0.0180354560
  16   5        0.0431707335       -0.0140215548
  16   4       -0.0206989951       -0.0022169378
  16   3       -0.0456864903        0.0107805892
  16   2       -0.0261322862        0.0056632252
  16   1        0.0238339484        0.0511593070
  16   0        0.1160102795        0.0000000000
  16  -1       -0.0238339484        0.0511593070
  16  -2       -0.0261322862       -0.0056632252
  16  -3        0.0456864903        0.0107805892
  16  -4       -0.0206989951        0.0022169378
  16  -5       -0.0431707335       -0.0140215548
  16  -6        0.0127050299        0.0180354560
  16  -7       -0.0057889168        0.0284253103
  16  -8       -0.0629452094       -0.0246971716
  16  -9        0.0483308483        0.0066022917
  16 -10        0.0078409672        0.0306566047
  16 -11       -0.0797427696        0.0079705948
  16 -12       -0.0111091982       -0.0470465548
  16 -13       -0.0239576205       -0.0290874243
  16 -14        0.0043938694       -0.0177218444
  16 -15        0.0580568688        0.0265965514
  16 -16        0.0096153320        0.0367976921
  17  17       -0.0489028760       -0.0069722104
  17  16       -0.0801342626       -0.0220234012
  17  15        0.0251251905        0.0290936623
  17  14       -0.0547372980       -0.0577729485
  17  13        0.0087519371        0.0001993631
  17  12        0.0418257439       -0.0219568043
  17  11        0.0258853077       -0.0468834275
  17  10       -0.0217017908        0.0093312706
  17   9        0.0160001006       -0.0112958287
  17   8       -0.0180413570       -0.0034578098
  17   7       -0.0234630125       -0.0307737453
  17   6       -0.0456169498       -0.0283257591
  17   5        0.0096498400        0.1121539566
  17   4        0.0125184075        0.0064500697
  17   3        0.0294792464        0.0175910190
  17   2       -0.0103963896        0.0234371443
  17   1        0.0647402553       -0.0967814519
  17   0       -0.0098049495        0.0000000000
  17  -1       -0.0647402553       -0.0967814519
  17  -2       -0.0103963896       -0.0234371443
  17  -3       -0.0294792464        0.0175910190
  17  -4        0.0125184075       -0.0064500697
  17  -5       -0.0096498400        0.1121539566
  17  -6       -0.0456169498        0.0283257591
  17  -7        0.0234630125       -0.0307737453
  17  -8       -0.0180413570        0.0034578098
  17  -9       -0.0160001006       -0.0112958287
  17 -10       -0.0217017908       -0.0093312706
  17 -11       -0.0258853077       -0.0468834275
  17 -12        0.0418257439        0.0219568043
  17 -13       -0.0087519371        0.0001993631
  17 -14       -0.0547372980        0.0577729485
  17 -15       -0.0251251905        0.0290936623
  17 -16       -0.0801342626        0.0220234012
  17 -17        0.0489028760       -0.0069722104
  18  18        0.0237984187       -0.0799367947
  18  17       -0.0433235440        0.0018677964
  18  16        0.0747722212        0.0000189408
  18  15       -0.0306714158        0.0287987873
  18  14        0.0238011576        0.0652051296
  18  13        0.0198347981       -0.0807132455
  18  12       -0.0471311024       -0.0133184727
  18  11        0.0226273855        0.0044846779
  18  10        0.0013445747       -0.0233807163
  18   9       -0.0520435725       -0.0062709411
  18   8       -0.0690162518        0.0239805159
  18   7        0.0138456508        0.0459648061
  18   6       -0.0383688808        0.0239428349
  18   5       -0.0007893506        0.0260145004
  18   4        0.0010439242       -0.0891197418
  18   3       -0.0198535474       -0.0149198605
  18   2       -0.0022214292       -0.0066463401
  18   1        0.0290176813        0.0550996382
  18   0       -0.1184135979        0.0000000000
  18  -1       -0.0290176813        0.0550996382
  18  -2       -0.0022214292        0.0066463401
  18  -3        0.0198535474       -0.0149198605
  18  -4        0.0010439242        0.0891197418
  18  -5        0.0007893506        0.0260145004
  18  -6       -0.0383688808       -0.0239428349
  18  -7       -0.0138456508        0.0459648061
  18  -8       -0.0690162518       -0.0239805159
  18  -9        0.0520435725       -0.0062709411
  18 -10        0.0013445747        0.0233807163
  18 -11       -0.0226273855        0.0044846779
  18 -12       -0.0471311024        0.0133184727
  18 -13       -0.0198347981       -0.0807132455
  18 -14        0.0238011576       -0.0652051296
  18 -15        0.0306714158        0.0287987873
  18 -16        0.0747722212       -0.0000189408
  18 -17        0.0433235440        0.0018677964
  18 -18        0.0237984187        0.0799367947
  19  19        0.0333217733       -0.0175669240
  19  18       -0.0203961893        0.0039229664
  19  17        0.0307336949       -0.0119152702
  19  16       -0.0147215982       -0.0243019884
  19  15        0.0537720969        0.0357267773
  19  14       -0.0233623574       -0.0107873431
  19  13        0.0003441220        0.0187100262
  19  12        0.0556220023       -0.0009364616
  19  11       -0.0058985265       -0.0217903861
  19  10        0.0120843536       -0.0003418685
  19   9       -0.0453160520        0.0177683507
  19   8        0.0264472818       -0.0218965783
  19   7       -0.0479557044       -0.0271084694
  19   6       -0.0006077959       -0.0981950728
  19   5        0.0004044375       -0.0450408744
  19   4        0.0161209035       -0.0084785114
  19   3       -0.0462184168        0.0021288777
  19   2        0.0269815925        0.0187610650
  19   1        0.0069321970       -0.0186447449
  19   0        0.0338757658        0.0000000000
  19  -1       -0.0069321970       -0.0186447449
  19  -2        0.0269815925       -0.0187610650
  19  -3        0.0462184168        0.0021288777
  19  -4        0.0161209035        0.0084785114
  19  -5       -0.0004044375       -0.0450408744
  19  -6       -0.0006077959        0.0981950728
  19  -7        0.0479557044       -0.0271084694
  19  -8        0.0264472818        0.0218965783
  19  -9        0.0453160520        0.0177683507
  19 -10        0.0120843536        0.0003418685
  19 -11        0.0058985265       -0.0217903861
  19 -12        0.0556220023        0.0009364616
  19 -13       -0.0003441220        0.0187100262
  19 -14       -0.0233623574        0.0107873431
  19 -15       -0.0537720969        0.0357267773
  19 -16       -0.0147215982        0.0243019884
  19 -17       -0.0307336949       -0.0119152702
  19 -18       -0.0203961893       -0.0039229664
  19 -19       -0.0333217733       -0.0175669240
  20  20        0.0535270876       -0.0558736029
  20  19        0.0120494199       -0.0090167502
  20  18        0.0528810668       -0.0286406781
  20  17       -0.0400650068        0.0263875368
  20  16        0.0236304350       -0.0000417820
  20  15       -0.0503014376        0.0178725666
  20  14        0.0572154340        0.0089212704
  20  13       -0.0056194821       -0.0505605458
  20  12       -0.0377465858        0.0057702793
  20  11        0.0252634464        0.0068090939
  20  10       -0.0235830292        0.0207059143
  20   9       -0.0018700195       -0.0343575212
  20   8       -0.0132902109       -0.0045218921
  20   7       -0.0041037001       -0.0343822651
  20   6       -0.0147541230        0.0035787586
  20   5       -0.0372630018        0.0308516841
  20   4        0.0352256563       -0.0125464228
  20   3        0.0093694622        0.0256009794
  20   2       -0.0017807453       -0.0271582623
  20   1        0.0205594522        0.0091991415
  20   0        0.0383932942        0.0000000000
  20  -1       -0.0205594522        0.0091991415
  20  -2       -0.0017807453        0.0271582623
  20  -3       -0.0093694622        0.0256009794
  20  -4        0.0352256563        0.0125464228
  20  -5        0.0372630018        0.0308516841
  20  -6       -0.0147541230       -0.0035787586
  20  -7        0.0041037001       -0.0343822651
  20  -8       -0.0132902109        0.0045218921
  20  -9        0.0018700195       -0.0343575212
  20 -10       -0.0235830292       -0.0207059143
  20 -11       -0.0252634464        0.0068090939
  20 -12       -0.0377465858       -0.0057702793
  20 -13        0.0056194821       -0.0505605458
  20 -14        0.0572154340       -0.0089212704
  20 -15        0.0503014376        0.0178725666
  20 -16        0.0236304350        0.0000417820
  20 -17        0.0400650068        0.0263875368
  20 -18        0.0528810668        0.0286406781
  20 -19       -0.0120494199       -0.0090167502
  20 -20        0.0535270876        0.0558736029
  21  21        0.0008638900       -0.0190550247
  21  20       -0.0171227784       -0.0503606652
  21  19        0.0342240517       -0.0428158831
  21  18        0.0397271064        0.0130217199
  21  17       -0.0059402905       -0.0256395385
  21  16       -0.0159549005        0.0196005428
  21  15        0.0243656765        0.0022965138
  21  14        0.0041718946        0.0064010237
  21  13        0.0468380612       -0.0351919162
  21  12        0.0004817085        0.0052413221
  21  11       -0.0037162960        0.0308812575
  21  10        0.0084663907       -0.0469072665
  21   9       -0.0269087818       -0.0051129921
  21   8       -0.0172341977       -0.0538245590
  21   7       -0.0350347663       -0.0185011896
  21   6        0.0223219384        0.0207943637
  21   5       -0.0260383008        0.0047029467
  21   4       -0.0414813146       -0.0623042697
  21   3       -0.0190890819       -0.0028551552
  21   2        0.0338241497        0.0171265207
  21   1        0.0484150716        0.0242617581
  21   0       -0.0212051242        0.0000000000
  21  -1       -0.0484150716        0.0242617581
  21  -2        0.0338241497       -0.0171265207
  21  -3        0.0190890819       -0.0028551552
  21  -4       -0.0414813146        0.0623042697
  21  -5        0.0260383008        0.0047029467
  21  -6        0.0223219384       -0.0207943637
  21  -7        0.0350347663       -0.0185011896
  21  -8       -0.0172341977        0.0538245590
  21  -9        0.0269087818       -0.0051129921
  21 -10        0.0084663907        0.0469072665
  21 -11        0.0037162960        0.0308812575
  21 -12        0.0004817085       -0.0052413221
  21 -13       -0.0468380612       -0.0351919162
  21 -14        0.0041718946       -0.0064010237
  21 -15       -0.0243656765        0.0022965138
  21 -16       -0.0159549005       -0.0196005428
  21 -17        0.0059402905       -0.0256395385
  21 -18        0.0397271064       -0.0130217199
  21 -19       -0.0342240517       -0.0428158831
  21 -20       -0.0171227784        0.0503606652
  21 -21       -0.0008638900       -0.0190550247
  22  22        0.0083381711       -0.0064136353
  22  21        0.0022154227        0.0032765658
  22  20        0.0048226734        0.0098548495
  22  19        0.0240679405       -0.0153617401
  22  18       -0.0536635881       -0.0230310203
  22  17        0.0409860681        0.0533277272
  22  16        0.0367209988       -0.0077673490
  22  15        0.0010345906        0.0577025272
  22  14        0.0378890708        0.0101103062
  22  13       -0.0445323247       -0.0135609898
  22  12        0.0020843102        0.0052116291
  22  11        0.0015241725       -0.0063516652
  22  10       -0.0122614394        0.0090901379
  22   9       -0.0177350109       -0.0468550457
  22   8        0.0101354925        0.0078539233
  22   7       -0.0147108317        0.0148749528
  22   6       -0.0619950521       -0.0031816593
  22   5       -0.0366393073        0.0582977792
  22   4        0.0405534068       -0.0510966689
  22   3        0.0209432115        0.0220451144
  22   2       -0.0184979229        0.0286305823
  22   1        0.0077375182       -0.0229492536
  22   0        0.0150779055        0.0000000000
  22  -1       -0.0077375182       -0.0229492536
  22  -2       -0.0184979229       -0.0286305823
  22  -3       -0.0209432115        0.0220451144
  22  -4        0.0405534068        0.0510966689
  22  -5        0.0366393073        0.0582977792
  22  -6       -0.0619950521        0.0031816593
  22  -7        0.0147108317        0.0148749528
  22  -8        0.0101354925       -0.0078539233
  22  -9        0.0177350109       -0.0468550457
  22 -10       -0.0122614394       -0.0090901379
  22 -11       -0.0015241725       -0.0063516652
  22 -12        0.0020843102       -0.0052116291
  22 -13        0.0445323247       -0.0135609898
  22 -14        0.0378890708       -0.0101103062
  22 -15       -0.0010345906        0.0577025272
  22 -16        0.0367209988        0.0077673490
  22 -17       -0.0409860681        0.0533277272
  22 -18       -0.0536635881        0.0230310203
  22 -19       -0.0240679405       -0.0153617401
  22 -20        0.0048226734       -0.0098548495
  22 -21       -0.0022154227        0.0032765658
  22 -22        0.0083381711        0.0064136353
  23  23       -0.0011207916        0.0104701094
  23  22        0.0285785139       -0.0420505613
  23  21        0.0157105307       -0.0448572484
  23  20       -0.0084144526        0.0132040240
  23  19       -0.0195874751       -0.0009079802
  23  18        0.0063670920        0.0326279660
  23  17        0.0084923425       -0.0107821185
  23  16        0.0063260242        0.0326036058
  23  15       -0.0151052119       -0.0385610414
  23  14        0.0135218085        0.0225604781
  23  13       -0.0090185231       -0.0313889023
  23  12       -0.0191240011        0.0262983800
  23  11        0.0265510420        0.0069971969
  23  10        0.0171924140       -0.0392047000
  23   9       -0.0059265882        0.0065141171
  23   8       -0.0299741304        0.0067907985
  23   7       -0.0261062179        0.0326210465
  23   6        0.0037936289        0.0165560662
  23   5       -0.0064355916        0.0264872327
  23   4        0.0336447133       -0.0347351321
  23   3        0.0255109708        0.0414478690
  23   2       -0.0484324969        0.0016408702
  23   1       -0.0284632332       -0.0060740126
  23   0       -0.0310344523        0.0000000000
  23  -1        0.0284632332       -0.0060740126
  23  -2       -0.0484324969       -0.0016408702
  23  -3       -0.0255109708        0.0414478690
  23  -4        0.0336447133        0.0347351321
  23  -5        0.0064355916        0.0264872327
  23  -6        0.0037936289       -0.0165560662
  23  -7        0.0261062179        0.0326210465
  23  -8       -0.0299741304       -0.0067907985
  23  -9        0.0059265882        0.0065141171
  23 -10        0.0171924140        0.0392047000
  23 -11       -0.0265510420        0.0069971969
  23 -12       -0.0191240011       -0.0262983800
  23 -13        0.0090185231       -0.0313889023
  23 -14        0.0135218085       -0.0225604781
  23 -15        0.0151052119       -0.0385610414
  23 -16        0.0063260242       -0.0326036058
  23 -17       -0.0084923425       -0.0107821185
  23 -18        0.0063670920       -0.0326279660
  23 -19        0.0195874751       -0.0009079802
  23 -20       -0.0084144526       -0.0132040240
  23 -21       -0.0157105307       -0.0448572484
  23 -22        0.0285785139        0.0420505613
  23 -23        0.0011207916        0.0104701094
  24  24       -0.0107449018        0.0010816143
  24  23        0.0143497604        0.0080467743
  24  22       -0.0029420277       -0.0265017163
  24  21        0.0098382934        0.0024917784
  24  20       -0.0011487271        0.0267373635
  24  19        0.0249119836        0.0335371926
  24  18        0.0046529883       -0.0232524416
  24  17        0.0143797893        0.0179011003
  24  16        0.0012701060       -0.0105293425
  24  15        0.0487729517        0.0117800986
  24  14        0.0067911095       -0.0314715784
  24  13        0.0109966295        0.0286097258
  24  12       -0.0069300629        0.0193484260
  24  11       -0.0004578416        0.0062669365
  24  10       -0.0049256284       -0.0135906844
  24   9       -0.0181211920        0.0006416511
  24   8        0.0180420402       -0.0036421896
  24   7       -0.0114232821        0.0000683588
  24   6        0.0075692109        0.0250978590
  24   5        0.0155922958       -0.0022331422
  24   4       -0.0189532029        0.0042051685
  24   3       -0.0232795557       -0.0035218795
  24   2        0.0175211704       -0.0053251903
  24   1        0.0463608218        0.0036639580
  24   0       -0.0021707451        0.0000000000
  24  -1       -0.0463608218        0.0036639580
  24  -2        0.0175211704        0.0053251903
  24  -3        0.0232795557       -0.0035218795
  24  -4       -0.0189532029       -0.0042051685
  24  -5       -0.0155922958       -0.0022331422
  24  -6        0.0075692109       -0.0250978590
  24  -7        0.0114232821        0.0000683588
  24  -8        0.0180420402        0.0036421896
  24  -9        0.0181211920        0.0006416511
  24 -10       -0.0049256284        0.0135906844
  24 -11        0.0004578416        0.0062669365
  24 -12       -0.0069300629       -0.0193484260
  24 -13       -0.0109966295        0.0286097258
  24 -14        0.0067911095        0.0314715784
  24 -15       -0.0487729517        0.0117800986
  24 -16        0.0012701060        0.0105293425
  24 -17       -0.0143797893        0.0179011003
  24 -18        0.0046529883        0.0232524416
  24 -19       -0.0249119836        0.0335371926
  24 -20       -0.0011487271       -0.0267373635
  24 -21       -0.0098382934        0.0024917784
  24 -22       -0.0029420277        0.0265017163
  24 -23       -0.0143497604        0.0080467743
  24 -24       -0.0107449018       -0.0010816143
  25  25        0.0447359527        0.0034073553
  25  24        0.0019323600       -0.0273558319
  25  23        0.0234179498        0.0227715947
  25  22        0.0298106886       -0.0383761692
  25  21        0.0009436685        0.0126061793
  25  20        0.0240241947        0.0221794419
  25  19       -0.0292602438        0.0267928535
  25  18       -0.0072271182        0.0192505464
  25  17        0.0184498311        0.0108178325
  25  16        0.0258025488       -0.0183961085
  25  15       -0.0359488454       -0.0244479581
  25  14        0.0010595531        0.0037740627
  25  13       -0.0155174096        0.0113684860
  25  12       -0.0087819945        0.0033398868
  25  11       -0.0159922875       -0.0113527273
  25  10       -0.0409278995       -0.0325704877
  25   9       -0.0028644756       -0.0242593684
  25   8        0.0134183291        0.0285325271
  25   7       -0.0127682592       -0.0040463991
  25   6       -0.0436487611        0.0114766896
  25   5       -0.0308758898        0.0110793740
  25   4        0.0061645412        0.0193053325
  25   3        0.0173322008       -0.0070944992
  25   2       -0.0196978629       -0.0008988237
  25   1        0.0171624541        0.0002302687
  25   0       -0.0206949118        0.0000000000
  25  -1       -0.0171624541        0.0002302687
  25  -2       -0.0196978629        0.0008988237
  25  -3       -0.0173322008       -0.0070944992
  25  -4        0.0061645412       -0.0193053325
  25  -5        0.0308758898        0.0110793740
  25  -6       -0.0436487611       -0.0114766896
  25  -7        0.0127682592       -0.0040463991
  25  -8        0.0134183291       -0.0285325271
  25  -9        0.0028644756       -0.0242593684
  25 -10       -0.0409278995        0.0325704877
  25 -11        0.0159922875       -0.0113527273
  25 -12       -0.0087819945       -0.0033398868
  25 -13        0.0155174096        0.0113684860
  25 -14        0.0010595531       -0.0037740627
  25 -15        0.0359488454       -0.0244479581
  25 -16        0.0258025488        0.0183961085
  25 -17       -0.0184498311        0.0108178325
  25 -18       -0.0072271182       -0.0192505464
  25 -19        0.0292602438        0.0267928535
  25 -20        0.0240241947       -0.0221794419
  25 -21       -0.0009436685        0.0126061793
  25 -22        0.0298106886        0.0383761692
  25 -23       -0.0234179498        0.0227715947
  25 -24        0.0019323600        0.0273558319
  25 -25       -0.0447359527        0.0034073553
  26  26        0.0121503062        0.0654759043
  26  25        0.0128195053       -0.0030586910
  26  24        0.0290736347        0.0581383176
  26  23       -0.0013206659       -0.0556056122
  26  22       -0.0024808256       -0.0030273237
  26  21        0.0101973759       -0.0231147062
  26  20       -0.0153018875        0.0091870831
  26  19        0.0086461699        0.0069153745
  26  18       -0.0032445347       -0.0094918039
  26  17        0.0218447538       -0.0075226244
  26  16       -0.0489003689        0.0246281780
  26  15        0.0139293195       -0.0096627368
  26  14        0.0073603662       -0.0027027382
  26  13        0.0389432116       -0.0274837947
  26  12       -0.0251490067       -0.0278685370
  26  11        0.0016295235       -0.0188541025
  26  10        0.0055728425       -0.0176028253
  26   9       -0.0242319772        0.0238677565
  26   8       -0.0094747083       -0.0440219727
  26   7       -0.0166080278       -0.0101341252
  26   6        0.0281829811        0.0023525134
  26   5       -0.0131498260       -0.0015316270
  26   4       -0.0013206130       -0.0260381817
  26   3        0.0083710544        0.0022689872
  26   2        0.0220668891        0.0137848450
  26   1       -0.0110461570        0.0007640725
  26   0       -0.0173047074        0.0000000000
  26  -1        0.0110461570        0.0007640725
  26  -2        0.0220668891       -0.0137848450
  26  -3       -0.0083710544        0.0022689872
  26  -4       -0.0013206130        0.0260381817
  26  -5        0.0131498260       -0.0015316270
  26  -6        0.0281829811       -0.0023525134
  26  -7        0.0166080278       -0.0101341252
  26  -8       -0.0094747083        0.0440219727
  26  -9        0.0242319772        0.0238677565
  26 -10        0.0055728425        0.0176028253
  26 -11       -0.0016295235       -0.0188541025
  26 -12       -0.0251490067        0.0278685370
  26 -13       -0.0389432116       -0.0274837947
  26 -14        0.0073603662        0.0027027382
  26 -15       -0.0139293195       -0.0096627368
  26 -16       -0.0489003689       -0.0246281780
  26 -17       -0.0218447538       -0.0075226244
  26 -18       -0.0032445347        0.0094918039
  26 -19       -0.0086461699        0.0069153745
  26 -20       -0.0153018875       -0.0091870831
  26 -21       -0.0101973759       -0.0231147062
  26 -22       -0.0024808256        0.0030273237
  26 -23        0.0013206659       -0.0556056122
  26 -24        0.0290736347       -0.0581383176
  26 -25       -0.0128195053       -0.0030586910
  26 -26        0.0121503062       -0.0654759043
  27  27       -0.0059320105       -0.0346554416
  27  26        0.0052357542       -0.0539852370
  27  25        0.0267344661        0.0309027490
  27  24       -0.0046767643       -0.0311097130
  27  23        0.0224303162       -0.0042092525
  27  22        0.0108999827       -0.0141469890
  27  21       -0.0126920296        0.0077380722
  27  20        0.0152891020       -0.0356072820
  27  19       -0.0146516318        0.0005885100
  27  18        0.0306969912       -0.0052946500
  27  17        0.0143175406        0.0281900544
  27  16        0.0000342448       -0.0106983085
  27  15       -0.0148741514        0.0113249355
  27  14       -0.0224772558       -0.0111351886
  27  13       -0.0090514249        0.0332103328
  27  12       -0.0105320347       -0.0083472853
  27  11       -0.0075147039       -0.0161556446
  27  10        0.0093861319        0.0085032922
  27   9       -0.0087334253       -0.0402455970
  27   8        0.0076770798        0.0119159171
  27   7        0.0055246888       -0.0313980423
  27   6        0.0039343698        0.0103780070
  27   5       -0.0097202500       -0.0300771744
  27   4       -0.0252297548        0.0117345436
  27   3        0.0029441652        0.0132738770
  27   2        0.0075450662        0.0155663676
  27   1        0.0313052049       -0.0169242083
  27   0       -0.0093385852        0.0000000000
  27  -1       -0.0313052049       -0.0169242083
  27  -2        0.0075450662       -0.0155663676
  27  -3       -0.0029441652        0.0132738770
  27  -4       -0.0252297548       -0.0117345436
  27  -5        0.0097202500       -0.0300771744
  27  -6        0.0039343698       -0.0103780070
  27  -7       -0.0055246888       -0.0313980423
  27  -8        0.0076770798       -0.0119159171
  27  -9        0.0087334253       -0.0402455970
  27 -10        0.0093861319       -0.0085032922
  27 -11        0.0075147039       -0.0161556446
  27 -12       -0.0105320347        0.0083472853
  27 -13        0.0090514249        0.0332103328
  27 -14       -0.0224772558        0.0111351886
  27 -15        0.0148741514        0.0113249355
  27 -16        0.0000342448        0.0106983085
  27 -17       -0.0143175406        0.0281900544
  27 -18        0.0306969912        0.0052946500
  27 -19        0.0146516318        0.0005885100
  27 -20        0.0152891020        0.0356072820
  27 -21        0.0126920296        0.0077380722
  27 -22        0.0108999827        0.0141469890
  27 -23       -0.0224303162       -0.0042092525
  27 -24       -0.0046767643        0.0311097130
  27 -25       -0.0267344661        0.0309027490
  27 -26        0.0052357542        0.0539852370
  27 -27        0.0059320105       -0.0346554416
  28  28        0.0094986321       -0.0015558288
  28  27        0.0171157968        0.0187267519
  28  26        0.0519911670       -0.0073840524
  28  25        0.0013139405       -0.0011184164
  28  24        0.0051463757       -0.0214424615
  28  23        0.0001035410        0.0019801047
  28  22        0.0297157301       -0.0076460278
  28  21        0.0188155777       -0.0445117528
  28  20        0.0042584282        0.0147068728
  28  19       -0.0111433512        0.0021474701
  28  18        0.0190253112       -0.0043482795
  28  17       -0.0091207768       -0.0055672441
  28  16       -0.0026014523        0.0154150992
  28  15        0.0182944791        0.0231145603
  28  14        0.0118444578        0.0187242230
  28  13        0.0063067791       -0.0111517850
  28  12       -0.0028463423        0.0017259956
  28  11        0.0322829519        0.0109522513
  28  10       -0.0305984218       -0.0298621052
  28   9        0.0201357633       -0.0084086879
  28   8        0.0096034529        0.0323503693
  28   7        0.0129690639        0.0083382253
  28   6       -0.0323082128        0.0286542269
  28   5       -0.0153893669       -0.0051530187
  28   4        0.0034364523        0.0118758411
  28   3        0.0138113679       -0.0085020892
  28   2       -0.0328326319       -0.0031062365
  28   1       -0.0062464728        0.0120513583
  28   0       -0.0097963551        0.0000000000
  28  -1        0.0062464728        0.0120513583
  28  -2       -0.0328326319        0.0031062365
  28  -3       -0.0138113679       -0.0085020892
  28  -4        0.0034364523       -0.0118758411
  28  -5        0.0153893669       -0.0051530187
  28  -6       -0.0323082128       -0.0286542269
  28  -7       -0.0129690639        0.0083382253
  28  -8        0.0096034529       -0.0323503693
  28  -9       -0.0201357633       -0.0084086879
  28 -10       -0.0305984218        0.0298621052
  28 -11       -0.0322829519        0.0109522513
  28 -12       -0.0028463423       -0.0017259956
  28 -13       -0.0063067791       -0.0111517850
  28 -14        0.0118444578       -0.0187242230
  28 -15       -0.0182944791        0.0231145603
  28 -16       -0.0026014523       -0.0154150992
  28 -17        0.0091207768       -0.0055672441
  28 -18        0.0190253112        0.0043482795
  28 -19        0.0111433512        0.0021474701
  28 -20        0.0042584282       -0.0147068728
  28 -21       -0.0188155777       -0.0445117528
  28 -22        0.0297157301        0.0076460278
  28 -23       -0.0001035410        0.0019801047
  28 -24        0.0051463757        0.0214424615
  28 -25       -0.0013139405       -0.0011184164
  28 -26        0.0519911670        0.0073840524
  28 -27       -0.0171157968        0.0187267519
  28 -28        0.0094986321        0.0015558288
  29  29       -0.0235728028       -0.0366968891
  29  28       -0.0025625800        0.0436631386
  29  27        0.0173494527        0.0105468078
  29  26        0.0007782222        0.0102100376
  29  25       -0.0004769129       -0.0119880904
  29  24        0.0262285528        0.0105205053
  29  23        0.0210222418       -0.0031160736
  29  22       -0.0008484752        0.0025286579
  29  21       -0.0017061095       -0.0016381753
  29  20       -0.0168277095        0.0170452279
  29  19        0.0081166217        0.0109851874
  29  18       -0.0197122335       -0.0185169903
  29  17       -0.0152218598        0.0271838541
  29  16        0.0140341440       -0.0196528573
  29  15        0.0053055812        0.0088710029
  29  14        0.0155799094       -0.0214478412
  29  13       -0.0097275416       -0.0016855996
  29  12        0.0059609872        0.0144405708
  29  11       -0.0071208645       -0.0111691378
  29  10        0.0161253279       -0.0125208910
  29   9       -0.0101692594       -0.0242907069
  29   8       -0.0032237605       -0.0006351004
  29   7        0.0016082817       -0.0235627037
  29   6        0.0264284907        0.0000007052
  29   5       -0.0070401965        0.0227262238
  29   4        0.0105616104        0.0006310925
  29   3       -0.0160616074       -0.0042097803
  29   2       -0.0203003009        0.0118729637
  29   1        0.0075012940        0.0150540938
  29   0        0.0512658535        0.0000000000
  29  -1       -0.0075012940        0.0150540938
  29  -2       -0.0203003009       -0.0118729637
  29  -3        0.0160616074       -0.0042097803
  29  -4        0.0105616104       -0.0006310925
  29  -5        0.0070401965        0.0227262238
  29  -6        0.0264284907       -0.0000007052
  29  -7       -0.0016082817       -0.0235627037
  29  -8       -0.0032237605        0.0006351004
  29  -9        0.0101692594       -0.0242907069
  29 -10        0.0161253279        0.0125208910
  29 -11        0.0071208645       -0.0111691378
  29 -12        0.0059609872       -0.0144405708
  29 -13        0.0097275416       -0.0016855996
  29 -14        0.0155799094        0.0214478412
  29 -15       -0.0053055812        0.0088710029
  29 -16        0.0140341440        0.0196528573
  29 -17        0.0152218598        0.0271838541
  29 -18       -0.0197122335        0.0185169903
  29 -19       -0.0081166217        0.0109851874
  29 -20       -0.0168277095       -0.0170452279
  29 -21        0.0017061095       -0.0016381753
  29 -22       -0.0008484752       -0.0025286579
  29 -23       -0.0210222418       -0.0031160736
  29 -24        0.0262285528       -0.0105205053
  29 -25        0.0004769129       -0.0119880904
  29 -26        0.0007782222       -0.0102100376
  29 -27       -0.0173494527        0.0105468078
  29 -28       -0.0025625800       -0.0436631386
  29 -29        0.0235728028       -0.0366968891
  30  30        0.0105291285        0.0152469445
  30  29        0.0110453461        0.0119244297
  30  28       -0.0058497161        0.0009702280
  30  27       -0.0119453293       -0.0221654499
  30  26        0.0272296833       -0.0258429969
  30  25       -0.0064866668        0.0394177904
  30  24        0.0204353839        0.0047914481
  30  23       -0.0019148624       -0.0283572679
  30  22        0.0138829365       -0.0125336257
  30  21        0.0043658827        0.0106648966
  30  20        0.0095934946       -0.0187119627
  30  19        0.0087188453       -0.0173783155
  30  18       -0.0119164142       -0.0119032243
  30  17        0.0014395755        0.0019305071
  30  16        0.0402796205       -0.0164413838
  30  15       -0.0133704497        0.0052392959
  30  14       -0.0155239656       -0.0012258361
  30  13       -0.0114270088        0.0116733163
  30  12        0.0144933716        0.0035372967
  30  11        0.0232462270       -0.0403105048
  30  10        0.0138210674        0.0140440629
  30   9        0.0004280057       -0.0170639543
  30   8       -0.0082840941       -0.0002581996
  30   7       -0.0361930397       -0.0234225697
  30   6        0.0029134673        0.0168402261
  30   5       -0.0211471299        0.0127093395
  30   4       -0.0244800878        0.0119803071
  30   3       -0.0101125205        0.0241560786
  30   2        0.0118470077       -0.0383702847
  30   1        0.0124991022       -0.0413758183
  30   0        0.0133684159        0.0000000000
  30  -1       -0.0124991022       -0.0413758183
  30  -2        0.0118470077        0.0383702847
  30  -3        0.0101125205        0.0241560786
  30  -4       -0.0244800878       -0.0119803071
  30  -5        0.0211471299        0.0127093395
  30  -6        0.0029134673       -0.0168402261
  30  -7        0.0361930397       -0.0234225697
  30  -8       -0.0082840941        0.0002581996
  30  -9       -0.0004280057       -0.0170639543
  30 -10        0.0138210674       -0.0140440629
  30 -11       -0.0232462270       -0.0403105048
  30 -12        0.0144933716       -0.0035372967
  30 -13        0.0114270088        0.0116733163
  30 -14       -0.0155239656        0.0012258361
  30 -15        0.0133704497        0.0052392959
  30 -16        0.0402796205        0.0164413838
  30 -17       -0.0014395755        0.0019305071
  30 -18       -0.0119164142        0.0119032243
  30 -19       -0.0087188453       -0.0173783155
  30 -20        0.0095934946        0.0187119627
  30 -21       -0.0043658827        0.0106648966
  30 -22        0.0138829365        0.0125336257
  30 -23        0.0019148624       -0.0283572679
  30 -24        0.0204353839       -0.0047914481
  30 -25        0.0064866668        0.0394177904
  30 -26        0.0272296833        0.0258429969
  30 -27        0.0119453293       -0.0221654499
  30 -28       -0.0058497161       -0.0009702280
  30 -29       -0.0110453461        0.0119244297
  30 -30        0.0105291285       -0.0152469445
