   0   0       56.5650555162        0.0000000000
   1   1       -0.6381690490        0.3821924769
   1   0        0.3107654649        0.0000000000
   1  -1        0.6381690490        0.3821924769
   2   2        2.2315648740       -4.1077917834
   2   1        5.8223543122        0.6460638651
   2   0       -3.0384873001        0.0000000000
   2  -1       -5.8223543122        0.6460638651
   2  -2        2.2315648740        4.1077917834
   3   3       -0.4908707304       -1.7263590278
   3   2        0.2190129732        0.3899080844
   3   1       -0.4620681776       -0.0957579513
   3   0       -1.2295741261        0.0000000000
   3  -1        0.4620681776       -0.0957579513
   3  -2        0.2190129732       -0.3899080844
   3  -3        0.4908707304       -1.7263590278
   4   4       -0.2654003363       -0.4298361639
   4   3       -0.5761912672        0.3512558640
   4   2       -0.2089271710        0.8111004210
   4   1       -0.5201052549        0.7689534304
   4   0        1.5550284579        0.0000000000
   4  -1        0.5201052549        0.7689534304
   4  -2       -0.2089271710       -0.8111004210
   4  -3        0.5761912672        0.3512558640
   4  -4       -0.2654003363        0.4298361639
   5   5       -0.5765250568        0.4552929047
   5   4        0.0136362242       -0.8023486233
   5   3        0.7860382604       -0.0406846753
   5   2        1.1675295919        0.2353224112
   5   1       -0.4990179228       -0.4329138973
   5   0        0.6120501235        0.0000000000
   5  -1        0.4990179228       -0.4329138973
   5  -2        1.1675295919       -0.2353224112
   5  -3       -0.7860382604       -0.0406846753
   5  -4        0.0136362242        0.8023486233
   5  -5        0.5765250568        0.4552929047
   6   6        0.0350906133       -0.1656546670
   6   5        0.3517791996        0.2283979708
   6   4       -0.4313571685       -0.2219052258
   6   3       -0.0219649642        0.0178794428
   6   2        0.0803535602       -0.2283418987
   6   1        0.9077707066       -0.1182507299
   6   0       -0.3375180041        0.0000000000
   6  -1       -0.9077707066       -0.1182507299
   6  -2        0.0803535602        0.2283418987
   6  -3        0.0219649642        0.0178794428
   6  -4       -0.4313571685        0.2219052258
   6  -5       -0.3517791996        0.2283979708
   6  -6        0.0350906133        0.1656546670
   7   7        0.1322258225        0.1033288717
   7   6       -0.1668198996       -0.1623771284
   7   5       -0.2605897306       -0.3690142712
   7   4       -0.0851077442       -0.1122267348
   7   3        0.3947524094        0.3883650736
   7   2        0.1189206866        0.0637879975
   7   1        0.0991832846       -0.1888132599
   7   0       -0.4209965397        0.0000000000
   7  -1       -0.0991832846       -0.1888132599
   7  -2        0.1189206866       -0.0637879975
   7  -3       -0.3947524094        0.3883650736
   7  -4       -0.0851077442        0.1122267348
   7  -5        0.2605897306       -0.3690142712
   7  -6       -0.1668198996        0.1623771284
   7  -7       -0.1322258225        0.1033288717
   8   8        0.1180690725       -0.0655964129
   8   7        0.1804367422        0.0175728779
   8   6       -0.1090280543        0.0168520063
   8   5        0.0310916088       -0.4099315957
   8   4        0.2596548994        0.2927888854
   8   3       -0.2007766474        0.1340415924
   8   2       -0.1800001021        0.1156169611
   8   1       -0.0343055340        0.1358390058
   8   0        0.1825216662        0.0000000000
   8  -1        0.0343055340        0.1358390058
   8  -2       -0.1800001021       -0.1156169611
   8  -3        0.2007766474        0.1340415924
   8  -4        0.2596548994       -0.2927888854
   8  -5       -0.0310916088       -0.4099315957
   8  -6       -0.1090280543       -0.0168520063
   8  -7       -0.1804367422        0.0175728779
   8  -8        0.1180690725        0.0655964129
   9   9       -0.0824368626       -0.0362173282
   9   8        0.0295989528       -0.1842430028
   9   7        0.0278482929        0.1853788462
   9   6       -0.2921092022        0.0876847504
   9   5       -0.1290669279       -0.0501568906
   9   4        0.1485315656       -0.0941092551
   9   3        0.0808634137        0.0850193739
   9   2        0.1475174653       -0.0331676860
   9   1       -0.3579271608       -0.0781592726
   9   0        0.0034910915        0.0000000000
   9  -1        0.3579271608       -0.0781592726
   9  -2        0.1475174653        0.0331676860
   9  -3       -0.0808634137        0.0850193739
   9  -4        0.1485315656        0.0941092551
   9  -5        0.1290669279       -0.0501568906
   9  -6       -0.2921092022       -0.0876847504
   9  -7       -0.0278482929        0.1853788462
   9  -8        0.0295989528        0.1842430028
   9  -9        0.0824368626       -0.0362173282
  10  10       -0.1077336191       -0.0989025747
  10   9       -0.0022361301        0.0745696782
  10   8       -0.1539314941        0.1004082151
  10   7       -0.0557608455       -0.1320773397
  10   6        0.0192920091       -0.3248638385
  10   5        0.2466201299        0.2341955363
  10   4       -0.0218374642       -0.0253250840
  10   3       -0.0543017178       -0.2262758465
  10   2        0.0759108150       -0.0411094844
  10   1        0.1035769071       -0.0563792195
  10   0        0.2607432195        0.0000000000
  10  -1       -0.1035769071       -0.0563792195
  10  -2        0.0759108150        0.0411094844
  10  -3        0.0543017178       -0.2262758465
  10  -4       -0.0218374642        0.0253250840
  10  -5       -0.2466201299        0.2341955363
  10  -6        0.0192920091        0.3248638385
  10  -7        0.0557608455       -0.1320773397
  10  -8       -0.1539314941       -0.1004082151
  10  -9        0.0022361301        0.0745696782
  10 -10       -0.1077336191        0.0989025747
  11  11       -0.0462605950       -0.0906447783
  11  10       -0.1386196800       -0.0064396092
  11   9        0.1275198961        0.0164056980
  11   8        0.1039291661        0.1846252183
  11   7        0.0633561342       -0.1474481241
  11   6        0.1230738426       -0.0522033873
  11   5        0.0072944575       -0.0263235631
  11   4       -0.1247865835       -0.1222994842
  11   3        0.2049360778        0.0098495474
  11   2        0.0569703310        0.0774619332
  11   1        0.0236289059       -0.0239000226
  11   0        0.1042271270        0.0000000000
  11  -1       -0.0236289059       -0.0239000226
  11  -2        0.0569703310       -0.0774619332
  11  -3       -0.2049360778        0.0098495474
  11  -4       -0.1247865835        0.1222994842
  11  -5       -0.0072944575       -0.0263235631
  11  -6        0.1230738426        0.0522033873
  11  -7       -0.0633561342       -0.1474481241
  11  -8        0.1039291661       -0.1846252183
  11  -9       -0.1275198961        0.0164056980
  11 -10       -0.1386196800        0.0064396092
  11 -11        0.0462605950       -0.0906447783
  12  12        0.0220098979        0.1178544397
  12  11       -0.0079550074        0.0238817759
  12  10        0.0325879567        0.0042496962
  12   9        0.0603843290        0.0450259521
  12   8       -0.0318612686        0.2186528681
  12   7       -0.1194886621       -0.1320086101
  12   6        0.0159554118        0.0308141304
  12   5        0.0047271773       -0.0693492415
  12   4        0.1099285349        0.0930819721
  12   3        0.0182597847        0.0399530181
  12   2       -0.0952959364       -0.0282723779
  12   1        0.1049993956        0.0009203680
  12   0        0.0441678850        0.0000000000
  12  -1       -0.1049993956        0.0009203680
  12  -2       -0.0952959364        0.0282723779
  12  -3       -0.0182597847        0.0399530181
  12  -4        0.1099285349       -0.0930819721
  12  -5       -0.0047271773       -0.0693492415
  12  -6        0.0159554118       -0.0308141304
  12  -7        0.1194886621       -0.1320086101
  12  -8       -0.0318612686       -0.2186528681
  12  -9       -0.0603843290        0.0450259521
  12 -10        0.0325879567       -0.0042496962
  12 -11        0.0079550074        0.0238817759
  12 -12        0.0220098979       -0.1178544397
  13  13       -0.1229844303        0.0103887108
  13  12        0.0788708616       -0.0267253617
  13  11        0.0563819342        0.0469361935
  13  10       -0.0697643055        0.0091608454
  13   9       -0.0772513324       -0.0104771833
  13   8        0.0527768625       -0.1335652329
  13   7        0.0573149735        0.0651542893
  13   6       -0.0705806032        0.1226707851
  13   5       -0.0891012387       -0.0765560311
  13   4        0.1075636126       -0.0225192697
  13   3        0.0808596756        0.0697455073
  13   2        0.0022251744       -0.0174715939
  13   1       -0.0310465991        0.0046082986
  13   0       -0.0482571714        0.0000000000
  13  -1        0.0310465991        0.0046082986
  13  -2        0.0022251744        0.0174715939
  13  -3       -0.0808596756        0.0697455073
  13  -4        0.1075636126        0.0225192697
  13  -5        0.0891012387       -0.0765560311
  13  -6       -0.0705806032       -0.1226707851
  13  -7       -0.0573149735        0.0651542893
  13  -8        0.0527768625        0.1335652329
  13  -9        0.0772513324       -0.0104771833
  13 -10       -0.0697643055       -0.0091608454
  13 -11       -0.0563819342        0.0469361935
  13 -12        0.0788708616        0.0267253617
  13 -13        0.1229844303        0.0103887108
  14  14        0.0530750538       -0.0664421948
  14  13        0.0978254163        0.0665040606
  14  12       -0.1142465587       -0.0539835759
  14  11        0.0258082739       -0.0339253366
  14  10        0.1039490154        0.0324994302
  14   9       -0.0756947479        0.0734183432
  14   8       -0.0846396455       -0.0835146081
  14   7        0.0042953815       -0.0757634484
  14   6        0.0057592135       -0.1070936961
  14   5        0.0764229637        0.0813028985
  14   4        0.0745375380        0.0162577324
  14   3       -0.0981742909        0.0194688377
  14   2        0.0067910945       -0.0320290265
  14   1        0.0509143638        0.0364671496
  14   0        0.0590971563        0.0000000000
  14  -1       -0.0509143638        0.0364671496
  14  -2        0.0067910945        0.0320290265
  14  -3        0.0981742909        0.0194688377
  14  -4        0.0745375380       -0.0162577324
  14  -5       -0.0764229637        0.0813028985
  14  -6        0.0057592135        0.1070936961
  14  -7       -0.0042953815       -0.0757634484
  14  -8       -0.0846396455        0.0835146081
  14  -9        0.0756947479        0.0734183432
  14 -10        0.1039490154       -0.0324994302
  14 -11       -0.0258082739       -0.0339253366
  14 -12       -0.1142465587        0.0539835759
  14 -13       -0.0978254163        0.0665040606
  14 -14        0.0530750538        0.0664421948
  15  15        0.0151268632        0.0018717089
  15  14       -0.1181274466        0.0106186602
  15  13        0.0188014272       -0.0573668109
  15  12       -0.0301679440        0.1011315589
  15  11       -0.0092853579       -0.0517551362
  15  10       -0.0376636349        0.1178940613
  15   9       -0.0145677957       -0.0415612361
  15   8       -0.0134458424       -0.0250713182
  15   7        0.0385466607        0.0465957862
  15   6        0.0504026614       -0.0206450211
  15   5        0.0613650479        0.0683745634
  15   4       -0.0147750593        0.0528871345
  15   3        0.0162232552       -0.0440391659
  15   2        0.0643693527        0.0291099552
  15   1       -0.0577741554       -0.0020094274
  15   0        0.0085634219        0.0000000000
  15  -1        0.0577741554       -0.0020094274
  15  -2        0.0643693527       -0.0291099552
  15  -3       -0.0162232552       -0.0440391659
  15  -4       -0.0147750593       -0.0528871345
  15  -5       -0.0613650479        0.0683745634
  15  -6        0.0504026614        0.0206450211
  15  -7       -0.0385466607        0.0465957862
  15  -8       -0.0134458424        0.0250713182
  15  -9        0.0145677957       -0.0415612361
  15 -10       -0.0376636349       -0.1178940613
  15 -11        0.0092853579       -0.0517551362
  15 -12       -0.0301679440       -0.1011315589
  15 -13       -0.0188014272       -0.0573668109
  15 -14       -0.1181274466       -0.0106186602
  15 -15       -0.0151268632        0.0018717089
  16  16       -0.0388254232        0.0543890283
  16  15       -0.0289202529       -0.1100835154
  16  14       -0.0069425146       -0.0302002132
  16  13       -0.0306731376       -0.0454946192
  16  12        0.0292410300       -0.0320758251
  16  11       -0.0583262231       -0.0311575707
  16  10        0.0001163231       -0.0194408200
  16   9        0.0379359492       -0.0398081506
  16   8        0.0185968766        0.0519954173
  16   7       -0.0706933886       -0.0578503514
  16   6        0.0842852347       -0.0049501662
  16   5        0.0864336808       -0.0154311507
  16   4        0.0198526372        0.0219815727
  16   3        0.0193723879       -0.0174418147
  16   2        0.0326418568       -0.0023082551
  16   1        0.0512530613        0.0298947114
  16   0        0.0699634766        0.0000000000
  16  -1       -0.0512530613        0.0298947114
  16  -2        0.0326418568        0.0023082551
  16  -3       -0.0193723879       -0.0174418147
  16  -4        0.0198526372       -0.0219815727
  16  -5       -0.0864336808       -0.0154311507
  16  -6        0.0842852347        0.0049501662
  16  -7        0.0706933886       -0.0578503514
  16  -8        0.0185968766       -0.0519954173
  16  -9       -0.0379359492       -0.0398081506
  16 -10        0.0001163231        0.0194408200
  16 -11        0.0583262231       -0.0311575707
  16 -12        0.0292410300        0.0320758251
  16 -13        0.0306731376       -0.0454946192
  16 -14       -0.0069425146        0.0302002132
  16 -15        0.0289202529       -0.1100835154
  16 -16       -0.0388254232       -0.0543890283
  17  17       -0.0325744959       -0.0269013641
  17  16        0.1024969632       -0.0265779846
  17  15        0.0647573062        0.0207710515
  17  14        0.0194483341       -0.0111790854
  17  13       -0.0092827983       -0.0625543803
  17  12        0.0968532029       -0.0406828703
  17  11        0.0194905981        0.1197531239
  17  10       -0.0594330564        0.0039882356
  17   9        0.0064692774       -0.1042054039
  17   8        0.0269304613       -0.0582622140
  17   7       -0.0297806921        0.0304532170
  17   6        0.0154440710        0.0697289862
  17   5       -0.0128316609       -0.0057043189
  17   4       -0.0044226020       -0.0052411004
  17   3        0.0724321007        0.1070097323
  17   2        0.0069597288        0.0608429607
  17   1       -0.0065873698       -0.0051729058
  17   0       -0.0052586413        0.0000000000
  17  -1        0.0065873698       -0.0051729058
  17  -2        0.0069597288       -0.0608429607
  17  -3       -0.0724321007        0.1070097323
  17  -4       -0.0044226020        0.0052411004
  17  -5        0.0128316609       -0.0057043189
  17  -6        0.0154440710       -0.0697289862
  17  -7        0.0297806921        0.0304532170
  17  -8        0.0269304613        0.0582622140
  17  -9       -0.0064692774       -0.1042054039
  17 -10       -0.0594330564       -0.0039882356
  17 -11       -0.0194905981        0.1197531239
  17 -12        0.0968532029        0.0406828703
  17 -13        0.0092827983       -0.0625543803
  17 -14        0.0194483341        0.0111790854
  17 -15       -0.0647573062        0.0207710515
  17 -16        0.1024969632        0.0265779846
  17 -17        0.0325744959       -0.0269013641
  18  18        0.0388454439        0.0319490940
  18  17        0.0829305692        0.1364084473
  18  16       -0.0790612035        0.0300659070
  18  15        0.1328955493       -0.0200203731
  18  14        0.0422415098       -0.0116617288
  18  13       -0.0085919670        0.0159656406
  18  12       -0.0271164441       -0.0225510752
  18  11       -0.0305047176        0.0078996903
  18  10        0.0496140990       -0.0342906659
  18   9       -0.0167112070        0.0661255094
  18   8       -0.0214940184       -0.0342198484
  18   7       -0.0008982862       -0.0015812637
  18   6        0.0283476777       -0.0436654773
  18   5       -0.0114793991        0.0231409714
  18   4        0.0018300994        0.0150187624
  18   3       -0.0390319734        0.0318175419
  18   2       -0.0486498050        0.0518199598
  18   1        0.0563368221       -0.0031831576
  18   0       -0.0662755030        0.0000000000
  18  -1       -0.0563368221       -0.0031831576
  18  -2       -0.0486498050       -0.0518199598
  18  -3        0.0390319734        0.0318175419
  18  -4        0.0018300994       -0.0150187624
  18  -5        0.0114793991        0.0231409714
  18  -6        0.0283476777        0.0436654773
  18  -7        0.0008982862       -0.0015812637
  18  -8       -0.0214940184        0.0342198484
  18  -9        0.0167112070        0.0661255094
  18 -10        0.0496140990        0.0342906659
  18 -11        0.0305047176        0.0078996903
  18 -12       -0.0271164441        0.0225510752
  18 -13        0.0085919670        0.0159656406
  18 -14        0.0422415098        0.0116617288
  18 -15       -0.1328955493       -0.0200203731
  18 -16       -0.0790612035       -0.0300659070
  18 -17       -0.0829305692        0.1364084473
  18 -18        0.0388454439       -0.0319490940
  19  19       -0.0322181968       -0.0102103890
  19  18       -0.0270725882        0.0553619015
  19  17        0.0091046383       -0.0621214254
  19  16       -0.0213324881        0.0303595530
  19  15       -0.0820238337        0.0166240808
  19  14        0.0047207620       -0.0163712463
  19  13        0.0422264409       -0.0201308637
  19  12       -0.0613988562        0.0591478076
  19  11        0.0026684977        0.0271797533
  19  10       -0.0022440355        0.0486634334
  19   9       -0.0033202957       -0.0377631108
  19   8       -0.0183307074       -0.0400389777
  19   7        0.0344723063       -0.0059997705
  19   6        0.0189522742        0.0200624307
  19   5       -0.0081013665       -0.0022489240
  19   4        0.0062513470       -0.0216534956
  19   3       -0.0003501072        0.0112498619
  19   2       -0.0242909440       -0.0172861264
  19   1       -0.0318368261       -0.0229607048
  19   0       -0.0051609186        0.0000000000
  19  -1        0.0318368261       -0.0229607048
  19  -2       -0.0242909440        0.0172861264
  19  -3        0.0003501072        0.0112498619
  19  -4        0.0062513470        0.0216534956
  19  -5        0.0081013665       -0.0022489240
  19  -6        0.0189522742       -0.0200624307
  19  -7       -0.0344723063       -0.0059997705
  19  -8       -0.0183307074        0.0400389777
  19  -9        0.0033202957       -0.0377631108
  19 -10       -0.0022440355       -0.0486634334
  19 -11       -0.0026684977        0.0271797533
  19 -12       -0.0613988562       -0.0591478076
  19 -13       -0.0422264409       -0.0201308637
  19 -14        0.0047207620        0.0163712463
  19 -15        0.0820238337        0.0166240808
  19 -16       -0.0213324881       -0.0303595530
  19 -17       -0.0091046383       -0.0621214254
  19 -18       -0.0270725882       -0.0553619015
  19 -19        0.0322181968       -0.0102103890
  20  20        0.0007396368       -0.0060142845
  20  19        0.0466184540       -0.0677902293
  20  18        0.0220751986        0.0023462568
  20  17       -0.0627017015       -0.0263707435
  20  16       -0.0108667327        0.0451351341
  20  15       -0.0546101724       -0.0275099980
  20  14        0.0139529908        0.0123876317
  20  13        0.0102205394        0.0460923139
  20  12       -0.0328308700        0.0120963677
  20  11        0.0166019579       -0.0491058734
  20  10        0.0278688462       -0.0064049762
  20   9        0.0588540060       -0.0102929585
  20   8       -0.0273798001        0.0281707731
  20   7        0.0003626127        0.0365397096
  20   6       -0.0133977507        0.0196495753
  20   5        0.0349100724        0.0327389817
  20   4        0.0146600271        0.0378427605
  20   3        0.0061964960       -0.0367600324
  20   2        0.0302555599       -0.0384171417
  20   1        0.0128492501       -0.0374028455
  20   0       -0.0159035877        0.0000000000
  20  -1       -0.0128492501       -0.0374028455
  20  -2        0.0302555599        0.0384171417
  20  -3       -0.0061964960       -0.0367600324
  20  -4        0.0146600271       -0.0378427605
  20  -5       -0.0349100724        0.0327389817
  20  -6       -0.0133977507       -0.0196495753
  20  -7       -0.0003626127        0.0365397096
  20  -8       -0.0273798001       -0.0281707731
  20  -9       -0.0588540060       -0.0102929585
  20 -10        0.0278688462        0.0064049762
  20 -11       -0.0166019579       -0.0491058734
  20 -12       -0.0328308700       -0.0120963677
  20 -13       -0.0102205394        0.0460923139
  20 -14        0.0139529908       -0.0123876317
  20 -15        0.0546101724       -0.0275099980
  20 -16       -0.0108667327       -0.0451351341
  20 -17        0.0627017015       -0.0263707435
  20 -18        0.0220751986       -0.0023462568
  20 -19       -0.0466184540       -0.0677902293
  20 -20        0.0007396368        0.0060142845
  21  21        0.0267439169       -0.0218304992
  21  20        0.0524290804       -0.0599650468
  21  19        0.0202159042        0.0377823492
  21  18       -0.0003992445       -0.0267728521
  21  17       -0.0270828751        0.0392264457
  21  16        0.0573067823       -0.0131915833
  21  15       -0.0056846881        0.0495729302
  21  14       -0.0224652351       -0.0191698417
  21  13        0.0089910216        0.0153671155
  21  12        0.0499689634       -0.0051733641
  21  11        0.0227084297        0.0592009508
  21  10       -0.0090029345        0.0010585679
  21   9       -0.0028421082       -0.0534080259
  21   8        0.0406164072        0.0111942980
  21   7       -0.0211348576        0.0262509086
  21   6       -0.0401661606        0.0609115632
  21   5        0.0009320594       -0.0120407624
  21   4       -0.0077822954       -0.0044170892
  21   3       -0.0041468365        0.0352661610
  21   2       -0.0027650303        0.0336669579
  21   1       -0.0311552351        0.0238296518
  21   0        0.0740158935        0.0000000000
  21  -1        0.0311552351        0.0238296518
  21  -2       -0.0027650303       -0.0336669579
  21  -3        0.0041468365        0.0352661610
  21  -4       -0.0077822954        0.0044170892
  21  -5       -0.0009320594       -0.0120407624
  21  -6       -0.0401661606       -0.0609115632
  21  -7        0.0211348576        0.0262509086
  21  -8        0.0406164072       -0.0111942980
  21  -9        0.0028421082       -0.0534080259
  21 -10       -0.0090029345       -0.0010585679
  21 -11       -0.0227084297        0.0592009508
  21 -12        0.0499689634        0.0051733641
  21 -13       -0.0089910216        0.0153671155
  21 -14       -0.0224652351        0.0191698417
  21 -15        0.0056846881        0.0495729302
  21 -16        0.0573067823        0.0131915833
  21 -17        0.0270828751        0.0392264457
  21 -18       -0.0003992445        0.0267728521
  21 -19       -0.0202159042        0.0377823492
  21 -20        0.0524290804        0.0599650468
  21 -21       -0.0267439169       -0.0218304992
  22  22        0.0414010330        0.0562939525
  22  21       -0.0170806222        0.0175020660
  22  20       -0.0235441899       -0.0104296420
  22  19        0.0246344128       -0.0370559235
  22  18        0.0023421678        0.0118397362
  22  17       -0.0172809807       -0.0078719739
  22  16       -0.0027496456        0.0274532633
  22  15        0.0720094986        0.0032107178
  22  14       -0.0074985656        0.0355549586
  22  13       -0.0353882806        0.0649471566
  22  12       -0.0297523150       -0.0205010218
  22  11       -0.0025744074        0.0211165774
  22  10       -0.0033798249       -0.0450557519
  22   9       -0.0473685266       -0.0067247907
  22   8       -0.0355449913        0.0152206825
  22   7        0.0202124301       -0.0146666041
  22   6       -0.0392376695       -0.0295060798
  22   5        0.0170235068       -0.0121714616
  22   4       -0.0257408547        0.0238137887
  22   3       -0.0182687210       -0.0314295058
  22   2       -0.0219925328        0.0439678113
  22   1        0.0177785554       -0.0209311658
  22   0        0.0647053430        0.0000000000
  22  -1       -0.0177785554       -0.0209311658
  22  -2       -0.0219925328       -0.0439678113
  22  -3        0.0182687210       -0.0314295058
  22  -4       -0.0257408547       -0.0238137887
  22  -5       -0.0170235068       -0.0121714616
  22  -6       -0.0392376695        0.0295060798
  22  -7       -0.0202124301       -0.0146666041
  22  -8       -0.0355449913       -0.0152206825
  22  -9        0.0473685266       -0.0067247907
  22 -10       -0.0033798249        0.0450557519
  22 -11        0.0025744074        0.0211165774
  22 -12       -0.0297523150        0.0205010218
  22 -13        0.0353882806        0.0649471566
  22 -14       -0.0074985656       -0.0355549586
  22 -15       -0.0720094986        0.0032107178
  22 -16       -0.0027496456       -0.0274532633
  22 -17        0.0172809807       -0.0078719739
  22 -18        0.0023421678       -0.0118397362
  22 -19       -0.0246344128       -0.0370559235
  22 -20       -0.0235441899        0.0104296420
  22 -21        0.0170806222        0.0175020660
  22 -22        0.0414010330       -0.0562939525
  23  23        0.0082020882       -0.0178174858
  23  22        0.0138453526        0.0054132793
  23  21       -0.0157124221       -0.0302256151
  23  20        0.0041668653        0.0399560328
  23  19       -0.0292390776        0.0194979262
  23  18       -0.0242604825       -0.0438169646
  23  17        0.0193151424        0.0113841788
  23  16       -0.0583320785       -0.0386895948
  23  15        0.0094790632       -0.0148162358
  23  14       -0.0287154126        0.0221549887
  23  13        0.0029352411       -0.0432093576
  23  12       -0.0545512435       -0.0088126737
  23  11        0.0001338099        0.0170929752
  23  10       -0.0149441878        0.0044529662
  23   9       -0.0104174767        0.0179969860
  23   8        0.0069972938        0.0113836561
  23   7        0.0176856591        0.0134461325
  23   6        0.0258660120       -0.0154307282
  23   5       -0.0227799198       -0.0197437519
  23   4       -0.0184696811       -0.0407335844
  23   3       -0.0046305802       -0.0054068976
  23   2       -0.0300702808       -0.0067707371
  23   1       -0.0220215347        0.0080518939
  23   0       -0.0409175686        0.0000000000
  23  -1        0.0220215347        0.0080518939
  23  -2       -0.0300702808        0.0067707371
  23  -3        0.0046305802       -0.0054068976
  23  -4       -0.0184696811        0.0407335844
  23  -5        0.0227799198       -0.0197437519
  23  -6        0.0258660120        0.0154307282
  23  -7       -0.0176856591        0.0134461325
  23  -8        0.0069972938       -0.0113836561
  23  -9        0.0104174767        0.0179969860
  23 -10       -0.0149441878       -0.0044529662
  23 -11       -0.0001338099        0.0170929752
  23 -12       -0.0545512435        0.0088126737
  23 -13       -0.0029352411       -0.0432093576
  23 -14       -0.0287154126       -0.0221549887
  23 -15       -0.0094790632       -0.0148162358
  23 -16       -0.0583320785        0.0386895948
  23 -17       -0.0193151424        0.0113841788
  23 -18       -0.0242604825        0.0438169646
  23 -19        0.0292390776        0.0194979262
  23 -20        0.0041668653       -0.0399560328
  23 -21        0.0157124221       -0.0302256151
  23 -22        0.0138453526       -0.0054132793
  23 -23       -0.0082020882       -0.0178174858
  24  24        0.0533848678       -0.0128790523
  24  23        0.0143241286       -0.0017725080
  24  22        0.0249520647       -0.0010007337
  24  21       -0.0596759585       -0.0221490295
  24  20        0.0057569112       -0.0179159812
  24  19       -0.0046710814       -0.0009886628
  24  18        0.0118912379        0.0287698685
  24  17       -0.0488219584        0.0011536368
  24  16        0.0077020778       -0.0056938086
  24  15       -0.0071448857       -0.0384436598
  24  14        0.0049211930        0.0255056379
  24  13       -0.0285114000        0.0398996588
  24  12        0.0128571596        0.0253354325
  24  11       -0.0519898538        0.0164092094
  24  10        0.0062617275       -0.0146044199
  24   9        0.0470821764        0.0243839545
  24   8       -0.0394674905       -0.0130249565
  24   7       -0.0126712613       -0.0370024106
  24   6        0.0038199787       -0.0104589001
  24   5        0.0157466524        0.0175342223
  24   4        0.0324502528       -0.0025609710
  24   3       -0.0067793274        0.0170684946
  24   2        0.0282991936       -0.0106801710
  24   1        0.0154374078       -0.0282148322
  24   0        0.0138206465        0.0000000000
  24  -1       -0.0154374078       -0.0282148322
  24  -2        0.0282991936        0.0106801710
  24  -3        0.0067793274        0.0170684946
  24  -4        0.0324502528        0.0025609710
  24  -5       -0.0157466524        0.0175342223
  24  -6        0.0038199787        0.0104589001
  24  -7        0.0126712613       -0.0370024106
  24  -8       -0.0394674905        0.0130249565
  24  -9       -0.0470821764        0.0243839545
  24 -10        0.0062617275        0.0146044199
  24 -11        0.0519898538        0.0164092094
  24 -12        0.0128571596       -0.0253354325
  24 -13        0.0285114000        0.0398996588
  24 -14        0.0049211930       -0.0255056379
  24 -15        0.0071448857       -0.0384436598
  24 -16        0.0077020778        0.0056938086
  24 -17        0.0488219584        0.0011536368
  24 -18        0.0118912379       -0.0287698685
  24 -19        0.0046710814       -0.0009886628
  24 -20        0.0057569112        0.0179159812
  24 -21        0.0596759585       -0.0221490295
  24 -22        0.0249520647        0.0010007337
  24 -23       -0.0143241286       -0.0017725080
  24 -24        0.0533848678        0.0128790523
  25  25        0.0091552570       -0.0238322308
  25  24        0.0438445452       -0.0006428467
  25  23       -0.0048752938        0.0136887175
  25  22       -0.0110790089        0.0060145327
  25  21        0.0218552695        0.0020390996
  25  20        0.0228053200        0.0086645934
  25  19       -0.0138631591       -0.0054808692
  25  18       -0.0259549251       -0.0133900654
  25  17        0.0116586437       -0.0432662854
  25  16        0.0483334380        0.0221879707
  25  15       -0.0603286672        0.0381409419
  25  14        0.0013714231       -0.0419300678
  25  13       -0.0348522836        0.0007065947
  25  12        0.0234557352        0.0156167481
  25  11        0.0059505274       -0.0082221673
  25  10       -0.0063610790       -0.0058872172
  25   9       -0.0021243041       -0.0009882480
  25   8        0.0485562949       -0.0211999345
  25   7        0.0010800291       -0.0277893199
  25   6       -0.0109982568        0.0405581943
  25   5       -0.0004790601       -0.0418830973
  25   4        0.0070661961       -0.0110022000
  25   3        0.0105494307        0.0080273448
  25   2       -0.0061130112       -0.0081539655
  25   1       -0.0159051435       -0.0250993909
  25   0        0.0107877918        0.0000000000
  25  -1        0.0159051435       -0.0250993909
  25  -2       -0.0061130112        0.0081539655
  25  -3       -0.0105494307        0.0080273448
  25  -4        0.0070661961        0.0110022000
  25  -5        0.0004790601       -0.0418830973
  25  -6       -0.0109982568       -0.0405581943
  25  -7       -0.0010800291       -0.0277893199
  25  -8        0.0485562949        0.0211999345
  25  -9        0.0021243041       -0.0009882480
  25 -10       -0.0063610790        0.0058872172
  25 -11       -0.0059505274       -0.0082221673
  25 -12        0.0234557352       -0.0156167481
  25 -13        0.0348522836        0.0007065947
  25 -14        0.0013714231        0.0419300678
  25 -15        0.0603286672        0.0381409419
  25 -16        0.0483334380       -0.0221879707
  25 -17       -0.0116586437       -0.0432662854
  25 -18       -0.0259549251        0.0133900654
  25 -19        0.0138631591       -0.0054808692
  25 -20        0.0228053200       -0.0086645934
  25 -21       -0.0218552695        0.0020390996
  25 -22       -0.0110790089       -0.0060145327
  25 -23        0.0048752938        0.0136887175
  25 -24        0.0438445452        0.0006428467
  25 -25       -0.0091552570       -0.0238322308
  26  26        0.0055694928        0.0064653444
  26  25        0.0059329654        0.0016620550
  26  24       -0.0210344220        0.0076619970
  26  23       -0.0215716165       -0.0023530020
  26  22       -0.0150272301        0.0038548821
  26  21       -0.0431529361        0.0638761127
  26  20        0.0048419050       -0.0063843616
  26  19        0.0201421639        0.0136084596
  26  18       -0.0502393565       -0.0245570113
  26  17        0.0052315646       -0.0190520446
  26  16        0.0059443164        0.0107215624
  26  15       -0.0044837407       -0.0131264019
  26  14        0.0053358443       -0.0209525334
  26  13        0.0069310727        0.0051096004
  26  12       -0.0328537870       -0.0202683343
  26  11       -0.0053106273       -0.0070715826
  26  10        0.0203978780        0.0090174779
  26   9        0.0098480347        0.0282825853
  26   8        0.0166213576        0.0104030774
  26   7        0.0092237561        0.0158694827
  26   6       -0.0149038690       -0.0370692091
  26   5       -0.0202398398        0.0019538861
  26   4       -0.0127829308        0.0037852680
  26   3       -0.0253526410        0.0034832333
  26   2       -0.0159901682        0.0075893798
  26   1        0.0207233704        0.0379604913
  26   0       -0.0238429248        0.0000000000
  26  -1       -0.0207233704        0.0379604913
  26  -2       -0.0159901682       -0.0075893798
  26  -3        0.0253526410        0.0034832333
  26  -4       -0.0127829308       -0.0037852680
  26  -5        0.0202398398        0.0019538861
  26  -6       -0.0149038690        0.0370692091
  26  -7       -0.0092237561        0.0158694827
  26  -8        0.0166213576       -0.0104030774
  26  -9       -0.0098480347        0.0282825853
  26 -10        0.0203978780       -0.0090174779
  26 -11        0.0053106273       -0.0070715826
  26 -12       -0.0328537870        0.0202683343
  26 -13       -0.0069310727        0.0051096004
  26 -14        0.0053358443        0.0209525334
  26 -15        0.0044837407       -0.0131264019
  26 -16        0.0059443164       -0.0107215624
  26 -17       -0.0052315646       -0.0190520446
  26 -18       -0.0502393565        0.0245570113
  26 -19       -0.0201421639        0.0136084596
  26 -20        0.0048419050        0.0063843616
  26 -21        0.0431529361        0.0638761127
  26 -22       -0.0150272301       -0.0038548821
  26 -23        0.0215716165       -0.0023530020
  26 -24       -0.0210344220       -0.0076619970
  26 -25       -0.0059329654        0.0016620550
  26 -26        0.0055694928       -0.0064653444
  27  27        0.0039651838       -0.0127810756
  27  26       -0.0451455395       -0.0115367692
  27  25        0.0241698008       -0.0433043424
  27  24       -0.0389039401        0.0477370678
  27  23        0.0026858534        0.0130252025
  27  22        0.0373240853        0.0252925664
  27  21        0.0232723395       -0.0243302171
  27  20       -0.0111572151        0.0292809669
  27  19       -0.0075251191        0.0212508750
  27  18        0.0020177767       -0.0331979320
  27  17        0.0412758556       -0.0316242353
  27  16       -0.0138874080        0.0094259402
  27  15        0.0014465925       -0.0087969231
  27  14       -0.0081023372        0.0261662624
  27  13        0.0130252645        0.0071533970
  27  12       -0.0075629189        0.0129707030
  27  11       -0.0051738001       -0.0044685977
  27  10       -0.0186311173       -0.0001619052
  27   9       -0.0247748378        0.0009842911
  27   8       -0.0220794944        0.0100839169
  27   7       -0.0258299022        0.0045217600
  27   6        0.0321737681        0.0270442023
  27   5       -0.0110132561       -0.0461994640
  27   4        0.0096579466       -0.0064655553
  27   3        0.0342795243        0.0046741344
  27   2        0.0104706610       -0.0116164385
  27   1       -0.0452514270       -0.0409006143
  27   0        0.0125039766        0.0000000000
  27  -1        0.0452514270       -0.0409006143
  27  -2        0.0104706610        0.0116164385
  27  -3       -0.0342795243        0.0046741344
  27  -4        0.0096579466        0.0064655553
  27  -5        0.0110132561       -0.0461994640
  27  -6        0.0321737681       -0.0270442023
  27  -7        0.0258299022        0.0045217600
  27  -8       -0.0220794944       -0.0100839169
  27  -9        0.0247748378        0.0009842911
  27 -10       -0.0186311173        0.0001619052
  27 -11        0.0051738001       -0.0044685977
  27 -12       -0.0075629189       -0.0129707030
  27 -13       -0.0130252645        0.0071533970
  27 -14       -0.0081023372       -0.0261662624
  27 -15       -0.0014465925       -0.0087969231
  27 -16       -0.0138874080       -0.0094259402
  27 -17       -0.0412758556       -0.0316242353
  27 -18        0.0020177767        0.0331979320
  27 -19        0.0075251191        0.0212508750
  27 -20       -0.0111572151       -0.0292809669
  27 -21       -0.0232723395       -0.0243302171
  27 -22        0.0373240853       -0.0252925664
  27 -23       -0.0026858534        0.0130252025
  27 -24       -0.0389039401       -0.0477370678
  27 -25       -0.0241698008       -0.0433043424
  27 -26       -0.0451455395        0.0115367692
  27 -27       -0.0039651838       -0.0127810756
  28  28        0.0091236705        0.0042012633
  28  27       -0.0042999405       -0.0039092152
  28  26       -0.0024963003       -0.0153706123
  28  25       -0.0633260423        0.0289321272
  28  24       -0.0138563071       -0.0331336488
  28  23        0.0292669206        0.0155751047
  28  22        0.0165653876        0.0401817724
  28  21        0.0276056145       -0.0133977041
  28  20       -0.0261798886       -0.0149785048
  28  19        0.0161368831       -0.0257833167
  28  18        0.0322058663        0.0445530965
  28  17       -0.0130394981        0.0384306255
  28  16       -0.0192660305       -0.0141679043
  28  15        0.0190437524       -0.0078929766
  28  14        0.0010683430        0.0205701145
  28  13        0.0152065015        0.0018145722
  28  12       -0.0447358706        0.0144755453
  28  11       -0.0092273120       -0.0017840130
  28  10        0.0299647041       -0.0045882706
  28   9        0.0182213242       -0.0031664515
  28   8       -0.0333030350        0.0123337028
  28   7       -0.0173739182       -0.0294606745
  28   6        0.0016746267       -0.0069843657
  28   5       -0.0049645691        0.0193280228
  28   4       -0.0102163122       -0.0125122156
  28   3       -0.0051425111       -0.0126689373
  28   2        0.0096031980       -0.0172336520
  28   1       -0.0045027523        0.0052960253
  28   0        0.0230690936        0.0000000000
  28  -1        0.0045027523        0.0052960253
  28  -2        0.0096031980        0.0172336520
  28  -3        0.0051425111       -0.0126689373
  28  -4       -0.0102163122        0.0125122156
  28  -5        0.0049645691        0.0193280228
  28  -6        0.0016746267        0.0069843657
  28  -7        0.0173739182       -0.0294606745
  28  -8       -0.0333030350       -0.0123337028
  28  -9       -0.0182213242       -0.0031664515
  28 -10        0.0299647041        0.0045882706
  28 -11        0.0092273120       -0.0017840130
  28 -12       -0.0447358706       -0.0144755453
  28 -13       -0.0152065015        0.0018145722
  28 -14        0.0010683430       -0.0205701145
  28 -15       -0.0190437524       -0.0078929766
  28 -16       -0.0192660305        0.0141679043
  28 -17        0.0130394981        0.0384306255
  28 -18        0.0322058663       -0.0445530965
  28 -19       -0.0161368831       -0.0257833167
  28 -20       -0.0261798886        0.0149785048
  28 -21       -0.0276056145       -0.0133977041
  28 -22        0.0165653876       -0.0401817724
  28 -23       -0.0292669206        0.0155751047
  28 -24       -0.0138563071        0.0331336488
  28 -25        0.0633260423        0.0289321272
  28 -26       -0.0024963003        0.0153706123
  28 -27        0.0042999405       -0.0039092152
  28 -28        0.0091236705       -0.0042012633
  29  29        0.0064425502       -0.0606213528
  29  28        0.0233183777        0.0268559163
  29  27       -0.0146836954       -0.0298516013
  29  26        0.0077759663       -0.0142670905
  29  25       -0.0289653440        0.0235208964
  29  24        0.0256784280       -0.0018840341
  29  23       -0.0211035183        0.0176414605
  29  22        0.0182829809       -0.0337703872
  29  21       -0.0127223634        0.0245881381
  29  20       -0.0069741449        0.0189246610
  29  19       -0.0043737387       -0.0058896477
  29  18        0.0268003921       -0.0126619555
  29  17        0.0154429467       -0.0120871402
  29  16        0.0156047856        0.0383898188
  29  15       -0.0055448203        0.0093975726
  29  14        0.0021038973       -0.0003813979
  29  13       -0.0184760198       -0.0282287691
  29  12        0.0049338547        0.0022377739
  29  11        0.0071406544       -0.0256440776
  29  10        0.0000207722        0.0051149758
  29   9       -0.0029440470        0.0012498939
  29   8       -0.0252621949       -0.0047436235
  29   7       -0.0017738646        0.0034839108
  29   6       -0.0158306867        0.0117153109
  29   5        0.0117697505        0.0106721869
  29   4        0.0009395956        0.0035913245
  29   3        0.0129369841        0.0193188823
  29   2        0.0356215124       -0.0127909202
  29   1        0.0182076957       -0.0077052221
  29   0       -0.0113003673        0.0000000000
  29  -1       -0.0182076957       -0.0077052221
  29  -2        0.0356215124        0.0127909202
  29  -3       -0.0129369841        0.0193188823
  29  -4        0.0009395956       -0.0035913245
  29  -5       -0.0117697505        0.0106721869
  29  -6       -0.0158306867       -0.0117153109
  29  -7        0.0017738646        0.0034839108
  29  -8       -0.0252621949        0.0047436235
  29  -9        0.0029440470        0.0012498939
  29 -10        0.0000207722       -0.0051149758
  29 -11       -0.0071406544       -0.0256440776
  29 -12        0.0049338547       -0.0022377739
  29 -13        0.0184760198       -0.0282287691
  29 -14        0.0021038973        0.0003813979
  29 -15        0.0055448203        0.0093975726
  29 -16        0.0156047856       -0.0383898188
  29 -17       -0.0154429467       -0.0120871402
  29 -18        0.0268003921        0.0126619555
  29 -19        0.0043737387       -0.0058896477
  29 -20       -0.0069741449       -0.0189246610
  29 -21        0.0127223634        0.0245881381
  29 -22        0.0182829809        0.0337703872
  29 -23        0.0211035183        0.0176414605
  29 -24        0.0256784280        0.0018840341
  29 -25        0.0289653440        0.0235208964
  29 -26        0.0077759663        0.0142670905
  29 -27        0.0146836954       -0.0298516013
  29 -28        0.0233183777       -0.0268559163
  29 -29       -0.0064425502       -0.0606213528
  30  30        0.0421433515       -0.0180435415
  30  29       -0.0190043660        0.0593109935
  30  28        0.0036103990       -0.0183293112
  30  27        0.0255426934       -0.0231490667
  30  26        0.0046152397       -0.0214470944
  30  25        0.0228423356       -0.0138701697
  30  24        0.0104369985       -0.0601787750
  30  23        0.0034922120       -0.0095676218
  30  22       -0.0049271903        0.0406940929
  30  21       -0.0149196575        0.0170372316
  30  20        0.0222201175       -0.0178630592
  30  19       -0.0109910813       -0.0195713462
  30  18        0.0170284697        0.0242929486
  30  17       -0.0060383468        0.0188216193
  30  16        0.0159274524       -0.0226062815
  30  15        0.0138863520        0.0034820059
  30  14        0.0122226717       -0.0275876674
  30  13       -0.0183845501        0.0030071573
  30  12       -0.0409598335        0.0120147504
  30  11       -0.0254607381       -0.0031048727
  30  10       -0.0149704246        0.0300336632
  30   9       -0.0137107176       -0.0068896520
  30   8        0.0366094445       -0.0044242438
  30   7        0.0302512517        0.0101226374
  30   6        0.0096515444       -0.0145274753
  30   5        0.0197404337       -0.0008101198
  30   4        0.0345357743        0.0049981969
  30   3       -0.0291384543       -0.0210560196
  30   2       -0.0436161375       -0.0408348168
  30   1        0.0213772696        0.0028885213
  30   0       -0.0413734149        0.0000000000
  30  -1       -0.0213772696        0.0028885213
  30  -2       -0.0436161375        0.0408348168
  30  -3        0.0291384543       -0.0210560196
  30  -4        0.0345357743       -0.0049981969
  30  -5       -0.0197404337       -0.0008101198
  30  -6        0.0096515444        0.0145274753
  30  -7       -0.0302512517        0.0101226374
  30  -8        0.0366094445        0.0044242438
  30  -9        0.0137107176       -0.0068896520
  30 -10       -0.0149704246       -0.0300336632
  30 -11        0.0254607381       -0.0031048727
  30 -12       -0.0409598335       -0.0120147504
  30 -13        0.0183845501        0.0030071573
  30 -14        0.0122226717        0.0275876674
  30 -15       -0.0138863520        0.0034820059
  30 -16        0.0159274524        0.0226062815
  30 -17        0.0060383468        0.0188216193
  30 -18        0.0170284697       -0.0242929486
  30 -19        0.0109910813       -0.0195713462
  30 -20        0.0222201175        0.0178630592
  30 -21        0.0149196575        0.0170372316
  30 -22       -0.0049271903       -0.0406940929
  30 -23       -0.0034922120       -0.0095676218
  30 -24        0.0104369985        0.0601787750
  30 -25       -0.0228423356       -0.0138701697
  30 -26        0.0046152397        0.0214470944
  30 -27       -0.0255426934       -0.0231490667
  30 -28        0.0036103990        0.0183293112
  30 -29        0.0190043660        0.0593109935
  30 -30        0.0421433515        0.0180435415
