   0   0       77.0024732335        0.0000000000
   1   1        0.1941781810       -0.2319169992
   1   0       -0.2334007246        0.0000000000
   1  -1       -0.1941781810       -0.2319169992
   2   2        1.2824698881        2.0323348396
   2   1       -3.1740601109       -2.4432436880
   2   0       -1.6113148328        0.0000000000
   2  -1        3.1740601109       -2.4432436880
   2  -2        1.2824698881       -2.0323348396
   3   3       -0.3746306096       -1.7717877486
   3   2       -2.2366428430       -0.6408572105
   3   1       -0.8027914804        1.2823010507
   3   0       -4.6070576910        0.0000000000
   3  -1        0.8027914804        1.2823010507
   3  -2       -2.2366428430        0.6408572105
   3  -3        0.3746306096       -1.7717877486
   4   4        0.9281459550       -0.3190117042
   4   3        0.6027848100       -0.2619899838
   4   2       -0.5529276082       -0.4730041293
   4   1        0.3481240816       -2.0146608363
   4   0       -0.8271769652        0.0000000000
   4  -1       -0.3481240816       -2.0146608363
   4  -2       -0.5529276082        0.4730041293
   4  -3       -0.6027848100       -0.2619899838
   4  -4        0.9281459550        0.3190117042
   5   5        0.6838726688       -0.2672973267
   5   4        0.7466838298       -0.3638134955
   5   3        0.0682570561       -1.7380058579
   5   2       -0.7475569357        0.2572757672
   5   1        0.5996274641       -0.2325195849
   5   0        1.1413679097        0.0000000000
   5  -1       -0.5996274641       -0.2325195849
   5  -2       -0.7475569357       -0.2572757672
   5  -3       -0.0682570561       -1.7380058579
   5  -4        0.7466838298        0.3638134955
   5  -5       -0.6838726688       -0.2672973267
   6   6        0.1359182878        0.5089155895
   6   5        0.8123755180        0.5088025083
   6   4        0.0072271961       -0.0324336961
   6   3       -0.3137884210       -0.2333537842
   6   2        0.2383397730        0.4733676565
   6   1        0.2179158763       -0.4460127392
   6   0       -0.2058985098        0.0000000000
   6  -1       -0.2179158763       -0.4460127392
   6  -2        0.2383397730       -0.4733676565
   6  -3        0.3137884210       -0.2333537842
   6  -4        0.0072271961        0.0324336961
   6  -5       -0.8123755180        0.5088025083
   6  -6        0.1359182878       -0.5089155895
   7   7       -0.2145916742        0.1007212316
   7   6        0.3043505000        0.4132301185
   7   5       -0.3574825062       -0.2360972464
   7   4       -0.3849624518        0.2729169307
   7   3        0.0621203594       -0.4345695421
   7   2       -0.1095385551        0.7532023696
   7   1        0.2268972779       -0.0638894971
   7   0        0.3063446840        0.0000000000
   7  -1       -0.2268972779       -0.0638894971
   7  -2       -0.1095385551       -0.7532023696
   7  -3       -0.0621203594       -0.4345695421
   7  -4       -0.3849624518       -0.2729169307
   7  -5        0.3574825062       -0.2360972464
   7  -6        0.3043505000       -0.4132301185
   7  -7        0.2145916742        0.1007212316
   8   8       -0.2459986322       -0.0279966450
   8   7       -0.1352882085       -0.2029301024
   8   6       -0.2065769387        0.2770993439
   8   5       -0.2127834776        0.0586655855
   8   4       -0.2509771882        0.6951428948
   8   3       -0.2254378474       -0.3093514762
   8   2       -0.0203280046       -0.0761011489
   8   1       -0.2884974347        0.6240850088
   8   0       -0.6765909061        0.0000000000
   8  -1        0.2884974347        0.6240850088
   8  -2       -0.0203280046        0.0761011489
   8  -3        0.2254378474       -0.3093514762
   8  -4       -0.2509771882       -0.6951428948
   8  -5        0.2127834776        0.0586655855
   8  -6       -0.2065769387       -0.2770993439
   8  -7        0.1352882085       -0.2029301024
   8  -8       -0.2459986322        0.0279966450
   9   9        0.1537883013        0.2006999980
   9   8       -0.1225189919       -0.1635657065
   9   7        0.0862858117        0.2163194224
   9   6        0.2448354746        0.1208053018
   9   5       -0.2760478062       -0.4655614446
   9   4       -0.0007651699        0.2120877147
   9   3       -0.2035601286        0.0110336887
   9   2       -0.0732869873        0.2594807291
   9   1       -0.1369075938        0.0421932602
   9   0        0.0633573689        0.0000000000
   9  -1        0.1369075938        0.0421932602
   9  -2       -0.0732869873       -0.2594807291
   9  -3        0.2035601286        0.0110336887
   9  -4       -0.0007651699       -0.2120877147
   9  -5        0.2760478062       -0.4655614446
   9  -6        0.2448354746       -0.1208053018
   9  -7       -0.0862858117        0.2163194224
   9  -8       -0.1225189919        0.1635657065
   9  -9       -0.1537883013        0.2006999980
  10  10        0.0795712437       -0.1641347003
  10   9       -0.0973698506       -0.1490162211
  10   8        0.0139009920        0.0328111269
  10   7        0.0147374478       -0.0139088485
  10   6       -0.1080706835       -0.1970493106
  10   5       -0.3295568055       -0.0478738926
  10   4        0.1043640134       -0.0461438716
  10   3       -0.3331075052       -0.0249667417
  10   2       -0.3049588990       -0.2017271893
  10   1       -0.1059098992       -0.0483580434
  10   0       -0.3488770268        0.0000000000
  10  -1        0.1059098992       -0.0483580434
  10  -2       -0.3049588990        0.2017271893
  10  -3        0.3331075052       -0.0249667417
  10  -4        0.1043640134        0.0461438716
  10  -5        0.3295568055       -0.0478738926
  10  -6       -0.1080706835        0.1970493106
  10  -7       -0.0147374478       -0.0139088485
  10  -8        0.0139009920       -0.0328111269
  10  -9        0.0973698506       -0.1490162211
  10 -10        0.0795712437        0.1641347003
  11  11        0.0531795129        0.0099311275
  11  10       -0.1085355426       -0.0485001660
  11   9        0.0538565230        0.0260289546
  11   8       -0.1319116143        0.0172975066
  11   7        0.0997739314        0.0064078370
  11   6        0.0755957533       -0.0258000686
  11   5       -0.2357422475        0.0022197879
  11   4        0.0795861521        0.0208210244
  11   3       -0.0477175437        0.1507651885
  11   2       -0.0996567494        0.0724172880
  11   1        0.0443945154       -0.2698996594
  11   0        0.1471872026        0.0000000000
  11  -1       -0.0443945154       -0.2698996594
  11  -2       -0.0996567494       -0.0724172880
  11  -3        0.0477175437        0.1507651885
  11  -4        0.0795861521       -0.0208210244
  11  -5        0.2357422475        0.0022197879
  11  -6        0.0755957533        0.0258000686
  11  -7       -0.0997739314        0.0064078370
  11  -8       -0.1319116143       -0.0172975066
  11  -9       -0.0538565230        0.0260289546
  11 -10       -0.1085355426        0.0485001660
  11 -11       -0.0531795129        0.0099311275
  12  12       -0.0145857421       -0.1212877734
  12  11        0.1395148906       -0.0675504070
  12  10        0.3031581922       -0.2585311999
  12   9       -0.1038717178       -0.0611676273
  12   8       -0.0613095321        0.0370022479
  12   7       -0.1183256657        0.0689083065
  12   6       -0.1098780801       -0.0414207373
  12   5        0.2296437860        0.0059628566
  12   4        0.0528660900       -0.2159859496
  12   3        0.0432060839       -0.1138841108
  12   2       -0.1150893177        0.0156950814
  12   1       -0.0761220358       -0.0371701002
  12   0       -0.1384373990        0.0000000000
  12  -1        0.0761220358       -0.0371701002
  12  -2       -0.1150893177       -0.0156950814
  12  -3       -0.0432060839       -0.1138841108
  12  -4        0.0528660900        0.2159859496
  12  -5       -0.2296437860        0.0059628566
  12  -6       -0.1098780801        0.0414207373
  12  -7        0.1183256657        0.0689083065
  12  -8       -0.0613095321       -0.0370022479
  12  -9        0.1038717178       -0.0611676273
  12 -10        0.3031581922        0.2585311999
  12 -11       -0.1395148906       -0.0675504070
  12 -12       -0.0145857421        0.1212877734
  13  13       -0.1249852130        0.0524236580
  13  12       -0.0444553787        0.1573303139
  13  11        0.1071971830       -0.0678646227
  13  10       -0.0325035560       -0.1625824060
  13   9       -0.0721542443        0.0673785696
  13   8        0.0673708419       -0.1114480005
  13   7       -0.0427289451       -0.0016469374
  13   6       -0.1377851626       -0.0197868310
  13   5        0.0443506208        0.2275860817
  13   4       -0.1185238056        0.0191916750
  13   3        0.0831363646       -0.0448195490
  13   2       -0.0000052037        0.1187552165
  13   1        0.2535777071       -0.1925725330
  13   0        0.2461730403        0.0000000000
  13  -1       -0.2535777071       -0.1925725330
  13  -2       -0.0000052037       -0.1187552165
  13  -3       -0.0831363646       -0.0448195490
  13  -4       -0.1185238056       -0.0191916750
  13  -5       -0.0443506208        0.2275860817
  13  -6       -0.1377851626        0.0197868310
  13  -7        0.0427289451       -0.0016469374
  13  -8        0.0673708419        0.1114480005
  13  -9        0.0721542443        0.0673785696
  13 -10       -0.0325035560        0.1625824060
  13 -11       -0.1071971830       -0.0678646227
  13 -12       -0.0444553787       -0.1573303139
  13 -13        0.1249852130        0.0524236580
  14  14       -0.0590303755       -0.0101169105
  14  13       -0.0458502038        0.1010232916
  14  12       -0.0274972108        0.0653709848
  14  11        0.1858402820        0.0731084873
  14  10        0.1080674427       -0.1293009310
  14   9        0.0782260327       -0.0880739555
  14   8       -0.0213575753       -0.0353085410
  14   7       -0.0189720391       -0.0663839783
  14   6       -0.0061690758       -0.0335176094
  14   5        0.1493041707       -0.0843441964
  14   4        0.0643876068        0.0733226484
  14   3        0.0363364795        0.0028707257
  14   2        0.1271197450       -0.0145413673
  14   1       -0.0071642079       -0.0177034330
  14   0       -0.0218290153        0.0000000000
  14  -1        0.0071642079       -0.0177034330
  14  -2        0.1271197450        0.0145413673
  14  -3       -0.0363364795        0.0028707257
  14  -4        0.0643876068       -0.0733226484
  14  -5       -0.1493041707       -0.0843441964
  14  -6       -0.0061690758        0.0335176094
  14  -7        0.0189720391       -0.0663839783
  14  -8       -0.0213575753        0.0353085410
  14  -9       -0.0782260327       -0.0880739555
  14 -10        0.1080674427        0.1293009310
  14 -11       -0.1858402820        0.0731084873
  14 -12       -0.0274972108       -0.0653709848
  14 -13        0.0458502038        0.1010232916
  14 -14       -0.0590303755        0.0101169105
  15  15       -0.0410370403       -0.0535855766
  15  14       -0.1116413721       -0.1505383036
  15  13       -0.1297180323       -0.0609602701
  15  12        0.0820000024        0.0985608241
  15  11        0.0199295931       -0.0200667266
  15  10       -0.0870130053       -0.0782452024
  15   9        0.0218400151        0.0061934284
  15   8        0.0513407517       -0.0242662763
  15   7        0.0440161264        0.0577702188
  15   6       -0.0322820573       -0.0479897964
  15   5       -0.1160995081       -0.0256530793
  15   4       -0.1024539253        0.0814673755
  15   3        0.0196154077        0.0325990609
  15   2       -0.0090270751        0.0878248711
  15   1        0.0648472534       -0.0460701103
  15   0       -0.0724628360        0.0000000000
  15  -1       -0.0648472534       -0.0460701103
  15  -2       -0.0090270751       -0.0878248711
  15  -3       -0.0196154077        0.0325990609
  15  -4       -0.1024539253       -0.0814673755
  15  -5        0.1160995081       -0.0256530793
  15  -6       -0.0322820573        0.0479897964
  15  -7       -0.0440161264        0.0577702188
  15  -8        0.0513407517        0.0242662763
  15  -9       -0.0218400151        0.0061934284
  15 -10       -0.0870130053        0.0782452024
  15 -11       -0.0199295931       -0.0200667266
  15 -12        0.0820000024       -0.0985608241
  15 -13        0.1297180323       -0.0609602701
  15 -14       -0.1116413721        0.1505383036
  15 -15        0.0410370403       -0.0535855766
  16  16        0.0609978368        0.0052261399
  16  15       -0.0787717210       -0.1228662494
  16  14       -0.0953268794        0.0259583719
  16  13        0.0126360164        0.0881985686
  16  12        0.0341166914        0.0623945673
  16  11        0.0374274985        0.0401249621
  16  10       -0.1109677220       -0.0014118060
  16   9       -0.0323481922        0.0514286717
  16   8        0.0921751559        0.0797120475
  16   7        0.0274798597       -0.0778318589
  16   6        0.0023734376        0.0070065818
  16   5       -0.0495997433       -0.0807505532
  16   4        0.0728276466        0.0390299709
  16   3       -0.0424158951       -0.0529468530
  16   2        0.0045165594       -0.0307132349
  16   1       -0.0805456869       -0.0120657862
  16   0       -0.0706405889        0.0000000000
  16  -1        0.0805456869       -0.0120657862
  16  -2        0.0045165594        0.0307132349
  16  -3        0.0424158951       -0.0529468530
  16  -4        0.0728276466       -0.0390299709
  16  -5        0.0495997433       -0.0807505532
  16  -6        0.0023734376       -0.0070065818
  16  -7       -0.0274798597       -0.0778318589
  16  -8        0.0921751559       -0.0797120475
  16  -9        0.0323481922        0.0514286717
  16 -10       -0.1109677220        0.0014118060
  16 -11       -0.0374274985        0.0401249621
  16 -12        0.0341166914       -0.0623945673
  16 -13       -0.0126360164        0.0881985686
  16 -14       -0.0953268794       -0.0259583719
  16 -15        0.0787717210       -0.1228662494
  16 -16        0.0609978368       -0.0052261399
  17  17        0.0762494174        0.0174232281
  17  16        0.0442165129       -0.0395012454
  17  15        0.0052485440       -0.0319189191
  17  14        0.0487635808       -0.0596306793
  17  13       -0.0962821491       -0.0288511494
  17  12        0.0163634439       -0.0152551959
  17  11       -0.0781318757       -0.0007151654
  17  10        0.0025819230        0.0883911876
  17   9        0.0522544691       -0.0497003310
  17   8        0.0296369992        0.0361046256
  17   7       -0.0016318049        0.0204755021
  17   6        0.0070860348       -0.0342474851
  17   5       -0.0302148394        0.0806438093
  17   4        0.0616744446        0.0119872248
  17   3        0.0870978649        0.0495710737
  17   2        0.0075256966       -0.0137734118
  17   1        0.0157120497        0.0214932792
  17   0        0.0736585051        0.0000000000
  17  -1       -0.0157120497        0.0214932792
  17  -2        0.0075256966        0.0137734118
  17  -3       -0.0870978649        0.0495710737
  17  -4        0.0616744446       -0.0119872248
  17  -5        0.0302148394        0.0806438093
  17  -6        0.0070860348        0.0342474851
  17  -7        0.0016318049        0.0204755021
  17  -8        0.0296369992       -0.0361046256
  17  -9       -0.0522544691       -0.0497003310
  17 -10        0.0025819230       -0.0883911876
  17 -11        0.0781318757       -0.0007151654
  17 -12        0.0163634439        0.0152551959
  17 -13        0.0962821491       -0.0288511494
  17 -14        0.0487635808        0.0596306793
  17 -15       -0.0052485440       -0.0319189191
  17 -16        0.0442165129        0.0395012454
  17 -17       -0.0762494174        0.0174232281
  18  18        0.0180018384        0.0131471414
  18  17       -0.0220736561        0.0858242828
  18  16       -0.0004979330        0.0642484107
  18  15        0.0302977482       -0.0823766701
  18  14       -0.0825203909        0.0763251234
  18  13       -0.0361874734        0.1103393811
  18  12        0.0395809147       -0.0231566568
  18  11       -0.0911990202       -0.0254305782
  18  10        0.0404878704        0.0392039878
  18   9       -0.0417340823       -0.0034150130
  18   8       -0.0292878310        0.0377248359
  18   7       -0.0004419274       -0.0331609412
  18   6        0.0003128768        0.0347411725
  18   5        0.0020361032        0.0436838151
  18   4        0.0836400396       -0.0609252527
  18   3       -0.0960907597       -0.0354206948
  18   2        0.0334983073       -0.0773385641
  18   1        0.0120048843        0.0465017660
  18   0       -0.0303233395        0.0000000000
  18  -1       -0.0120048843        0.0465017660
  18  -2        0.0334983073        0.0773385641
  18  -3        0.0960907597       -0.0354206948
  18  -4        0.0836400396        0.0609252527
  18  -5       -0.0020361032        0.0436838151
  18  -6        0.0003128768       -0.0347411725
  18  -7        0.0004419274       -0.0331609412
  18  -8       -0.0292878310       -0.0377248359
  18  -9        0.0417340823       -0.0034150130
  18 -10        0.0404878704       -0.0392039878
  18 -11        0.0911990202       -0.0254305782
  18 -12        0.0395809147        0.0231566568
  18 -13        0.0361874734        0.1103393811
  18 -14       -0.0825203909       -0.0763251234
  18 -15       -0.0302977482       -0.0823766701
  18 -16       -0.0004979330       -0.0642484107
  18 -17        0.0220736561        0.0858242828
  18 -18        0.0180018384       -0.0131471414
  19  19        0.0041820296        0.0023595388
  19  18        0.0251338599        0.1083718308
  19  17        0.0872433789        0.0428070240
  19  16        0.0396984840       -0.0581721445
  19  15        0.0308663146       -0.0333071049
  19  14       -0.0837205755       -0.0205402676
  19  13       -0.0199602377        0.0212273053
  19  12        0.0123596004       -0.0571712083
  19  11       -0.0424475595       -0.0159676752
  19  10        0.0066790723        0.0195495037
  19   9       -0.0034019901       -0.0512968808
  19   8       -0.0831512080       -0.0118656402
  19   7        0.0010430077        0.0228354990
  19   6        0.0061822857       -0.0697794123
  19   5        0.0824278211        0.0773589138
  19   4        0.0602486450       -0.0521032341
  19   3        0.0453674981        0.0484101765
  19   2       -0.0407690118       -0.0761877000
  19   1        0.0244110906        0.0372329912
  19   0        0.0085612528        0.0000000000
  19  -1       -0.0244110906        0.0372329912
  19  -2       -0.0407690118        0.0761877000
  19  -3       -0.0453674981        0.0484101765
  19  -4        0.0602486450        0.0521032341
  19  -5       -0.0824278211        0.0773589138
  19  -6        0.0061822857        0.0697794123
  19  -7       -0.0010430077        0.0228354990
  19  -8       -0.0831512080        0.0118656402
  19  -9        0.0034019901       -0.0512968808
  19 -10        0.0066790723       -0.0195495037
  19 -11        0.0424475595       -0.0159676752
  19 -12        0.0123596004        0.0571712083
  19 -13        0.0199602377        0.0212273053
  19 -14       -0.0837205755        0.0205402676
  19 -15       -0.0308663146       -0.0333071049
  19 -16        0.0396984840        0.0581721445
  19 -17       -0.0872433789        0.0428070240
  19 -18        0.0251338599       -0.1083718308
  19 -19       -0.0041820296        0.0023595388
  20  20       -0.0070067636        0.0050719629
  20  19       -0.0106941481        0.0273010628
  20  18       -0.0163099966       -0.0165974403
  20  17       -0.0326145480       -0.0471543930
  20  16        0.0592311473       -0.0060879028
  20  15        0.0101994800       -0.0163639683
  20  14       -0.0593205609       -0.0010744573
  20  13       -0.0239931124        0.0227907929
  20  12       -0.0460160311       -0.0030035339
  20  11       -0.0389244452        0.0338128074
  20  10       -0.0398292301       -0.0212064816
  20   9       -0.0190441417       -0.0175401404
  20   8       -0.0323650774        0.0389167666
  20   7        0.0288426953       -0.0049789758
  20   6       -0.0576259625       -0.0348766354
  20   5       -0.0064059971       -0.0683192593
  20   4        0.0373945619       -0.0029998630
  20   3       -0.0348155939       -0.0034881912
  20   2        0.0582716957        0.0529097878
  20   1       -0.0267511697        0.0040415845
  20   0        0.0384446906        0.0000000000
  20  -1        0.0267511697        0.0040415845
  20  -2        0.0582716957       -0.0529097878
  20  -3        0.0348155939       -0.0034881912
  20  -4        0.0373945619        0.0029998630
  20  -5        0.0064059971       -0.0683192593
  20  -6       -0.0576259625        0.0348766354
  20  -7       -0.0288426953       -0.0049789758
  20  -8       -0.0323650774       -0.0389167666
  20  -9        0.0190441417       -0.0175401404
  20 -10       -0.0398292301        0.0212064816
  20 -11        0.0389244452        0.0338128074
  20 -12       -0.0460160311        0.0030035339
  20 -13        0.0239931124        0.0227907929
  20 -14       -0.0593205609        0.0010744573
  20 -15       -0.0101994800       -0.0163639683
  20 -16        0.0592311473        0.0060879028
  20 -17        0.0326145480       -0.0471543930
  20 -18       -0.0163099966        0.0165974403
  20 -19        0.0106941481        0.0273010628
  20 -20       -0.0070067636       -0.0050719629
  21  21       -0.0144161444       -0.0149965673
  21  20        0.0421619483        0.0619350735
  21  19       -0.0294107949       -0.0093414435
  21  18       -0.0896438213        0.0599064357
  21  17        0.0677454104        0.0179390422
  21  16        0.0596814389       -0.0104448593
  21  15       -0.0049751797       -0.0424442393
  21  14       -0.0115871695       -0.0548675405
  21  13        0.0053127883        0.0513600561
  21  12        0.0255439898       -0.0173057252
  21  11        0.0023246256        0.0191953227
  21  10       -0.0697216877       -0.0331368557
  21   9       -0.0359219824       -0.0079673933
  21   8       -0.0569819709        0.0289102185
  21   7        0.0327716259        0.0055712634
  21   6        0.0064977209        0.0712936064
  21   5        0.0423381672       -0.0247373360
  21   4       -0.0108980354       -0.0824876959
  21   3       -0.0122969090        0.0395021219
  21   2       -0.0710025830       -0.0177577091
  21   1       -0.0311217368        0.0670065625
  21   0       -0.0757932737        0.0000000000
  21  -1        0.0311217368        0.0670065625
  21  -2       -0.0710025830        0.0177577091
  21  -3        0.0122969090        0.0395021219
  21  -4       -0.0108980354        0.0824876959
  21  -5       -0.0423381672       -0.0247373360
  21  -6        0.0064977209       -0.0712936064
  21  -7       -0.0327716259        0.0055712634
  21  -8       -0.0569819709       -0.0289102185
  21  -9        0.0359219824       -0.0079673933
  21 -10       -0.0697216877        0.0331368557
  21 -11       -0.0023246256        0.0191953227
  21 -12        0.0255439898        0.0173057252
  21 -13       -0.0053127883        0.0513600561
  21 -14       -0.0115871695        0.0548675405
  21 -15        0.0049751797       -0.0424442393
  21 -16        0.0596814389        0.0104448593
  21 -17       -0.0677454104        0.0179390422
  21 -18       -0.0896438213       -0.0599064357
  21 -19        0.0294107949       -0.0093414435
  21 -20        0.0421619483       -0.0619350735
  21 -21        0.0144161444       -0.0149965673
  22  22       -0.0123834582       -0.0225721867
  22  21        0.0366226291       -0.0453763788
  22  20       -0.0205529668       -0.0015246742
  22  19       -0.0659114075        0.0284214260
  22  18        0.0233551216       -0.0579097056
  22  17       -0.0067176828       -0.0318623337
  22  16        0.0089304473        0.0348305133
  22  15        0.0107843141        0.0028137886
  22  14        0.0041677393        0.0257425119
  22  13        0.0508086643        0.0008104523
  22  12       -0.0313300627       -0.0079177004
  22  11       -0.0448670393        0.0193190111
  22  10        0.0448506086       -0.0306529516
  22   9        0.0430201749        0.0461025335
  22   8       -0.0001743515        0.0125412113
  22   7        0.0380983197       -0.0003726673
  22   6       -0.0399390528        0.0189885180
  22   5        0.0191225272       -0.0434219264
  22   4        0.0149840886        0.0389621093
  22   3       -0.0125097232        0.0100041723
  22   2        0.0409758794        0.0574805030
  22   1        0.0217443416       -0.0097526286
  22   0        0.0371898076        0.0000000000
  22  -1       -0.0217443416       -0.0097526286
  22  -2        0.0409758794       -0.0574805030
  22  -3        0.0125097232        0.0100041723
  22  -4        0.0149840886       -0.0389621093
  22  -5       -0.0191225272       -0.0434219264
  22  -6       -0.0399390528       -0.0189885180
  22  -7       -0.0380983197       -0.0003726673
  22  -8       -0.0001743515       -0.0125412113
  22  -9       -0.0430201749        0.0461025335
  22 -10        0.0448506086        0.0306529516
  22 -11        0.0448670393        0.0193190111
  22 -12       -0.0313300627        0.0079177004
  22 -13       -0.0508086643        0.0008104523
  22 -14        0.0041677393       -0.0257425119
  22 -15       -0.0107843141        0.0028137886
  22 -16        0.0089304473       -0.0348305133
  22 -17        0.0067176828       -0.0318623337
  22 -18        0.0233551216        0.0579097056
  22 -19        0.0659114075        0.0284214260
  22 -20       -0.0205529668        0.0015246742
  22 -21       -0.0366226291       -0.0453763788
  22 -22       -0.0123834582        0.0225721867
  23  23        0.0095767307        0.0040435549
  23  22       -0.0161648452       -0.0187461402
  23  21       -0.0275276587        0.0044878775
  23  20        0.0077069779        0.0077107184
  23  19       -0.0055632386       -0.0099619660
  23  18       -0.0210171220        0.0068044215
  23  17       -0.0425095597        0.0424411208
  23  16        0.0351412662        0.0538764751
  23  15        0.0021995024        0.0189624677
  23  14        0.0273408196        0.0060386127
  23  13       -0.0023715223        0.0067383672
  23  12       -0.0340162778        0.0300627629
  23  11        0.0017743288       -0.0338292894
  23  10        0.0077268953        0.0467564384
  23   9       -0.0398879424       -0.0187717513
  23   8        0.0119263156        0.0219600861
  23   7       -0.0068364980        0.0001266283
  23   6        0.0139971878       -0.0028411231
  23   5        0.0277282547        0.0157002751
  23   4       -0.0029103415       -0.0134999689
  23   3        0.0246829561       -0.0037827481
  23   2       -0.0085043209       -0.0099876091
  23   1       -0.0240671620       -0.0126320595
  23   0        0.0252609749        0.0000000000
  23  -1        0.0240671620       -0.0126320595
  23  -2       -0.0085043209        0.0099876091
  23  -3       -0.0246829561       -0.0037827481
  23  -4       -0.0029103415        0.0134999689
  23  -5       -0.0277282547        0.0157002751
  23  -6        0.0139971878        0.0028411231
  23  -7        0.0068364980        0.0001266283
  23  -8        0.0119263156       -0.0219600861
  23  -9        0.0398879424       -0.0187717513
  23 -10        0.0077268953       -0.0467564384
  23 -11       -0.0017743288       -0.0338292894
  23 -12       -0.0340162778       -0.0300627629
  23 -13        0.0023715223        0.0067383672
  23 -14        0.0273408196       -0.0060386127
  23 -15       -0.0021995024        0.0189624677
  23 -16        0.0351412662       -0.0538764751
  23 -17        0.0425095597        0.0424411208
  23 -18       -0.0210171220       -0.0068044215
  23 -19        0.0055632386       -0.0099619660
  23 -20        0.0077069779       -0.0077107184
  23 -21        0.0275276587        0.0044878775
  23 -22       -0.0161648452        0.0187461402
  23 -23       -0.0095767307        0.0040435549
  24  24       -0.0201477807       -0.0059615487
  24  23       -0.0061352429       -0.0222177434
  24  22       -0.0216954441        0.0133537421
  24  21        0.0356364104        0.0373796575
  24  20        0.0079740819       -0.0270301781
  24  19        0.0051679473       -0.0198801938
  24  18        0.0004699750        0.0012484868
  24  17        0.0013852954        0.0408121613
  24  16       -0.0289861967        0.0242842946
  24  15       -0.0578944700        0.0056778110
  24  14        0.0578131049        0.0141324379
  24  13        0.0266036547        0.0222779050
  24  12       -0.0317772393        0.0063119018
  24  11       -0.0346553521        0.0267835542
  24  10        0.0069722931        0.0057700808
  24   9        0.0057432099       -0.0110446384
  24   8       -0.0374888648        0.0204164970
  24   7       -0.0223414251       -0.0296217422
  24   6        0.0169098520       -0.0615410760
  24   5        0.0230114645        0.0142705081
  24   4        0.0030224911        0.0159573866
  24   3        0.0231084379       -0.0257564435
  24   2       -0.0043255748        0.0274732562
  24   1        0.0452415065       -0.0340859627
  24   0       -0.0185845850        0.0000000000
  24  -1       -0.0452415065       -0.0340859627
  24  -2       -0.0043255748       -0.0274732562
  24  -3       -0.0231084379       -0.0257564435
  24  -4        0.0030224911       -0.0159573866
  24  -5       -0.0230114645        0.0142705081
  24  -6        0.0169098520        0.0615410760
  24  -7        0.0223414251       -0.0296217422
  24  -8       -0.0374888648       -0.0204164970
  24  -9       -0.0057432099       -0.0110446384
  24 -10        0.0069722931       -0.0057700808
  24 -11        0.0346553521        0.0267835542
  24 -12       -0.0317772393       -0.0063119018
  24 -13       -0.0266036547        0.0222779050
  24 -14        0.0578131049       -0.0141324379
  24 -15        0.0578944700        0.0056778110
  24 -16       -0.0289861967       -0.0242842946
  24 -17       -0.0013852954        0.0408121613
  24 -18        0.0004699750       -0.0012484868
  24 -19       -0.0051679473       -0.0198801938
  24 -20        0.0079740819        0.0270301781
  24 -21       -0.0356364104        0.0373796575
  24 -22       -0.0216954441       -0.0133537421
  24 -23        0.0061352429       -0.0222177434
  24 -24       -0.0201477807        0.0059615487
  25  25        0.0077168359        0.0140425204
  25  24       -0.0194568127        0.0057207967
  25  23        0.0104884855        0.0052956205
  25  22        0.0290707937       -0.0099710467
  25  21       -0.0249992909       -0.0180640239
  25  20       -0.0145981420        0.0505396951
  25  19       -0.0087276089        0.0048076427
  25  18        0.0088122825       -0.0180621502
  25  17       -0.0077296432       -0.0146540013
  25  16       -0.0159681819        0.0300043824
  25  15        0.0267771612       -0.0058628091
  25  14       -0.0006942763        0.0417981737
  25  13       -0.0033942965        0.0059298735
  25  12        0.0205479587        0.0288202650
  25  11       -0.0025428432       -0.0414630171
  25  10        0.0252866539        0.0131505888
  25   9        0.0195114735       -0.0196337331
  25   8        0.0397843819        0.0034360453
  25   7       -0.0088383967       -0.0015358622
  25   6       -0.0492390130       -0.0239100589
  25   5        0.0016981887        0.0324735924
  25   4        0.0041322140        0.0171224346
  25   3        0.0064237749       -0.0169589167
  25   2        0.0372768416        0.0062415211
  25   1       -0.0322110317        0.0148785312
  25   0        0.1010343845        0.0000000000
  25  -1        0.0322110317        0.0148785312
  25  -2        0.0372768416       -0.0062415211
  25  -3       -0.0064237749       -0.0169589167
  25  -4        0.0041322140       -0.0171224346
  25  -5       -0.0016981887        0.0324735924
  25  -6       -0.0492390130        0.0239100589
  25  -7        0.0088383967       -0.0015358622
  25  -8        0.0397843819       -0.0034360453
  25  -9       -0.0195114735       -0.0196337331
  25 -10        0.0252866539       -0.0131505888
  25 -11        0.0025428432       -0.0414630171
  25 -12        0.0205479587       -0.0288202650
  25 -13        0.0033942965        0.0059298735
  25 -14       -0.0006942763       -0.0417981737
  25 -15       -0.0267771612       -0.0058628091
  25 -16       -0.0159681819       -0.0300043824
  25 -17        0.0077296432       -0.0146540013
  25 -18        0.0088122825        0.0180621502
  25 -19        0.0087276089        0.0048076427
  25 -20       -0.0145981420       -0.0505396951
  25 -21        0.0249992909       -0.0180640239
  25 -22        0.0290707937        0.0099710467
  25 -23       -0.0104884855        0.0052956205
  25 -24       -0.0194568127       -0.0057207967
  25 -25       -0.0077168359        0.0140425204
  26  26       -0.0075746781       -0.0040266146
  26  25       -0.0172036618        0.0207517364
  26  24        0.0259890107        0.0386929070
  26  23       -0.0214042752       -0.0359758205
  26  22       -0.0396801247        0.0398300226
  26  21        0.0194585550        0.0277188554
  26  20        0.0331400920        0.0222165328
  26  19       -0.0183189341       -0.0181876622
  26  18        0.0220866278        0.0121875319
  26  17       -0.0072368789       -0.0061644879
  26  16        0.0329286398        0.0087927601
  26  15        0.0307707991       -0.0070007758
  26  14        0.0056082428        0.0117707728
  26  13       -0.0029031752        0.0046599812
  26  12       -0.0090146910        0.0343718474
  26  11        0.0466975257        0.0100205606
  26  10        0.0273981033        0.0185241147
  26   9       -0.0098588117        0.0080063097
  26   8       -0.0155194894        0.0134807422
  26   7       -0.0010494215       -0.0290227833
  26   6        0.0047220282        0.0302537923
  26   5        0.0265175156       -0.0290949375
  26   4       -0.0383607383        0.0219403240
  26   3       -0.0190311247        0.0029454985
  26   2        0.0028303154        0.0354515218
  26   1        0.0231851298       -0.0003164274
  26   0        0.0222700433        0.0000000000
  26  -1       -0.0231851298       -0.0003164274
  26  -2        0.0028303154       -0.0354515218
  26  -3        0.0190311247        0.0029454985
  26  -4       -0.0383607383       -0.0219403240
  26  -5       -0.0265175156       -0.0290949375
  26  -6        0.0047220282       -0.0302537923
  26  -7        0.0010494215       -0.0290227833
  26  -8       -0.0155194894       -0.0134807422
  26  -9        0.0098588117        0.0080063097
  26 -10        0.0273981033       -0.0185241147
  26 -11       -0.0466975257        0.0100205606
  26 -12       -0.0090146910       -0.0343718474
  26 -13        0.0029031752        0.0046599812
  26 -14        0.0056082428       -0.0117707728
  26 -15       -0.0307707991       -0.0070007758
  26 -16        0.0329286398       -0.0087927601
  26 -17        0.0072368789       -0.0061644879
  26 -18        0.0220866278       -0.0121875319
  26 -19        0.0183189341       -0.0181876622
  26 -20        0.0331400920       -0.0222165328
  26 -21       -0.0194585550        0.0277188554
  26 -22       -0.0396801247       -0.0398300226
  26 -23        0.0214042752       -0.0359758205
  26 -24        0.0259890107       -0.0386929070
  26 -25        0.0172036618        0.0207517364
  26 -26       -0.0075746781        0.0040266146
  27  27       -0.0019268888        0.0073678353
  27  26       -0.0162650643       -0.0102568862
  27  25        0.0223230530        0.0195104822
  27  24        0.0257619867       -0.0650379932
  27  23       -0.0220052641        0.0319191433
  27  22       -0.0201464797        0.0071705963
  27  21       -0.0233202464       -0.0122680713
  27  20       -0.0251923262       -0.0168856438
  27  19       -0.0153768570       -0.0002452397
  27  18        0.0225341043       -0.0022561037
  27  17       -0.0209515286       -0.0384112574
  27  16        0.0317340990        0.0091864169
  27  15        0.0117393492        0.0053674012
  27  14        0.0315553209       -0.0189699643
  27  13       -0.0130974271        0.0309314098
  27  12        0.0212314115       -0.0036441882
  27  11        0.0013124009       -0.0030521596
  27  10        0.0189777547        0.0184059463
  27   9        0.0100407463       -0.0097271588
  27   8        0.0143304151        0.0278215637
  27   7       -0.0180247754        0.0053975734
  27   6        0.0163082875        0.0049693111
  27   5        0.0104002286       -0.0199589232
  27   4        0.0025921912       -0.0239408192
  27   3       -0.0244844015        0.0337054247
  27   2       -0.0232022546        0.0080076932
  27   1       -0.0226124025        0.0436361285
  27   0       -0.0266215661        0.0000000000
  27  -1        0.0226124025        0.0436361285
  27  -2       -0.0232022546       -0.0080076932
  27  -3        0.0244844015        0.0337054247
  27  -4        0.0025921912        0.0239408192
  27  -5       -0.0104002286       -0.0199589232
  27  -6        0.0163082875       -0.0049693111
  27  -7        0.0180247754        0.0053975734
  27  -8        0.0143304151       -0.0278215637
  27  -9       -0.0100407463       -0.0097271588
  27 -10        0.0189777547       -0.0184059463
  27 -11       -0.0013124009       -0.0030521596
  27 -12        0.0212314115        0.0036441882
  27 -13        0.0130974271        0.0309314098
  27 -14        0.0315553209        0.0189699643
  27 -15       -0.0117393492        0.0053674012
  27 -16        0.0317340990       -0.0091864169
  27 -17        0.0209515286       -0.0384112574
  27 -18        0.0225341043        0.0022561037
  27 -19        0.0153768570       -0.0002452397
  27 -20       -0.0251923262        0.0168856438
  27 -21        0.0233202464       -0.0122680713
  27 -22       -0.0201464797       -0.0071705963
  27 -23        0.0220052641        0.0319191433
  27 -24        0.0257619867        0.0650379932
  27 -25       -0.0223230530        0.0195104822
  27 -26       -0.0162650643        0.0102568862
  27 -27        0.0019268888        0.0073678353
  28  28        0.0249908643        0.0030385717
  28  27       -0.0048252110        0.0100754197
  28  26        0.0114476382       -0.0328275445
  28  25       -0.0008273208       -0.0001976440
  28  24        0.0007138275        0.0109887715
  28  23        0.0082768513       -0.0202226347
  28  22       -0.0263782811       -0.0061249158
  28  21       -0.0308750241        0.0196611620
  28  20       -0.0440064933        0.0369563944
  28  19        0.0308774310        0.0318521300
  28  18        0.0219490635        0.0058321739
  28  17       -0.0112209844        0.0149307899
  28  16        0.0029825489       -0.0359161910
  28  15       -0.0380540940       -0.0038961889
  28  14       -0.0132208637        0.0123393675
  28  13       -0.0218456893        0.0017622292
  28  12       -0.0184846781       -0.0085800085
  28  11        0.0011347778       -0.0038342980
  28  10        0.0050238981       -0.0399180400
  28   9       -0.0125235793       -0.0133744508
  28   8        0.0066017792       -0.0011275344
  28   7       -0.0030461747       -0.0088298536
  28   6        0.0175433869        0.0491213537
  28   5       -0.0257079535       -0.0075742618
  28   4       -0.0148873152        0.0055625441
  28   3        0.0178261724        0.0174140844
  28   2       -0.0230752658       -0.0610342925
  28   1       -0.0075319919       -0.0249442568
  28   0       -0.0671467069        0.0000000000
  28  -1        0.0075319919       -0.0249442568
  28  -2       -0.0230752658        0.0610342925
  28  -3       -0.0178261724        0.0174140844
  28  -4       -0.0148873152       -0.0055625441
  28  -5        0.0257079535       -0.0075742618
  28  -6        0.0175433869       -0.0491213537
  28  -7        0.0030461747       -0.0088298536
  28  -8        0.0066017792        0.0011275344
  28  -9        0.0125235793       -0.0133744508
  28 -10        0.0050238981        0.0399180400
  28 -11       -0.0011347778       -0.0038342980
  28 -12       -0.0184846781        0.0085800085
  28 -13        0.0218456893        0.0017622292
  28 -14       -0.0132208637       -0.0123393675
  28 -15        0.0380540940       -0.0038961889
  28 -16        0.0029825489        0.0359161910
  28 -17        0.0112209844        0.0149307899
  28 -18        0.0219490635       -0.0058321739
  28 -19       -0.0308774310        0.0318521300
  28 -20       -0.0440064933       -0.0369563944
  28 -21        0.0308750241        0.0196611620
  28 -22       -0.0263782811        0.0061249158
  28 -23       -0.0082768513       -0.0202226347
  28 -24        0.0007138275       -0.0109887715
  28 -25        0.0008273208       -0.0001976440
  28 -26        0.0114476382        0.0328275445
  28 -27        0.0048252110        0.0100754197
  28 -28        0.0249908643       -0.0030385717
  29  29       -0.0067484205       -0.0135352785
  29  28       -0.0002392559        0.0024413424
  29  27        0.0140099724       -0.0307674644
  29  26       -0.0054774020        0.0354079126
  29  25        0.0113378590       -0.0044681494
  29  24       -0.0108711715       -0.0276141629
  29  23       -0.0185347877        0.0080580801
  29  22        0.0198880069       -0.0171489707
  29  21       -0.0280199652       -0.0074066528
  29  20       -0.0092581326       -0.0134600938
  29  19       -0.0260165102       -0.0015422416
  29  18        0.0309389856        0.0143522829
  29  17       -0.0193991320        0.0034610376
  29  16        0.0138432496       -0.0130919369
  29  15       -0.0005457647        0.0170166743
  29  14        0.0078855926       -0.0449723585
  29  13       -0.0029130100       -0.0018438776
  29  12        0.0165933877       -0.0191380348
  29  11       -0.0092112043        0.0087067153
  29  10       -0.0029777859       -0.0112192360
  29   9       -0.0235772069        0.0014475486
  29   8       -0.0054802838        0.0490394385
  29   7       -0.0034574964       -0.0178788302
  29   6        0.0245916052       -0.0253933281
  29   5       -0.0256420841       -0.0105216489
  29   4        0.0080950903       -0.0108582695
  29   3       -0.0106306068       -0.0005403823
  29   2        0.0003862729        0.0160907632
  29   1       -0.0306657316       -0.0175358446
  29   0        0.0330203834        0.0000000000
  29  -1        0.0306657316       -0.0175358446
  29  -2        0.0003862729       -0.0160907632
  29  -3        0.0106306068       -0.0005403823
  29  -4        0.0080950903        0.0108582695
  29  -5        0.0256420841       -0.0105216489
  29  -6        0.0245916052        0.0253933281
  29  -7        0.0034574964       -0.0178788302
  29  -8       -0.0054802838       -0.0490394385
  29  -9        0.0235772069        0.0014475486
  29 -10       -0.0029777859        0.0112192360
  29 -11        0.0092112043        0.0087067153
  29 -12        0.0165933877        0.0191380348
  29 -13        0.0029130100       -0.0018438776
  29 -14        0.0078855926        0.0449723585
  29 -15        0.0005457647        0.0170166743
  29 -16        0.0138432496        0.0130919369
  29 -17        0.0193991320        0.0034610376
  29 -18        0.0309389856       -0.0143522829
  29 -19        0.0260165102       -0.0015422416
  29 -20       -0.0092581326        0.0134600938
  29 -21        0.0280199652       -0.0074066528
  29 -22        0.0198880069        0.0171489707
  29 -23        0.0185347877        0.0080580801
  29 -24       -0.0108711715        0.0276141629
  29 -25       -0.0113378590       -0.0044681494
  29 -26       -0.0054774020       -0.0354079126
  29 -27       -0.0140099724       -0.0307674644
  29 -28       -0.0002392559       -0.0024413424
  29 -29        0.0067484205       -0.0135352785
  30  30        0.0050020930       -0.0120021132
  30  29        0.0000770999       -0.0394736471
  30  28       -0.0145183314       -0.0083605237
  30  27       -0.0023300135        0.0209962287
  30  26        0.0300789287        0.0064149889
  30  25        0.0084428977       -0.0021705803
  30  24       -0.0269087396        0.0087395496
  30  23        0.0124820466        0.0167143510
  30  22        0.0014714667       -0.0227819526
  30  21       -0.0134838368       -0.0092646665
  30  20       -0.0054218245        0.0172458465
  30  19        0.0137887462        0.0225054519
  30  18        0.0060462309        0.0013346726
  30  17       -0.0004781565        0.0156943092
  30  16        0.0029643404       -0.0012819940
  30  15       -0.0006916472        0.0266516070
  30  14        0.0033318949       -0.0000849274
  30  13       -0.0044198031        0.0188195017
  30  12        0.0017858305       -0.0325368031
  30  11        0.0201758594        0.0064619241
  30  10        0.0214824629       -0.0550398696
  30   9       -0.0057554217        0.0240296865
  30   8       -0.0332808726        0.0012983548
  30   7       -0.0076531152       -0.0105449414
  30   6       -0.0428148685       -0.0009464166
  30   5       -0.0313639418        0.0254238139
  30   4       -0.0018929038        0.0073308133
  30   3        0.0082630057        0.0110700989
  30   2        0.0086645008       -0.0378376698
  30   1        0.0357762265       -0.0040166444
  30   0       -0.0303833040        0.0000000000
  30  -1       -0.0357762265       -0.0040166444
  30  -2        0.0086645008        0.0378376698
  30  -3       -0.0082630057        0.0110700989
  30  -4       -0.0018929038       -0.0073308133
  30  -5        0.0313639418        0.0254238139
  30  -6       -0.0428148685        0.0009464166
  30  -7        0.0076531152       -0.0105449414
  30  -8       -0.0332808726       -0.0012983548
  30  -9        0.0057554217        0.0240296865
  30 -10        0.0214824629        0.0550398696
  30 -11       -0.0201758594        0.0064619241
  30 -12        0.0017858305        0.0325368031
  30 -13        0.0044198031        0.0188195017
  30 -14        0.0033318949        0.0000849274
  30 -15        0.0006916472        0.0266516070
  30 -16        0.0029643404        0.0012819940
  30 -17        0.0004781565        0.0156943092
  30 -18        0.0060462309       -0.0013346726
  30 -19       -0.0137887462        0.0225054519
  30 -20       -0.0054218245       -0.0172458465
  30 -21        0.0134838368       -0.0092646665
  30 -22        0.0014714667        0.0227819526
  30 -23       -0.0124820466        0.0167143510
  30 -24       -0.0269087396       -0.0087395496
  30 -25       -0.0084428977       -0.0021705803
  30 -26        0.0300789287       -0.0064149889
  30 -27        0.0023300135        0.0209962287
  30 -28       -0.0145183314        0.0083605237
  30 -29       -0.0000770999       -0.0394736471
  30 -30        0.0050020930        0.0120021132
