   0   0       36.2336339406        0.0000000000
   1   1       -0.1281620732       -0.5251087520
   1   0        0.7110997216        0.0000000000
   1  -1        0.1281620732       -0.5251087520
   2   2       -1.0430554813        0.3287594517
   2   1        3.9744738816       -2.8636451651
   2   0       -2.2158930149        0.0000000000
   2  -1       -3.9744738816       -2.8636451651
   2  -2       -1.0430554813       -0.3287594517
   3   3       -0.7161547841       -0.2858224483
   3   2        1.2125771052       -0.0020120148
   3   1       -0.8951264661       -0.4496558386
   3   0        1.5156557750        0.0000000000
   3  -1        0.8951264661       -0.4496558386
   3  -2        1.2125771052        0.0020120148
   3  -3        0.7161547841       -0.2858224483
   4   4        0.3661942877        0.1427754707
   4   3       -0.6968628514        0.4862053263
   4   2        0.5793158685       -0.5036965009
   4   1       -0.5233498920        0.6182563073
   4   0       -0.4019645792        0.0000000000
   4  -1        0.5233498920        0.6182563073
   4  -2        0.5793158685        0.5036965009
   4  -3        0.6968628514        0.4862053263
   4  -4        0.3661942877       -0.1427754707
   5   5        0.0839276432        0.3788251016
   5   4       -0.2107397348        0.1140149905
   5   3        0.4110826054       -0.1692696096
   5   2       -0.3414393388       -0.0501336409
   5   1       -0.0219395679       -0.0253733037
   5   0       -0.2388026576        0.0000000000
   5  -1        0.0219395679       -0.0253733037
   5  -2       -0.3414393388        0.0501336409
   5  -3       -0.4110826054       -0.1692696096
   5  -4       -0.2107397348       -0.1140149905
   5  -5       -0.0839276432        0.3788251016
   6   6       -0.0790306472        0.0569065893
   6   5       -0.1766971000       -0.0083920756
   6   4        0.2326129811        0.1506940651
   6   3        0.0336861887       -0.1040050474
   6   2        0.6047932311        0.1823453273
   6   1       -0.0148575871       -0.2345457278
   6   0        0.1650058422        0.0000000000
   6  -1        0.0148575871       -0.2345457278
   6  -2        0.6047932311       -0.1823453273
   6  -3       -0.0336861887       -0.1040050474
   6  -4        0.2326129811       -0.1506940651
   6  -5        0.1766971000       -0.0083920756
   6  -6       -0.0790306472       -0.0569065893
   7   7       -0.0672096245        0.0489480054
   7   6        0.2319730859        0.1724091862
   7   5       -0.1749825969        0.1688487229
   7   4       -0.0119907487       -0.0364019136
   7   3       -0.2782451124       -0.0995946311
   7   2        0.0744229908        0.1004547510
   7   1        0.0318643008        0.1786373790
   7   0        0.3575577746        0.0000000000
   7  -1       -0.0318643008        0.1786373790
   7  -2        0.0744229908       -0.1004547510
   7  -3        0.2782451124       -0.0995946311
   7  -4       -0.0119907487        0.0364019136
   7  -5        0.1749825969        0.1688487229
   7  -6        0.2319730859       -0.1724091862
   7  -7        0.0672096245        0.0489480054
   8   8       -0.1102183762       -0.1033152543
   8   7       -0.2230733007       -0.1696750201
   8   6       -0.0318108658        0.0570285843
   8   5        0.1157270274       -0.0451120771
   8   4       -0.2206832632        0.1375699547
   8   3        0.0108771975       -0.0999843656
   8   2       -0.2100705640       -0.1509392352
   8   1       -0.0740508469        0.0180435220
   8   0        0.0060820599        0.0000000000
   8  -1        0.0740508469        0.0180435220
   8  -2       -0.2100705640        0.1509392352
   8  -3       -0.0108771975       -0.0999843656
   8  -4       -0.2206832632       -0.1375699547
   8  -5       -0.1157270274       -0.0451120771
   8  -6       -0.0318108658       -0.0570285843
   8  -7        0.2230733007       -0.1696750201
   8  -8       -0.1102183762        0.1033152543
   9   9       -0.1273998610       -0.0102916825
   9   8       -0.0475488651        0.1014378914
   9   7       -0.1046942782        0.0203778818
   9   6       -0.0129500117        0.0514907461
   9   5        0.0363067988       -0.0631920257
   9   4       -0.0576434629        0.0129405456
   9   3       -0.0628906532        0.1403095423
   9   2        0.0389699423       -0.0895592847
   9   1        0.0621826335       -0.2340844020
   9   0       -0.0062636642        0.0000000000
   9  -1       -0.0621826335       -0.2340844020
   9  -2        0.0389699423        0.0895592847
   9  -3        0.0628906532        0.1403095423
   9  -4       -0.0576434629       -0.0129405456
   9  -5       -0.0363067988       -0.0631920257
   9  -6       -0.0129500117       -0.0514907461
   9  -7        0.1046942782        0.0203778818
   9  -8       -0.0475488651       -0.1014378914
   9  -9        0.1273998610       -0.0102916825
  10  10        0.0264449305       -0.0282971092
  10   9       -0.0443003222       -0.0543458496
  10   8       -0.0386618135        0.0778303933
  10   7        0.0618235387        0.1933087347
  10   6       -0.0260833783       -0.0427891613
  10   5       -0.0518179604        0.0094169406
  10   4        0.1293625732       -0.0229599426
  10   3        0.0129534398        0.1162649270
  10   2        0.1458772156        0.1747829685
  10   1       -0.0950992136       -0.0249877226
  10   0        0.0953092212        0.0000000000
  10  -1        0.0950992136       -0.0249877226
  10  -2        0.1458772156       -0.1747829685
  10  -3       -0.0129534398        0.1162649270
  10  -4        0.1293625732        0.0229599426
  10  -5        0.0518179604        0.0094169406
  10  -6       -0.0260833783        0.0427891613
  10  -7       -0.0618235387        0.1933087347
  10  -8       -0.0386618135       -0.0778303933
  10  -9        0.0443003222       -0.0543458496
  10 -10        0.0264449305        0.0282971092
  11  11        0.1794343911       -0.0027721542
  11  10        0.0703234519        0.1138562180
  11   9       -0.0108651610        0.0423159857
  11   8       -0.1034202447       -0.1624026638
  11   7        0.1674230596        0.0247162744
  11   6        0.0057257352       -0.1071811763
  11   5       -0.0401203892       -0.0849749297
  11   4        0.0766926571       -0.0131888733
  11   3        0.0307156390        0.0098753533
  11   2        0.1481774744        0.0773877525
  11   1        0.0252515482        0.1376205445
  11   0       -0.1877847642        0.0000000000
  11  -1       -0.0252515482        0.1376205445
  11  -2        0.1481774744       -0.0773877525
  11  -3       -0.0307156390        0.0098753533
  11  -4        0.0766926571        0.0131888733
  11  -5        0.0401203892       -0.0849749297
  11  -6        0.0057257352        0.1071811763
  11  -7       -0.1674230596        0.0247162744
  11  -8       -0.1034202447        0.1624026638
  11  -9        0.0108651610        0.0423159857
  11 -10        0.0703234519       -0.1138562180
  11 -11       -0.1794343911       -0.0027721542
  12  12        0.0225237634       -0.0491274241
  12  11        0.0013797575       -0.1406501625
  12  10        0.0521985534        0.0342579424
  12   9       -0.0247778020       -0.0011213376
  12   8        0.0538153327       -0.0029561473
  12   7       -0.0673195451       -0.0799268832
  12   6        0.0275253432        0.0173551643
  12   5        0.1120678185        0.0381014377
  12   4       -0.0619678743        0.0522602471
  12   3       -0.0321868573       -0.0568554683
  12   2       -0.0062463981       -0.0190293696
  12   1        0.1126981609       -0.0446377284
  12   0        0.0738008773        0.0000000000
  12  -1       -0.1126981609       -0.0446377284
  12  -2       -0.0062463981        0.0190293696
  12  -3        0.0321868573       -0.0568554683
  12  -4       -0.0619678743       -0.0522602471
  12  -5       -0.1120678185        0.0381014377
  12  -6        0.0275253432       -0.0173551643
  12  -7        0.0673195451       -0.0799268832
  12  -8        0.0538153327        0.0029561473
  12  -9        0.0247778020       -0.0011213376
  12 -10        0.0521985534       -0.0342579424
  12 -11       -0.0013797575       -0.1406501625
  12 -12        0.0225237634        0.0491274241
  13  13        0.0255086672       -0.0074581886
  13  12       -0.0000392071       -0.0755320279
  13  11       -0.0276945524       -0.1128041910
  13  10       -0.0593998848       -0.0826240331
  13   9       -0.1219177961        0.0412574422
  13   8        0.0449392844       -0.0752888364
  13   7       -0.0025770835        0.0276269629
  13   6        0.0032653451        0.0249020238
  13   5       -0.0229115652        0.1311043621
  13   4        0.0918637160       -0.0192082583
  13   3        0.0026882034       -0.0636336356
  13   2       -0.1029159516       -0.0424987903
  13   1       -0.0824906269       -0.0651502283
  13   0        0.1987869708        0.0000000000
  13  -1        0.0824906269       -0.0651502283
  13  -2       -0.1029159516        0.0424987903
  13  -3       -0.0026882034       -0.0636336356
  13  -4        0.0918637160        0.0192082583
  13  -5        0.0229115652        0.1311043621
  13  -6        0.0032653451       -0.0249020238
  13  -7        0.0025770835        0.0276269629
  13  -8        0.0449392844        0.0752888364
  13  -9        0.1219177961        0.0412574422
  13 -10       -0.0593998848        0.0826240331
  13 -11        0.0276945524       -0.1128041910
  13 -12       -0.0000392071        0.0755320279
  13 -13       -0.0255086672       -0.0074581886
  14  14       -0.0400355319        0.0888091819
  14  13       -0.0250209361        0.0248045424
  14  12       -0.0253154809        0.0525854990
  14  11        0.0340082079        0.0003430473
  14  10       -0.0243691923        0.0350838446
  14   9        0.0152082638       -0.0287778617
  14   8        0.0281368630        0.0265713613
  14   7        0.0227355660        0.0052892234
  14   6        0.0568391863       -0.0348452325
  14   5       -0.0964866207        0.0562173091
  14   4       -0.0664210724        0.0803943507
  14   3        0.0621490455        0.0108875492
  14   2        0.1113092461       -0.1386286506
  14   1       -0.0390088435       -0.0075699493
  14   0       -0.1622657592        0.0000000000
  14  -1        0.0390088435       -0.0075699493
  14  -2        0.1113092461        0.1386286506
  14  -3       -0.0621490455        0.0108875492
  14  -4       -0.0664210724       -0.0803943507
  14  -5        0.0964866207        0.0562173091
  14  -6        0.0568391863        0.0348452325
  14  -7       -0.0227355660        0.0052892234
  14  -8        0.0281368630       -0.0265713613
  14  -9       -0.0152082638       -0.0287778617
  14 -10       -0.0243691923       -0.0350838446
  14 -11       -0.0340082079        0.0003430473
  14 -12       -0.0253154809       -0.0525854990
  14 -13        0.0250209361        0.0248045424
  14 -14       -0.0400355319       -0.0888091819
  15  15        0.0210487130        0.0700229139
  15  14       -0.0079548245        0.0492333184
  15  13        0.0223268516        0.0152280253
  15  12        0.0323460395        0.0027377722
  15  11        0.0545078166        0.0239863916
  15  10        0.1008784846        0.1075989485
  15   9        0.0065560696       -0.1442863454
  15   8        0.0148353861        0.0341793698
  15   7        0.0127796314       -0.0566779069
  15   6        0.0735965934        0.0126939086
  15   5        0.1010968345       -0.0245716808
  15   4        0.0371723910       -0.0610359109
  15   3       -0.0728808664        0.0328243372
  15   2       -0.0425091988        0.0274178418
  15   1        0.0397150086        0.0032120123
  15   0       -0.0355305344        0.0000000000
  15  -1       -0.0397150086        0.0032120123
  15  -2       -0.0425091988       -0.0274178418
  15  -3        0.0728808664        0.0328243372
  15  -4        0.0371723910        0.0610359109
  15  -5       -0.1010968345       -0.0245716808
  15  -6        0.0735965934       -0.0126939086
  15  -7       -0.0127796314       -0.0566779069
  15  -8        0.0148353861       -0.0341793698
  15  -9       -0.0065560696       -0.1442863454
  15 -10        0.1008784846       -0.1075989485
  15 -11       -0.0545078166        0.0239863916
  15 -12        0.0323460395       -0.0027377722
  15 -13       -0.0223268516        0.0152280253
  15 -14       -0.0079548245       -0.0492333184
  15 -15       -0.0210487130        0.0700229139
  16  16       -0.0903658403       -0.0463195668
  16  15        0.0370142394       -0.0219397225
  16  14       -0.0216153595       -0.0532820867
  16  13       -0.0106891996       -0.0380728778
  16  12        0.1209609363       -0.0480920048
  16  11       -0.0736818970        0.0202752192
  16  10       -0.0368795727       -0.0471424875
  16   9        0.0125856580        0.0322903895
  16   8       -0.0395752117        0.0144204553
  16   7        0.0113309422        0.0530170467
  16   6       -0.0330302757       -0.0257560976
  16   5       -0.0394868449        0.0123291766
  16   4        0.0347532029        0.0303530948
  16   3        0.0034107481       -0.0391066985
  16   2       -0.0254362542        0.0297511052
  16   1       -0.0594114741        0.0805247260
  16   0        0.0974347329        0.0000000000
  16  -1        0.0594114741        0.0805247260
  16  -2       -0.0254362542       -0.0297511052
  16  -3       -0.0034107481       -0.0391066985
  16  -4        0.0347532029       -0.0303530948
  16  -5        0.0394868449        0.0123291766
  16  -6       -0.0330302757        0.0257560976
  16  -7       -0.0113309422        0.0530170467
  16  -8       -0.0395752117       -0.0144204553
  16  -9       -0.0125856580        0.0322903895
  16 -10       -0.0368795727        0.0471424875
  16 -11        0.0736818970        0.0202752192
  16 -12        0.1209609363        0.0480920048
  16 -13        0.0106891996       -0.0380728778
  16 -14       -0.0216153595        0.0532820867
  16 -15       -0.0370142394       -0.0219397225
  16 -16       -0.0903658403        0.0463195668
  17  17        0.0832465455       -0.0213266004
  17  16        0.0308899949       -0.0545964330
  17  15        0.0014943544       -0.0448218522
  17  14       -0.0012460467       -0.0452853324
  17  13        0.0301356654       -0.0663398399
  17  12        0.0008780339        0.0319730077
  17  11        0.0926043489        0.0076934277
  17  10        0.0027832429       -0.0486773059
  17   9       -0.0208029712        0.0061429017
  17   8       -0.0762957140        0.0295221951
  17   7        0.0087206835        0.1034666348
  17   6       -0.0231607674        0.0495104821
  17   5       -0.1291599945       -0.0493014024
  17   4       -0.0727917689        0.0419238048
  17   3        0.0578913044        0.0503894117
  17   2        0.0589866054        0.0119099133
  17   1       -0.0118118653        0.0218548300
  17   0        0.0547700593        0.0000000000
  17  -1        0.0118118653        0.0218548300
  17  -2        0.0589866054       -0.0119099133
  17  -3       -0.0578913044        0.0503894117
  17  -4       -0.0727917689       -0.0419238048
  17  -5        0.1291599945       -0.0493014024
  17  -6       -0.0231607674       -0.0495104821
  17  -7       -0.0087206835        0.1034666348
  17  -8       -0.0762957140       -0.0295221951
  17  -9        0.0208029712        0.0061429017
  17 -10        0.0027832429        0.0486773059
  17 -11       -0.0926043489        0.0076934277
  17 -12        0.0008780339       -0.0319730077
  17 -13       -0.0301356654       -0.0663398399
  17 -14       -0.0012460467        0.0452853324
  17 -15       -0.0014943544       -0.0448218522
  17 -16        0.0308899949        0.0545964330
  17 -17       -0.0832465455       -0.0213266004
  18  18        0.0318339076       -0.0759489180
  18  17       -0.0836385518        0.0563359712
  18  16       -0.0713032124        0.0176765140
  18  15       -0.0007238207        0.0782918161
  18  14       -0.0869174266        0.0088573390
  18  13        0.0115117842       -0.0202963512
  18  12        0.0132255602       -0.0036848726
  18  11        0.0151104577       -0.0135945840
  18  10       -0.0029719688       -0.0554604106
  18   9        0.0097699258       -0.0610143487
  18   8        0.0577206069       -0.0010647749
  18   7        0.0458779663       -0.0128770999
  18   6        0.0273001156        0.0779788695
  18   5        0.0865415457        0.0422183023
  18   4       -0.0143776463       -0.0001808126
  18   3        0.0321228049       -0.0293276583
  18   2       -0.0076036715        0.0027383194
  18   1        0.0226639391       -0.0535672833
  18   0        0.0736070148        0.0000000000
  18  -1       -0.0226639391       -0.0535672833
  18  -2       -0.0076036715       -0.0027383194
  18  -3       -0.0321228049       -0.0293276583
  18  -4       -0.0143776463        0.0001808126
  18  -5       -0.0865415457        0.0422183023
  18  -6        0.0273001156       -0.0779788695
  18  -7       -0.0458779663       -0.0128770999
  18  -8        0.0577206069        0.0010647749
  18  -9       -0.0097699258       -0.0610143487
  18 -10       -0.0029719688        0.0554604106
  18 -11       -0.0151104577       -0.0135945840
  18 -12        0.0132255602        0.0036848726
  18 -13       -0.0115117842       -0.0202963512
  18 -14       -0.0869174266       -0.0088573390
  18 -15        0.0007238207        0.0782918161
  18 -16       -0.0713032124       -0.0176765140
  18 -17        0.0836385518        0.0563359712
  18 -18        0.0318339076        0.0759489180
  19  19       -0.0467385876        0.0306656993
  19  18        0.0069719707        0.1093322308
  19  17       -0.0015138458        0.0153552339
  19  16       -0.0147167411       -0.0354503485
  19  15        0.0054577009        0.0404978970
  19  14       -0.0886960757        0.0223845385
  19  13       -0.0271833064        0.0053778196
  19  12        0.0297235374        0.0212029915
  19  11        0.0086577845        0.0339629342
  19  10       -0.0324093470        0.0163246377
  19   9       -0.0619440489       -0.0294722527
  19   8        0.0339726397       -0.0508343161
  19   7        0.0359770441       -0.0073706086
  19   6       -0.0046005423        0.0208030721
  19   5        0.0343283418        0.0573974197
  19   4        0.1050416664       -0.0011353408
  19   3       -0.0397146286        0.0084863510
  19   2        0.0206606008        0.0174255369
  19   1        0.0051969322       -0.0142070313
  19   0        0.0462912497        0.0000000000
  19  -1       -0.0051969322       -0.0142070313
  19  -2        0.0206606008       -0.0174255369
  19  -3        0.0397146286        0.0084863510
  19  -4        0.1050416664        0.0011353408
  19  -5       -0.0343283418        0.0573974197
  19  -6       -0.0046005423       -0.0208030721
  19  -7       -0.0359770441       -0.0073706086
  19  -8        0.0339726397        0.0508343161
  19  -9        0.0619440489       -0.0294722527
  19 -10       -0.0324093470       -0.0163246377
  19 -11       -0.0086577845        0.0339629342
  19 -12        0.0297235374       -0.0212029915
  19 -13        0.0271833064        0.0053778196
  19 -14       -0.0886960757       -0.0223845385
  19 -15       -0.0054577009        0.0404978970
  19 -16       -0.0147167411        0.0354503485
  19 -17        0.0015138458        0.0153552339
  19 -18        0.0069719707       -0.1093322308
  19 -19        0.0467385876        0.0306656993
  20  20       -0.0151247557        0.0633980125
  20  19        0.0417186607       -0.0106658461
  20  18        0.0547209818        0.0578713611
  20  17        0.0007679333        0.0380993312
  20  16        0.0481267829        0.0159341442
  20  15        0.0406597338        0.0055610997
  20  14       -0.0204352521       -0.0256037681
  20  13        0.0286083572       -0.0119273368
  20  12       -0.0191168499       -0.0054786020
  20  11       -0.0452939279       -0.0784266360
  20  10        0.0164105243        0.0528322621
  20   9        0.0047523205        0.0078752359
  20   8       -0.0317202478       -0.0560327562
  20   7       -0.0455496625       -0.0711186088
  20   6        0.0298526426       -0.0040665272
  20   5       -0.0080236712        0.0130457525
  20   4        0.0288094809       -0.0406785300
  20   3       -0.0018694974        0.0339036532
  20   2       -0.0093079457        0.0109959765
  20   1        0.0130879358        0.0068920908
  20   0       -0.0775548471        0.0000000000
  20  -1       -0.0130879358        0.0068920908
  20  -2       -0.0093079457       -0.0109959765
  20  -3        0.0018694974        0.0339036532
  20  -4        0.0288094809        0.0406785300
  20  -5        0.0080236712        0.0130457525
  20  -6        0.0298526426        0.0040665272
  20  -7        0.0455496625       -0.0711186088
  20  -8       -0.0317202478        0.0560327562
  20  -9       -0.0047523205        0.0078752359
  20 -10        0.0164105243       -0.0528322621
  20 -11        0.0452939279       -0.0784266360
  20 -12       -0.0191168499        0.0054786020
  20 -13       -0.0286083572       -0.0119273368
  20 -14       -0.0204352521        0.0256037681
  20 -15       -0.0406597338        0.0055610997
  20 -16        0.0481267829       -0.0159341442
  20 -17       -0.0007679333        0.0380993312
  20 -18        0.0547209818       -0.0578713611
  20 -19       -0.0417186607       -0.0106658461
  20 -20       -0.0151247557       -0.0633980125
  21  21        0.0279322724       -0.0009731396
  21  20        0.0108240690       -0.0839316650
  21  19       -0.0266341302        0.0114295108
  21  18        0.0160921330       -0.0227158397
  21  17       -0.0224393254       -0.0348071434
  21  16        0.0280581845        0.0586880360
  21  15        0.0181350436        0.0785836032
  21  14        0.0086082329        0.0572909612
  21  13        0.0064494997        0.0070142713
  21  12       -0.0150089198        0.0356639776
  21  11       -0.0090437982        0.0121348055
  21  10       -0.0378894289       -0.0162914135
  21   9       -0.0412787241       -0.0261930140
  21   8        0.0187809978        0.0603356307
  21   7       -0.0222863149        0.0268801672
  21   6       -0.0025285696       -0.0537251526
  21   5       -0.0055175204       -0.0528830273
  21   4       -0.0530877083        0.0503211561
  21   3        0.0179882892       -0.0094621449
  21   2        0.0602690742       -0.0008491016
  21   1        0.0035305500       -0.0187879009
  21   0       -0.0581574648        0.0000000000
  21  -1       -0.0035305500       -0.0187879009
  21  -2        0.0602690742        0.0008491016
  21  -3       -0.0179882892       -0.0094621449
  21  -4       -0.0530877083       -0.0503211561
  21  -5        0.0055175204       -0.0528830273
  21  -6       -0.0025285696        0.0537251526
  21  -7        0.0222863149        0.0268801672
  21  -8        0.0187809978       -0.0603356307
  21  -9        0.0412787241       -0.0261930140
  21 -10       -0.0378894289        0.0162914135
  21 -11        0.0090437982        0.0121348055
  21 -12       -0.0150089198       -0.0356639776
  21 -13       -0.0064494997        0.0070142713
  21 -14        0.0086082329       -0.0572909612
  21 -15       -0.0181350436        0.0785836032
  21 -16        0.0280581845       -0.0586880360
  21 -17        0.0224393254       -0.0348071434
  21 -18        0.0160921330        0.0227158397
  21 -19        0.0266341302        0.0114295108
  21 -20        0.0108240690        0.0839316650
  21 -21       -0.0279322724       -0.0009731396
  22  22        0.0154276240       -0.0529590601
  22  21       -0.0351398383        0.0129129345
  22  20        0.0221209054       -0.0305253038
  22  19        0.0648802307        0.0233242752
  22  18       -0.0036755710        0.0183765465
  22  17        0.0228321360       -0.0757001305
  22  16        0.0646962701       -0.0107637606
  22  15        0.0167922350       -0.0099779134
  22  14        0.0384020243       -0.0072809444
  22  13        0.0295144293        0.0462929346
  22  12       -0.0109453565        0.0084517702
  22  11        0.0140158479        0.0324647120
  22  10       -0.0293535096        0.0515367215
  22   9        0.0548453028        0.0244531295
  22   8       -0.0102362650        0.0096747731
  22   7       -0.0281473766        0.0511763918
  22   6       -0.0344474008        0.0871587508
  22   5       -0.0143939030       -0.0173919673
  22   4       -0.0193027019        0.0231633452
  22   3        0.0025735976       -0.0106677716
  22   2        0.0479502534       -0.0037931669
  22   1       -0.0126241615        0.0346477442
  22   0       -0.0493019208        0.0000000000
  22  -1        0.0126241615        0.0346477442
  22  -2        0.0479502534        0.0037931669
  22  -3       -0.0025735976       -0.0106677716
  22  -4       -0.0193027019       -0.0231633452
  22  -5        0.0143939030       -0.0173919673
  22  -6       -0.0344474008       -0.0871587508
  22  -7        0.0281473766        0.0511763918
  22  -8       -0.0102362650       -0.0096747731
  22  -9       -0.0548453028        0.0244531295
  22 -10       -0.0293535096       -0.0515367215
  22 -11       -0.0140158479        0.0324647120
  22 -12       -0.0109453565       -0.0084517702
  22 -13       -0.0295144293        0.0462929346
  22 -14        0.0384020243        0.0072809444
  22 -15       -0.0167922350       -0.0099779134
  22 -16        0.0646962701        0.0107637606
  22 -17       -0.0228321360       -0.0757001305
  22 -18       -0.0036755710       -0.0183765465
  22 -19       -0.0648802307        0.0233242752
  22 -20        0.0221209054        0.0305253038
  22 -21        0.0351398383        0.0129129345
  22 -22        0.0154276240        0.0529590601
  23  23       -0.0422056250        0.0443301724
  23  22       -0.0021030415        0.0574551351
  23  21       -0.0520581361        0.0051434670
  23  20       -0.0638962780       -0.0131984811
  23  19       -0.0466524499        0.0039864668
  23  18       -0.0328052280       -0.0139554493
  23  17       -0.0632604922        0.0574919321
  23  16       -0.1152270258       -0.0490605728
  23  15       -0.0328480620       -0.0726247585
  23  14        0.0087012566       -0.0714352903
  23  13        0.0081094364        0.0117425057
  23  12       -0.0294501372       -0.0337851503
  23  11        0.0038751582       -0.0440952939
  23  10        0.0311162295       -0.0258398118
  23   9        0.0614298084        0.0532153404
  23   8        0.0540634758        0.0367936474
  23   7        0.0427250399        0.0279326287
  23   6        0.0414361300        0.0377592499
  23   5        0.0131126594        0.0288402134
  23   4        0.0061879910       -0.0124887885
  23   3        0.0153314606        0.0472560633
  23   2       -0.0114994011        0.0187889902
  23   1       -0.0195348354        0.0190183589
  23   0       -0.0200119711        0.0000000000
  23  -1        0.0195348354        0.0190183589
  23  -2       -0.0114994011       -0.0187889902
  23  -3       -0.0153314606        0.0472560633
  23  -4        0.0061879910        0.0124887885
  23  -5       -0.0131126594        0.0288402134
  23  -6        0.0414361300       -0.0377592499
  23  -7       -0.0427250399        0.0279326287
  23  -8        0.0540634758       -0.0367936474
  23  -9       -0.0614298084        0.0532153404
  23 -10        0.0311162295        0.0258398118
  23 -11       -0.0038751582       -0.0440952939
  23 -12       -0.0294501372        0.0337851503
  23 -13       -0.0081094364        0.0117425057
  23 -14        0.0087012566        0.0714352903
  23 -15        0.0328480620       -0.0726247585
  23 -16       -0.1152270258        0.0490605728
  23 -17        0.0632604922        0.0574919321
  23 -18       -0.0328052280        0.0139554493
  23 -19        0.0466524499        0.0039864668
  23 -20       -0.0638962780        0.0131984811
  23 -21        0.0520581361        0.0051434670
  23 -22       -0.0021030415       -0.0574551351
  23 -23        0.0422056250        0.0443301724
  24  24        0.0112928929        0.0227065882
  24  23       -0.0283866025       -0.0239803731
  24  22       -0.0130628556       -0.0137970756
  24  21       -0.0216333718       -0.0057636215
  24  20        0.0123652694        0.0405847213
  24  19       -0.0627276640        0.0816151815
  24  18       -0.0157668370       -0.0151089337
  24  17       -0.0096321825        0.0435433743
  24  16       -0.0007609738        0.0460017961
  24  15       -0.0536213270        0.0149651967
  24  14       -0.0386037149        0.0061659244
  24  13       -0.0388364391        0.0069168791
  24  12       -0.0050601443       -0.0294490690
  24  11       -0.0526773208       -0.0087226079
  24  10       -0.0194206490       -0.1096038074
  24   9       -0.0025612248       -0.0716945578
  24   8        0.0216521153       -0.0038773797
  24   7        0.0508523125       -0.0653616057
  24   6       -0.0228505307       -0.0352608999
  24   5        0.0482354457        0.0201186481
  24   4        0.0142424871        0.0373623093
  24   3        0.0372023737        0.0259164135
  24   2        0.0014174484       -0.0037608045
  24   1        0.0177621677       -0.0220313836
  24   0       -0.0517314896        0.0000000000
  24  -1       -0.0177621677       -0.0220313836
  24  -2        0.0014174484        0.0037608045
  24  -3       -0.0372023737        0.0259164135
  24  -4        0.0142424871       -0.0373623093
  24  -5       -0.0482354457        0.0201186481
  24  -6       -0.0228505307        0.0352608999
  24  -7       -0.0508523125       -0.0653616057
  24  -8        0.0216521153        0.0038773797
  24  -9        0.0025612248       -0.0716945578
  24 -10       -0.0194206490        0.1096038074
  24 -11        0.0526773208       -0.0087226079
  24 -12       -0.0050601443        0.0294490690
  24 -13        0.0388364391        0.0069168791
  24 -14       -0.0386037149       -0.0061659244
  24 -15        0.0536213270        0.0149651967
  24 -16       -0.0007609738       -0.0460017961
  24 -17        0.0096321825        0.0435433743
  24 -18       -0.0157668370        0.0151089337
  24 -19        0.0627276640        0.0816151815
  24 -20        0.0123652694       -0.0405847213
  24 -21        0.0216333718       -0.0057636215
  24 -22       -0.0130628556        0.0137970756
  24 -23        0.0283866025       -0.0239803731
  24 -24        0.0112928929       -0.0227065882
  25  25       -0.0191443510       -0.0660793436
  25  24        0.0485405124       -0.0477687137
  25  23        0.0899280954        0.0152768195
  25  22        0.0158628458        0.0332936627
  25  21       -0.0078643950       -0.0119330252
  25  20        0.0612590928        0.0152039454
  25  19        0.0081317292       -0.0264924744
  25  18        0.0874949655        0.0245873698
  25  17        0.0367536859       -0.0013457499
  25  16        0.0332551184        0.0132606545
  25  15       -0.0048504451       -0.0333638534
  25  14        0.0352024000        0.0250135700
  25  13        0.0090596207        0.0159152281
  25  12        0.0367543695       -0.0063867136
  25  11       -0.0304406719        0.0593086960
  25  10       -0.0579622963        0.0115261755
  25   9       -0.0748774868       -0.0569635391
  25   8       -0.0407238660       -0.0402494592
  25   7       -0.0029317496       -0.0217861784
  25   6       -0.0436282896       -0.0180932847
  25   5       -0.0106178310       -0.0298722866
  25   4       -0.0211953643       -0.0390662756
  25   3       -0.0149255362        0.0047012565
  25   2       -0.0246338085        0.0331898597
  25   1       -0.0148900741        0.0050014549
  25   0        0.0252733918        0.0000000000
  25  -1        0.0148900741        0.0050014549
  25  -2       -0.0246338085       -0.0331898597
  25  -3        0.0149255362        0.0047012565
  25  -4       -0.0211953643        0.0390662756
  25  -5        0.0106178310       -0.0298722866
  25  -6       -0.0436282896        0.0180932847
  25  -7        0.0029317496       -0.0217861784
  25  -8       -0.0407238660        0.0402494592
  25  -9        0.0748774868       -0.0569635391
  25 -10       -0.0579622963       -0.0115261755
  25 -11        0.0304406719        0.0593086960
  25 -12        0.0367543695        0.0063867136
  25 -13       -0.0090596207        0.0159152281
  25 -14        0.0352024000       -0.0250135700
  25 -15        0.0048504451       -0.0333638534
  25 -16        0.0332551184       -0.0132606545
  25 -17       -0.0367536859       -0.0013457499
  25 -18        0.0874949655       -0.0245873698
  25 -19       -0.0081317292       -0.0264924744
  25 -20        0.0612590928       -0.0152039454
  25 -21        0.0078643950       -0.0119330252
  25 -22        0.0158628458       -0.0332936627
  25 -23       -0.0899280954        0.0152768195
  25 -24        0.0485405124        0.0477687137
  25 -25        0.0191443510       -0.0660793436
  26  26        0.0431030302        0.0045192294
  26  25       -0.0649610305        0.0152806443
  26  24        0.0039845690       -0.0540702793
  26  23        0.0344908202        0.0150850941
  26  22       -0.0368610059        0.0333851116
  26  21       -0.0007100424       -0.0543506471
  26  20       -0.0144567132        0.0394624355
  26  19       -0.0129252747       -0.0494743090
  26  18        0.0559268738       -0.0366353928
  26  17        0.0103463249        0.0207539935
  26  16       -0.0123756278        0.0165744940
  26  15        0.0132509391       -0.0031003689
  26  14       -0.0083324281        0.0176441316
  26  13       -0.0203953125        0.0040031959
  26  12       -0.0206324784        0.0262432120
  26  11       -0.0424450095       -0.0117391563
  26  10       -0.0171201571        0.0495140385
  26   9       -0.0042423407        0.0325086562
  26   8       -0.0334805838       -0.0102030610
  26   7       -0.0251965113        0.0273399599
  26   6        0.0202503561       -0.0297108930
  26   5       -0.0131758873        0.0178465271
  26   4        0.0080982027        0.0568130127
  26   3       -0.0342741831       -0.0153143992
  26   2       -0.0267098039       -0.0230423135
  26   1       -0.0152777623       -0.0114127841
  26   0        0.0162773285        0.0000000000
  26  -1        0.0152777623       -0.0114127841
  26  -2       -0.0267098039        0.0230423135
  26  -3        0.0342741831       -0.0153143992
  26  -4        0.0080982027       -0.0568130127
  26  -5        0.0131758873        0.0178465271
  26  -6        0.0202503561        0.0297108930
  26  -7        0.0251965113        0.0273399599
  26  -8       -0.0334805838        0.0102030610
  26  -9        0.0042423407        0.0325086562
  26 -10       -0.0171201571       -0.0495140385
  26 -11        0.0424450095       -0.0117391563
  26 -12       -0.0206324784       -0.0262432120
  26 -13        0.0203953125        0.0040031959
  26 -14       -0.0083324281       -0.0176441316
  26 -15       -0.0132509391       -0.0031003689
  26 -16       -0.0123756278       -0.0165744940
  26 -17       -0.0103463249        0.0207539935
  26 -18        0.0559268738        0.0366353928
  26 -19        0.0129252747       -0.0494743090
  26 -20       -0.0144567132       -0.0394624355
  26 -21        0.0007100424       -0.0543506471
  26 -22       -0.0368610059       -0.0333851116
  26 -23       -0.0344908202        0.0150850941
  26 -24        0.0039845690        0.0540702793
  26 -25        0.0649610305        0.0152806443
  26 -26        0.0431030302       -0.0045192294
  27  27        0.0210407340        0.0154909419
  27  26        0.0127337112        0.0723560495
  27  25       -0.0297949768        0.0076134589
  27  24        0.0217364716       -0.0233064421
  27  23        0.0149973827        0.0048181855
  27  22       -0.0155126693       -0.0214964415
  27  21        0.0679150920       -0.0088237311
  27  20       -0.0096461020       -0.0510259107
  27  19       -0.0387275221       -0.0486153194
  27  18        0.0044568504       -0.0257356333
  27  17        0.0492248978        0.0197503082
  27  16        0.0015431421        0.0220919635
  27  15        0.0290730485        0.0227208385
  27  14        0.0035660810        0.0146762165
  27  13       -0.0089636221       -0.0487092527
  27  12        0.0476200737        0.0377655374
  27  11        0.0056209976       -0.0092874507
  27  10        0.0209757175        0.0384431167
  27   9       -0.0092052975        0.0148600537
  27   8       -0.0292234027        0.0100985474
  27   7       -0.0217239675       -0.0242160619
  27   6        0.0009952787       -0.0574353098
  27   5       -0.0257961828        0.0275359734
  27   4        0.0402093879        0.0278962206
  27   3        0.0093191874        0.0204165935
  27   2       -0.0435450893        0.0269589223
  27   1        0.0550244732       -0.0126338230
  27   0        0.0165985602        0.0000000000
  27  -1       -0.0550244732       -0.0126338230
  27  -2       -0.0435450893       -0.0269589223
  27  -3       -0.0093191874        0.0204165935
  27  -4        0.0402093879       -0.0278962206
  27  -5        0.0257961828        0.0275359734
  27  -6        0.0009952787        0.0574353098
  27  -7        0.0217239675       -0.0242160619
  27  -8       -0.0292234027       -0.0100985474
  27  -9        0.0092052975        0.0148600537
  27 -10        0.0209757175       -0.0384431167
  27 -11       -0.0056209976       -0.0092874507
  27 -12        0.0476200737       -0.0377655374
  27 -13        0.0089636221       -0.0487092527
  27 -14        0.0035660810       -0.0146762165
  27 -15       -0.0290730485        0.0227208385
  27 -16        0.0015431421       -0.0220919635
  27 -17       -0.0492248978        0.0197503082
  27 -18        0.0044568504        0.0257356333
  27 -19        0.0387275221       -0.0486153194
  27 -20       -0.0096461020        0.0510259107
  27 -21       -0.0679150920       -0.0088237311
  27 -22       -0.0155126693        0.0214964415
  27 -23       -0.0149973827        0.0048181855
  27 -24        0.0217364716        0.0233064421
  27 -25        0.0297949768        0.0076134589
  27 -26        0.0127337112       -0.0723560495
  27 -27       -0.0210407340        0.0154909419
  28  28        0.0302543808       -0.0290611544
  28  27        0.0307217573        0.0143314077
  28  26        0.0229190873        0.0772322222
  28  25       -0.0189702150       -0.0606940082
  28  24        0.0288252113       -0.0621608403
  28  23        0.0108190692        0.0044577072
  28  22        0.0104372257       -0.0337696643
  28  21       -0.0580618538        0.0176511980
  28  20       -0.0211929209        0.0050295759
  28  19       -0.0411859958       -0.0014992108
  28  18        0.0247352848       -0.0619852334
  28  17        0.0142381770       -0.0349549766
  28  16        0.0482933314       -0.0295050035
  28  15       -0.0014137879        0.0478368949
  28  14        0.0098105900        0.0629364091
  28  13        0.0087708785        0.0313636959
  28  12        0.0402730383       -0.0248381686
  28  11        0.0179704387        0.0021577834
  28  10        0.0141611679        0.0183644971
  28   9        0.0156560014        0.0242074068
  28   8       -0.0019199657        0.0050804688
  28   7       -0.0023366011        0.0439244722
  28   6       -0.0251699663       -0.0156380474
  28   5        0.0068408150       -0.0585106745
  28   4        0.0146445313       -0.0139583432
  28   3        0.0584533123       -0.0049764187
  28   2       -0.0086386906        0.0383577240
  28   1       -0.0500374968        0.0211631692
  28   0       -0.0234057379        0.0000000000
  28  -1        0.0500374968        0.0211631692
  28  -2       -0.0086386906       -0.0383577240
  28  -3       -0.0584533123       -0.0049764187
  28  -4        0.0146445313        0.0139583432
  28  -5       -0.0068408150       -0.0585106745
  28  -6       -0.0251699663        0.0156380474
  28  -7        0.0023366011        0.0439244722
  28  -8       -0.0019199657       -0.0050804688
  28  -9       -0.0156560014        0.0242074068
  28 -10        0.0141611679       -0.0183644971
  28 -11       -0.0179704387        0.0021577834
  28 -12        0.0402730383        0.0248381686
  28 -13       -0.0087708785        0.0313636959
  28 -14        0.0098105900       -0.0629364091
  28 -15        0.0014137879        0.0478368949
  28 -16        0.0482933314        0.0295050035
  28 -17       -0.0142381770       -0.0349549766
  28 -18        0.0247352848        0.0619852334
  28 -19        0.0411859958       -0.0014992108
  28 -20       -0.0211929209       -0.0050295759
  28 -21        0.0580618538        0.0176511980
  28 -22        0.0104372257        0.0337696643
  28 -23       -0.0108190692        0.0044577072
  28 -24        0.0288252113        0.0621608403
  28 -25        0.0189702150       -0.0606940082
  28 -26        0.0229190873       -0.0772322222
  28 -27       -0.0307217573        0.0143314077
  28 -28        0.0302543808        0.0290611544
  29  29       -0.0646363218        0.0297905949
  29  28       -0.0141940243       -0.0038199925
  29  27       -0.0103849594       -0.0290881470
  29  26       -0.0089659771        0.0080591166
  29  25       -0.0548139581        0.0292600638
  29  24       -0.0111619494        0.0406442784
  29  23       -0.0214239447        0.0172330091
  29  22        0.0019399158        0.0354540444
  29  21        0.0274322058        0.0318679915
  29  20       -0.0456085657        0.0562862183
  29  19       -0.0118379709        0.0267487788
  29  18       -0.0387469047        0.0311109194
  29  17       -0.0760886299        0.0658967095
  29  16       -0.0022156107        0.0116410326
  29  15        0.0019306120       -0.0178486696
  29  14       -0.0216807339       -0.0254439614
  29  13       -0.0627920091       -0.0057895109
  29  12       -0.0420021385       -0.0712575681
  29  11        0.0478347849       -0.0365420828
  29  10        0.0540737897       -0.0170750401
  29   9        0.0247052980        0.0453620822
  29   8        0.0276017895        0.0056598640
  29   7        0.0061030066        0.0521267998
  29   6        0.0124458165        0.0436813662
  29   5       -0.0037551680       -0.0307400937
  29   4       -0.0262805253       -0.0193987854
  29   3       -0.0122811596        0.0287767284
  29   2        0.0413243522       -0.0012527379
  29   1        0.0302964624        0.0358592746
  29   0        0.0282076594        0.0000000000
  29  -1       -0.0302964624        0.0358592746
  29  -2        0.0413243522        0.0012527379
  29  -3        0.0122811596        0.0287767284
  29  -4       -0.0262805253        0.0193987854
  29  -5        0.0037551680       -0.0307400937
  29  -6        0.0124458165       -0.0436813662
  29  -7       -0.0061030066        0.0521267998
  29  -8        0.0276017895       -0.0056598640
  29  -9       -0.0247052980        0.0453620822
  29 -10        0.0540737897        0.0170750401
  29 -11       -0.0478347849       -0.0365420828
  29 -12       -0.0420021385        0.0712575681
  29 -13        0.0627920091       -0.0057895109
  29 -14       -0.0216807339        0.0254439614
  29 -15       -0.0019306120       -0.0178486696
  29 -16       -0.0022156107       -0.0116410326
  29 -17        0.0760886299        0.0658967095
  29 -18       -0.0387469047       -0.0311109194
  29 -19        0.0118379709        0.0267487788
  29 -20       -0.0456085657       -0.0562862183
  29 -21       -0.0274322058        0.0318679915
  29 -22        0.0019399158       -0.0354540444
  29 -23        0.0214239447        0.0172330091
  29 -24       -0.0111619494       -0.0406442784
  29 -25        0.0548139581        0.0292600638
  29 -26       -0.0089659771       -0.0080591166
  29 -27        0.0103849594       -0.0290881470
  29 -28       -0.0141940243        0.0038199925
  29 -29        0.0646363218        0.0297905949
  30  30       -0.0397116487        0.0316475504
  30  29       -0.0268249577       -0.0567008092
  30  28        0.0025749537       -0.0211121868
  30  27        0.0108688702        0.0579649911
  30  26       -0.0050793091       -0.0361899572
  30  25       -0.0141426272        0.0051063439
  30  24       -0.0006649938        0.0045303206
  30  23        0.0603364850        0.0133949731
  30  22       -0.0043354560       -0.0054370384
  30  21        0.0867050014        0.0559705275
  30  20       -0.0057831581       -0.0010516278
  30  19        0.0400328843        0.0006870302
  30  18       -0.0452527857        0.0137674114
  30  17       -0.0008583991       -0.0266044562
  30  16        0.0003720184        0.0303358981
  30  15        0.0110885741       -0.0192225883
  30  14       -0.0149337048       -0.0132339910
  30  13       -0.0200234658        0.0210255756
  30  12       -0.0392480791       -0.0141804971
  30  11       -0.0632802731       -0.0297578636
  30  10        0.0144419069       -0.0350119318
  30   9        0.0117805120       -0.0021821571
  30   8        0.0380530650        0.0126714448
  30   7       -0.0085929848       -0.0102786148
  30   6       -0.0062480970       -0.0243726850
  30   5       -0.0343114534        0.0299242210
  30   4       -0.0155011370       -0.0271768464
  30   3        0.0116225221       -0.0312155924
  30   2        0.0395611571       -0.0196587605
  30   1       -0.0366147660       -0.0088033204
  30   0        0.0463875257        0.0000000000
  30  -1        0.0366147660       -0.0088033204
  30  -2        0.0395611571        0.0196587605
  30  -3       -0.0116225221       -0.0312155924
  30  -4       -0.0155011370        0.0271768464
  30  -5        0.0343114534        0.0299242210
  30  -6       -0.0062480970        0.0243726850
  30  -7        0.0085929848       -0.0102786148
  30  -8        0.0380530650       -0.0126714448
  30  -9       -0.0117805120       -0.0021821571
  30 -10        0.0144419069        0.0350119318
  30 -11        0.0632802731       -0.0297578636
  30 -12       -0.0392480791        0.0141804971
  30 -13        0.0200234658        0.0210255756
  30 -14       -0.0149337048        0.0132339910
  30 -15       -0.0110885741       -0.0192225883
  30 -16        0.0003720184       -0.0303358981
  30 -17        0.0008583991       -0.0266044562
  30 -18       -0.0452527857       -0.0137674114
  30 -19       -0.0400328843        0.0006870302
  30 -20       -0.0057831581        0.0010516278
  30 -21       -0.0867050014        0.0559705275
  30 -22       -0.0043354560        0.0054370384
  30 -23       -0.0603364850        0.0133949731
  30 -24       -0.0006649938       -0.0045303206
  30 -25        0.0141426272        0.0051063439
  30 -26       -0.0050793091        0.0361899572
  30 -27       -0.0108688702        0.0579649911
  30 -28        0.0025749537        0.0211121868
  30 -29        0.0268249577       -0.0567008092
  30 -30       -0.0397116487       -0.0316475504
