   0   0       82.9973362116        0.0000000000
   1   1       -1.3346827608       -0.0515796462
   1   0        3.9951425402        0.0000000000
   1  -1        1.3346827608       -0.0515796462
   2   2       -0.5872641760       -2.1800839701
   2   1       -2.0696347983       -0.0373055910
   2   0      -22.8085427924        0.0000000000
   2  -1        2.0696347983       -0.0373055910
   2  -2       -0.5872641760        2.1800839701
   3   3       -2.6780046913       -1.7963399787
   3   2       -0.7685599859       -1.2240922793
   3   1       -0.4430583293        0.0160441502
   3   0        3.2478842838        0.0000000000
   3  -1        0.4430583293        0.0160441502
   3  -2       -0.7685599859        1.2240922793
   3  -3        2.6780046913       -1.7963399787
   4   4       -0.6149686975       -0.8201561798
   4   3       -0.3441908129       -0.1188239642
   4   2       -0.4837353851        0.2012346492
   4   1        1.5286003169        0.0790452687
   4   0        6.7164864081        0.0000000000
   4  -1       -1.5286003169        0.0790452687
   4  -2       -0.4837353851       -0.2012346492
   4  -3        0.3441908129       -0.1188239642
   4  -4       -0.6149686975        0.8201561798
   5   5        0.3398715995       -0.4390545698
   5   4       -0.5912397265       -0.2814862082
   5   3        1.2543609536        1.0450784082
   5   2        0.1494421476        0.2086990145
   5   1        0.5663058584        0.4049814509
   5   0       -3.9049101617        0.0000000000
   5  -1       -0.5663058584        0.4049814509
   5  -2        0.1494421476       -0.2086990145
   5  -3       -1.2543609536        1.0450784082
   5  -4       -0.5912397265        0.2814862082
   5  -5       -0.3398715995       -0.4390545698
   6   6        0.4362833746       -0.5088711585
   6   5       -0.0513051223        0.6237560748
   6   4        0.0069959155        0.4146838419
   6   3       -0.1070332812        0.0547787179
   6   2        0.4617891363        0.0795963573
   6   1       -0.9510334861        0.5971285760
   6   0       -0.8760089236        0.0000000000
   6  -1        0.9510334861        0.5971285760
   6  -2        0.4617891363       -0.0795963573
   6  -3        0.1070332812        0.0547787179
   6  -4        0.0069959155       -0.4146838419
   6  -5        0.0513051223        0.6237560748
   6  -6        0.4362833746        0.5088711585
   7   7       -0.7642015055        0.3372058631
   7   6       -0.2011310137        0.3875800641
   7   5       -0.1874316631        0.5989627220
   7   4        0.1960842167        0.3972521900
   7   3       -0.7265101060       -0.4972732239
   7   2        0.0637472493        0.0931361225
   7   1       -0.0565988144        0.0937694489
   7   0        2.6434957737        0.0000000000
   7  -1        0.0565988144        0.0937694489
   7  -2        0.0637472493       -0.0931361225
   7  -3        0.7265101060       -0.4972732239
   7  -4        0.1960842167       -0.3972521900
   7  -5        0.1874316631        0.5989627220
   7  -6       -0.2011310137       -0.3875800641
   7  -7        0.7642015055        0.3372058631
   8   8        0.1948320275        0.0328362366
   8   7       -0.0402982876       -0.2148764401
   8   6       -0.4104301103        0.2418901261
   8   5       -0.2099758690       -0.2423786882
   8   4       -0.0585558309        0.0152259305
   8   3        0.3000619644       -0.0357812896
   8   2       -0.3142840131       -0.2537584100
   8   1        0.7600055335       -0.5107980449
   8   0       -0.9338090807        0.0000000000
   8  -1       -0.7600055335       -0.5107980449
   8  -2       -0.3142840131        0.2537584100
   8  -3       -0.3000619644       -0.0357812896
   8  -4       -0.0585558309       -0.0152259305
   8  -5        0.2099758690       -0.2423786882
   8  -6       -0.4104301103       -0.2418901261
   8  -7        0.0402982876       -0.2148764401
   8  -8        0.1948320275       -0.0328362366
   9   9       -0.0396930224        0.3078201655
   9   8        0.1876985018       -0.0889669221
   9   7        0.4047845961       -0.3206265943
   9   6        0.0329898357       -0.3807359339
   9   5       -0.2283816181       -0.1590954523
   9   4       -0.1936282092       -0.2734590167
   9   3        0.4546295364        0.0254586316
   9   2       -0.0111390146       -0.2760564661
   9   1       -0.1550685556       -0.4183250776
   9   0       -1.1456897105        0.0000000000
   9  -1        0.1550685556       -0.4183250776
   9  -2       -0.0111390146        0.2760564661
   9  -3       -0.4546295364        0.0254586316
   9  -4       -0.1936282092        0.2734590167
   9  -5        0.2283816181       -0.1590954523
   9  -6        0.0329898357        0.3807359339
   9  -7       -0.4047845961       -0.3206265943
   9  -8        0.1876985018        0.0889669221
   9  -9        0.0396930224        0.3078201655
  10  10        0.1933697055       -0.4350121251
  10   9        0.0508416423       -0.1727310712
  10   8        0.1866188329       -0.1231801632
  10   7        0.2480222483        0.0456345474
  10   6        0.2692296802       -0.2524496954
  10   5       -0.0469775307        0.4475817112
  10   4        0.0874164365       -0.2352852412
  10   3       -0.2776367524       -0.1724709119
  10   2        0.3103188923        0.0821129403
  10   1       -0.5018934990        0.1086329411
  10   0        0.9808439555        0.0000000000
  10  -1        0.5018934990        0.1086329411
  10  -2        0.3103188923       -0.0821129403
  10  -3        0.2776367524       -0.1724709119
  10  -4        0.0874164365        0.2352852412
  10  -5        0.0469775307        0.4475817112
  10  -6        0.2692296802        0.2524496954
  10  -7       -0.2480222483        0.0456345474
  10  -8        0.1866188329        0.1231801632
  10  -9       -0.0508416423       -0.1727310712
  10 -10        0.1933697055        0.4350121251
  11  11        0.1254776015       -0.0556599555
  11  10        0.2481243791        0.0514304345
  11   9       -0.0546683598       -0.2451373575
  11   8        0.0834615689        0.1826949577
  11   7        0.1023509836        0.1416850068
  11   6        0.0380929090        0.2051495757
  11   5        0.3270804979        0.2051351815
  11   4        0.1670072044        0.0398602992
  11   3       -0.2590937449        0.0355718324
  11   2        0.0161556326        0.0949463558
  11   1        0.2166142027        0.2839811087
  11   0       -0.0057304714        0.0000000000
  11  -1       -0.2166142027        0.2839811087
  11  -2        0.0161556326       -0.0949463558
  11  -3        0.2590937449        0.0355718324
  11  -4        0.1670072044       -0.0398602992
  11  -5       -0.3270804979        0.2051351815
  11  -6        0.0380929090       -0.2051495757
  11  -7       -0.1023509836        0.1416850068
  11  -8        0.0834615689       -0.1826949577
  11  -9        0.0546683598       -0.2451373575
  11 -10        0.2481243791       -0.0514304345
  11 -11       -0.1254776015       -0.0556599555
  12  12        0.0415348527       -0.2652163641
  12  11       -0.0445876187        0.1704045517
  12  10        0.0021490118       -0.0004488519
  12   9       -0.1716077329        0.0684258625
  12   8       -0.0529580626        0.2875271209
  12   7        0.0692014012        0.0973076250
  12   6       -0.0699940603        0.1700166921
  12   5        0.1862643939       -0.2682601137
  12   4       -0.0730050117        0.1710695552
  12   3        0.1890919967        0.1464851519
  12   2       -0.2674870557       -0.0754792432
  12   1        0.1628835104        0.1388799789
  12   0       -0.6152110153        0.0000000000
  12  -1       -0.1628835104        0.1388799789
  12  -2       -0.2674870557        0.0754792432
  12  -3       -0.1890919967        0.1464851519
  12  -4       -0.0730050117       -0.1710695552
  12  -5       -0.1862643939       -0.2682601137
  12  -6       -0.0699940603       -0.1700166921
  12  -7       -0.0692014012        0.0973076250
  12  -8       -0.0529580626       -0.2875271209
  12  -9        0.1716077329        0.0684258625
  12 -10        0.0021490118        0.0004488519
  12 -11        0.0445876187        0.1704045517
  12 -12        0.0415348527        0.2652163641
  13  13        0.0145865993       -0.1269050637
  13  12        0.0009626521        0.2895672572
  13  11       -0.0332726108       -0.0574410060
  13  10       -0.1516251382       -0.2708345491
  13   9       -0.1652696675        0.1235422476
  13   8       -0.0009068935       -0.0212867570
  13   7       -0.0691262322       -0.0272428183
  13   6       -0.0273421134        0.1379093389
  13   5       -0.1619475528       -0.1361198154
  13   4       -0.1266838386        0.0039020790
  13   3        0.1179217684       -0.1264176918
  13   2       -0.1051428258        0.1447290145
  13   1       -0.3096386425        0.0999850522
  13   0        0.4657208506        0.0000000000
  13  -1        0.3096386425        0.0999850522
  13  -2       -0.1051428258       -0.1447290145
  13  -3       -0.1179217684       -0.1264176918
  13  -4       -0.1266838386       -0.0039020790
  13  -5        0.1619475528       -0.1361198154
  13  -6       -0.0273421134       -0.1379093389
  13  -7        0.0691262322       -0.0272428183
  13  -8       -0.0009068935        0.0212867570
  13  -9        0.1652696675        0.1235422476
  13 -10       -0.1516251382        0.2708345491
  13 -11        0.0332726108       -0.0574410060
  13 -12        0.0009626521       -0.2895672572
  13 -13       -0.0145865993       -0.1269050637
  14  14        0.0422163646       -0.0428901058
  14  13       -0.1758430505        0.1022558808
  14  12       -0.0163580677        0.1833667102
  14  11        0.0824912967       -0.2508056979
  14  10       -0.1271049272       -0.1937738085
  14   9       -0.0668473767       -0.0560026472
  14   8       -0.0555756880       -0.2617840976
  14   7       -0.1049027967       -0.0971247476
  14   6       -0.0057574719        0.0937546800
  14   5       -0.0908698330        0.0702606420
  14   4       -0.0482774676       -0.1219218374
  14   3       -0.0681665188       -0.1117990551
  14   2        0.0399543179        0.2482234055
  14   1        0.0461259482       -0.0814564229
  14   0        0.1500291827        0.0000000000
  14  -1       -0.0461259482       -0.0814564229
  14  -2        0.0399543179       -0.2482234055
  14  -3        0.0681665188       -0.1117990551
  14  -4       -0.0482774676        0.1219218374
  14  -5        0.0908698330        0.0702606420
  14  -6       -0.0057574719       -0.0937546800
  14  -7        0.1049027967       -0.0971247476
  14  -8       -0.0555756880        0.2617840976
  14  -9        0.0668473767       -0.0560026472
  14 -10       -0.1271049272        0.1937738085
  14 -11       -0.0824912967       -0.2508056979
  14 -12       -0.0163580677       -0.1833667102
  14 -13        0.1758430505        0.1022558808
  14 -14        0.0422163646        0.0428901058
  15  15       -0.1528790890        0.1306247270
  15  14       -0.0282126144       -0.0620651033
  15  13       -0.0410497350        0.1596746733
  15  12        0.0568565441       -0.0273324311
  15  11        0.1713179698       -0.0483885065
  15  10       -0.0868743719       -0.1144135935
  15   9       -0.0076108249       -0.0868933248
  15   8       -0.0877328153       -0.1258843283
  15   7       -0.0290296770       -0.1043372583
  15   6       -0.0011743488       -0.1481793857
  15   5        0.0002915634       -0.0066593064
  15   4        0.0740682464       -0.0101641414
  15   3       -0.0655697786        0.0566712931
  15   2        0.0271404636       -0.1666667215
  15   1        0.2609422081       -0.3182485213
  15   0       -0.5039994439        0.0000000000
  15  -1       -0.2609422081       -0.3182485213
  15  -2        0.0271404636        0.1666667215
  15  -3        0.0655697786        0.0566712931
  15  -4        0.0740682464        0.0101641414
  15  -5       -0.0002915634       -0.0066593064
  15  -6       -0.0011743488        0.1481793857
  15  -7        0.0290296770       -0.1043372583
  15  -8       -0.0877328153        0.1258843283
  15  -9        0.0076108249       -0.0868933248
  15 -10       -0.0868743719        0.1144135935
  15 -11       -0.1713179698       -0.0483885065
  15 -12        0.0568565441        0.0273324311
  15 -13        0.0410497350        0.1596746733
  15 -14       -0.0282126144        0.0620651033
  15 -15        0.1528790890        0.1306247270
  16  16       -0.0662951932        0.0873644870
  16  15        0.0252917655       -0.0689344638
  16  14       -0.0210390864       -0.0454990695
  16  13       -0.1379788291        0.1789119547
  16  12        0.1058415921        0.1898872643
  16  11        0.1626457446        0.0343283706
  16  10       -0.0417514725        0.0017814612
  16   9        0.1737818156       -0.0406122336
  16   8       -0.0132976564       -0.0290776099
  16   7        0.0273630185        0.0238941952
  16   6       -0.0047182836       -0.1679061173
  16   5       -0.0834193978       -0.0600776909
  16   4        0.1807829679       -0.0084982106
  16   3       -0.0906181660       -0.0577044666
  16   2        0.0735538825       -0.2371185494
  16   1       -0.1537242486       -0.0932371274
  16   0        0.1915786819        0.0000000000
  16  -1        0.1537242486       -0.0932371274
  16  -2        0.0735538825        0.2371185494
  16  -3        0.0906181660       -0.0577044666
  16  -4        0.1807829679        0.0084982106
  16  -5        0.0834193978       -0.0600776909
  16  -6       -0.0047182836        0.1679061173
  16  -7       -0.0273630185        0.0238941952
  16  -8       -0.0132976564        0.0290776099
  16  -9       -0.1737818156       -0.0406122336
  16 -10       -0.0417514725       -0.0017814612
  16 -11       -0.1626457446        0.0343283706
  16 -12        0.1058415921       -0.1898872643
  16 -13        0.1379788291        0.1789119547
  16 -14       -0.0210390864        0.0454990695
  16 -15       -0.0252917655       -0.0689344638
  16 -16       -0.0662951932       -0.0873644870
  17  17       -0.2053807242        0.0096107132
  17  16        0.1429911225        0.0136233476
  17  15        0.0863845051       -0.0312490875
  17  14       -0.0082611253       -0.0474053848
  17  13       -0.2319577415        0.1770607415
  17  12        0.0763237684        0.2373187734
  17  11        0.0292914926       -0.0376569680
  17  10        0.0794773410        0.2252215010
  17   9        0.1648102812       -0.0102563994
  17   8        0.0932724123        0.0287189409
  17   7        0.1070794448        0.0932277683
  17   6       -0.0093199715        0.0222646193
  17   5       -0.0152157042        0.0326132861
  17   4        0.0873086127       -0.1322084622
  17   3        0.0294789680        0.0369016439
  17   2        0.0549023045        0.0841033224
  17   1       -0.0834139799        0.2330267891
  17   0        0.2779225692        0.0000000000
  17  -1        0.0834139799        0.2330267891
  17  -2        0.0549023045       -0.0841033224
  17  -3       -0.0294789680        0.0369016439
  17  -4        0.0873086127        0.1322084622
  17  -5        0.0152157042        0.0326132861
  17  -6       -0.0093199715       -0.0222646193
  17  -7       -0.1070794448        0.0932277683
  17  -8        0.0932724123       -0.0287189409
  17  -9       -0.1648102812       -0.0102563994
  17 -10        0.0794773410       -0.2252215010
  17 -11       -0.0292914926       -0.0376569680
  17 -12        0.0763237684       -0.2373187734
  17 -13        0.2319577415        0.1770607415
  17 -14       -0.0082611253        0.0474053848
  17 -15       -0.0863845051       -0.0312490875
  17 -16        0.1429911225       -0.0136233476
  17 -17        0.2053807242        0.0096107132
  18  18       -0.1450570191       -0.0595757539
  18  17        0.0772561582        0.0108411203
  18  16        0.0251873783        0.0042475027
  18  15        0.0287771711        0.0345143591
  18  14       -0.1099997444       -0.0924571574
  18  13       -0.0163188629        0.0688742623
  18  12        0.0425186117       -0.0033091965
  18  11       -0.1272116208        0.0265519510
  18  10        0.0490739411        0.2751077410
  18   9       -0.0411135881        0.0444431708
  18   8        0.0800025568        0.1598596854
  18   7        0.1202036922        0.0046382080
  18   6       -0.0056741103        0.1040047638
  18   5        0.1965012647        0.0825540357
  18   4       -0.1234757534       -0.0040840002
  18   3        0.1650407662        0.2336827133
  18   2       -0.0826975945        0.0248144909
  18   1        0.2044531256        0.1575680699
  18   0       -0.3916443243        0.0000000000
  18  -1       -0.2044531256        0.1575680699
  18  -2       -0.0826975945       -0.0248144909
  18  -3       -0.1650407662        0.2336827133
  18  -4       -0.1234757534        0.0040840002
  18  -5       -0.1965012647        0.0825540357
  18  -6       -0.0056741103       -0.1040047638
  18  -7       -0.1202036922        0.0046382080
  18  -8        0.0800025568       -0.1598596854
  18  -9        0.0411135881        0.0444431708
  18 -10        0.0490739411       -0.2751077410
  18 -11        0.1272116208        0.0265519510
  18 -12        0.0425186117        0.0033091965
  18 -13        0.0163188629        0.0688742623
  18 -14       -0.1099997444        0.0924571574
  18 -15       -0.0287771711        0.0345143591
  18 -16        0.0251873783       -0.0042475027
  18 -17       -0.0772561582        0.0108411203
  18 -18       -0.1450570191        0.0595757539
  19  19        0.1344569949        0.0977610337
  19  18       -0.0157862348       -0.0030102611
  19  17       -0.0565879396        0.0448291000
  19  16        0.0304781510       -0.0000312400
  19  15        0.0525335841       -0.0794994503
  19  14       -0.1489409156       -0.1023391794
  19  13        0.0433343860       -0.0218586963
  19  12       -0.0741545402       -0.0927296717
  19  11       -0.1599204585        0.1690397149
  19  10       -0.0244557887       -0.0004846142
  19   9       -0.1791152248        0.0571649681
  19   8        0.0094692676        0.1649786222
  19   7       -0.0331344697        0.0178802810
  19   6        0.0057048116        0.0475517867
  19   5        0.1566310643        0.0361820011
  19   4       -0.2102913378        0.1880358013
  19   3        0.0160190367       -0.0157276046
  19   2       -0.1124270580       -0.0751938648
  19   1       -0.0287881304       -0.0352221102
  19   0       -0.0845206470        0.0000000000
  19  -1        0.0287881304       -0.0352221102
  19  -2       -0.1124270580        0.0751938648
  19  -3       -0.0160190367       -0.0157276046
  19  -4       -0.2102913378       -0.1880358013
  19  -5       -0.1566310643        0.0361820011
  19  -6        0.0057048116       -0.0475517867
  19  -7        0.0331344697        0.0178802810
  19  -8        0.0094692676       -0.1649786222
  19  -9        0.1791152248        0.0571649681
  19 -10       -0.0244557887        0.0004846142
  19 -11        0.1599204585        0.1690397149
  19 -12       -0.0741545402        0.0927296717
  19 -13       -0.0433343860       -0.0218586963
  19 -14       -0.1489409156        0.1023391794
  19 -15       -0.0525335841       -0.0794994503
  19 -16        0.0304781510        0.0000312400
  19 -17        0.0565879396        0.0448291000
  19 -18       -0.0157862348        0.0030102611
  19 -19       -0.1344569949        0.0977610337
  20  20        0.0753314011       -0.0874761379
  20  19       -0.0601282199        0.0520011435
  20  18       -0.0586476172       -0.0925407915
  20  17       -0.0704784470        0.1022024768
  20  16        0.2013862637        0.0197106207
  20  15        0.0982792371       -0.1253797875
  20  14       -0.0257787166       -0.0480256397
  20  13       -0.1269791491       -0.0265040129
  20  12       -0.1195609841       -0.0523186949
  20  11       -0.1115497082        0.0243555188
  20  10       -0.0181473874       -0.1034570898
  20   9       -0.0903398966       -0.0029963969
  20   8       -0.0200793613        0.0087545191
  20   7       -0.1708306842        0.0477262357
  20   6       -0.0314913082        0.0243613355
  20   5       -0.0824021345       -0.0460947696
  20   4       -0.0602987279        0.0861540703
  20   3       -0.1005386943       -0.2383956362
  20   2       -0.0510468764        0.1242054194
  20   1       -0.1451048775       -0.0546841128
  20   0        0.2729788794        0.0000000000
  20  -1        0.1451048775       -0.0546841128
  20  -2       -0.0510468764       -0.1242054194
  20  -3        0.1005386943       -0.2383956362
  20  -4       -0.0602987279       -0.0861540703
  20  -5        0.0824021345       -0.0460947696
  20  -6       -0.0314913082       -0.0243613355
  20  -7        0.1708306842        0.0477262357
  20  -8       -0.0200793613       -0.0087545191
  20  -9        0.0903398966       -0.0029963969
  20 -10       -0.0181473874        0.1034570898
  20 -11        0.1115497082        0.0243555188
  20 -12       -0.1195609841        0.0523186949
  20 -13        0.1269791491       -0.0265040129
  20 -14       -0.0257787166        0.0480256397
  20 -15       -0.0982792371       -0.1253797875
  20 -16        0.2013862637       -0.0197106207
  20 -17        0.0704784470        0.1022024768
  20 -18       -0.0586476172        0.0925407915
  20 -19        0.0601282199        0.0520011435
  20 -20        0.0753314011        0.0874761379
  21  21        0.0916374512       -0.0404511011
  21  20        0.0319043318        0.0535947304
  21  19        0.0431362678       -0.1158377345
  21  18       -0.1165606462       -0.0474937183
  21  17        0.1125595674        0.1030138856
  21  16        0.1252524716        0.0482135925
  21  15        0.0388773654       -0.0685429878
  21  14        0.0874043247        0.0363314111
  21  13        0.0338129318       -0.0799850756
  21  12       -0.0400018150       -0.1270126715
  21  11       -0.0248199627       -0.1099849654
  21  10        0.0162314368       -0.0381705178
  21   9        0.0288658260       -0.0276312364
  21   8       -0.0644660257       -0.1085405716
  21   7       -0.0770944424       -0.0155701991
  21   6       -0.0380812398       -0.0014099596
  21   5       -0.0803746101       -0.1058659365
  21   4        0.0724021470       -0.0869731210
  21   3       -0.0094016356       -0.0396217476
  21   2       -0.0326083542        0.1207612799
  21   1        0.0540816584       -0.0492214293
  21   0       -0.1155614428        0.0000000000
  21  -1       -0.0540816584       -0.0492214293
  21  -2       -0.0326083542       -0.1207612799
  21  -3        0.0094016356       -0.0396217476
  21  -4        0.0724021470        0.0869731210
  21  -5        0.0803746101       -0.1058659365
  21  -6       -0.0380812398        0.0014099596
  21  -7        0.0770944424       -0.0155701991
  21  -8       -0.0644660257        0.1085405716
  21  -9       -0.0288658260       -0.0276312364
  21 -10        0.0162314368        0.0381705178
  21 -11        0.0248199627       -0.1099849654
  21 -12       -0.0400018150        0.1270126715
  21 -13       -0.0338129318       -0.0799850756
  21 -14        0.0874043247       -0.0363314111
  21 -15       -0.0388773654       -0.0685429878
  21 -16        0.1252524716       -0.0482135925
  21 -17       -0.1125595674        0.1030138856
  21 -18       -0.1165606462        0.0474937183
  21 -19       -0.0431362678       -0.1158377345
  21 -20        0.0319043318       -0.0535947304
  21 -21       -0.0916374512       -0.0404511011
  22  22       -0.0528724112       -0.0051710486
  22  21       -0.0571223233       -0.0139523477
  22  20        0.0053106224        0.0165761531
  22  19        0.0818850103       -0.1039030718
  22  18       -0.1009650684        0.0325096860
  22  17        0.0491917523        0.0897581068
  22  16       -0.0187369602        0.0135837951
  22  15       -0.0148261287       -0.0277417503
  22  14        0.1230125520        0.0385404633
  22  13        0.2412267063       -0.1041668363
  22  12        0.0543115809       -0.0679701882
  22  11        0.0955171499       -0.0762044066
  22  10       -0.0128016114       -0.1147490499
  22   9        0.0458710255        0.0253824592
  22   8        0.0026167795       -0.0976307343
  22   7        0.0850407425       -0.0633227135
  22   6        0.0673107425       -0.0972490340
  22   5        0.0093371126       -0.0135909017
  22   4        0.0445563021       -0.0742461323
  22   3        0.0207846157        0.1053144410
  22   2        0.0493244176       -0.1333247551
  22   1        0.0199328317       -0.0614403006
  22   0       -0.0676278286        0.0000000000
  22  -1       -0.0199328317       -0.0614403006
  22  -2        0.0493244176        0.1333247551
  22  -3       -0.0207846157        0.1053144410
  22  -4        0.0445563021        0.0742461323
  22  -5       -0.0093371126       -0.0135909017
  22  -6        0.0673107425        0.0972490340
  22  -7       -0.0850407425       -0.0633227135
  22  -8        0.0026167795        0.0976307343
  22  -9       -0.0458710255        0.0253824592
  22 -10       -0.0128016114        0.1147490499
  22 -11       -0.0955171499       -0.0762044066
  22 -12        0.0543115809        0.0679701882
  22 -13       -0.2412267063       -0.1041668363
  22 -14        0.1230125520       -0.0385404633
  22 -15        0.0148261287       -0.0277417503
  22 -16       -0.0187369602       -0.0135837951
  22 -17       -0.0491917523        0.0897581068
  22 -18       -0.1009650684       -0.0325096860
  22 -19       -0.0818850103       -0.1039030718
  22 -20        0.0053106224       -0.0165761531
  22 -21        0.0571223233       -0.0139523477
  22 -22       -0.0528724112        0.0051710486
  23  23        0.0296789917        0.0423036065
  23  22        0.0360146378        0.0077952299
  23  21        0.0418160776        0.0766671416
  23  20        0.0024126408        0.0316166441
  23  19       -0.0315964967       -0.0813157433
  23  18       -0.1606496248       -0.0197781614
  23  17       -0.0783836685        0.1137843803
  23  16        0.0655673206       -0.0286439353
  23  15       -0.0232880414        0.0724881103
  23  14        0.1096012815        0.0334669042
  23  13        0.0746124148        0.0029702793
  23  12        0.0427196362        0.0897413029
  23  11        0.1131811549       -0.0337048027
  23  10       -0.0193858949       -0.0867321505
  23   9        0.1380323972        0.0175124564
  23   8        0.0807386798       -0.0439107687
  23   7        0.1057906584       -0.0475967970
  23   6        0.0780898698       -0.0832855229
  23   5       -0.0294441310        0.1069931651
  23   4        0.0860739860       -0.0334105542
  23   3       -0.0133582943        0.0090642569
  23   2        0.1420110655       -0.1576432298
  23   1       -0.0641947566        0.0476303478
  23   0        0.2564211048        0.0000000000
  23  -1        0.0641947566        0.0476303478
  23  -2        0.1420110655        0.1576432298
  23  -3        0.0133582943        0.0090642569
  23  -4        0.0860739860        0.0334105542
  23  -5        0.0294441310        0.1069931651
  23  -6        0.0780898698        0.0832855229
  23  -7       -0.1057906584       -0.0475967970
  23  -8        0.0807386798        0.0439107687
  23  -9       -0.1380323972        0.0175124564
  23 -10       -0.0193858949        0.0867321505
  23 -11       -0.1131811549       -0.0337048027
  23 -12        0.0427196362       -0.0897413029
  23 -13       -0.0746124148        0.0029702793
  23 -14        0.1096012815       -0.0334669042
  23 -15        0.0232880414        0.0724881103
  23 -16        0.0655673206        0.0286439353
  23 -17        0.0783836685        0.1137843803
  23 -18       -0.1606496248        0.0197781614
  23 -19        0.0315964967       -0.0813157433
  23 -20        0.0024126408       -0.0316166441
  23 -21       -0.0418160776        0.0766671416
  23 -22        0.0360146378       -0.0077952299
  23 -23       -0.0296789917        0.0423036065
  24  24        0.0795078436        0.0165041166
  24  23        0.0283492665        0.0212933098
  24  22        0.0189353404        0.0392301086
  24  21        0.0596103257        0.0747546391
  24  20        0.0651561804        0.0116475184
  24  19       -0.0603538122       -0.1570223745
  24  18       -0.1666749383       -0.0115692380
  24  17        0.0082630185        0.0666099783
  24  16        0.0387688146       -0.0030958086
  24  15       -0.0110843285        0.1805747791
  24  14        0.0251230932        0.0399411653
  24  13       -0.1558063942        0.1089286808
  24  12        0.0496373206        0.0989478774
  24  11        0.0191303079       -0.0064324772
  24  10        0.0292115593        0.1278266558
  24   9        0.1367989664       -0.0526811935
  24   8       -0.0161669587        0.0494912527
  24   7        0.0763468115        0.0138124479
  24   6       -0.0458068180        0.0036016576
  24   5        0.0396653158        0.0429379875
  24   4        0.0871357919       -0.0506404502
  24   3        0.0550975785        0.0459672504
  24   2        0.0223218102        0.0490534759
  24   1        0.0828817470        0.0981720257
  24   0       -0.0055525779        0.0000000000
  24  -1       -0.0828817470        0.0981720257
  24  -2        0.0223218102       -0.0490534759
  24  -3       -0.0550975785        0.0459672504
  24  -4        0.0871357919        0.0506404502
  24  -5       -0.0396653158        0.0429379875
  24  -6       -0.0458068180       -0.0036016576
  24  -7       -0.0763468115        0.0138124479
  24  -8       -0.0161669587       -0.0494912527
  24  -9       -0.1367989664       -0.0526811935
  24 -10        0.0292115593       -0.1278266558
  24 -11       -0.0191303079       -0.0064324772
  24 -12        0.0496373206       -0.0989478774
  24 -13        0.1558063942        0.1089286808
  24 -14        0.0251230932       -0.0399411653
  24 -15        0.0110843285        0.1805747791
  24 -16        0.0387688146        0.0030958086
  24 -17       -0.0082630185        0.0666099783
  24 -18       -0.1666749383        0.0115692380
  24 -19        0.0603538122       -0.1570223745
  24 -20        0.0651561804       -0.0116475184
  24 -21       -0.0596103257        0.0747546391
  24 -22        0.0189353404       -0.0392301086
  24 -23       -0.0283492665        0.0212933098
  24 -24        0.0795078436       -0.0165041166
  25  25       -0.1096793132        0.0692612808
  25  24        0.0656734852        0.0051503956
  25  23        0.0483165296       -0.0533534209
  25  22       -0.1020044342       -0.0122051754
  25  21       -0.0170503193       -0.0220523594
  25  20        0.1123122464       -0.0588804351
  25  19       -0.0096630485       -0.1239166085
  25  18       -0.0333590461        0.0518654365
  25  17        0.0579273919       -0.0282671266
  25  16       -0.1489325929       -0.0295409764
  25  15       -0.0245389225        0.0467381497
  25  14       -0.0851741765        0.0284130589
  25  13       -0.0750859282        0.0983256299
  25  12        0.0603539063        0.0102063422
  25  11       -0.0530421254        0.0289682308
  25  10       -0.0013101312        0.1722995026
  25   9       -0.0734071399       -0.0517920669
  25   8       -0.0714051941        0.1302170369
  25   7        0.0337515125        0.0178107420
  25   6       -0.0671483592        0.0520487674
  25   5        0.1177698198       -0.0275460328
  25   4       -0.0857357545        0.0436152807
  25   3        0.0903028617        0.1344249092
  25   2       -0.1212626207        0.0735770625
  25   1        0.0765492415       -0.0116116713
  25   0       -0.2429514152        0.0000000000
  25  -1       -0.0765492415       -0.0116116713
  25  -2       -0.1212626207       -0.0735770625
  25  -3       -0.0903028617        0.1344249092
  25  -4       -0.0857357545       -0.0436152807
  25  -5       -0.1177698198       -0.0275460328
  25  -6       -0.0671483592       -0.0520487674
  25  -7       -0.0337515125        0.0178107420
  25  -8       -0.0714051941       -0.1302170369
  25  -9        0.0734071399       -0.0517920669
  25 -10       -0.0013101312       -0.1722995026
  25 -11        0.0530421254        0.0289682308
  25 -12        0.0603539063       -0.0102063422
  25 -13        0.0750859282        0.0983256299
  25 -14       -0.0851741765       -0.0284130589
  25 -15        0.0245389225        0.0467381497
  25 -16       -0.1489325929        0.0295409764
  25 -17       -0.0579273919       -0.0282671266
  25 -18       -0.0333590461       -0.0518654365
  25 -19        0.0096630485       -0.1239166085
  25 -20        0.1123122464        0.0588804351
  25 -21        0.0170503193       -0.0220523594
  25 -22       -0.1020044342        0.0122051754
  25 -23       -0.0483165296       -0.0533534209
  25 -24        0.0656734852       -0.0051503956
  25 -25        0.1096793132        0.0692612808
  26  26       -0.0245517824        0.0949634983
  26  25       -0.0118677993       -0.0091927242
  26  24        0.0050325000        0.0280629567
  26  23       -0.0427156211       -0.0705929651
  26  22       -0.0845199472        0.0077272775
  26  21        0.0025611834        0.0041390833
  26  20        0.0773697665       -0.0179583117
  26  19       -0.0012085406       -0.0353690333
  26  18        0.0365009607       -0.0007912597
  26  17       -0.0199801496       -0.1186534990
  26  16       -0.1498644208       -0.0760200515
  26  15       -0.0271116723       -0.1173764840
  26  14       -0.0755542346       -0.0422570595
  26  13        0.0210569600        0.0083104531
  26  12       -0.0557686176       -0.0032219821
  26  11       -0.0568453098        0.0135608664
  26  10       -0.0483419162       -0.0141148702
  26   9       -0.1554516922        0.0165359674
  26   8        0.0019449187        0.0404071530
  26   7       -0.0777098433       -0.0010156797
  26   6        0.0086135697        0.1055758925
  26   5        0.0087028644        0.0157185055
  26   4       -0.1261712371        0.1512412203
  26   3       -0.0136577067       -0.0742360292
  26   2       -0.0595335393       -0.0170551013
  26   1       -0.1167657592        0.0112164405
  26   0        0.0090081201        0.0000000000
  26  -1        0.1167657592        0.0112164405
  26  -2       -0.0595335393        0.0170551013
  26  -3        0.0136577067       -0.0742360292
  26  -4       -0.1261712371       -0.1512412203
  26  -5       -0.0087028644        0.0157185055
  26  -6        0.0086135697       -0.1055758925
  26  -7        0.0777098433       -0.0010156797
  26  -8        0.0019449187       -0.0404071530
  26  -9        0.1554516922        0.0165359674
  26 -10       -0.0483419162        0.0141148702
  26 -11        0.0568453098        0.0135608664
  26 -12       -0.0557686176        0.0032219821
  26 -13       -0.0210569600        0.0083104531
  26 -14       -0.0755542346        0.0422570595
  26 -15        0.0271116723       -0.1173764840
  26 -16       -0.1498644208        0.0760200515
  26 -17        0.0199801496       -0.1186534990
  26 -18        0.0365009607        0.0007912597
  26 -19        0.0012085406       -0.0353690333
  26 -20        0.0773697665        0.0179583117
  26 -21       -0.0025611834        0.0041390833
  26 -22       -0.0845199472       -0.0077272775
  26 -23        0.0427156211       -0.0705929651
  26 -24        0.0050325000       -0.0280629567
  26 -25        0.0118677993       -0.0091927242
  26 -26       -0.0245517824       -0.0949634983
  27  27       -0.0221406170       -0.0330996166
  27  26       -0.0273171838       -0.0259304494
  27  25        0.0100247619        0.0193602966
  27  24        0.0170809420        0.0210226710
  27  23       -0.0850996466       -0.0327020127
  27  22       -0.0036142422        0.1096246753
  27  21        0.0406581900        0.1107032738
  27  20        0.0398985691        0.0260149129
  27  19        0.0152922708       -0.0544187086
  27  18       -0.0263321350       -0.0855711870
  27  17       -0.0118045621       -0.1061892669
  27  16        0.0299492400       -0.0301530246
  27  15       -0.0036527610       -0.0548414351
  27  14       -0.0278637709       -0.0877373871
  27  13       -0.0212861649       -0.0558500633
  27  12       -0.1060002254       -0.0222408427
  27  11       -0.0513778968       -0.0391328150
  27  10       -0.0158249337       -0.0823357794
  27   9       -0.0425080758        0.0366462423
  27   8        0.0181218500       -0.0897378553
  27   7       -0.1353812659        0.0279091182
  27   6        0.0411217431        0.0296311871
  27   5       -0.0895636991       -0.0038540058
  27   4        0.0222994469        0.0280934737
  27   3       -0.0556059177       -0.2016381251
  27   2        0.0028357711        0.0440239944
  27   1       -0.0463959465        0.0499950188
  27   0        0.1486962367        0.0000000000
  27  -1        0.0463959465        0.0499950188
  27  -2        0.0028357711       -0.0440239944
  27  -3        0.0556059177       -0.2016381251
  27  -4        0.0222994469       -0.0280934737
  27  -5        0.0895636991       -0.0038540058
  27  -6        0.0411217431       -0.0296311871
  27  -7        0.1353812659        0.0279091182
  27  -8        0.0181218500        0.0897378553
  27  -9        0.0425080758        0.0366462423
  27 -10       -0.0158249337        0.0823357794
  27 -11        0.0513778968       -0.0391328150
  27 -12       -0.1060002254        0.0222408427
  27 -13        0.0212861649       -0.0558500633
  27 -14       -0.0278637709        0.0877373871
  27 -15        0.0036527610       -0.0548414351
  27 -16        0.0299492400        0.0301530246
  27 -17        0.0118045621       -0.1061892669
  27 -18       -0.0263321350        0.0855711870
  27 -19       -0.0152922708       -0.0544187086
  27 -20        0.0398985691       -0.0260149129
  27 -21       -0.0406581900        0.1107032738
  27 -22       -0.0036142422       -0.1096246753
  27 -23        0.0850996466       -0.0327020127
  27 -24        0.0170809420       -0.0210226710
  27 -25       -0.0100247619        0.0193602966
  27 -26       -0.0273171838        0.0259304494
  27 -27        0.0221406170       -0.0330996166
  28  28        0.0329960252       -0.1158752265
  28  27        0.0374636218       -0.0399567649
  28  26       -0.0459119766       -0.0278908818
  28  25        0.0280617076        0.0219082748
  28  24        0.0468996020        0.0014135293
  28  23       -0.0401585770        0.0124117924
  28  22       -0.0253888758        0.0964425714
  28  21        0.0373460096        0.1055369700
  28  20        0.0607332660       -0.0520652078
  28  19       -0.0002351152       -0.0113645394
  28  18        0.0359236164       -0.0032250952
  28  17        0.0303355038       -0.0249869572
  28  16        0.0700303684        0.0438221211
  28  15        0.0314882354        0.0170538385
  28  14        0.0002913926       -0.0215374148
  28  13        0.0156932959       -0.0747250753
  28  12       -0.0010280270       -0.0769722744
  28  11       -0.0153930862        0.0122257349
  28  10       -0.0009925477       -0.0120994434
  28   9        0.0135656491       -0.0082996498
  28   8       -0.0210951786       -0.0957698276
  28   7       -0.0297943240       -0.0070316162
  28   6        0.0265796604       -0.1211341444
  28   5       -0.0403847565       -0.0630956222
  28   4        0.0945275583       -0.1131643449
  28   3       -0.0177190631        0.0116455195
  28   2       -0.0038844007        0.0218489131
  28   1        0.0704604567       -0.1134801540
  28   0       -0.0028728991        0.0000000000
  28  -1       -0.0704604567       -0.1134801540
  28  -2       -0.0038844007       -0.0218489131
  28  -3        0.0177190631        0.0116455195
  28  -4        0.0945275583        0.1131643449
  28  -5        0.0403847565       -0.0630956222
  28  -6        0.0265796604        0.1211341444
  28  -7        0.0297943240       -0.0070316162
  28  -8       -0.0210951786        0.0957698276
  28  -9       -0.0135656491       -0.0082996498
  28 -10       -0.0009925477        0.0120994434
  28 -11        0.0153930862        0.0122257349
  28 -12       -0.0010280270        0.0769722744
  28 -13       -0.0156932959       -0.0747250753
  28 -14        0.0002913926        0.0215374148
  28 -15       -0.0314882354        0.0170538385
  28 -16        0.0700303684       -0.0438221211
  28 -17       -0.0303355038       -0.0249869572
  28 -18        0.0359236164        0.0032250952
  28 -19        0.0002351152       -0.0113645394
  28 -20        0.0607332660        0.0520652078
  28 -21       -0.0373460096        0.1055369700
  28 -22       -0.0253888758       -0.0964425714
  28 -23        0.0401585770        0.0124117924
  28 -24        0.0468996020       -0.0014135293
  28 -25       -0.0280617076        0.0219082748
  28 -26       -0.0459119766        0.0278908818
  28 -27       -0.0374636218       -0.0399567649
  28 -28        0.0329960252        0.1158752265
  29  29       -0.0239830027        0.0141964634
  29  28        0.0215522991       -0.0313113393
  29  27       -0.0213319326       -0.0723239137
  29  26        0.0160711563       -0.0133617830
  29  25        0.0109589141        0.0138503713
  29  24        0.0304933282       -0.0228402989
  29  23       -0.0545548510       -0.0289715158
  29  22       -0.0472132001        0.0107653989
  29  21        0.0385995519       -0.0000627779
  29  20        0.0098166769       -0.0181275346
  29  19        0.0112888763        0.1307120395
  29  18        0.1058189759        0.0499890299
  29  17       -0.0110716241        0.0762811875
  29  16        0.0377446107        0.0208770095
  29  15        0.0404285991       -0.0589606251
  29  14        0.0637830853        0.0699138727
  29  13        0.0805691632       -0.0436095196
  29  12        0.0503148452       -0.0143832467
  29  11        0.0574481037        0.0555479684
  29  10       -0.0074702341       -0.0279295848
  29   9        0.0090125339       -0.0240538367
  29   8        0.0052268197       -0.0746078007
  29   7        0.0902152666       -0.0323060407
  29   6        0.0189479340       -0.0796517712
  29   5        0.0437812654       -0.0125642703
  29   4        0.0189887967       -0.0604109633
  29   3       -0.0248285484        0.0863277540
  29   2        0.0525589086       -0.1041796456
  29   1       -0.0641267361       -0.1022064901
  29   0       -0.0005009202        0.0000000000
  29  -1        0.0641267361       -0.1022064901
  29  -2        0.0525589086        0.1041796456
  29  -3        0.0248285484        0.0863277540
  29  -4        0.0189887967        0.0604109633
  29  -5       -0.0437812654       -0.0125642703
  29  -6        0.0189479340        0.0796517712
  29  -7       -0.0902152666       -0.0323060407
  29  -8        0.0052268197        0.0746078007
  29  -9       -0.0090125339       -0.0240538367
  29 -10       -0.0074702341        0.0279295848
  29 -11       -0.0574481037        0.0555479684
  29 -12        0.0503148452        0.0143832467
  29 -13       -0.0805691632       -0.0436095196
  29 -14        0.0637830853       -0.0699138727
  29 -15       -0.0404285991       -0.0589606251
  29 -16        0.0377446107       -0.0208770095
  29 -17        0.0110716241        0.0762811875
  29 -18        0.1058189759       -0.0499890299
  29 -19       -0.0112888763        0.1307120395
  29 -20        0.0098166769        0.0181275346
  29 -21       -0.0385995519       -0.0000627779
  29 -22       -0.0472132001       -0.0107653989
  29 -23        0.0545548510       -0.0289715158
  29 -24        0.0304933282        0.0228402989
  29 -25       -0.0109589141        0.0138503713
  29 -26        0.0160711563        0.0133617830
  29 -27        0.0213319326       -0.0723239137
  29 -28        0.0215522991        0.0313113393
  29 -29        0.0239830027        0.0141964634
  30  30        0.0516109751        0.0089767314
  30  29       -0.0104853669        0.0730409372
  30  28       -0.0176832299       -0.0248877789
  30  27       -0.0609762157       -0.0135291383
  30  26        0.0370779515        0.0302680173
  30  25       -0.0403788480        0.0276115637
  30  24        0.0387145257       -0.0610785902
  30  23       -0.0941240897       -0.1005744177
  30  22       -0.0177892600        0.0022635541
  30  21        0.0026763856       -0.0159765456
  30  20       -0.0777573080        0.0846610585
  30  19        0.0115959142        0.1130771400
  30  18        0.0196227528       -0.0045796191
  30  17       -0.0183826236        0.0729304797
  30  16        0.0483433520       -0.0145140044
  30  15       -0.0227090871       -0.0340336375
  30  14        0.1072948153        0.0836103422
  30  13        0.0373084163       -0.0026434237
  30  12       -0.0026817306        0.0837268765
  30  11        0.0809452467       -0.0485337215
  30  10        0.0124352026       -0.0186037317
  30   9        0.0991691061        0.0198643198
  30   8        0.0232109102       -0.0216183421
  30   7        0.0906384098        0.0377430743
  30   6        0.0028341383        0.0396321225
  30   5        0.0299889111        0.0488035013
  30   4       -0.0187788301        0.0047906965
  30   3        0.0316927808        0.0012610757
  30   2        0.0559850884       -0.0488449364
  30   1       -0.0181986166        0.1262628264
  30   0        0.0594179245        0.0000000000
  30  -1        0.0181986166        0.1262628264
  30  -2        0.0559850884        0.0488449364
  30  -3       -0.0316927808        0.0012610757
  30  -4       -0.0187788301       -0.0047906965
  30  -5       -0.0299889111        0.0488035013
  30  -6        0.0028341383       -0.0396321225
  30  -7       -0.0906384098        0.0377430743
  30  -8        0.0232109102        0.0216183421
  30  -9       -0.0991691061        0.0198643198
  30 -10        0.0124352026        0.0186037317
  30 -11       -0.0809452467       -0.0485337215
  30 -12       -0.0026817306       -0.0837268765
  30 -13       -0.0373084163       -0.0026434237
  30 -14        0.1072948153       -0.0836103422
  30 -15        0.0227090871       -0.0340336375
  30 -16        0.0483433520        0.0145140044
  30 -17        0.0183826236        0.0729304797
  30 -18        0.0196227528        0.0045796191
  30 -19       -0.0115959142        0.1130771400
  30 -20       -0.0777573080       -0.0846610585
  30 -21       -0.0026763856       -0.0159765456
  30 -22       -0.0177892600       -0.0022635541
  30 -23        0.0941240897       -0.1005744177
  30 -24        0.0387145257        0.0610785902
  30 -25        0.0403788480        0.0276115637
  30 -26        0.0370779515       -0.0302680173
  30 -27        0.0609762157       -0.0135291383
  30 -28       -0.0176832299        0.0248877789
  30 -29        0.0104853669        0.0730409372
  30 -30        0.0516109751       -0.0089767314
